,spread_line,result,normalized_modeled_prob
0,-30.0,-75.0,3.0401983984680865e-05
1,-30.0,-74.0,3.853631131903432e-05
2,-30.0,-73.0,4.8587490108799784e-05
3,-30.0,-72.0,6.0934730705761594e-05
4,-30.0,-71.0,7.601362335024357e-05
5,-30.0,-70.0,9.432006264504158e-05
6,-30.0,-69.0,0.0001164133625931309
7,-30.0,-68.0,0.00014291825171570618
8,-30.0,-67.0,0.0001745254085827956
9,-30.0,-66.0,0.00021199017793458548
10,-30.0,-65.0,0.00025612909965076405
11,-30.0,-64.0,0.00030781389036895786
12,-30.0,-63.0,0.0003679625436194492
13,-30.0,-62.0,0.0004375272615807448
14,-30.0,-61.0,0.0005174790019509674
15,-30.0,-60.0,0.000608788518020981
16,-30.0,-59.0,0.0007124038886827399
17,-30.0,-58.0,0.0008292246762489676
18,-30.0,-57.0,0.0009600730104466111
19,-30.0,-56.0,0.001105662071940873
20,-30.0,-55.0,0.0012665626317327546
21,-30.0,-54.0,0.0014431684856744279
22,-30.0,-53.0,0.001635661796773554
23,-30.0,-52.0,0.0018439795115838186
24,-30.0,-51.0,0.002067782140042309
25,-30.0,-50.0,0.002306426270021398
26,-30.0,-49.0,0.002558942218870023
27,-30.0,-48.0,0.002824018200047951
28,-30.0,-47.0,0.0031000049250774694
29,-30.0,-46.0,0.0033916763310613877
30,-30.0,-45.0,0.0042857146844305595
31,-30.0,-44.0,0.013005801042479385
32,-30.0,-43.0,0.027149493993972585
33,-30.0,-42.0,0.02418030935012558
34,-30.0,-41.0,0.03148239990053336
35,-30.0,-40.0,0.016659233404955228
36,-30.0,-39.0,0.019900656987162778
37,-30.0,-38.0,0.039519128016408424
38,-30.0,-37.0,0.019681520663147295
39,-30.0,-36.0,0.008438959397048338
40,-30.0,-35.0,0.0273867714399362
41,-30.0,-34.0,0.05828990771966457
42,-30.0,-33.0,0.029919663230521046
43,-30.0,-32.0,0.041678484126539246
44,-30.0,-31.0,0.08930027456739661
45,-30.0,-30.0,0.039171507198685784
46,-30.0,-29.0,0.031942548608056585
47,-30.0,-28.0,0.06517907434418409
48,-30.0,-27.0,0.02986614867747978
49,-30.0,-26.0,0.008170088906491254
50,-30.0,-25.0,0.019999171493729838
51,-30.0,-24.0,0.04102756158919161
52,-30.0,-23.0,0.02038043982044571
53,-30.0,-22.0,0.016760888443212003
54,-30.0,-21.0,0.03142770678901356
55,-30.0,-20.0,0.015336912665531765
56,-30.0,-19.0,0.005461200189530505
57,-30.0,-18.0,0.011770593072200115
58,-30.0,-17.0,0.022887598367662628
59,-30.0,-16.0,0.011673800460175562
60,-30.0,-15.0,0.009963801423404682
61,-30.0,-14.0,0.018294212960894295
62,-30.0,-13.0,0.008941004517879903
63,-30.0,-12.0,0.003188426663441081
64,-30.0,-11.0,0.00698231153929245
65,-30.0,-10.0,0.013695050796242758
66,-30.0,-9.0,0.006818253339600919
67,-30.0,-8.0,0.005855147907553913
68,-30.0,-7.0,0.011088804167578044
69,-30.0,-6.0,0.005188979845216024
70,-30.0,-5.0,0.0015715963118652075
71,-30.0,-4.0,0.004060663552917828
72,-30.0,-3.0,0.008445430204009462
73,-30.0,-2.0,0.003818389167592412
74,-30.0,-1.0,0.0008260443049438595
75,-30.0,0.0,0.000597024593647605
76,-30.0,1.0,0.0006006453909899449
77,-30.0,2.0,0.002610128294193408
78,-30.0,3.0,0.005792505041265973
79,-30.0,4.0,0.002495973265822114
80,-30.0,5.0,0.0004945252352327775
81,-30.0,6.0,0.0019915122796732416
82,-30.0,7.0,0.004586141108660494
83,-30.0,8.0,0.0020335714528898364
84,-30.0,9.0,0.0017745560868102626
85,-30.0,10.0,0.003893343646638758
86,-30.0,11.0,0.0016181112905396821
87,-30.0,12.0,0.0002437423348039426
88,-30.0,13.0,0.0013203354558275027
89,-30.0,14.0,0.0031701810522720207
90,-30.0,15.0,0.0013780735465434449
91,-30.0,16.0,0.0012156259040435053
92,-30.0,17.0,0.0027398413000924936
93,-30.0,18.0,0.0011211886685292738
94,-30.0,19.0,8.452118375799809e-05
95,-30.0,20.0,8.263549931915004e-06
96,-30.0,21.0,5.675277506095295e-06
97,-30.0,22.0,4.3121780418330606e-06
98,-30.0,23.0,3.2599631260855664e-06
99,-30.0,24.0,2.451409759002184e-06
100,-30.0,25.0,1.8336062201947714e-06
101,-30.0,26.0,1.3642155377670999e-06
102,-30.0,27.0,1.0095934355267135e-06
103,-30.0,28.0,7.431843180685622e-07
104,-30.0,29.0,5.441679477162087e-07
105,-30.0,30.0,3.963288700338538e-07
106,-30.0,31.0,2.8712085371200665e-07
107,-30.0,32.0,2.0689976539890032e-07
108,-30.0,33.0,1.4830010608141917e-07
109,-30.0,34.0,1.0573264646250386e-07
110,-30.0,35.0,7.49830156264707e-08
111,-30.0,36.0,5.289356606630928e-08
112,-30.0,37.0,3.71132449816362e-08
113,-30.0,38.0,2.590246742484678e-08
114,-30.0,39.0,1.7982060972129104e-08
115,-30.0,40.0,1.241720678100486e-08
116,-30.0,41.0,8.52892854066883e-09
117,-30.0,42.0,5.827082282853257e-09
118,-30.0,43.0,3.959988610680783e-09
119,-30.0,44.0,2.676842587094043e-09
120,-30.0,45.0,1.7998563248794571e-09
121,-30.0,46.0,1.2037573524257232e-09
122,-30.0,47.0,8.008038922568368e-10
123,-30.0,48.0,5.29906816327876e-10
124,-30.0,49.0,3.487859198336647e-10
125,-30.0,50.0,2.283518271090429e-10
126,-30.0,51.0,1.4870862049563752e-10
127,-30.0,52.0,9.632830234903533e-11
128,-30.0,53.0,6.206657431919245e-11
129,-30.0,54.0,3.9778440479579565e-11
130,-30.0,55.0,2.5358516125982993e-11
131,-30.0,56.0,1.6079999418926807e-11
132,-30.0,57.0,1.014225038934473e-11
133,-30.0,58.0,6.363099802226191e-12
134,-30.0,59.0,3.9709027350539235e-12
135,-30.0,60.0,2.464880512800517e-12
136,-30.0,61.0,1.5219087037351599e-12
137,-30.0,62.0,9.346896586267126e-13
138,-30.0,63.0,5.70995101034862e-13
139,-30.0,64.0,3.4696321557782587e-13
140,-30.0,65.0,2.0971070177414853e-13
141,-30.0,66.0,1.2607932079176697e-13
142,-30.0,67.0,7.539685575241246e-14
143,-30.0,68.0,4.484858207430997e-14
144,-30.0,69.0,2.6535685207221198e-14
145,-30.0,70.0,1.561701413973845e-14
146,-30.0,71.0,9.14222294718887e-15
147,-30.0,72.0,5.323432112233284e-15
148,-30.0,73.0,3.083313891380324e-15
149,-30.0,74.0,1.7763554247463841e-15
150,-29.9,-75.0,2.8742843624841737e-05
151,-29.9,-74.0,3.6452669435347274e-05
152,-29.9,-73.0,4.598487919965442e-05
153,-29.9,-72.0,5.770146903852223e-05
154,-29.9,-71.0,7.201862041816233e-05
155,-29.9,-70.0,8.941056371054889e-05
156,-29.9,-69.0,0.00011041268616534836
157,-29.9,-68.0,0.00013562358681584204
158,-29.9,-67.0,0.00016570575186948037
159,-29.9,-66.0,0.00020138450360447936
160,-29.9,-65.0,0.0002434448667969548
161,-29.9,-64.0,0.0002927260023731344
162,-29.9,-63.0,0.0003501128813058706
163,-29.9,-62.0,0.0004165249153697977
164,-29.9,-61.0,0.0004929013272303791
165,-29.9,-60.0,0.0005801831315851628
166,-29.9,-59.0,0.0006792917116873653
167,-29.9,-58.0,0.0007911041101960235
168,-29.9,-57.0,0.0009164253070211715
169,-29.9,-56.0,0.0010559579251485749
170,-29.9,-55.0,0.001210269982185715
171,-29.9,-54.0,0.001379761482890108
172,-29.9,-53.0,0.0015646308172423955
173,-29.9,-52.0,0.0017648420797810105
174,-29.9,-51.0,0.0019800945485180027
175,-29.9,-50.0,0.0022097956455029624
176,-29.9,-49.0,0.002453038736445149
177,-29.9,-48.0,0.0027085871093869957
178,-29.9,-47.0,0.0029748775303590114
179,-29.9,-46.0,0.0032565159606421073
180,-29.9,-45.0,0.004117280186754052
181,-29.9,-44.0,0.012498660751747508
182,-29.9,-43.0,0.02609172112437002
183,-29.9,-42.0,0.02323606462322537
184,-29.9,-41.0,0.03024788934308328
185,-29.9,-40.0,0.01601331428683014
186,-29.9,-39.0,0.01911627094516236
187,-29.9,-38.0,0.037940697990945
188,-29.9,-37.0,0.01891337019993702
189,-29.9,-36.0,0.008127966553688562
190,-29.9,-35.0,0.026254464588572425
191,-29.9,-34.0,0.05581894375474344
192,-29.9,-33.0,0.028667538083347335
193,-29.9,-32.0,0.03965779478342245
194,-29.9,-31.0,0.08480569226711651
195,-29.9,-30.0,0.04022780687150448
196,-29.9,-29.0,0.03331025383016232
197,-29.9,-28.0,0.0682278292647119
198,-29.9,-27.0,0.03121790386227665
199,-29.9,-26.0,0.008474753425205992
200,-29.9,-25.0,0.020795127268209576
201,-29.9,-24.0,0.04271131465377845
202,-29.9,-23.0,0.021199462211535902
203,-29.9,-22.0,0.017415149913991762
204,-29.9,-21.0,0.03267618356165234
205,-29.9,-20.0,0.015939154682653788
206,-29.9,-19.0,0.005667284877837612
207,-29.9,-18.0,0.012225113021069182
208,-29.9,-17.0,0.023779165870565888
209,-29.9,-16.0,0.012128794952129363
210,-29.9,-15.0,0.010350047111093354
211,-29.9,-14.0,0.019001890483441298
212,-29.9,-13.0,0.009290121462618603
213,-29.9,-12.0,0.0033170033916321002
214,-29.9,-11.0,0.007254634485443023
215,-29.9,-10.0,0.014221578112875765
216,-29.9,-9.0,0.007084681395314336
217,-29.9,-8.0,0.0060837507064043575
218,-29.9,-7.0,0.011513082840896112
219,-29.9,-6.0,0.005391907941233935
220,-29.9,-5.0,0.0016385058035329185
221,-29.9,-4.0,0.004219161387602488
222,-29.9,-3.0,0.00876583917781505
223,-29.9,-2.0,0.003966705611432946
224,-29.9,-1.0,0.0008628472691123361
225,-29.9,0.0,0.000615574056003725
226,-29.9,1.0,0.0006279012284548466
227,-29.9,2.0,0.002710460809248968
228,-29.9,3.0,0.006008913027299699
229,-29.9,4.0,0.0025910003870736075
230,-29.9,5.0,0.000515693508745117
231,-29.9,6.0,0.002066676290420773
232,-29.9,7.0,0.004755301830172602
233,-29.9,8.0,0.002109486643125984
234,-29.9,9.0,0.0018405004486650492
235,-29.9,10.0,0.004035709120306658
236,-29.9,11.0,0.0016778552917538507
237,-29.9,12.0,0.0002535096043586497
238,-29.9,13.0,0.0013686762478424949
239,-29.9,14.0,0.0032849800718939342
240,-29.9,15.0,0.0014282100644184377
241,-29.9,16.0,0.0012596772717325508
242,-29.9,17.0,0.002838476329564748
243,-29.9,18.0,0.0011616839672859175
244,-29.9,19.0,8.777018296031195e-05
245,-29.9,20.0,8.730828979189124e-06
246,-29.9,21.0,6.012602640244923e-06
247,-29.9,22.0,4.570944713051119e-06
248,-29.9,23.0,3.4574287708398676e-06
249,-29.9,24.0,2.6012839344214797e-06
250,-29.9,25.0,1.946745756205508e-06
251,-29.9,26.0,1.4491638317091887e-06
252,-29.9,27.0,1.0730312191055416e-06
253,-29.9,28.0,7.903031843030906e-07
254,-29.9,29.0,5.789772720880721e-07
255,-29.9,30.0,4.2190593702343404e-07
256,-29.9,31.0,3.058130673477031e-07
257,-29.9,32.0,2.204868427192061e-07
258,-29.9,33.0,1.5812317390512865e-07
259,-29.9,34.0,1.1279622032828466e-07
260,-29.9,35.0,8.00349599567854e-08
261,-29.9,36.0,5.648733207915143e-08
262,-29.9,37.0,3.9655965727616906e-08
263,-29.9,38.0,2.769185991184991e-08
264,-29.9,39.0,1.92345417345981e-08
265,-29.9,40.0,1.3289164565197873e-08
266,-29.9,41.0,9.132709225271057e-09
267,-29.9,42.0,6.242918915518667e-09
268,-29.9,43.0,4.244845319433183e-09
269,-29.9,44.0,2.8709270323375904e-09
270,-29.9,45.0,1.9313836436563208e-09
271,-29.9,46.0,1.292412210574764e-09
272,-29.9,47.0,8.602400623698169e-10
273,-29.9,48.0,5.695402009500171e-10
274,-29.9,49.0,3.75072490238536e-10
275,-29.9,50.0,2.4569264032189747e-10
276,-29.9,51.0,1.6008667731889402e-10
277,-29.9,52.0,1.037538787912448e-10
278,-29.9,53.0,6.688667388450409e-11
279,-29.9,54.0,4.2890485876401564e-11
280,-29.9,55.0,2.7356998061845715e-11
281,-29.9,56.0,1.7356494729560412e-11
282,-29.9,57.0,1.0953217443845971e-11
283,-29.9,58.0,6.87555096359245e-12
284,-29.9,59.0,4.292985377303897e-12
285,-29.9,60.0,2.6662288313253267e-12
286,-29.9,61.0,1.6471059614118868e-12
287,-29.9,62.0,1.0121194369892576e-12
288,-29.9,63.0,6.186259004080922e-13
289,-29.9,64.0,3.7610624108583684e-13
290,-29.9,65.0,2.2744641131552775e-13
291,-29.9,66.0,1.368150095436607e-13
292,-29.9,67.0,8.186052183476724e-14
293,-29.9,68.0,4.871933817813029e-14
294,-29.9,69.0,2.884126857521616e-14
295,-29.9,70.0,1.698296228106449e-14
296,-29.9,71.0,9.947149353725934e-15
297,-29.9,72.0,5.7952201685697505e-15
298,-29.9,73.0,3.3583607754199117e-15
299,-29.9,74.0,1.9358462660392e-15
300,-29.8,-75.0,2.83944398981202e-05
301,-29.8,-74.0,3.603000320271156e-05
302,-29.8,-73.0,4.5475910453690366e-05
303,-29.8,-72.0,5.7093229807669703e-05
304,-29.8,-71.0,7.129743878790196e-05
305,-29.8,-70.0,8.856239515461073e-05
306,-29.8,-69.0,0.00010942357142235807
307,-29.8,-68.0,0.0001344802552842137
308,-29.8,-67.0,0.000164396388196162
309,-29.8,-66.0,0.00019989969260823234
310,-29.8,-65.0,0.00024177872791419726
311,-29.8,-64.0,0.00029087751930498735
312,-29.8,-63.0,0.0003480874254001805
313,-29.8,-62.0,0.00041433595249267034
314,-29.8,-61.0,0.000490572287567593
315,-29.8,-60.0,0.0005777494101781221
316,-29.8,-59.0,0.0006768027548894306
317,-29.8,-58.0,0.0007886255301009064
318,-29.8,-57.0,0.0009140409528594141
319,-29.8,-56.0,0.001053771828377243
320,-29.8,-55.0,0.0012084080813057707
321,-29.8,-54.0,0.0013783730257656427
322,-29.8,-53.0,0.00156388933372679
323,-29.8,-52.0,0.0017649458165958235
324,-29.8,-51.0,0.00198126626229897
325,-29.8,-50.0,0.002212281659279984
326,-29.8,-49.0,0.0024571071798941465
327,-29.8,-48.0,0.0027145252840560337
328,-29.8,-47.0,0.0029829884179643773
329,-29.8,-46.0,0.003267140845178035
330,-29.8,-45.0,0.004133120846760062
331,-29.8,-44.0,0.012551301899935505
332,-29.8,-43.0,0.02620279832199159
333,-29.8,-42.0,0.023332831548390387
334,-29.8,-41.0,0.030368879884532723
335,-29.8,-40.0,0.01608456505644744
336,-29.8,-39.0,0.01918878779046925
337,-29.8,-38.0,0.03806425241587019
338,-29.8,-37.0,0.01899275627228685
339,-29.8,-36.0,0.008180382241363221
340,-29.8,-35.0,0.026303034128450305
341,-29.8,-34.0,0.055862019504941206
342,-29.8,-33.0,0.028707186892465018
343,-29.8,-32.0,0.03945726994024654
344,-29.8,-31.0,0.0842185733225965
345,-29.8,-30.0,0.040089618313287154
346,-29.8,-29.0,0.03338546104991046
347,-29.8,-28.0,0.06863652585110296
348,-29.8,-27.0,0.031358657754533004
349,-29.8,-26.0,0.008446114704502908
350,-29.8,-25.0,0.020774401514626527
351,-29.8,-24.0,0.042720105648375875
352,-29.8,-23.0,0.02118616745838321
353,-29.8,-22.0,0.017384468414023878
354,-29.8,-21.0,0.032640569956957126
355,-29.8,-20.0,0.01591457043674833
356,-29.8,-19.0,0.0056499352858795215
357,-29.8,-18.0,0.012198377972943212
358,-29.8,-17.0,0.023735224897967158
359,-29.8,-16.0,0.012106505168812527
360,-29.8,-15.0,0.010328874035292571
361,-29.8,-14.0,0.018961736489321788
362,-29.8,-13.0,0.009273647064532728
363,-29.8,-12.0,0.0033150882877232735
364,-29.8,-11.0,0.007241438359947997
365,-29.8,-10.0,0.014188274805971596
366,-29.8,-9.0,0.007072332316308575
367,-29.8,-8.0,0.0060729532044516855
368,-29.8,-7.0,0.011484093016208938
369,-29.8,-6.0,0.005382692986645497
370,-29.8,-5.0,0.0016411193939843553
371,-29.8,-4.0,0.004211656583349453
372,-29.8,-3.0,0.008741066124574986
373,-29.8,-2.0,0.003958942272189154
374,-29.8,-1.0,0.0008658665698076122
375,-29.8,0.0,0.0006097666842626616
376,-29.8,1.0,0.0006305994408959241
377,-29.8,2.0,0.0027041232590294035
378,-29.8,3.0,0.005988607193163888
379,-29.8,4.0,0.002584029226780448
380,-29.8,5.0,0.0005166549556999331
381,-29.8,6.0,0.0020604625031883025
382,-29.8,7.0,0.00473705903469982
383,-29.8,8.0,0.002102307079416429
384,-29.8,9.0,0.0018339359380291705
385,-29.8,10.0,0.004018985452045428
386,-29.8,11.0,0.0016714832110016017
387,-29.8,12.0,0.00025332172454715414
388,-29.8,13.0,0.0013630697717309152
389,-29.8,14.0,0.0032702427515327688
390,-29.8,15.0,0.001422039195399503
391,-29.8,16.0,0.0012540596159719751
392,-29.8,17.0,0.0028251604744616685
393,-29.8,18.0,0.0011563683189392308
394,-29.8,19.0,8.756752402543666e-05
395,-29.8,20.0,8.86212104242868e-06
396,-29.8,21.0,6.119418377551305e-06
397,-29.8,22.0,4.6546542430490125e-06
398,-29.8,23.0,3.5226213733086837e-06
399,-29.8,24.0,2.6517450982320462e-06
400,-29.8,25.0,1.9855670890749226e-06
401,-29.8,26.0,1.478850067981408e-06
402,-29.8,27.0,1.0955958047328656e-06
403,-29.8,28.0,8.073523040602899e-07
404,-29.8,29.0,5.917826598684894e-07
405,-29.8,30.0,4.3146713966080273e-07
406,-29.8,31.0,3.129100426053863e-07
407,-29.8,32.0,2.2572388651774902e-07
408,-29.8,33.0,1.619652122988782e-07
409,-29.8,34.0,1.1559848747884815e-07
410,-29.8,35.0,8.206703085441876e-08
411,-29.8,36.0,5.795240161432036e-08
412,-29.8,37.0,4.070617472309547e-08
413,-29.8,38.0,2.8440372168084882e-08
414,-29.8,39.0,1.976498007763567e-08
415,-29.8,40.0,1.3662922507090433e-08
416,-29.8,41.0,9.394570820301634e-09
417,-29.8,42.0,6.425344198096856e-09
418,-29.8,43.0,4.371212919760582e-09
419,-29.8,44.0,2.9579691181491318e-09
420,-29.8,45.0,1.9910007298781087e-09
421,-29.8,46.0,1.3330158450693519e-09
422,-29.8,47.0,8.877390266084171e-10
423,-29.8,48.0,5.88059705011315e-10
424,-29.8,49.0,3.8747495696926853e-10
425,-29.8,50.0,2.539521906410138e-10
426,-29.8,51.0,1.655565607970608e-10
427,-29.8,52.0,1.0735615188521691e-10
428,-29.8,53.0,6.924582339717648e-11
429,-29.8,54.0,4.4426933632837574e-11
430,-29.8,55.0,2.835209803454644e-11
431,-29.8,56.0,1.7997416704579932e-11
432,-29.8,57.0,1.1363738993194435e-11
433,-29.8,58.0,7.1370450076265036e-12
434,-29.8,59.0,4.458633024069811e-12
435,-29.8,60.0,2.7705827686231262e-12
436,-29.8,61.0,1.7124844505650982e-12
437,-29.8,62.0,1.0528542442869104e-12
438,-29.8,63.0,6.43866715808609e-13
439,-29.8,64.0,3.916605285022025e-13
440,-29.8,65.0,2.3697893509821794e-13
441,-29.8,66.0,1.4262504322480452e-13
442,-29.8,67.0,8.538231818935795e-14
443,-29.8,68.0,5.084241866170546e-14
444,-29.8,69.0,3.011414730921047e-14
445,-29.8,70.0,1.774193754074524e-14
446,-29.8,71.0,1.039722946833079e-14
447,-29.8,72.0,6.060665561789711e-15
448,-29.8,73.0,3.5140595556052407e-15
449,-29.8,74.0,2.0266745930439454e-15
450,-29.7,-75.0,2.8041768956974435e-05
451,-29.7,-74.0,3.560145851026958e-05
452,-29.7,-73.0,4.4958962595230574e-05
453,-29.7,-72.0,5.6474303081180794e-05
454,-29.7,-71.0,7.056211446893714e-05
455,-29.7,-70.0,8.769572040726874e-05
456,-29.7,-69.0,0.00010841049347732161
457,-29.7,-68.0,0.00013330620040630735
458,-29.7,-67.0,0.00016304800384745418
459,-29.7,-66.0,0.00019836576886927387
460,-29.7,-65.0,0.00024005131046754354
461,-29.7,-64.0,0.0002889532209624144
462,-29.7,-63.0,0.0003459689361769182
463,-29.7,-62.0,0.00041203373958568774
464,-29.7,-61.0,0.0004881064663647387
465,-29.7,-60.0,0.0005751517558087075
466,-29.7,-59.0,0.0006741188111479682
467,-29.7,-58.0,0.0007859167592889869
468,-29.7,-57.0,0.0009113868567794078
469,-29.7,-56.0,0.0010512719580760418
470,-29.7,-55.0,0.0012061838420018983
471,-29.7,-54.0,0.001376569174554717
472,-29.7,-53.0,0.0015626750620224637
473,-29.7,-52.0,0.0017645153076653295
474,-29.7,-51.0,0.0019818386174405293
475,-29.7,-50.0,0.002214100094754943
476,-29.7,-49.0,0.002460437411045146
477,-29.7,-48.0,0.002719653033232898
478,-29.7,-47.0,0.002990216056664579
479,-29.7,-46.0,0.0032768087689123335
480,-29.7,-45.0,0.004147811833492241
481,-29.7,-44.0,0.012601019184429851
482,-29.7,-43.0,0.026308084896615503
483,-29.7,-42.0,0.023424432915011707
484,-29.7,-41.0,0.030483267577458492
485,-29.7,-40.0,0.01615220673899091
486,-29.7,-39.0,0.01925718980715987
487,-29.7,-38.0,0.03817998134822233
488,-29.7,-37.0,0.019068136060239327
489,-29.7,-36.0,0.0082310657700394
490,-29.7,-35.0,0.026347534910704594
491,-29.7,-34.0,0.055897122698586835
492,-29.7,-33.0,0.028743867592115974
493,-29.7,-32.0,0.03927060303086899
494,-29.7,-31.0,0.08366782024378644
495,-29.7,-30.0,0.03996743341470399
496,-29.7,-29.0,0.0334706982503517
497,-29.7,-28.0,0.06906396308344173
498,-29.7,-27.0,0.03150662409094892
499,-29.7,-26.0,0.008417265767114147
500,-29.7,-25.0,0.020752206842576254
501,-29.7,-24.0,0.04272630000104509
502,-29.7,-23.0,0.02117130524464218
503,-29.7,-22.0,0.0173520443365902
504,-29.7,-21.0,0.032601897574853246
505,-29.7,-20.0,0.015888313745380307
506,-29.7,-19.0,0.0056317602363598895
507,-29.7,-18.0,0.012170172377938302
508,-29.7,-17.0,0.023688698590433904
509,-29.7,-16.0,0.012082767845783118
510,-29.7,-15.0,0.010306417413973897
511,-29.7,-14.0,0.01891944212351487
512,-29.7,-13.0,0.00925602474134579
513,-29.7,-12.0,0.0033126428761614582
514,-29.7,-11.0,0.007227327883424904
515,-29.7,-10.0,0.014153365026639065
516,-29.7,-9.0,0.00705912317427542
517,-29.7,-8.0,0.006061415400483835
518,-29.7,-7.0,0.011453825743348887
519,-29.7,-6.0,0.005372841207582412
520,-29.7,-5.0,0.00164349397734751
521,-29.7,-4.0,0.004203664370049167
522,-29.7,-3.0,0.008715356145076077
523,-29.7,-2.0,0.003950739409590082
524,-29.7,-1.0,0.0008687702916866444
525,-29.7,0.0,0.0006039389513215072
526,-29.7,1.0,0.0006332210599893204
527,-29.7,2.0,0.0026975067173881785
528,-29.7,3.0,0.005967697707837725
529,-29.7,4.0,0.002576798216788845
530,-29.7,5.0,0.0005175659595113182
531,-29.7,6.0,0.002054047259780189
532,-29.7,7.0,0.004718350753126263
533,-29.7,8.0,0.0020949238480369365
534,-29.7,9.0,0.0018271959427019837
535,-29.7,10.0,0.004001871680807531
536,-29.7,11.0,0.0016649516950327052
537,-29.7,12.0,0.0002531137214066882
538,-29.7,13.0,0.0013573350381133199
539,-29.7,14.0,0.0032551912568371047
540,-29.7,15.0,0.0014157335711519371
541,-29.7,16.0,0.001248323986180782
542,-29.7,17.0,0.002811574695328034
543,-29.7,18.0,0.0011509433946528072
544,-29.7,19.0,8.735838819965855e-05
545,-29.7,20.0,8.994218632009383e-06
546,-29.7,21.0,6.227026243765232e-06
547,-29.7,22.0,4.7390547185989695e-06
548,-29.7,23.0,3.588405602978786e-06
549,-29.7,24.0,2.702704871365813e-06
550,-29.7,25.0,2.02480277167614e-06
551,-29.7,26.0,1.5088762932023275e-06
552,-29.7,27.0,1.1184361414529738e-06
553,-29.7,28.0,8.246226782410039e-07
554,-29.7,29.0,6.04763793639848e-07
555,-29.7,30.0,4.4116661623307195e-07
556,-29.7,31.0,3.201148275778787e-07
557,-29.7,32.0,2.3104426138542263e-07
558,-29.7,33.0,1.6587112563397618e-07
559,-29.7,34.0,1.1844932270088663e-07
560,-29.7,35.0,8.413574326398481e-08
561,-29.7,36.0,5.9444905179488485e-08
562,-29.7,37.0,4.1776771948456825e-08
563,-29.7,38.0,2.9203926697410762e-08
564,-29.7,39.0,2.030643771185081e-08
565,-29.7,40.0,1.4044696406125288e-08
566,-29.7,41.0,9.662223608250395e-09
567,-29.7,42.0,6.611925101280812e-09
568,-29.7,43.0,4.500542614209642e-09
569,-29.7,44.0,3.047108660573031e-09
570,-29.7,45.0,2.052093356155137e-09
571,-29.7,46.0,1.3746508215231126e-09
572,-29.7,47.0,9.159542583147949e-10
573,-29.7,48.0,6.070735123825083e-10
574,-29.7,49.0,4.0021640865477827e-10
575,-29.7,50.0,2.6244276489870655e-10
576,-29.7,51.0,1.7118291843105714e-10
577,-29.7,52.0,1.1106375575506388e-10
578,-29.7,53.0,7.167544410346836e-11
579,-29.7,54.0,4.601024406808062e-11
580,-29.7,55.0,2.9378173349931764e-11
581,-29.7,56.0,1.865868997550503e-11
582,-29.7,57.0,1.1787551843319663e-11
583,-29.7,58.0,7.407167924942478e-12
584,-29.7,59.0,4.629849486813284e-12
585,-29.7,60.0,2.878509468186292e-12
586,-29.7,61.0,1.7801416417177746e-12
587,-29.7,62.0,1.0950338998012935e-12
588,-29.7,63.0,6.700183181353326e-13
589,-29.7,64.0,4.077856098201035e-13
590,-29.7,65.0,2.468671045247129e-13
591,-29.7,66.0,1.4865538910156208e-13
592,-29.7,67.0,8.9039805005108e-14
593,-29.7,68.0,5.304859059468656e-14
594,-29.7,69.0,3.1437616168704307e-14
595,-29.7,70.0,1.8531538318568323e-14
596,-29.7,71.0,1.0865743387194476e-14
597,-29.7,72.0,6.337143244232576e-15
598,-29.7,73.0,3.676323422970633e-15
599,-29.7,74.0,2.12138750267285e-15
600,-29.6,-75.0,2.768579106232947e-05
601,-29.6,-74.0,3.516824610943207e-05
602,-29.6,-73.0,4.4435553108584294e-05
603,-29.6,-72.0,5.584657947228308e-05
604,-29.6,-71.0,6.981498897078332e-05
605,-29.6,-70.0,8.681342223315386e-05
606,-29.6,-69.0,0.00010737698048439894
607,-29.6,-68.0,0.0001321057147381688
608,-29.6,-67.0,0.00016166579063927342
609,-29.6,-66.0,0.00019678897494087072
610,-29.6,-65.0,0.0002382700763605375
611,-29.6,-64.0,0.00028696197453844334
612,-29.6,-63.0,0.0003437678891819015
613,-29.6,-62.0,0.0004096305800739406
614,-29.6,-61.0,0.0004855182297359945
615,-29.6,-60.0,0.000572406845623444
616,-29.6,-59.0,0.0006712591281606055
617,-29.6,-58.0,0.0007829998837158496
618,-29.6,-57.0,0.0009084882152718094
619,-29.6,-56.0,0.0010484868938921783
620,-29.6,-55.0,0.0012036294952577984
621,-29.6,-54.0,0.001374386070045243
622,-29.6,-53.0,0.001561028295823976
623,-29.6,-52.0,0.0017635952214209933
624,-29.6,-51.0,0.0019818608516604234
625,-29.6,-50.0,0.0022153049202611502
626,-29.6,-49.0,0.002463088251271842
627,-29.6,-48.0,0.002724034109614808
628,-29.6,-47.0,0.0029966291602973954
629,-29.6,-46.0,0.003285593531077722
630,-29.6,-45.0,0.004161444857887285
631,-29.6,-44.0,0.01264809150843217
632,-29.6,-43.0,0.026408164348571312
633,-29.6,-42.0,0.023511387980158244
634,-29.6,-41.0,0.030591730921888046
635,-29.6,-40.0,0.01621659148300207
636,-29.6,-39.0,0.019321901106727723
637,-29.6,-38.0,0.03828874108463278
638,-29.6,-37.0,0.019139923450719482
639,-29.6,-36.0,0.008280176925276037
640,-29.6,-35.0,0.02638851329658096
641,-29.6,-34.0,0.05592543227397737
642,-29.6,-33.0,0.028778009476992897
643,-29.6,-32.0,0.03909619007443337
644,-29.6,-31.0,0.08314926070792414
645,-29.6,-30.0,0.03985979883775082
646,-29.6,-29.0,0.03356638420308907
647,-29.6,-28.0,0.0695119028325645
648,-29.6,-27.0,0.03166250280589129
649,-29.6,-26.0,0.008388216462296677
650,-29.6,-25.0,0.020728395092673442
651,-29.6,-24.0,0.04272957883409052
652,-29.6,-23.0,0.021154719943196666
653,-29.6,-22.0,0.01731774114566044
654,-29.6,-21.0,0.03255989781784953
655,-29.6,-20.0,0.01586025647895826
656,-29.6,-19.0,0.0056127172804098235
657,-29.6,-18.0,0.012140396966835217
658,-29.6,-17.0,0.02363938873119975
659,-29.6,-16.0,0.012057482045589098
660,-29.6,-15.0,0.01028259109054347
661,-29.6,-14.0,0.018874848492338173
662,-29.6,-13.0,0.009237175580446904
663,-29.6,-12.0,0.0033096373446193806
664,-29.6,-11.0,0.007212240848846022
665,-29.6,-10.0,0.014116729574405929
666,-29.6,-9.0,0.007044992671885618
667,-29.6,-8.0,0.006049084482436338
668,-29.6,-7.0,0.011422184709741946
669,-29.6,-6.0,0.005362305481396408
670,-29.6,-5.0,0.0016456127138019133
671,-29.6,-4.0,0.004195147788166786
672,-29.6,-3.0,0.008688636641713184
673,-29.6,-2.0,0.003942062566581868
674,-29.6,-1.0,0.0008715487508234093
675,-29.6,0.0,0.0005980869340589422
676,-29.6,1.0,0.0006357588207793446
677,-29.6,2.0,0.002690588037110068
678,-29.6,3.0,0.005946136108343737
679,-29.6,4.0,0.002569285665851973
680,-29.6,5.0,0.0005184211595940694
681,-29.6,6.0,0.0020474135300480086
682,-29.6,7.0,0.004699139538804612
683,-29.6,8.0,0.0020873199532596624
684,-29.6,9.0,0.0018202657547190615
685,-29.6,10.0,0.003984336537485025
686,-29.6,11.0,0.0016582475145060687
687,-29.6,12.0,0.0002528832919459174
688,-29.6,13.0,0.0013514614204364643
689,-29.6,14.0,0.003239800580478817
690,-29.6,15.0,0.0014092822363807528
691,-29.6,16.0,0.0012424607855471843
692,-29.6,17.0,0.0027976976017332167
693,-29.6,18.0,0.0011454003982124547
694,-29.6,19.0,8.714204903902467e-05
695,-29.6,20.0,9.127004640092974e-06
696,-29.6,21.0,6.335342708207332e-06
697,-29.6,22.0,4.824083558506936e-06
698,-29.6,23.0,3.654734936779043e-06
699,-29.6,24.0,2.7541289481569145e-06
700,-29.6,25.0,2.0644277180845776e-06
701,-29.6,26.0,1.5392243213994339e-06
702,-29.6,27.0,1.141539163417115e-06
703,-29.6,28.0,8.421050073940209e-07
704,-29.6,29.0,6.179141197516896e-07
705,-29.6,30.0,4.5099979631629894e-07
706,-29.6,31.0,3.274242704782335e-07
707,-29.6,32.0,2.36445820071928e-07
708,-29.6,33.0,1.6983947039728948e-07
709,-29.6,34.0,1.2134776989876222e-07
710,-29.6,35.0,8.624047455855737e-08
711,-29.6,36.0,6.09644452518206e-08
712,-29.6,37.0,4.286750959000013e-08
713,-29.6,38.0,2.9982373589564035e-08
714,-29.6,39.0,2.0858827512559528e-08
715,-29.6,40.0,1.4434438470823084e-08
716,-29.6,41.0,9.935643730024075e-09
717,-29.6,42.0,6.802651778927472e-09
718,-29.6,43.0,4.632832325992303e-09
719,-29.6,44.0,3.138347532448816e-09
720,-29.6,45.0,2.1146650930269892e-09
721,-29.6,46.0,1.4173211475466522e-09
722,-29.6,47.0,9.448895511253547e-10
723,-29.6,48.0,6.265849133400534e-10
724,-29.6,49.0,4.132995470432646e-10
725,-29.6,50.0,2.711664980782653e-10
726,-29.6,51.0,1.7696738907887006e-10
727,-29.6,52.0,1.1487791961100167e-10
728,-29.6,53.0,7.417644037168747e-11
729,-29.6,54.0,4.7641071649633216e-11
730,-29.6,55.0,3.043569079702849e-11
731,-29.6,56.0,1.93406431620703e-11
732,-29.6,57.0,1.2224884611130296e-11
733,-29.6,58.0,7.686077026580638e-12
734,-29.6,59.0,4.806741908149969e-12
735,-29.6,60.0,2.9900812027775158e-12
736,-29.6,61.0,1.8501258417041523e-12
737,-29.6,62.0,1.1386904102458217e-12
738,-29.6,63.0,6.971017365295194e-13
739,-29.6,64.0,4.244951899794757e-13
740,-29.6,65.0,2.571197812960293e-13
741,-29.6,66.0,1.5491173355435775e-13
742,-29.6,67.0,9.28366040108266e-14
743,-29.6,68.0,5.5340143944652345e-14
744,-29.6,69.0,3.281311275941131e-14
745,-29.6,70.0,1.9352660812050032e-14
746,-29.6,71.0,1.1353245955027285e-14
747,-29.6,72.0,6.624994399326088e-15
748,-29.6,73.0,3.845360775545376e-15
749,-29.6,74.0,2.2201114467129293e-15
750,-29.5,-75.0,2.7327313779258955e-05
751,-29.5,-74.0,3.4731385275061e-05
752,-29.5,-73.0,4.390696066409515e-05
753,-29.5,-72.0,5.5211653341122635e-05
754,-29.5,-71.0,6.905803826849711e-05
755,-29.5,-70.0,8.591793479682431e-05
756,-29.5,-69.0,0.00010632601300309136
757,-29.5,-68.0,0.00013088242597430753
758,-29.5,-67.0,0.0001602541374557584
759,-29.5,-66.0,0.0001951745888705822
760,-29.5,-65.0,0.00023644133507096562
761,-29.5,-64.0,0.00028491127758627227
762,-29.5,-63.0,0.00034149314080637687
763,-29.5,-62.0,0.00040713687340430857
764,-29.5,-61.0,0.00048281971674250253
765,-29.5,-60.0,0.0005695287655910848
766,-29.5,-59.0,0.0006682399547039955
767,-29.5,-58.0,0.0007798935368104666
768,-29.5,-57.0,0.0009053662710134215
769,-29.5,-56.0,0.0010454407113993675
770,-29.5,-55.0,0.0012007721680933469
771,-29.5,-54.0,0.0013718540996156645
772,-29.5,-53.0,0.0015589828773191808
773,-29.5,-52.0,0.0017622230298549378
774,-29.5,-51.0,0.001981374217267249
775,-29.5,-50.0,0.002215941289547208
776,-29.5,-49.0,0.002465108842875253
777,-29.5,-48.0,0.0027277216929845406
778,-29.5,-47.0,0.0030022849535427188
779,-29.5,-46.0,0.00329355648598633
780,-29.5,-45.0,0.004174096020441862
781,-29.5,-44.0,0.01269275006495132
782,-29.5,-43.0,0.026503520293566375
783,-29.5,-42.0,0.023594126901032342
784,-29.5,-41.0,0.03069483189667689
785,-29.5,-40.0,0.016278010483079124
786,-29.5,-39.0,0.01938327193215315
787,-29.5,-38.0,0.03839123932226719
788,-29.5,-37.0,0.019208459789408404
789,-29.5,-36.0,0.008327846068372346
790,-29.5,-35.0,0.026426412612356565
791,-29.5,-34.0,0.055947904324888394
792,-29.5,-33.0,0.02880995849114259
793,-29.5,-32.0,0.038932698991978036
794,-29.5,-31.0,0.08265943501140843
795,-29.5,-30.0,0.039765556104633164
796,-29.5,-29.0,0.033673083300362956
797,-29.5,-28.0,0.06998237044405993
798,-29.5,-27.0,0.031827096837889285
799,-29.5,-26.0,0.008358975676876296
800,-29.5,-25.0,0.020702788479758347
801,-29.5,-24.0,0.04272956024362351
802,-29.5,-23.0,0.021136225326050796
803,-29.5,-22.0,0.017281397492186844
804,-29.5,-21.0,0.03251425436035503
805,-29.5,-20.0,0.015830247653236994
806,-29.5,-19.0,0.005592756358400252
807,-29.5,-18.0,0.012108935311213525
808,-29.5,-17.0,0.023587063147544957
809,-29.5,-16.0,0.012030529620110728
810,-29.5,-15.0,0.010257294342745957
811,-29.5,-14.0,0.018827769813718382
812,-29.5,-13.0,0.009217007482967304
813,-29.5,-12.0,0.003306037114753298
814,-29.5,-11.0,0.007196104777747294
815,-29.5,-10.0,0.014078229255513929
816,-29.5,-9.0,0.007029869425667967
817,-29.5,-8.0,0.006035898985515639
818,-29.5,-7.0,0.011389057478596379
819,-29.5,-6.0,0.005351030981545959
820,-29.5,-5.0,0.0016474562306686448
821,-29.5,-4.0,0.004186063850570065
822,-29.5,-3.0,0.008660822819915693
823,-29.5,-2.0,0.0039328716309491
824,-29.5,-1.0,0.0008741908463606048
825,-29.5,0.0,0.0005922059941791788
826,-29.5,1.0,0.0006382043974621597
827,-29.5,2.0,0.0026833402302448356
828,-29.5,3.0,0.005923865677170348
829,-29.5,4.0,0.0025614662445088876
830,-29.5,5.0,0.0005192143666880613
831,-29.5,6.0,0.0020405414048550296
832,-29.5,7.0,0.00467938149612239
833,-29.5,8.0,0.002079475495682365
834,-29.5,9.0,0.0018131281438214034
835,-29.5,10.0,0.0039663433298392885
836,-29.5,11.0,0.0016513551573051296
837,-29.5,12.0,0.00025262775052884475
838,-29.5,13.0,0.0013454364463957448
839,-29.5,14.0,0.003224041347285833
840,-29.5,15.0,0.0014026723247747667
841,-29.5,16.0,0.001236458738671162
842,-29.5,17.0,0.0027835040533266443
843,-29.5,18.0,0.0011397289918156348
844,-29.5,19.0,8.691765340936856e-05
845,-29.5,20.0,9.260341526016709e-06
846,-29.5,21.0,6.4442692791874165e-06
847,-29.5,22.0,4.909666647582693e-06
848,-29.5,23.0,3.7215540086509136e-06
849,-29.5,24.0,2.8059762815440765e-06
850,-29.5,25.0,2.1044117323285792e-06
851,-29.5,26.0,1.5698721152139215e-06
852,-29.5,27.0,1.1648889186252072e-06
853,-29.5,28.0,8.59787841646231e-07
854,-29.5,29.0,6.312254915254762e-07
855,-29.5,30.0,4.6096093618166705e-07
856,-29.5,31.0,3.3483436035098544e-07
857,-29.5,32.0,2.4192578984035263e-07
858,-29.5,33.0,1.73868350363907e-07
859,-29.5,34.0,1.2429254722916875e-07
860,-29.5,35.0,8.838036909404684e-08
861,-29.5,36.0,6.251045860464841e-08
862,-29.5,37.0,4.39780226938696e-08
863,-29.5,38.0,3.077548061572746e-08
864,-29.5,39.0,2.1422004851091138e-08
865,-29.5,40.0,1.4832060980059329e-08
866,-29.5,41.0,1.0214779766569418e-08
867,-29.5,42.0,6.997495477356131e-09
868,-29.5,43.0,4.768067085395629e-09
869,-29.5,44.0,3.2316788685779023e-09
870,-29.5,45.0,2.1787136252084906e-09
871,-29.5,46.0,1.4610268905763713e-09
872,-29.5,47.0,9.745460773523003e-10
873,-29.5,48.0,6.465954651372772e-10
874,-29.5,49.0,4.267259353494366e-10
875,-29.5,50.0,2.801247819337304e-10
876,-29.5,51.0,1.8291112952752758e-10
877,-29.5,52.0,1.187995620043984e-10
878,-29.5,53.0,7.674951768065806e-11
879,-29.5,54.0,4.931994435301354e-11
880,-29.5,55.0,3.152503725477106e-11
881,-29.5,56.0,2.0043554743572633e-11
882,-29.5,57.0,1.2675934668695076e-11
883,-29.5,58.0,7.973910289534334e-12
884,-29.5,59.0,4.98940555207789e-12
885,-29.5,60.0,3.105363000051688e-12
886,-29.5,61.0,1.9224809711610805e-12
887,-29.5,62.0,1.1838531471302645e-12
888,-29.5,63.0,7.251364293033098e-13
889,-29.5,64.0,4.418020451172261e-13
890,-29.5,65.0,2.677452825212538e-13
891,-29.5,66.0,1.6139944642830057e-13
892,-29.5,67.0,9.677615463017417e-14
893,-29.5,68.0,5.771926468998948e-14
894,-29.5,69.0,3.424201597450694e-14
895,-29.5,70.0,2.0206168431244908e-14
896,-29.5,71.0,1.1860273923155356e-14
897,-29.5,72.0,6.924550355458198e-15
898,-29.5,73.0,4.0213747212838325e-15
899,-29.5,74.0,2.322970084106771e-15
900,-29.4,-75.0,2.6967023993592365e-05
901,-29.4,-74.0,3.4291744004683065e-05
902,-29.4,-73.0,4.3374275323857634e-05
903,-29.4,-72.0,5.457088516574906e-05
904,-29.4,-71.0,6.829294987638903e-05
905,-29.4,-70.0,8.501133840084599e-05
906,-29.4,-69.0,0.00010526013983270786
907,-29.4,-68.0,0.00012963943782670154
908,-29.4,-67.0,0.0001588168006809212
909,-29.4,-66.0,0.00019352712929283157
910,-29.4,-65.0,0.00023457048914746358
911,-29.4,-64.0,0.00028280755032483875
912,-29.4,-63.0,0.00033915227448522595
913,-29.4,-62.0,0.0004045615229031905
914,-29.4,-61.0,0.00048002131734933303
915,-29.4,-60.0,0.0005665295676435281
916,-29.4,-59.0,0.0006650751866411143
917,-29.4,-58.0,0.000776613644560173
918,-29.4,-57.0,0.0009020391676781011
919,-29.4,-56.0,0.001042153957603966
920,-29.4,-55.0,0.0011976349909159343
921,-29.4,-54.0,0.001368999147597923
922,-29.4,-53.0,0.0015565676015598035
923,-29.4,-52.0,0.0017604305775164462
924,-29.4,-51.0,0.0019804137247992574
925,-29.4,-50.0,0.0022160474692352675
926,-29.4,-49.0,0.0024665407684544964
927,-29.4,-48.0,0.0027307607082560203
928,-29.4,-47.0,0.00300723169384293
929,-29.4,-46.0,0.0033007492776916084
930,-29.4,-45.0,0.004185829240232984
931,-29.4,-44.0,0.012735188764134956
932,-29.4,-43.0,0.026594558261607344
933,-29.4,-42.0,0.0236730101838363
934,-29.4,-41.0,0.03079304137916388
935,-29.4,-40.0,0.016336707304846914
936,-29.4,-39.0,0.019441594801221273
937,-29.4,-38.0,0.038488067580862616
938,-29.4,-37.0,0.01927402974118854
939,-29.4,-36.0,0.008374180642499215
940,-29.4,-35.0,0.02646159616569757
941,-29.4,-34.0,0.05596532195382216
942,-29.4,-33.0,0.028839995763524202
943,-29.4,-32.0,0.038779007621289135
944,-29.4,-31.0,0.08219543400160659
945,-29.4,-30.0,0.03968378423186134
946,-29.4,-29.0,0.033791520699097743
947,-29.4,-28.0,0.0704777180569269
948,-29.4,-27.0,0.03200133714743358
949,-29.4,-26.0,0.00832955143556269
950,-29.4,-25.0,0.02067517344685903
951,-29.4,-24.0,0.04272578613033848
952,-29.4,-23.0,0.021115598207948998
953,-29.4,-22.0,0.017242822188461654
954,-29.4,-21.0,0.03246459349362244
955,-29.4,-20.0,0.015798108805280365
956,-29.4,-19.0,0.005571818260112398
957,-29.4,-18.0,0.01207565037156351
958,-29.4,-17.0,0.02353144889294717
959,-29.4,-16.0,0.01200177174752534
960,-29.4,-15.0,0.010230408953866722
961,-29.4,-14.0,0.0187779880266387
962,-29.4,-13.0,0.009195412512498214
963,-29.4,-12.0,0.0033018018749660263
964,-29.4,-11.0,0.007178834856164467
965,-29.4,-10.0,0.01403770088069856
966,-29.4,-9.0,0.007013669941883968
967,-29.4,-8.0,0.006021787056414261
968,-29.4,-7.0,0.011354312265312926
969,-29.4,-6.0,0.005338953633867263
970,-29.4,-5.0,0.0016490021107884484
971,-29.4,-4.0,0.00417636233617367
972,-29.4,-3.0,0.008631815254193573
973,-29.4,-2.0,0.0039231197051396586
974,-29.4,-1.0,0.0008766837752130374
975,-29.4,0.0,0.0005862906389354831
976,-29.4,1.0,0.0006405481903117758
977,-29.4,2.0,0.0026757317024769397
978,-29.4,3.0,0.005900819798942717
979,-29.4,4.0,0.0025533102604488314
980,-29.4,5.0,0.0005199383974207029
981,-29.4,6.0,0.002033407523218643
982,-29.4,7.0,0.004659024998014537
983,-29.4,8.0,0.0020713670947256823
984,-29.4,9.0,0.001805762856020835
985,-29.4,10.0,0.003947848864642213
986,-29.4,11.0,0.0016442563748076703
987,-29.4,12.0,0.00025234395279782483
988,-29.4,13.0,0.0013392454312726107
989,-29.4,14.0,0.0032078789466277605
990,-29.4,15.0,0.001395888679401257
991,-29.4,16.0,0.0012303045582294002
992,-29.4,17.0,0.00276896441523608
993,-29.4,18.0,0.001133916989949426
994,-29.4,19.0,8.668419630193079e-05
995,-29.4,20.0,9.394067230744857e-06
996,-29.4,21.0,6.5536895060301945e-06
997,-29.4,22.0,4.995716020601069e-06
998,-29.4,23.0,3.78879682962798e-06
999,-29.4,24.0,2.85819772247549e-06
1000,-29.4,25.0,2.144718473894157e-06
1001,-29.4,26.0,1.6007930035579172e-06
1002,-29.4,27.0,1.1884659804448913e-06
1003,-29.4,28.0,8.776571404193297e-07
1004,-29.4,29.0,6.446878416165954e-07
1005,-29.4,30.0,4.710428762928986e-07
1006,-29.4,31.0,3.423400485482874e-07
1007,-29.4,32.0,2.474806417502653e-07
1008,-29.4,33.0,1.7795532140074956e-07
1009,-29.4,34.0,1.2728197814701426e-07
1010,-29.4,35.0,9.055428853296573e-08
1011,-29.4,36.0,6.40821807129236e-08
1012,-29.4,37.0,4.510780379944955e-08
1013,-29.4,38.0,3.158291524881175e-08
1014,-29.4,39.0,2.1995754919944172e-08
1015,-29.4,40.0,1.523742739639005e-08
1016,-29.4,41.0,1.0499546542033627e-08
1017,-29.4,42.0,7.196404237677196e-09
1018,-29.4,43.0,4.906216065459113e-09
1019,-29.4,44.0,3.327085032221492e-09
1020,-29.4,45.0,2.2442293642331223e-09
1021,-29.4,46.0,1.5057632365199903e-09
1022,-29.4,47.0,1.004921752744407e-09
1023,-29.4,48.0,6.671045656822643e-10
1024,-29.4,49.0,4.4049571370885147e-10
1025,-29.4,50.0,2.8931807611381513e-10
1026,-29.4,51.0,1.8901468980927974e-10
1027,-29.4,52.0,1.2282920897216693e-10
1028,-29.4,53.0,7.93951291769344e-11
1029,-29.4,54.0,5.104722896177786e-11
1030,-29.4,55.0,3.264649728593146e-11
1031,-29.4,56.0,2.0767638671036025e-11
1032,-29.4,57.0,1.3140858955358761e-11
1033,-29.4,58.0,8.270780521996189e-12
1034,-29.4,59.0,5.17792011918239e-12
1035,-29.4,60.0,3.2244103284432566e-12
1036,-29.4,61.0,1.9972451193125947e-12
1037,-29.4,62.0,1.2305479492200445e-12
1038,-29.4,63.0,7.54139729638977e-13
1039,-29.4,64.0,4.597176821568127e-13
1040,-29.4,65.0,2.7875117283288557e-13
1041,-29.4,66.0,1.6812345479222177e-13
1042,-29.4,67.0,1.0086163775056083e-13
1043,-29.4,68.0,6.018798904640954e-14
1044,-29.4,69.0,3.5725618664528774e-14
1045,-29.4,70.0,2.1092875572828587e-14
1046,-29.4,71.0,1.2387336370670216e-14
1047,-29.4,72.0,7.236126963228695e-15
1048,-29.4,73.0,4.204559796282659e-15
1049,-29.4,74.0,2.4300823764063223e-15
1050,-29.3,-75.0,2.6605511300266862e-05
1051,-29.3,-74.0,3.3850068369372944e-05
1052,-29.3,-73.0,4.283843518005641e-05
1053,-29.3,-72.0,5.3925447035059885e-05
1054,-29.3,-71.0,6.752117903640562e-05
1055,-29.3,-70.0,8.40954285167246e-05
1056,-29.3,-69.0,0.0001041815623722919
1057,-29.3,-68.0,0.00012837943257210867
1058,-29.3,-67.0,0.00015735702819484295
1059,-29.3,-66.0,0.0001918505045670645
1060,-29.3,-65.0,0.00023266221263866066
1061,-29.3,-64.0,0.0002806563479826237
1062,-29.3,-63.0,0.00033675185206516955
1063,-29.3,-62.0,0.00040191223176727246
1064,-29.3,-61.0,0.0004771320191168934
1065,-29.3,-60.0,0.0005634196736048675
1066,-29.3,-59.0,0.0006617768350487487
1067,-29.3,-58.0,0.0007731739651705282
1068,-29.3,-57.0,0.0008985225687688768
1069,-29.3,-56.0,0.001038644356810724
1070,-29.3,-55.0,0.0011942378984008185
1071,-29.3,-54.0,0.0013658434991539895
1072,-29.3,-53.0,0.0015538072311812824
1073,-29.3,-52.0,0.0017582452146383486
1074,-29.3,-51.0,0.001979009401675083
1075,-29.3,-50.0,0.0022156562294980754
1076,-29.3,-49.0,0.0024674195793206654
1077,-29.3,-48.0,0.0027331894963675005
1078,-29.3,-47.0,0.0030115104883846073
1079,-29.3,-46.0,0.0033072158093030144
1080,-29.3,-45.0,0.0041966987233337865
1081,-29.3,-44.0,0.012775571741450912
1082,-29.3,-43.0,0.026681621395160462
1083,-29.3,-42.0,0.023748342691012735
1084,-29.3,-41.0,0.030886757456841094
1085,-29.3,-40.0,0.016392887478663336
1086,-29.3,-39.0,0.019497116138061415
1087,-29.3,-38.0,0.03857972457802413
1088,-29.3,-37.0,0.019336872713757287
1089,-29.3,-36.0,0.008419269843798894
1090,-29.3,-35.0,0.026494363812928665
1091,-29.3,-34.0,0.0559783311780514
1092,-29.3,-33.0,0.02886835090162669
1093,-29.3,-32.0,0.03863415842187258
1094,-29.3,-31.0,0.08175478081464092
1095,-29.3,-30.0,0.03961376060273361
1096,-29.3,-29.0,0.03392260758398635
1097,-29.3,-28.0,0.07100070753010986
1098,-29.3,-27.0,0.03218631540110155
1099,-29.3,-26.0,0.008299950925565971
1100,-29.3,-25.0,0.02064529230659851
1101,-29.3,-24.0,0.04271770432677155
1102,-29.3,-23.0,0.021092569808497576
1103,-29.3,-22.0,0.01720178737352179
1104,-29.3,-21.0,0.03241047101595477
1105,-29.3,-20.0,0.015763627707981082
1106,-29.3,-19.0,0.0055498325231282475
1107,-29.3,-18.0,0.012040379797928923
1108,-29.3,-17.0,0.023472222974337726
1109,-29.3,-16.0,0.011971044221044442
1110,-29.3,-15.0,0.010201795225943259
1111,-29.3,-14.0,0.01872524545454782
1112,-29.3,-13.0,0.0091722632879674
1113,-29.3,-12.0,0.0032968842661393466
1114,-29.3,-11.0,0.007160331125787435
1115,-29.3,-10.0,0.013994951815137345
1116,-29.3,-9.0,0.006996295862758636
1117,-29.3,-8.0,0.006006664091578736
1118,-29.3,-7.0,0.011317793546225549
1119,-29.3,-6.0,0.00532599801662578
1120,-29.3,-5.0,0.001650224200176657
1121,-29.3,-4.0,0.004165984148769916
1122,-29.3,-3.0,0.008601496570713681
1123,-29.3,-2.0,0.003912751568413751
1124,-29.3,-1.0,0.0008790126472742369
1125,-29.3,0.0,0.0005803343284232243
1126,-29.3,1.0,0.0006427790387280864
1127,-29.3,2.0,0.0026677252107695356
1128,-29.3,3.0,0.00587691971838747
1129,-29.3,4.0,0.002544782671342466
1130,-29.3,5.0,0.0005205848508341452
1131,-29.3,6.0,0.0020259842914572383
1132,-29.3,7.0,0.004638008934600315
1133,-29.3,8.0,0.0020629671008022933
1134,-29.3,9.0,0.0017981459293214884
1135,-29.3,10.0,0.003928801974776075
1136,-29.3,11.0,0.001636929562396821
1137,-29.3,12.0,0.0002520281925143107
1138,-29.3,13.0,0.0013328709770011413
1139,-29.3,14.0,0.003191272345899268
1140,-29.3,15.0,0.0013889133338056473
1141,-29.3,16.0,0.0012239824891843141
1142,-29.3,17.0,0.0027540435392918255
1143,-29.3,18.0,0.0011279499406862507
1144,-29.3,19.0,8.644048658907562e-05
1145,-29.3,20.0,9.527989764575207e-06
1146,-29.3,21.0,6.663465017987938e-06
1147,-29.3,22.0,5.082126804307507e-06
1148,-29.3,23.0,3.856384439260505e-06
1149,-29.3,24.0,2.91073422578297e-06
1150,-29.3,25.0,2.185304094461467e-06
1151,-29.3,26.0,1.6319546512678017e-06
1152,-29.3,27.0,1.2122466730397468e-06
1153,-29.3,28.0,8.956956932507352e-07
1154,-29.3,29.0,6.58288751254587e-07
1155,-29.3,30.0,4.812367226469897e-07
1156,-29.3,31.0,3.499350142609904e-07
1157,-29.3,32.0,2.53105919060805e-07
1158,-29.3,33.0,1.820972665565594e-07
1159,-29.3,34.0,1.3031390096830413e-07
1160,-29.3,35.0,9.276074671820422e-08
1161,-29.3,36.0,6.567859910629946e-08
1162,-29.3,37.0,4.6256169708175255e-08
1163,-29.3,38.0,3.240422111715471e-08
1164,-29.3,39.0,2.25797761387729e-08
1165,-29.3,40.0,1.5650340734703895e-08
1166,-29.3,41.0,1.0789817014965933e-08
1167,-29.3,42.0,7.399297273302067e-09
1168,-29.3,43.0,5.047228704538867e-09
1169,-29.3,44.0,3.424534955587772e-09
1170,-29.3,45.0,2.3111936341954754e-09
1171,-29.3,46.0,1.5515192588273276e-09
1172,-29.3,47.0,1.0360104058672102e-09
1173,-29.3,48.0,6.881088960899833e-10
1174,-29.3,49.0,4.546072270974319e-10
1175,-29.3,50.0,2.98745661161416e-10
1176,-29.3,51.0,1.9527785012760702e-10
1177,-29.3,52.0,1.2696688695999757e-10
1178,-29.3,53.0,8.211340575066648e-11
1179,-29.3,54.0,5.282308565477148e-11
1180,-29.3,55.0,3.380022380490156e-11
1181,-29.3,56.0,2.1513025525256125e-11
1182,-29.3,57.0,1.3619761940737972e-11
1183,-29.3,58.0,8.576767715854394e-12
1184,-29.3,59.0,5.3723449146335364e-12
1185,-29.3,60.0,3.3472660609115946e-12
1186,-29.3,61.0,2.074448646608654e-12
1187,-29.3,62.0,1.2787959434112116e-12
1188,-29.3,63.0,7.841261168618766e-13
1189,-29.3,64.0,4.782518909277337e-13
1190,-29.3,65.0,2.901439906402447e-13
1191,-29.3,66.0,1.7508807655089177e-13
1192,-29.3,67.0,1.0509587515110877e-13
1193,-29.3,68.0,6.274814301463839e-14
1194,-29.3,69.0,3.7265091502630257e-14
1195,-29.3,70.0,2.2013526141288073e-14
1196,-29.3,71.0,1.2934902008486306e-14
1197,-29.3,72.0,7.560017132928932e-15
1198,-29.3,73.0,4.395097602956342e-15
1199,-29.3,74.0,2.5415600525915274e-15
1200,-29.2,-75.0,2.6243285402195508e-05
1201,-29.2,-74.0,3.34070043346856e-05
1202,-29.2,-73.0,4.230025357677527e-05
1203,-29.2,-72.0,5.3276356428274085e-05
1204,-29.2,-71.0,6.674399041291636e-05
1205,-29.2,-70.0,8.317176697717049e-05
1206,-29.2,-69.0,0.00010309219714094428
1207,-29.2,-68.0,0.00012710474700297614
1208,-29.2,-67.0,0.00015587765115200264
1209,-29.2,-66.0,0.00019014812309492226
1210,-29.2,-65.0,0.00023072058299241244
1211,-29.2,-64.0,0.0002784625176669344
1212,-29.2,-63.0,0.0003342975993843803
1213,-29.2,-62.0,0.0003991957214468399
1214,-29.2,-61.0,0.0004741596628272505
1215,-29.2,-60.0,0.0005602081728295742
1216,-29.2,-59.0,0.0006583553709391534
1217,-29.2,-58.0,0.0007695864862067728
1218,-29.2,-57.0,0.000894830112730069
1219,-29.2,-56.0,0.001034927329408243
1220,-29.2,-55.0,0.0011905982177291047
1221,-29.2,-54.0,0.0013624065037343672
1222,-29.2,-53.0,0.0015507232407394292
1223,-29.2,-52.0,0.0017556906277895988
1224,-29.2,-51.0,0.0019771872142622057
1225,-29.2,-50.0,0.002214795862181308
1226,-29.2,-49.0,0.0024677759137213787
1227,-29.2,-48.0,0.00273504103593927
1228,-29.2,-47.0,0.0030151566216836947
1229,-29.2,-46.0,0.0033129936809096227
1230,-29.2,-45.0,0.004206750764109289
1231,-29.2,-44.0,0.012814038837494282
1232,-29.2,-43.0,0.02676500190762406
1233,-29.2,-42.0,0.023820383866899667
1234,-29.2,-41.0,0.030976318799306134
1235,-29.2,-40.0,0.016446725500293264
1236,-29.2,-39.0,0.01955004476917129
1237,-29.2,-38.0,0.03866663331726138
1238,-29.2,-37.0,0.019397191197522725
1239,-29.2,-36.0,0.008463188017049926
1240,-29.2,-35.0,0.02652496404845072
1241,-29.2,-34.0,0.05598746715333337
1242,-29.2,-33.0,0.0288952116290907
1243,-29.2,-32.0,0.038497324531185734
1244,-29.2,-31.0,0.0813353424612067
1245,-29.2,-30.0,0.03955493534935628
1246,-29.2,-29.0,0.03406747906594662
1247,-29.2,-28.0,0.07155462150102693
1248,-29.2,-27.0,0.032383327680399455
1249,-29.2,-26.0,0.00827018044595317
1250,-29.2,-25.0,0.02061283181475383
1251,-29.2,-24.0,0.04270464419715158
1252,-29.2,-23.0,0.021066813949758595
1253,-29.2,-22.0,0.017158019172028787
1254,-29.2,-21.0,0.03235135433422539
1255,-29.2,-20.0,0.015726549782130537
1256,-29.2,-19.0,0.0055267145533033765
1257,-29.2,-18.0,0.012002929502365145
1258,-29.2,-17.0,0.02340899967794122
1259,-29.2,-16.0,0.011938151008008617
1260,-29.2,-15.0,0.010171286527085361
1261,-29.2,-14.0,0.018669234772777283
1262,-29.2,-13.0,0.009147408051909318
1263,-29.2,-12.0,0.0032912280859457243
1264,-29.2,-11.0,0.007140474642994968
1265,-29.2,-10.0,0.013949752522890792
1266,-29.2,-9.0,0.006977630201546905
1267,-29.2,-8.0,0.005990429508030918
1268,-29.2,-7.0,0.011279316050117946
1269,-29.2,-6.0,0.005312074489733571
1270,-29.2,-5.0,0.0016510916646529617
1271,-29.2,-4.0,0.004154859073310302
1272,-29.2,-3.0,0.008569726906561246
1273,-29.2,-2.0,0.0039017015741372677
1274,-29.2,-1.0,0.0008811599622857272
1275,-29.2,0.0,0.0005743292093305071
1276,-29.2,1.0,0.0006448838315334307
1277,-29.2,2.0,0.0026592764377117383
1278,-29.2,3.0,0.0058520714696516435
1279,-29.2,4.0,0.00253584173413196
1280,-29.2,5.0,0.0005211438043170861
1281,-29.2,6.0,0.0020182388143866812
1282,-29.2,7.0,0.00461626031309763
1283,-29.2,8.0,0.0020542425163924266
1284,-29.2,9.0,0.0017902487564179714
1285,-29.2,10.0,0.003909141499896695
1286,-29.2,11.0,0.0016293489106315147
1287,-29.2,12.0,0.0002516760608548743
1288,-29.2,13.0,0.0013262922855033518
1289,-29.2,14.0,0.003174172463003161
1290,-29.2,15.0,0.0013817248004621306
1291,-29.2,16.0,0.001217473683651676
1292,-29.2,17.0,0.002738699366165047
1293,-29.2,18.0,0.001121810551305692
1294,-29.2,19.0,8.61851002339808e-05
1295,-29.2,20.0,9.661879944608492e-06
1296,-29.2,21.0,6.773430219237947e-06
1297,-29.2,22.0,5.168773124106855e-06
1298,-29.2,23.0,3.924221763550583e-06
1299,-29.2,24.0,2.96351445112583e-06
1300,-29.2,25.0,2.2261154159023458e-06
1301,-29.2,26.0,1.6633176827214711e-06
1302,-29.2,27.0,1.2362020371571288e-06
1303,-29.2,28.0,9.138823468305489e-07
1304,-29.2,29.0,6.720128756176208e-07
1305,-29.2,30.0,4.915314218741966e-07
1306,-29.2,31.0,3.5761135200949775e-07
1307,-29.2,32.0,2.5879600861220634e-07
1308,-29.2,33.0,1.8629022970875981e-07
1309,-29.2,34.0,1.3338554847186557e-07
1310,-29.2,35.0,9.499782300127875e-08
1311,-29.2,36.0,6.729839131062584e-08
1312,-29.2,37.0,4.7422217286825485e-08
1313,-29.2,38.0,3.3238786697493385e-08
1314,-29.2,39.0,2.317365809693317e-08
1315,-29.2,40.0,1.6070528105088688e-08
1316,-29.2,41.0,1.1085411504716422e-08
1317,-29.2,42.0,7.606057501165955e-09
1318,-29.2,43.0,5.191029556475462e-09
1319,-29.2,44.0,3.5239806080824556e-09
1320,-29.2,45.0,2.3795762627433706e-09
1321,-29.2,46.0,1.59827628417335e-09
1322,-29.2,47.0,1.0678006753397528e-09
1323,-29.2,48.0,7.096016806094439e-10
1324,-29.2,49.0,4.690565313496725e-10
1325,-29.2,50.0,3.0840531057703325e-10
1326,-29.2,51.0,2.016994043315532e-10
1327,-29.2,52.0,1.312119806328273e-10
1328,-29.2,53.0,8.490406316834489e-11
1329,-29.2,54.0,5.464740768181173e-11
1330,-29.2,55.0,3.498619910547771e-11
1331,-29.2,56.0,2.227973747597699e-11
1332,-29.2,57.0,1.4112679622843686e-11
1333,-29.2,58.0,8.891908876714195e-12
1334,-29.2,59.0,5.572712419920397e-12
1335,-29.2,60.0,3.4739564339289303e-12
1336,-29.2,61.0,2.1541116582974836e-12
1337,-29.2,62.0,1.3286119738548317e-12
1338,-29.2,63.0,8.151062450525437e-13
1339,-29.2,64.0,4.974121467764548e-13
1340,-29.2,65.0,3.019288827591915e-13
1341,-29.2,66.0,1.8229679820706973e-13
1342,-29.2,67.0,1.0948119506844833e-13
1343,-29.2,68.0,6.540126150706334e-14
1344,-29.2,69.0,3.8861434600471655e-14
1345,-29.2,70.0,2.2968764761747267e-14
1346,-29.2,71.0,1.3503382146320384e-14
1347,-29.2,72.0,7.896480811997507e-15
1348,-29.2,73.0,4.5931509452113444e-15
1349,-29.2,74.0,2.6575041961966006e-15
1350,-29.1,-75.0,2.588078921182488e-05
1351,-29.1,-74.0,3.296311417860615e-05
1352,-29.1,-73.0,4.176043957455016e-05
1353,-29.1,-72.0,5.262450158805741e-05
1354,-29.1,-71.0,6.59624893848343e-05
1355,-29.1,-70.0,8.224172036327729e-05
1356,-29.1,-69.0,0.00010199372261906835
1357,-29.1,-68.0,0.00012581742928161887
1358,-29.1,-67.0,0.0001543811526230804
1359,-29.1,-66.0,0.0001884229757545319
1360,-29.1,-65.0,0.00022874917952956026
1361,-29.1,-64.0,0.00027623031537494857
1362,-29.1,-63.0,0.0003317945445740764
1363,-29.1,-62.0,0.00039641789424622393
1364,-29.1,-61.0,0.0004711111326403596
1365,-29.1,-60.0,0.0005569030434068296
1366,-29.1,-59.0,0.0006548199812193158
1367,-29.1,-58.0,0.0007658617192001125
1368,-29.1,-57.0,0.0008909737502398559
1369,-29.1,-56.0,0.0010310163759870627
1370,-29.1,-55.0,0.0011867311037141305
1371,-29.1,-54.0,0.0013587050653738853
1372,-29.1,-53.0,0.0015473343662415204
1373,-29.1,-52.0,0.0017527874525316144
1374,-29.1,-51.0,0.0019749697472858543
1375,-29.1,-50.0,0.002213490930238903
1376,-29.1,-49.0,0.002467636319130112
1377,-29.1,-48.0,0.0027363438407055477
1378,-29.1,-47.0,0.003018200529823764
1379,-29.1,-46.0,0.0033181152436829084
1380,-29.1,-45.0,0.0042160250643746245
1381,-29.1,-44.0,0.012850709610677741
1382,-29.1,-43.0,0.026844949474706274
1383,-29.1,-42.0,0.023889355227877093
1384,-29.1,-41.0,0.031062014457172712
1385,-29.1,-40.0,0.016498369955535122
1386,-29.1,-39.0,0.019600558151705805
1387,-29.1,-38.0,0.03874915363002338
1388,-29.1,-37.0,0.01945515687451163
1389,-29.1,-36.0,0.008505997127407341
1390,-29.1,-35.0,0.026553602862402402
1391,-29.1,-34.0,0.05599317341477964
1392,-29.1,-33.0,0.028920730761315346
1393,-29.1,-32.0,0.03836778367474969
1394,-29.1,-31.0,0.08093526214682431
1395,-29.1,-30.0,0.0395069166962109
1396,-29.1,-29.0,0.03422754927186581
1397,-29.1,-28.0,0.0721434156607199
1398,-29.1,-27.0,0.03259393436021096
1399,-29.1,-26.0,0.008240245268948993
1400,-29.1,-25.0,0.02057740732497377
1401,-29.1,-24.0,0.04268578283359544
1402,-29.1,-23.0,0.02103793069521298
1403,-29.1,-22.0,0.01711118474334128
1404,-29.1,-21.0,0.03228659766886855
1405,-29.1,-20.0,0.01568656619243002
1406,-29.1,-19.0,0.005502361624657837
1407,-29.1,-18.0,0.011963064742218239
1408,-29.1,-17.0,0.023341312996181956
1409,-29.1,-16.0,0.011902855317589353
1410,-29.1,-15.0,0.010138681727246237
1411,-29.1,-14.0,0.01860958509293779
1412,-29.1,-13.0,0.009120663830623078
1413,-29.1,-12.0,0.0032847657993167515
1414,-29.1,-11.0,0.007119122151056589
1415,-29.1,-10.0,0.013901826222849627
1416,-29.1,-9.0,0.006957532120994328
1417,-29.1,-8.0,0.005972962264604996
1418,-29.1,-7.0,0.011238656420562865
1419,-29.1,-6.0,0.005297075213578047
1420,-29.1,-5.0,0.0016515676846181467
1421,-29.1,-4.0,0.004142902664235445
1422,-29.1,-3.0,0.008536337607278502
1423,-29.1,-2.0,0.0038898907334763435
1424,-29.1,-1.0,0.0008831048872684564
1425,-29.1,0.0,0.000568265742974877
1426,-29.1,1.0,0.0006468469691376486
1427,-29.1,2.0,0.0026503320138488383
1428,-29.1,3.0,0.005826161612440864
1429,-29.1,4.0,0.002526437130797649
1430,-29.1,5.0,0.000521603393404801
1431,-29.1,6.0,0.0020101314118799525
1432,-29.1,7.0,0.004593690923720641
1433,-29.1,8.0,0.0020451534979866264
1434,-29.1,9.0,0.0017820367830900224
1435,-29.1,10.0,0.0038887934803963856
1436,-29.1,11.0,0.0016214832262254157
1437,-29.1,12.0,0.0002512822516373557
1438,-29.1,13.0,0.0013194842046351852
1439,-29.1,14.0,0.0031565199039699367
1440,-29.1,15.0,0.0013742970818838433
1441,-29.1,16.0,0.001210755331988822
1442,-29.1,17.0,0.0027228809817948963
1443,-29.1,18.0,0.001115477889815455
1444,-29.1,19.0,8.591631543783306e-05
1445,-29.1,20.0,9.795461467422086e-06
1446,-29.1,21.0,6.883385048487979e-06
1447,-29.1,22.0,5.255502519969797e-06
1448,-29.1,23.0,3.9921933304728644e-06
1449,-29.1,24.0,3.0164514931161333e-06
1450,-29.1,25.0,2.267087448001613e-06
1451,-29.1,26.0,1.6948338074695955e-06
1452,-29.1,27.0,1.2602964223203171e-06
1453,-29.1,28.0,9.321909532471926e-07
1454,-29.1,29.0,6.85841162264588e-07
1455,-29.1,30.0,5.019131835420328e-07
1456,-29.1,31.0,3.6535914691563717e-07
1457,-29.1,32.0,2.645438302264353e-07
1458,-29.1,33.0,1.905291896371592e-07
1459,-29.1,34.0,1.3649338444050099e-07
1460,-29.1,35.0,9.726304461064476e-08
1461,-29.1,36.0,6.89398406477248e-08
1462,-29.1,37.0,4.860476351962644e-08
1463,-29.1,38.0,3.40858028622834e-08
1464,-29.1,39.0,2.3776851651117447e-08
1465,-29.1,40.0,1.649761976332111e-08
1466,-29.1,41.0,1.1386083092916464e-08
1467,-29.1,42.0,7.816521423392981e-09
1468,-29.1,43.0,5.337511315128314e-09
1469,-29.1,44.0,3.6253522133136816e-09
1470,-29.1,45.0,2.4493323190488158e-09
1471,-29.1,46.0,1.6460056796922183e-09
1472,-29.1,47.0,1.1002745168974875e-09
1473,-29.1,48.0,7.315716847697388e-10
1474,-29.1,49.0,4.838367244717844e-10
1475,-29.1,50.0,3.1829284690853346e-10
1476,-29.1,51.0,2.0827686681289553e-10
1477,-29.1,52.0,1.355630403903139e-10
1478,-29.1,53.0,8.77662763479628e-11
1479,-29.1,54.0,5.651973968772394e-11
1480,-29.1,55.0,3.6204182087619706e-11
1481,-29.1,56.0,2.3067654367968252e-11
1482,-29.1,57.0,1.4619557851767167e-11
1483,-29.1,58.0,9.21618424436872e-12
1484,-29.1,59.0,5.779019580744421e-12
1485,-29.1,60.0,3.6044855691251286e-12
1486,-29.1,61.0,2.236240578217612e-12
1487,-29.1,62.0,1.3800024708166758e-12
1488,-29.1,63.0,8.470856246581326e-13
1489,-29.1,64.0,5.172027994071779e-13
1490,-29.1,65.0,3.1410910805039117e-13
1491,-29.1,66.0,1.8975197278418466e-13
1492,-29.1,67.0,1.140192493598421e-13
1493,-29.1,68.0,6.814847828674892e-14
1494,-29.1,69.0,4.0515411617388697e-14
1495,-29.1,70.0,2.395909754831088e-14
1496,-29.1,71.0,1.4093107461774095e-14
1497,-29.1,72.0,8.24573130420241e-15
1498,-29.1,73.0,4.798855815878295e-15
1499,-29.1,74.0,2.7780005782522215e-15
1500,-29.0,-75.0,2.452657311127893e-05
1501,-29.0,-74.0,3.125496238635216e-05
1502,-29.0,-73.0,3.9617511850281896e-05
1503,-29.0,-72.0,4.995069323643471e-05
1504,-29.0,-71.0,6.264435627591718e-05
1505,-29.0,-70.0,7.814631242024655e-05
1506,-29.0,-69.0,9.696636942294934e-05
1507,-29.0,-68.0,0.00011967953377485064
1508,-29.0,-67.0,0.00014692806179848059
1509,-29.0,-66.0,0.00017942201020389357
1510,-29.0,-65.0,0.000217937916188634
1511,-29.0,-64.0,0.0002633152290215216
1512,-29.0,-63.0,0.00031645012280534876
1513,-29.0,-62.0,0.000378286346911023
1514,-29.0,-61.0,0.0004498028191383968
1515,-29.0,-60.0,0.0005319977390243442
1516,-29.0,-59.0,0.0006258690959634939
1517,-29.0,-58.0,0.0007323915687834601
1518,-29.0,-57.0,0.0008524899585190209
1519,-29.0,-56.0,0.0009870094611187496
1520,-29.0,-55.0,0.001136683266721711
1521,-29.0,-54.0,0.0013020981602619576
1522,-29.0,-53.0,0.00148365898619154
1523,-29.0,-52.0,0.0016815530184053303
1524,-29.0,-51.0,0.001895715434387341
1525,-29.0,-50.0,0.0021257972191143356
1526,-29.0,-49.0,0.002371136908457778
1527,-29.0,-48.0,0.0026307376174144644
1528,-29.0,-47.0,0.0029032628051135203
1529,-29.0,-46.0,0.0031934670268176438
1530,-29.0,-45.0,0.004060357952011925
1531,-29.0,-44.0,0.012384852385099107
1532,-29.0,-43.0,0.025875300171830203
1533,-29.0,-42.0,0.02302435852570203
1534,-29.0,-41.0,0.029933599344330947
1535,-29.0,-40.0,0.015904770598873564
1536,-29.0,-39.0,0.0188851077315774
1537,-29.0,-38.0,0.037318461550779336
1538,-29.0,-37.0,0.018752575389181667
1539,-29.0,-36.0,0.008215519282848808
1540,-29.0,-35.0,0.025547335661932753
1541,-29.0,-34.0,0.0538194009044492
1542,-29.0,-33.0,0.027820011394199016
1543,-29.0,-32.0,0.03675841564915701
1544,-29.0,-31.0,0.07742201956805762
1545,-29.0,-30.0,0.037935388624077616
1546,-29.0,-29.0,0.03886745636210312
1547,-29.0,-28.0,0.07444392794315241
1548,-29.0,-27.0,0.03357411178577483
1549,-29.0,-26.0,0.008398784301720702
1550,-29.0,-25.0,0.021010430166034183
1551,-29.0,-24.0,0.04364024795864448
1552,-29.0,-23.0,0.02148804001889126
1553,-29.0,-22.0,0.017452861520349208
1554,-29.0,-21.0,0.03295558237559748
1555,-29.0,-20.0,0.016002714578147444
1556,-29.0,-19.0,0.005602477668871192
1557,-29.0,-18.0,0.012194380697852187
1558,-29.0,-17.0,0.023803206729304707
1559,-29.0,-16.0,0.012137472002565567
1560,-29.0,-15.0,0.010335876071354524
1561,-29.0,-14.0,0.018971948193270402
1562,-29.0,-13.0,0.009300698465493898
1563,-29.0,-12.0,0.0033527163118778425
1564,-29.0,-11.0,0.007259137218642234
1565,-29.0,-10.0,0.014169068513563313
1566,-29.0,-9.0,0.007095185911680267
1567,-29.0,-8.0,0.00609091518403119
1568,-29.0,-7.0,0.011452768150624798
1569,-29.0,-6.0,0.00540220079715606
1570,-29.0,-5.0,0.0016895546496726692
1571,-29.0,-4.0,0.004224902248729258
1572,-29.0,-3.0,0.008696442554159408
1573,-29.0,-2.0,0.003966304954673927
1574,-29.0,-1.0,0.0009051517532247083
1575,-29.0,0.0,0.0005750476234321942
1576,-29.0,1.0,0.0006635528615853196
1577,-29.0,2.0,0.002701501876570657
1578,-29.0,3.0,0.005932289145942611
1579,-29.0,4.0,0.002574326132908495
1580,-29.0,5.0,0.0005339414298655921
1581,-29.0,6.0,0.0020476022293114
1582,-29.0,7.0,0.004675196536172606
1583,-29.0,8.0,0.0020824219896252035
1584,-29.0,9.0,0.0018142145374092779
1585,-29.0,10.0,0.003956530003593846
1586,-29.0,11.0,0.0016503610194020203
1587,-29.0,12.0,0.00025660354725310974
1588,-29.0,13.0,0.0013425697064878225
1589,-29.0,14.0,0.00321034543185266
1590,-29.0,15.0,0.0013979969841444366
1591,-29.0,16.0,0.0012314577099258135
1592,-29.0,17.0,0.0027687118173013105
1593,-29.0,18.0,0.0011351082290371934
1594,-29.0,19.0,0.0001504331671917002
1595,-29.0,20.0,0.0009407317183287588
1596,-29.0,21.0,0.0022923956219366884
1597,-29.0,22.0,0.0009360027434350735
1598,-29.0,23.0,6.698194339860122e-05
1599,-29.0,24.0,3.843356933957577e-06
1600,-29.0,25.0,2.3624770922301174e-06
1601,-29.0,26.0,1.7661100571268733e-06
1602,-29.0,27.0,1.3139976329309095e-06
1603,-29.0,28.0,9.724294642291742e-07
1604,-29.0,29.0,7.158270872332882e-07
1605,-29.0,30.0,5.241366744547938e-07
1606,-29.0,31.0,3.817396757780095e-07
1607,-29.0,32.0,2.765516970685592e-07
1608,-29.0,33.0,1.9928361351817727e-07
1609,-29.0,34.0,1.4284105623829437e-07
1610,-29.0,35.0,1.0184054009565198e-07
1611,-29.0,36.0,7.222282866161461e-08
1612,-29.0,37.0,5.0946510051541024e-08
1613,-29.0,38.0,3.574707566761278e-08
1614,-29.0,39.0,2.494897612623286e-08
1615,-29.0,40.0,1.7320126400922068e-08
1616,-29.0,41.0,1.1960119105742667e-08
1617,-29.0,42.0,8.214971610749988e-09
1618,-29.0,43.0,5.61258255346924e-09
1619,-29.0,44.0,3.8142181471583595e-09
1620,-29.0,45.0,2.5783057924060968e-09
1621,-29.0,46.0,1.7336021215103371e-09
1622,-29.0,47.0,1.1594460463885435e-09
1623,-29.0,48.0,7.713256371300446e-10
1624,-29.0,49.0,5.104005071351013e-10
1625,-29.0,50.0,3.3594682098698716e-10
1626,-29.0,51.0,2.199460070533749e-10
1627,-29.0,52.0,1.4323453289827382e-10
1628,-29.0,53.0,9.278237768504168e-11
1629,-29.0,54.0,5.978185226636761e-11
1630,-29.0,55.0,3.831416310987507e-11
1631,-29.0,56.0,2.4425048125606627e-11
1632,-29.0,57.0,1.5488081310269855e-11
1633,-29.0,58.0,9.768905744759734e-12
1634,-29.0,59.0,6.128868823604641e-12
1635,-29.0,60.0,3.824730513565702e-12
1636,-29.0,61.0,2.374146217780273e-12
1637,-29.0,62.0,1.4658859827142161e-12
1638,-29.0,63.0,9.002829574508201e-13
1639,-29.0,64.0,5.499762980205334e-13
1640,-29.0,65.0,3.3419121198579664e-13
1641,-29.0,66.0,2.0199107699523413e-13
1642,-29.0,67.0,1.2143823647580768e-13
1643,-29.0,68.0,7.262143498945403e-14
1644,-29.0,69.0,4.3197668589442225e-14
1645,-29.0,70.0,2.5558884637111292e-14
1646,-29.0,71.0,1.5042138903015346e-14
1647,-29.0,72.0,8.805690141755386e-15
1648,-29.0,73.0,5.1274721631472214e-15
1649,-29.0,74.0,2.969814551023796e-15
1650,-28.9,-75.0,2.3020669945716517e-05
1651,-28.9,-74.0,2.9351578079604656e-05
1652,-28.9,-73.0,3.7224687546812094e-05
1653,-28.9,-72.0,4.6958776588942194e-05
1654,-28.9,-71.0,5.892350791375123e-05
1655,-28.9,-70.0,7.354387714659326e-05
1656,-28.9,-69.0,9.13041582156989e-05
1657,-28.9,-68.0,0.00011275107714673627
1658,-28.9,-67.0,0.0001384959104888547
1659,-28.9,-66.0,0.00016921517500909512
1660,-28.9,-65.0,0.00020564955432804182
1661,-28.9,-64.0,0.000248600698982132
1662,-28.9,-63.0,0.00029892554218816965
1663,-28.9,-62.0,0.0003575277974042557
1664,-28.9,-61.0,0.0004253463482997554
1665,-28.9,-60.0,0.0005033403090026692
1666,-28.9,-59.0,0.0005924706236258909
1667,-28.9,-58.0,0.0006936781890706119
1668,-28.9,-57.0,0.0008078586225701809
1669,-28.9,-56.0,0.0009358339524176322
1670,-28.9,-55.0,0.0010783216822008643
1671,-28.9,-54.0,0.001235901859370094
1672,-28.9,-53.0,0.0014089829602412242
1673,-28.9,-52.0,0.0015977675764256845
1674,-28.9,-51.0,0.0018022190420329167
1675,-28.9,-50.0,0.002022030266191023
1676,-28.9,-49.0,0.002256596120952278
1677,-28.9,-48.0,0.0025049907742859
1678,-28.9,-47.0,0.002765962826750084
1679,-28.9,-46.0,0.003044073991943838
1680,-28.9,-45.0,0.003873039072805937
1681,-28.9,-44.0,0.011822214617867527
1682,-28.9,-43.0,0.024703432361601416
1683,-28.9,-42.0,0.021979593968822195
1684,-28.9,-41.0,0.02857191347565367
1685,-28.9,-40.0,0.015186583826600512
1686,-28.9,-39.0,0.01802279935550598
1687,-28.9,-38.0,0.03559936772506655
1688,-28.9,-37.0,0.017903534325897672
1689,-28.9,-36.0,0.007859313158786721
1690,-28.9,-35.0,0.024346798078998762
1691,-28.9,-34.0,0.051241601494874014
1692,-28.9,-33.0,0.026508778616877223
1693,-28.9,-32.0,0.034890981107208084
1694,-28.9,-31.0,0.07337887869682264
1695,-28.9,-30.0,0.03609379739515461
1696,-28.9,-29.0,0.042450504565091536
1697,-28.9,-28.0,0.07820929339521561
1698,-28.9,-27.0,0.03520828108648376
1699,-28.9,-26.0,0.008710371429944054
1700,-28.9,-25.0,0.02182479274043848
1701,-28.9,-24.0,0.04539066291676248
1702,-28.9,-23.0,0.022328507880784713
1703,-28.9,-22.0,0.018109470025436752
1704,-28.9,-21.0,0.03422089960980496
1705,-28.9,-20.0,0.016607703901611526
1706,-28.9,-19.0,0.005802813881650152
1707,-28.9,-18.0,0.012644967988819214
1708,-28.9,-17.0,0.02469403167432207
1709,-28.9,-16.0,0.012590613562209321
1710,-28.9,-15.0,0.01071893917249029
1711,-28.9,-14.0,0.01967572508291376
1712,-28.9,-13.0,0.009648146360337888
1713,-28.9,-12.0,0.003481076815619076
1714,-28.9,-11.0,0.007529761016439488
1715,-28.9,-10.0,0.014691065385004285
1716,-28.9,-9.0,0.00736058014742831
1717,-28.9,-8.0,0.006318510365220193
1718,-28.9,-7.0,0.011872698044049081
1719,-28.9,-6.0,0.005604621600708122
1720,-28.9,-5.0,0.0017582358149584793
1721,-28.9,-4.0,0.004382989968411034
1722,-28.9,-3.0,0.009012713359488889
1723,-28.9,-2.0,0.004114134964688365
1724,-28.9,-1.0,0.0009437574143811732
1725,-28.9,0.0,0.0005919654618036043
1726,-28.9,1.0,0.000692439267072234
1727,-28.9,2.0,0.002801282218618952
1728,-28.9,3.0,0.006144795347616464
1729,-28.9,4.0,0.002668491269760652
1730,-28.9,5.0,0.0005560264335339308
1731,-28.9,6.0,0.0021218487958247468
1732,-28.9,7.0,0.004840420167785744
1733,-28.9,8.0,0.002157042375620586
1734,-28.9,9.0,0.0018789178459932057
1735,-28.9,10.0,0.004095044406041261
1736,-28.9,11.0,0.0017088032844228334
1737,-28.9,12.0,0.00026657710865085117
1738,-28.9,13.0,0.0013896827924695897
1739,-28.9,14.0,0.0033215339310656046
1740,-28.9,15.0,0.0014466946427074293
1741,-28.9,16.0,0.001274170097996702
1742,-28.9,17.0,0.002863978227111645
1743,-28.9,18.0,0.00117432506483108
1744,-28.9,19.0,0.00015583957570050624
1745,-28.9,20.0,0.0009730191885779671
1746,-28.9,21.0,0.002370726867435369
1747,-28.9,22.0,0.0009680473909153277
1748,-28.9,23.0,6.936641409163788e-05
1749,-28.9,24.0,4.052208275019305e-06
1750,-28.9,25.0,2.502869359474352e-06
1751,-28.9,26.0,1.8720842686562982e-06
1752,-28.9,27.0,1.39358526973833e-06
1753,-28.9,28.0,1.0318781549553362e-06
1754,-28.9,29.0,7.599933507561713e-07
1755,-28.9,30.0,5.567722435711823e-07
1756,-28.9,31.0,4.0572493335594406e-07
1757,-28.9,32.0,2.9408447590092127e-07
1758,-28.9,33.0,2.1203069622398718e-07
1759,-28.9,34.0,1.520588087650573e-07
1760,-28.9,35.0,1.0847024172820252e-07
1761,-28.9,36.0,7.696544643032317e-08
1762,-28.9,37.0,5.432092092602109e-08
1763,-28.9,38.0,3.8135073816487474e-08
1764,-28.9,39.0,2.6629817291747186e-08
1765,-28.9,40.0,1.8496855527701384e-08
1766,-28.9,41.0,1.2779496410053136e-08
1767,-28.9,42.0,8.78245010706381e-09
1768,-28.9,43.0,6.0034894953485506e-09
1769,-28.9,44.0,4.082046335929282e-09
1770,-28.9,45.0,2.760820781719054e-09
1771,-28.9,46.0,1.8573109106632386e-09
1772,-28.9,47.0,1.242845411712539e-09
1773,-28.9,48.0,8.272479985407776e-10
1774,-28.9,49.0,5.476971044878706e-10
1775,-28.9,50.0,3.6068765037839615e-10
1776,-28.9,51.0,2.362697970640575e-10
1777,-28.9,52.0,1.5394700758329267e-10
1778,-28.9,53.0,9.97746935134036e-11
1779,-28.9,54.0,6.432142551879727e-11
1780,-28.9,55.0,4.1245543133564704e-11
1781,-28.9,56.0,2.630779811672701e-11
1782,-28.9,57.0,1.669083568040086e-11
1783,-28.9,58.0,1.0533137904600609e-11
1784,-28.9,59.0,6.611858738394576e-12
1785,-28.9,60.0,4.128340118636258e-12
1786,-28.9,61.0,2.5639731987015876e-12
1787,-28.9,62.0,1.5839358913475018e-12
1788,-28.9,63.0,9.733024712044138e-13
1789,-28.9,64.0,5.949002613854972e-13
1790,-28.9,65.0,3.6168175464861997e-13
1791,-28.9,66.0,2.187233503374842e-13
1792,-28.9,67.0,1.3156785851560896e-13
1793,-28.9,68.0,7.872099406851672e-14
1794,-28.9,69.0,4.6850846363818077e-14
1795,-28.9,70.0,2.7735143651061045e-14
1796,-28.9,71.0,1.633162900783898e-14
1797,-28.9,72.0,9.565654698046864e-15
1798,-28.9,73.0,5.572960962019806e-15
1799,-28.9,74.0,3.229560388283369e-15
1800,-28.8,-75.0,2.2635863583687968e-05
1801,-28.8,-74.0,2.8876327245189804e-05
1802,-28.8,-73.0,3.664147512188168e-05
1803,-28.8,-72.0,4.624769063046907e-05
1804,-28.8,-71.0,5.806216968274273e-05
1805,-28.8,-70.0,7.250744094866422e-05
1806,-28.8,-69.0,9.006540411708054e-05
1807,-28.8,-68.0,0.00011128061930669026
1808,-28.8,-67.0,0.00013676254483402245
1809,-28.8,-66.0,0.00016718639002961667
1810,-28.8,-65.0,0.0002032922276572293
1811,-28.8,-64.0,0.0002458819998995041
1812,-28.8,-63.0,0.0002958140560566543
1813,-28.8,-62.0,0.00035399488216200544
1814,-28.8,-61.0,0.0004213677253911197
1815,-28.8,-60.0,0.0004988978815588822
1816,-28.8,-59.0,0.000587554503412597
1817,-28.8,-58.0,0.0006882889009522962
1818,-28.8,-57.0,0.0008020094413840744
1819,-28.8,-56.0,0.0009295533127251762
1820,-28.8,-55.0,0.0010716555870502577
1821,-28.8,-54.0,0.0012289162007322243
1822,-28.8,-53.0,0.0014017656520347907
1823,-28.8,-52.0,0.0015904303919355115
1824,-28.8,-51.0,0.001794899041957288
1825,-28.8,-50.0,0.002014890702379613
1826,-28.8,-49.0,0.0022498267048449393
1827,-28.8,-48.0,0.0024988072086789687
1828,-28.8,-47.0,0.0027606055179055853
1829,-28.8,-46.0,0.0030398073769024444
1830,-28.8,-45.0,0.0038702778767716337
1831,-28.8,-44.0,0.01182299114289775
1832,-28.8,-43.0,0.024708962743782693
1833,-28.8,-42.0,0.02198249561712029
1834,-28.8,-41.0,0.02857241396905796
1835,-28.8,-40.0,0.015192009755298951
1836,-28.8,-39.0,0.018019917834761184
1837,-28.8,-38.0,0.03557901239700368
1838,-28.8,-37.0,0.01790788475971521
1839,-28.8,-36.0,0.007876800120881548
1840,-28.8,-35.0,0.02431013704912904
1841,-28.8,-34.0,0.05111658024827412
1842,-28.8,-33.0,0.026465553632311466
1843,-28.8,-32.0,0.03470595208910293
1844,-28.8,-31.0,0.07288277015339943
1845,-28.8,-30.0,0.03599249730877351
1846,-28.8,-29.0,0.04354521806059735
1847,-28.8,-28.0,0.07902580052168484
1848,-28.8,-27.0,0.035509043718659934
1849,-28.8,-26.0,0.008682552215099445
1850,-28.8,-25.0,0.021785410661895144
1851,-28.8,-24.0,0.045368108254597576
1852,-28.8,-23.0,0.022295700991356006
1853,-28.8,-22.0,0.018056192402055207
1854,-28.8,-21.0,0.03414587901744736
1855,-28.8,-20.0,0.016561680420470144
1856,-28.8,-19.0,0.005775015168736521
1857,-28.8,-18.0,0.012599255496362437
1858,-28.8,-17.0,0.02461633254617368
1859,-28.8,-16.0,0.012549764201330652
1860,-28.8,-15.0,0.010681282927601414
1861,-28.8,-14.0,0.019607468678369027
1862,-28.8,-13.0,0.009617003408646517
1863,-28.8,-12.0,0.003472826803883398
1864,-28.8,-11.0,0.007504872424855955
1865,-28.8,-10.0,0.014636463853915788
1866,-28.8,-9.0,0.00733716556414214
1867,-28.8,-8.0,0.006298171760550754
1868,-28.8,-7.0,0.011826590773945846
1869,-28.8,-6.0,0.005587160300516622
1870,-28.8,-5.0,0.0017580824141534364
1871,-28.8,-4.0,0.004369124474423608
1872,-28.8,-3.0,0.008975149060753192
1873,-28.8,-2.0,0.004100558045860008
1874,-28.8,-1.0,0.0009454910108275781
1875,-28.8,0.0,0.0005855412250291932
1876,-28.8,1.0,0.0006943016190024101
1877,-28.8,2.0,0.002791151054725734
1878,-28.8,3.0,0.006115981966022416
1879,-28.8,4.0,0.002657929571930097
1880,-28.8,5.0,0.0005563831462577879
1881,-28.8,6.0,0.0021128044074573684
1882,-28.8,7.0,0.004815481142114875
1883,-28.8,8.0,0.0021469605512882723
1884,-28.8,9.0,0.0018698314700155165
1885,-28.8,10.0,0.004072636886919377
1886,-28.8,11.0,0.0017001222981175136
1887,-28.8,12.0,0.00026611582826054515
1888,-28.8,13.0,0.001382194236156469
1889,-28.8,14.0,0.003302156665103136
1890,-28.8,15.0,0.0014385365825911212
1891,-28.8,16.0,0.001266801247820249
1892,-28.8,17.0,0.0028466435552296936
1893,-28.8,18.0,0.0011673789656625178
1894,-28.8,19.0,0.0001551294990783035
1895,-28.8,20.0,0.0009670500155651397
1896,-28.8,21.0,0.0023558314242524926
1897,-28.8,22.0,0.0009620273609228287
1898,-28.8,23.0,6.902765056004209e-05
1899,-28.8,24.0,4.105427985542148e-06
1900,-28.8,25.0,2.5477354488860744e-06
1901,-28.8,26.0,1.9066827813776469e-06
1902,-28.8,27.0,1.4200967399527313e-06
1903,-28.8,28.0,1.0520688095904382e-06
1904,-28.8,29.0,7.752769532189928e-07
1905,-28.8,30.0,5.682716890796326e-07
1906,-28.8,31.0,4.14325354331758e-07
1907,-28.8,32.0,3.0047841969695214e-07
1908,-28.8,33.0,2.1675608792857542e-07
1909,-28.8,34.0,1.5553048611745177e-07
1910,-28.8,35.0,1.1100586784556048e-07
1911,-28.8,36.0,7.880658458589302e-08
1912,-28.8,37.0,5.565000697876077e-08
1913,-28.8,38.0,3.908895652840642e-08
1914,-28.8,39.0,2.7310462820256647e-08
1915,-28.8,40.0,1.8979735931835762e-08
1916,-28.8,41.0,1.312010739313288e-08
1917,-28.8,42.0,9.021333320948336e-09
1918,-28.8,43.0,6.170071291345283e-09
1919,-28.8,44.0,4.197548724714374e-09
1920,-28.8,45.0,2.840451775639299e-09
1921,-28.8,46.0,1.911900135732346e-09
1922,-28.8,47.0,1.2800563741016257e-09
1923,-28.8,48.0,8.524699865737582e-10
1924,-28.8,49.0,5.646966437318626e-10
1925,-28.8,50.0,3.7208093985369007e-10
1926,-28.8,51.0,2.438629079688011e-10
1927,-28.8,52.0,1.5897915370360474e-10
1928,-28.8,53.0,1.030909925249573e-10
1929,-28.8,54.0,6.649475169206238e-11
1930,-28.8,55.0,4.266189317167866e-11
1931,-28.8,56.0,2.7225695735362546e-11
1932,-28.8,57.0,1.728239619601975e-11
1933,-28.8,58.0,1.091226828673514e-11
1934,-28.8,59.0,6.853496894320255e-12
1935,-28.8,60.0,4.281495710160625e-12
1936,-28.8,61.0,2.6605101102662824e-12
1937,-28.8,62.0,1.6444490473267623e-12
1938,-28.8,63.0,1.011025331307516e-12
1939,-28.8,64.0,6.182864942612973e-13
1940,-28.8,65.0,3.761002225499972e-13
1941,-28.8,66.0,2.2756398397087877e-13
1942,-28.8,67.0,1.3695868384590175e-13
1943,-28.8,68.0,8.19901586602481e-14
1944,-28.8,69.0,4.882249698935394e-14
1945,-28.8,70.0,2.8917740442751213e-14
1946,-28.8,71.0,1.7037066980072033e-14
1947,-28.8,72.0,9.984157280022178e-15
1948,-28.8,73.0,5.819880995685772e-15
1949,-28.8,74.0,3.3744492608722068e-15
1950,-28.7,-75.0,2.22504060870703e-05
1951,-28.7,-74.0,2.8399730430293917e-05
1952,-28.7,-73.0,3.605592165630763e-05
1953,-28.7,-72.0,4.553287704813821e-05
1954,-28.7,-71.0,5.719521426073754e-05
1955,-28.7,-70.0,7.146286072694226e-05
1956,-28.7,-69.0,8.881518221187048e-05
1957,-28.7,-68.0,0.00010979438548598829
1958,-28.7,-67.0,0.00013500789347614472
1959,-28.7,-66.0,0.00016512935983354
1960,-28.7,-65.0,0.00020089796657012313
1961,-28.7,-64.0,0.0002431156364342498
1962,-28.7,-63.0,0.00029264179427798584
1963,-28.7,-62.0,0.0003503853319580361
1964,-28.7,-61.0,0.00041729347211917134
1965,-28.7,-60.0,0.0004943372897519783
1966,-28.7,-59.0,0.0005824937380569553
1967,-28.7,-58.0,0.0006827241371244126
1968,-28.7,-57.0,0.0007959492191346268
1969,-28.7,-56.0,0.0009230209795238512
1970,-28.7,-55.0,0.001064691755505717
1971,-28.7,-54.0,0.001221581135440826
1972,-28.7,-53.0,0.0013941414871504682
1973,-28.7,-52.0,0.0015826230713074504
1974,-28.7,-51.0,0.0017870398673746613
1975,-28.7,-50.0,0.002007137373466547
1976,-28.7,-49.0,0.002242363737224019
1977,-28.7,-48.0,0.002491845625750303
1978,-28.7,-47.0,0.002754381726316343
1979,-28.7,-46.0,0.0030345811579035073
1980,-28.7,-45.0,0.0038663295588371688
1981,-28.7,-44.0,0.011820615729626133
1982,-28.7,-43.0,0.024708177090950006
1983,-28.7,-42.0,0.021979771170564603
1984,-28.7,-41.0,0.028565733161087438
1985,-28.7,-40.0,0.015193450757194993
1986,-28.7,-39.0,0.018012525988366588
1987,-28.7,-38.0,0.035550196615458544
1988,-28.7,-37.0,0.017907745830434477
1989,-28.7,-36.0,0.007892126673510035
1990,-28.7,-35.0,0.024268615349983817
1991,-28.7,-34.0,0.050982232188846774
1992,-28.7,-33.0,0.026417587550558008
1993,-28.7,-32.0,0.034521169900582634
1994,-28.7,-31.0,0.07239051753937657
1995,-28.7,-30.0,0.03589614253786177
1996,-28.7,-29.0,0.04470417202315222
1997,-28.7,-28.0,0.07991558365073381
1998,-28.7,-27.0,0.03583874086747899
1999,-28.7,-26.0,0.008655033842266612
2000,-28.7,-25.0,0.0217410030765758
2001,-28.7,-24.0,0.04533538569496751
2002,-28.7,-23.0,0.02225761903135283
2003,-28.7,-22.0,0.017998027049000203
2004,-28.7,-21.0,0.03406171349777634
2005,-28.7,-20.0,0.016511059677680243
2006,-28.7,-19.0,0.005745399403171173
2007,-28.7,-18.0,0.012549829267133746
2008,-28.7,-17.0,0.024531614668770078
2009,-28.7,-16.0,0.01250520609496998
2010,-28.7,-15.0,0.01064041745739221
2011,-28.7,-14.0,0.01953353388859645
2012,-28.7,-13.0,0.009582961360982589
2013,-28.7,-12.0,0.0034633933828857886
2014,-28.7,-11.0,0.0074776963408420384
2015,-28.7,-10.0,0.014577612403947811
2016,-28.7,-9.0,0.007311543085340712
2017,-28.7,-8.0,0.006275934021492287
2018,-28.7,-7.0,0.011777073023484925
2019,-28.7,-6.0,0.005568031006132596
2020,-28.7,-5.0,0.0017573364991844346
2021,-28.7,-4.0,0.004353964519002528
2022,-28.7,-3.0,0.008935038279241457
2023,-28.7,-2.0,0.004085787721209645
2024,-28.7,-1.0,0.000946910217126445
2025,-28.7,0.0,0.0005790067355203538
2026,-28.7,1.0,0.0006959391812558008
2027,-28.7,2.0,0.0027802325919568964
2028,-28.7,3.0,0.006085483708037447
2029,-28.7,4.0,0.0026466290031148905
2030,-28.7,5.0,0.0005565772479791879
2031,-28.7,6.0,0.0021031809934368363
2032,-28.7,7.0,0.004789235987133767
2033,-28.7,8.0,0.0021362958402002794
2034,-28.7,9.0,0.001860240779934893
2035,-28.7,10.0,0.0040491343418369045
2036,-28.7,11.0,0.0016909849613590793
2037,-28.7,12.0,0.00026558445698653414
2038,-28.7,13.0,0.0013743379938933565
2039,-28.7,14.0,0.0032818989574525245
2040,-28.7,15.0,0.0014299961255400525
2041,-28.7,16.0,0.001259097142384999
2042,-28.7,17.0,0.0028285534234685685
2043,-28.7,18.0,0.0011601239250685813
2044,-28.7,19.0,0.00015437967176681801
2045,-28.7,20.0,0.0009608263183015055
2046,-28.7,21.0,0.0023403139925960896
2047,-28.7,22.0,0.0009557538125305585
2048,-28.7,23.0,6.867140706462401e-05
2049,-28.7,24.0,4.158210215537008e-06
2050,-28.7,25.0,2.592462746788454e-06
2051,-28.7,26.0,1.9412139059655334e-06
2052,-28.7,27.0,1.4465858427115913e-06
2053,-28.7,28.0,1.0722641050617157e-06
2054,-28.7,29.0,7.905800477343238e-07
2055,-28.7,30.0,5.797975261408569e-07
2056,-28.7,31.0,4.2295407793574973e-07
2057,-28.7,32.0,3.0689963100071353e-07
2058,-28.7,33.0,2.2150613609664176e-07
2059,-28.7,34.0,1.590235217653445e-07
2060,-28.7,35.0,1.135594177384448e-07
2061,-28.7,36.0,8.066239466963095e-08
2062,-28.7,37.0,5.699086044372327e-08
2063,-28.7,38.0,4.005211502507848e-08
2064,-28.7,39.0,2.7998310465724294e-08
2065,-28.7,40.0,1.9468133631485206e-08
2066,-28.7,41.0,1.3464893760687389e-08
2067,-28.7,42.0,9.263341165591627e-09
2068,-28.7,43.0,6.338967142325722e-09
2069,-28.7,44.0,4.314748173506268e-09
2070,-28.7,45.0,2.921315862263311e-09
2071,-28.7,46.0,1.967377451860803e-09
2072,-28.7,47.0,1.3179015576141488e-09
2073,-28.7,48.0,8.781412158171722e-10
2074,-28.7,49.0,5.820118935139691e-10
2075,-28.7,50.0,3.8369440449209004e-10
2076,-28.7,51.0,2.51608425375501e-10
2077,-28.7,52.0,1.641160295436035e-10
2078,-28.7,53.0,1.0647874675686511e-10
2079,-28.7,54.0,6.871648999706256e-11
2080,-28.7,55.0,4.411081808858547e-11
2081,-28.7,56.0,2.8165363750217328e-11
2082,-28.7,57.0,1.7888409330386546e-11
2083,-28.7,58.0,1.1300930164618767e-11
2084,-28.7,59.0,7.1013802144860694e-12
2085,-28.7,60.0,4.438716912437174e-12
2086,-28.7,61.0,2.7596768956399347e-12
2087,-28.7,62.0,1.7066526318256144e-12
2088,-28.7,63.0,1.049827970560127e-12
2089,-28.7,64.0,6.423581692710759e-13
2090,-28.7,65.0,3.9095112878126195e-13
2091,-28.7,66.0,2.366757699357646e-13
2092,-28.7,67.0,1.4251849689917203e-13
2093,-28.7,68.0,8.536400362084164e-14
2094,-28.7,69.0,5.085860283887171e-14
2095,-28.7,70.0,3.0139787259214574e-14
2096,-28.7,71.0,1.7766506834053384e-14
2097,-28.7,72.0,1.0417176427940226e-14
2098,-28.7,73.0,6.075529015538926e-15
2099,-28.7,74.0,3.5245549557509324e-15
2100,-28.6,-75.0,2.1864037707192447e-05
2101,-28.6,-74.0,2.792145418048016e-05
2102,-28.6,-73.0,3.54676003348317e-05
2103,-28.6,-72.0,4.4813791208364226e-05
2104,-28.6,-71.0,5.6321948914567004e-05
2105,-28.6,-70.0,7.040925835457918e-05
2106,-28.6,-69.0,8.755238330292207e-05
2107,-28.6,-68.0,0.00010829097979840048
2108,-28.6,-67.0,0.00013323020652497144
2109,-28.6,-66.0,0.00016304189956946712
2110,-28.6,-65.0,0.0001984640545276464
2111,-28.6,-64.0,0.0002402982455766785
2112,-28.6,-63.0,0.00028940461211951013
2113,-28.6,-62.0,0.00034669406212390995
2114,-28.6,-61.0,0.00041311738020086386
2115,-28.6,-60.0,0.0004896509900996407
2116,-28.6,-59.0,0.0005772792071097649
2117,-28.6,-58.0,0.0006769729262194476
2118,-28.6,-57.0,0.0007896648258044712
2119,-28.6,-56.0,0.0009162213215837119
2120,-28.6,-55.0,0.001057411677374019
2121,-28.6,-54.0,0.001213874861890524
2122,-28.6,-53.0,0.0013860849269094213
2123,-28.6,-52.0,0.0015743158625359814
2124,-28.6,-51.0,0.0017786070499831625
2125,-28.6,-50.0,0.0019987305703905696
2126,-28.6,-49.0,0.002234161728939399
2127,-28.6,-48.0,0.002484054210106992
2128,-28.6,-47.0,0.002747232766511341
2129,-28.6,-46.0,0.003028329102497157
2130,-28.6,-45.0,0.0038611069831268304
2131,-28.6,-44.0,0.011814811160331583
2132,-28.6,-43.0,0.024700490984052033
2133,-28.6,-42.0,0.02197090108113466
2134,-28.6,-41.0,0.028551196488992563
2135,-28.6,-40.0,0.01519054362646229
2136,-28.6,-39.0,0.018000195554393524
2137,-28.6,-38.0,0.035512083854917366
2138,-28.6,-37.0,0.01790268497384568
2139,-28.6,-36.0,0.007905087108249742
2140,-28.6,-35.0,0.024221634290749326
2141,-28.6,-34.0,0.050837320352409156
2142,-28.6,-33.0,0.02636419136957238
2143,-28.6,-32.0,0.0343353105241962
2144,-28.6,-31.0,0.07189921896029257
2145,-28.6,-30.0,0.035804263790821876
2146,-28.6,-29.0,0.04593947495405218
2147,-28.6,-28.0,0.0808945089632521
2148,-28.6,-27.0,0.03620366023168261
2149,-28.6,-26.0,0.008627903554618203
2150,-28.6,-25.0,0.021690301078571058
2151,-28.6,-24.0,0.04528978955469119
2152,-28.6,-23.0,0.022212948193111728
2153,-28.6,-22.0,0.017933910994992423
2154,-28.6,-21.0,0.033966360047345885
2155,-28.6,-20.0,0.016454861413799714
2156,-28.6,-19.0,0.005713637402272799
2157,-28.6,-18.0,0.01249595002953423
2158,-28.6,-17.0,0.024438418079827263
2159,-28.6,-16.0,0.012456197209232104
2160,-28.6,-15.0,0.010595713460041126
2161,-28.6,-14.0,0.01945276195860784
2162,-28.6,-13.0,0.009545450144586867
2163,-28.6,-12.0,0.0034525683046542546
2164,-28.6,-11.0,0.0074477878465244295
2165,-28.6,-10.0,0.014513648164570306
2166,-28.6,-9.0,0.007283276214934279
2167,-28.6,-8.0,0.006251422456611096
2168,-28.6,-7.0,0.011723448823339817
2169,-28.6,-6.0,0.005546900399166148
2170,-28.6,-5.0,0.0017558875557530543
2171,-28.6,-4.0,0.0043372493749074485
2172,-28.6,-3.0,0.008891854912385602
2173,-28.6,-2.0,0.00406957974836178
2174,-28.6,-1.0,0.000947953451481487
2175,-28.6,0.0,0.000572331143013996
2176,-28.6,1.0,0.0006973060403598391
2177,-28.6,2.0,0.002768361337028166
2178,-28.6,3.0,0.006052945126250174
2179,-28.6,4.0,0.0026344329483315543
2180,-28.6,5.0,0.000556573146594379
2181,-28.6,6.0,0.0020928547090420667
2182,-28.6,7.0,0.00476140715124131
2183,-28.6,8.0,0.002124923369839685
2184,-28.6,9.0,0.0018500373284331636
2185,-28.6,10.0,0.004024303397491265
2186,-28.6,11.0,0.0016812931308247232
2187,-28.6,12.0,0.00026496667025379913
2188,-28.6,13.0,0.0013660347184964888
2189,-28.6,14.0,0.003260572829377714
2190,-28.6,15.0,0.0014209910844212113
2191,-28.6,16.0,0.0012509855906326585
2192,-28.6,17.0,0.0028095464215966027
2193,-28.6,18.0,0.0011524935846768227
2194,-28.6,19.0,0.0001535810584951512
2195,-28.6,20.0,0.0009542933392620409
2196,-28.6,21.0,0.0023240415359406033
2197,-28.6,22.0,0.0009491723579036247
2198,-28.6,23.0,6.829369050608717e-05
2199,-28.6,24.0,4.2102470155156e-06
2200,-28.6,25.0,2.6368495712305597e-06
2201,-28.6,26.0,1.975526385731703e-06
2202,-28.6,27.0,1.4729397434840082e-06
2203,-28.6,28.0,1.0923803497258326e-06
2204,-28.6,29.0,8.058409137092629e-07
2205,-28.6,30.0,5.913044982305514e-07
2206,-28.6,31.0,4.315781105148647e-07
2207,-28.6,32.0,3.133241946978617e-07
2208,-28.6,33.0,2.2626360610197135e-07
2209,-28.6,34.0,1.625255672477085e-07
2210,-28.6,35.0,1.161220951225687e-07
2211,-28.6,36.0,8.252664716013389e-08
2212,-28.6,37.0,5.83390952840144e-08
2213,-28.6,38.0,4.1021479261057246e-08
2214,-28.6,39.0,2.8691223916783818e-08
2215,-28.6,40.0,1.9960570800596124e-08
2216,-28.6,41.0,1.3812839235102257e-08
2217,-28.6,42.0,9.50777890095842e-09
2218,-28.6,43.0,6.5097049382724975e-09
2219,-28.6,44.0,4.433325775122275e-09
2220,-28.6,45.0,3.0031989132947183e-09
2221,-28.6,46.0,2.023599949877286e-09
2222,-28.6,47.0,1.356286162093856e-09
2223,-28.6,48.0,9.041991824624284e-10
2224,-28.6,49.0,5.996018960211837e-10
2225,-28.6,50.0,3.9550137061366853e-10
2226,-28.6,51.0,2.5948908587416376e-10
2227,-28.6,52.0,1.6934653191693135e-10
2228,-28.6,53.0,1.0993086003707109e-10
2229,-28.6,54.0,7.098213400939061e-11
2230,-28.6,55.0,4.558947443743875e-11
2231,-28.6,56.0,2.912501964232374e-11
2232,-28.6,57.0,1.8507764970639924e-11
2233,-28.6,58.0,1.1698436772759995e-11
2234,-28.6,59.0,7.355086692937164e-12
2235,-28.6,60.0,4.59974618036653e-12
2236,-28.6,61.0,2.861317469145158e-12
2237,-28.6,62.0,1.770452717493933e-12
2238,-28.6,63.0,1.0896542741909163e-12
2239,-28.6,64.0,6.670820092278793e-13
2240,-28.6,65.0,4.0621488858834283e-13
2241,-28.6,66.0,2.460472716265066e-13
2242,-28.6,67.0,1.482406728562767e-13
2243,-28.6,68.0,8.883872337163909e-14
2244,-28.6,69.0,5.29569967754563e-14
2245,-28.6,70.0,3.1400061198444813e-14
2246,-28.6,71.0,1.85192650970556e-14
2247,-28.6,72.0,1.086433403629484e-14
2248,-28.6,73.0,6.339698129325705e-15
2249,-28.6,74.0,3.679765603694292e-15
2250,-28.5,-75.0,2.147626366863324e-05
2251,-28.5,-74.0,2.7440864031772953e-05
2252,-28.5,-73.0,3.487570087080526e-05
2253,-28.5,-72.0,4.408940254297145e-05
2254,-28.5,-71.0,5.5441068395571135e-05
2255,-28.5,-70.0,6.934498771939635e-05
2256,-28.5,-69.0,8.627494036533597e-05
2257,-28.5,-68.0,0.00010676781806753467
2258,-28.5,-67.0,0.00013142626766467913
2259,-28.5,-66.0,0.00016092002426488654
2260,-28.5,-65.0,0.00019598557688168305
2261,-28.5,-64.0,0.00023742379436129048
2262,-28.5,-63.0,0.0002860951388239824
2263,-28.5,-62.0,0.00034291211058451123
2264,-28.5,-61.0,0.0004088286055356206
2265,-28.5,-60.0,0.00048482592566584213
2266,-28.5,-59.0,0.0005718952673142047
2267,-28.5,-58.0,0.0006710166204315348
2268,-28.5,-57.0,0.0007831341446782651
2269,-28.5,-56.0,0.0009091282422602719
2270,-28.5,-55.0,0.0010497847189270269
2271,-28.5,-54.0,0.0012057616077433672
2272,-28.5,-53.0,0.0013775544176447988
2273,-28.5,-52.0,0.0015654607514642405
2274,-28.5,-51.0,0.0017695454059817083
2275,-28.5,-50.0,0.0019896072087904107
2276,-28.5,-49.0,0.0022251489524379602
2277,-28.5,-48.0,0.0024753518484876614
2278,-28.5,-47.0,0.00273906741022293
2279,-28.5,-46.0,0.0030209489450677596
2280,-28.5,-45.0,0.003854476722986983
2281,-28.5,-44.0,0.011805156672741955
2282,-28.5,-43.0,0.02468501896653844
2283,-28.5,-42.0,0.021955098294370794
2284,-28.5,-41.0,0.028527781899427274
2285,-28.5,-40.0,0.01518274006069813
2286,-28.5,-39.0,0.01798227968294223
2287,-28.5,-38.0,0.03546340713863821
2288,-28.5,-37.0,0.017892051467921225
2289,-28.5,-36.0,0.007915378204601314
2290,-28.5,-35.0,0.02416830475833828
2291,-28.5,-34.0,0.050680002685619494
2292,-28.5,-33.0,0.026304363685412602
2293,-28.5,-32.0,0.03414670400631096
2294,-28.5,-31.0,0.07140528207156172
2295,-28.5,-30.0,0.03571638808078034
2296,-28.5,-29.0,0.04726803157021331
2297,-28.5,-28.0,0.08198511743490694
2298,-28.5,-27.0,0.03661273189920786
2299,-28.5,-26.0,0.008601280572416324
2300,-28.5,-25.0,0.021631489497303594
2301,-28.5,-24.0,0.045227451387146206
2302,-28.5,-23.0,0.022159810571971982
2303,-28.5,-22.0,0.017862333151099488
2304,-28.5,-21.0,0.03385691937454999
2305,-28.5,-20.0,0.016391693591473716
2306,-28.5,-19.0,0.005679260758388582
2307,-28.5,-18.0,0.012436569186033392
2308,-28.5,-17.0,0.024334674023569237
2309,-28.5,-16.0,0.012401685899589896
2310,-28.5,-15.0,0.010546279202056716
2311,-28.5,-14.0,0.01936351152205083
2312,-28.5,-13.0,0.00950366252834905
2313,-28.5,-12.0,0.003440057077459428
2314,-28.5,-11.0,0.007414517214512158
2315,-28.5,-10.0,0.014443349238426568
2316,-28.5,-9.0,0.007251747397435879
2317,-28.5,-8.0,0.0062241070448783254
2318,-28.5,-7.0,0.01166473269153425
2319,-28.5,-6.0,0.005523297128849769
2320,-28.5,-5.0,0.0017535800710428387
2321,-28.5,-4.0,0.004318610416177551
2322,-28.5,-3.0,0.008844853877192936
2323,-28.5,-2.0,0.004051588742454713
2324,-28.5,-1.0,0.0009485343214213994
2325,-28.5,0.0,0.0005654704730033962
2326,-28.5,1.0,0.0006983378516037972
2327,-28.5,2.0,0.0027553031725998565
2328,-28.5,3.0,0.006017862467815365
2329,-28.5,4.0,0.002621119713759337
2330,-28.5,5.0,0.0005563208034261056
2331,-28.5,6.0,0.00208165016818716
2332,-28.5,7.0,0.0047316009973339635
2333,-28.5,8.0,0.0021126661710376506
2334,-28.5,9.0,0.0018390673876499588
2335,-28.5,10.0,0.0039978129093345294
2336,-28.5,11.0,0.0016709076243751606
2337,-28.5,12.0,0.00026423941990480146
2338,-28.5,13.0,0.0013571718312069786
2339,-28.5,14.0,0.0032379114057858437
2340,-28.5,15.0,0.0014114048053058199
2341,-28.5,16.0,0.001242364106251922
2342,-28.5,17.0,0.002789393324573243
2343,-28.5,18.0,0.0011443937198780596
2344,-28.5,19.0,0.00015272084703194167
2345,-28.5,20.0,0.0009473733038221873
2346,-28.5,21.0,0.0023068250679713137
2347,-28.5,22.0,0.0009422057395636684
2348,-28.5,23.0,6.788883414320423e-05
2349,-28.5,24.0,4.261105047904537e-06
2350,-28.5,25.0,2.680612167412237e-06
2351,-28.5,26.0,2.009407113069966e-06
2352,-28.5,27.0,1.4989992270974715e-06
2353,-28.5,28.0,1.1122992578357965e-06
2354,-28.5,29.0,8.209721655589364e-07
2355,-28.5,30.0,6.02728410001058e-07
2356,-28.5,31.0,4.4015055771264264e-07
2357,-28.5,32.0,3.1971804741337126e-07
2358,-28.5,33.0,2.310038941810397e-07
2359,-28.5,34.0,1.6601895166034342e-07
2360,-28.5,35.0,1.1868128010067025e-07
2361,-28.5,36.0,8.439038038629585e-08
2362,-28.5,37.0,5.968838367437202e-08
2363,-28.5,38.0,4.199260652355429e-08
2364,-28.5,39.0,2.9386101714156055e-08
2365,-28.5,40.0,2.045489463952043e-08
2366,-28.5,41.0,1.4162458030561157e-08
2367,-28.5,42.0,9.753626952448385e-09
2368,-28.5,43.0,6.681589035423538e-09
2369,-28.5,44.0,4.552809624677362e-09
2370,-28.5,45.0,3.085782643829369e-09
2371,-28.5,46.0,2.080354194815586e-09
2372,-28.5,47.0,1.3950678902364084e-09
2373,-28.5,48.0,9.305495667733394e-10
2374,-28.5,49.0,6.174044962510143e-10
2375,-28.5,50.0,4.074611180511864e-10
2376,-28.5,51.0,2.674783681640907e-10
2377,-28.5,52.0,1.7465348873220336e-10
2378,-28.5,53.0,1.1343627923309751e-10
2379,-28.5,54.0,7.328461125392321e-11
2380,-28.5,55.0,4.709336368750366e-11
2381,-28.5,56.0,3.010181913577772e-11
2382,-28.5,57.0,1.9138675550265093e-11
2383,-28.5,58.0,1.2103671430752913e-11
2384,-28.5,59.0,7.613922971785008e-12
2385,-28.5,60.0,4.764155623669051e-12
2386,-28.5,61.0,2.96516938657527e-12
2387,-28.5,62.0,1.8356893290302766e-12
2388,-28.5,63.0,1.1304073340260126e-12
2389,-28.5,64.0,6.9239967798447e-13
2390,-28.5,65.0,4.218566071297107e-13
2391,-28.5,66.0,2.5565774922891596e-13
2392,-28.5,67.0,1.5411296442684038e-13
2393,-28.5,68.0,9.240713277484489e-14
2394,-28.5,69.0,5.511349129603948e-14
2395,-28.5,70.0,3.269613810061475e-14
2396,-28.5,71.0,1.9293947938232593e-14
2397,-28.5,72.0,1.132483421511491e-14
2398,-28.5,73.0,6.61193706805349e-15
2399,-28.5,74.0,3.8398271684501964e-15
2400,-28.4,-75.0,2.1086203838817686e-05
2401,-28.4,-74.0,2.6956831525492248e-05
2402,-28.4,-73.0,3.4278783082226504e-05
2403,-28.4,-72.0,4.335788156391923e-05
2404,-28.4,-71.0,5.455025953029224e-05
2405,-28.4,-70.0,6.826713784339482e-05
2406,-28.4,-69.0,8.497920747846446e-05
2407,-28.4,-68.0,0.00010522035566454331
2408,-28.4,-67.0,0.00012959043924847948
2409,-28.4,-66.0,0.00015875677421396336
2410,-28.4,-65.0,0.00019345398369499726
2411,-28.4,-64.0,0.00023448183078351388
2412,-28.4,-63.0,0.00028270066026029765
2413,-28.4,-62.0,0.0003390240883442713
2414,-28.4,-61.0,0.0004044086146542971
2415,-28.4,-60.0,0.0004798398882837594
2416,-28.4,-59.0,0.0005663154418821037
2417,-28.4,-58.0,0.0006648238145347363
2418,-28.4,-57.0,0.0007763201153297999
2419,-28.4,-56.0,0.0009016982325625394
2420,-28.4,-55.0,0.0010417600646415535
2421,-28.4,-54.0,0.0011971823322746472
2422,-28.4,-53.0,0.0013684817200855547
2423,-28.4,-52.0,0.0015559792805931168
2424,-28.4,-51.0,0.0017597652044108313
2425,-28.4,-50.0,0.001979665206767759
2426,-28.4,-49.0,0.0022152098909715696
2427,-28.4,-48.0,0.0024656085171744983
2428,-28.4,-47.0,0.002729740086221888
2429,-28.4,-46.0,0.003012278233617092
2430,-28.4,-45.0,0.0038462280426757043
2431,-28.4,-44.0,0.011790992090571781
2432,-28.4,-43.0,0.0246603736752685
2433,-28.4,-42.0,0.021931129740931782
2434,-28.4,-41.0,0.02849388806389965
2435,-28.4,-40.0,0.015169183034089128
2436,-28.4,-39.0,0.017957767056212378
2437,-28.4,-38.0,0.03540218213378353
2438,-28.4,-37.0,0.017874830794577676
2439,-28.4,-36.0,0.007922533823233251
2440,-28.4,-35.0,0.024107252783703143
2441,-28.4,-34.0,0.05050742717217728
2442,-28.4,-33.0,0.026236578535691932
2443,-28.4,-32.0,0.03395305802492373
2444,-28.4,-31.0,0.07090385208516868
2445,-28.4,-30.0,0.03563200407482936
2446,-28.4,-29.0,0.04871493778718405
2447,-28.4,-28.0,0.08322144264121077
2448,-28.4,-27.0,0.037079434998425094
2449,-28.4,-26.0,0.00857533823746487
2450,-28.4,-25.0,0.021561812669322205
2451,-28.4,-24.0,0.04514250234166995
2452,-28.4,-23.0,0.02209535728816024
2453,-28.4,-22.0,0.017781011052514735
2454,-28.4,-21.0,0.03372901925574185
2455,-28.4,-20.0,0.016319455470391254
2456,-28.4,-19.0,0.005641560964719353
2457,-28.4,-18.0,0.012370105405683939
2458,-28.4,-17.0,0.02421726580787812
2459,-28.4,-16.0,0.012340087448658103
2460,-28.4,-15.0,0.010490770986522142
2461,-28.4,-14.0,0.019263310235954137
2462,-28.4,-13.0,0.009456382932402394
2463,-28.4,-12.0,0.0034254167171720524
2464,-28.4,-11.0,0.007376936471244591
2465,-28.4,-10.0,0.014364875420734488
2466,-28.4,-9.0,0.00721602734234416
2467,-28.4,-8.0,0.006193190319980295
2468,-28.4,-7.0,0.01159944050550536
2469,-28.4,-6.0,0.005496512214971269
2470,-28.4,-5.0,0.0017501812018186462
2471,-28.4,-4.0,0.0042974932651494175
2472,-28.4,-3.0,0.008792912873798997
2473,-28.4,-2.0,0.004031295195078957
2474,-28.4,-1.0,0.0009485238633754696
2475,-28.4,0.0,0.0005583580382220016
2476,-28.4,1.0,0.0006989386698682993
2477,-28.4,2.0,0.0027407058287839286
2478,-28.4,3.0,0.005979476433041411
2479,-28.4,4.0,0.0026063555329262746
2480,-28.4,5.0,0.0005557453867687773
2481,-28.4,6.0,0.0020693032083673128
2482,-28.4,7.0,0.004699223794762305
2483,-28.4,8.0,0.002099257514062485
2484,-28.4,9.0,0.001827099204563086
2485,-28.4,10.0,0.003969163166723115
2486,-28.4,11.0,0.0016596185303453144
2487,-28.4,12.0,0.0002633681031350014
2488,-28.4,13.0,0.0013475794662084007
2489,-28.4,14.0,0.0032135117489864562
2490,-28.4,15.0,0.0014010612048218408
2491,-28.4,16.0,0.0012330779606325659
2492,-28.4,17.0,0.0027677479352811577
2493,-28.4,18.0,0.0011356820467687317
2494,-28.4,19.0,0.00015177971982240546
2495,-28.4,20.0,0.0009399487342475708
2496,-28.4,21.0,0.0022883790782255915
2497,-28.4,22.0,0.0009347372480675458
2498,-28.4,23.0,6.744828788321763e-05
2499,-28.4,24.0,4.310137916770669e-06
2500,-28.4,25.0,2.7233277120138075e-06
2501,-28.4,26.0,2.0425382143631656e-06
2502,-28.4,27.0,1.5245265431851157e-06
2503,-28.4,28.0,1.1318439853306619e-06
2504,-28.4,29.0,8.358429874402186e-07
2505,-28.4,30.0,6.13973027378031e-07
2506,-28.4,31.0,4.4860101604708414e-07
2507,-28.4,32.0,3.260299674224902e-07
2508,-28.4,33.0,2.3568994019160196e-07
2509,-28.4,34.0,1.6947700943835544e-07
2510,-28.4,35.0,1.2121789245726497e-07
2511,-28.4,36.0,8.624001739079409e-08
2512,-28.4,37.0,6.102911820803132e-08
2513,-28.4,38.0,4.295873610346892e-08
2514,-28.4,39.0,3.007821279848e-08
2515,-28.4,40.0,2.0947812826435825e-08
2516,-28.4,41.0,1.4511471791612157e-08
2517,-28.4,42.0,9.999317437636289e-09
2518,-28.4,43.0,6.8535464930800435e-09
2519,-28.4,44.0,4.672469583305885e-09
2520,-28.4,45.0,3.1685729708425444e-09
2521,-28.4,46.0,2.1373077138134357e-09
2522,-28.4,47.0,1.434024272153921e-09
2523,-28.4,48.0,9.570443414340919e-10
2524,-28.4,49.0,6.353217531489164e-10
2525,-28.4,50.0,4.1950920962724127e-10
2526,-28.4,51.0,2.7553411682367e-10
2527,-28.4,52.0,1.8000947719150475e-10
2528,-28.4,53.0,1.169772662285444e-10
2529,-28.4,54.0,7.56125130227327e-11
2530,-28.4,55.0,4.861518968052999e-11
2531,-28.4,56.0,3.1091122676782996e-11
2532,-28.4,57.0,1.977820762739328e-11
2533,-28.4,58.0,1.2514790002767816e-11
2534,-28.4,59.0,7.87673634907672e-12
2535,-28.4,60.0,4.931228861279942e-12
2536,-28.4,61.0,3.0707899902363176e-12
2537,-28.4,62.0,1.902090520654833e-12
2538,-28.4,63.0,1.1719210460397954e-12
2539,-28.4,64.0,7.18210307350356e-13
2540,-28.4,65.0,4.3781538728147786e-13
2541,-28.4,66.0,2.6547065171917136e-13
2542,-28.4,67.0,1.601135617094858e-13
2543,-28.4,68.0,9.605629434663133e-14
2544,-28.4,69.0,5.732045722152266e-14
2545,-28.4,70.0,3.402354570765832e-14
2546,-28.4,71.0,2.008794929199161e-14
2547,-28.4,72.0,1.1797167437777542e-14
2548,-28.4,73.0,6.891376711812576e-15
2549,-28.4,74.0,4.004242270867684e-15
2550,-28.3,-75.0,2.069225813130647e-05
2551,-28.3,-74.0,2.6467304913692113e-05
2552,-28.3,-73.0,3.3674229026094005e-05
2553,-28.3,-72.0,4.261590439438823e-05
2554,-28.3,-71.0,5.3645323075214434e-05
2555,-28.3,-70.0,6.717042997292888e-05
2556,-28.3,-69.0,8.365858198626025e-05
2557,-28.3,-68.0,0.00010364037535578673
2558,-28.3,-67.0,0.00012771254602796133
2559,-28.3,-66.0,0.00015653961311029498
2560,-28.3,-65.0,0.00019085390785822807
2561,-28.3,-64.0,0.00023145361328725663
2562,-28.3,-63.0,0.0002791984357746536
2563,-28.3,-62.0,0.0003350025432050232
2564,-28.3,-61.0,0.0003998244373758829
2565,-28.3,-60.0,0.0004746534840668792
2566,-28.3,-59.0,0.0005604929041722022
2567,-28.3,-58.0,0.0006583391343385938
2568,-28.3,-57.0,0.0007691575950766064
2569,-28.3,-56.0,0.0008938550562342029
2570,-28.3,-55.0,0.0010332489602753593
2571,-28.3,-54.0,0.001188034247481058
2572,-28.3,-53.0,0.001358748416766199
2573,-28.3,-52.0,0.0015457357425174608
2574,-28.3,-51.0,0.0017491117416866344
2575,-28.3,-50.0,0.001968729135480754
2576,-28.3,-49.0,0.0022041466652611766
2577,-28.3,-48.0,0.0024546021954967197
2578,-28.3,-47.0,0.0027190030081483806
2579,-28.3,-46.0,0.0030020413127778774
2580,-28.3,-45.0,0.003836004851648438
2581,-28.3,-44.0,0.011771207682194638
2582,-28.3,-43.0,0.024624225622337605
2583,-28.3,-42.0,0.02189692509185891
2584,-28.3,-41.0,0.028446826329608925
2585,-28.3,-40.0,0.01514843587507389
2586,-28.3,-39.0,0.01792496208450879
2587,-28.3,-38.0,0.03532507802067697
2588,-28.3,-37.0,0.017849325464189228
2589,-28.3,-36.0,0.007925781767990855
2590,-28.3,-35.0,0.024036193041459406
2591,-28.3,-34.0,0.050314843170945575
2592,-28.3,-33.0,0.026158320761920612
2593,-28.3,-32.0,0.03375086119616435
2594,-28.3,-31.0,0.07038758003985285
2595,-28.3,-30.0,0.03555049305256831
2596,-28.3,-29.0,0.05032088684372554
2597,-28.3,-28.0,0.08465959240129478
2598,-28.3,-27.0,0.03762598493844204
2599,-28.3,-26.0,0.008550352025573206
2600,-28.3,-25.0,0.021476709315332358
2601,-28.3,-24.0,0.04502523628941199
2602,-28.3,-23.0,0.022014875736221448
2603,-28.3,-22.0,0.017686180935697477
2604,-28.3,-21.0,0.033575460882136685
2605,-28.3,-20.0,0.016234685549056525
2606,-28.3,-19.0,0.005599367579122751
2607,-28.3,-18.0,0.01229395371581519
2608,-28.3,-17.0,0.0240810641630726
2609,-28.3,-16.0,0.012268793133488476
2610,-28.3,-15.0,0.01042697668318993
2611,-28.3,-14.0,0.019148089376034023
2612,-28.3,-13.0,0.00940161131570758
2613,-28.3,-12.0,0.003407919007085684
2614,-28.3,-11.0,0.007333486208720453
2615,-28.3,-10.0,0.014275198438689206
2616,-28.3,-9.0,0.007174587929816426
2617,-28.3,-8.0,0.006157361045008937
2618,-28.3,-7.0,0.011525129912614004
2619,-28.3,-6.0,0.005465380243786635
2620,-28.3,-5.0,0.0017453098375883283
2621,-28.3,-4.0,0.004272986755612384
2622,-28.3,-3.0,0.00873418459350622
2623,-28.3,-2.0,0.004007845135105455
2624,-28.3,-1.0,0.0009477116146198155
2625,-28.3,0.0,0.0005508832937760953
2626,-28.3,1.0,0.0006989520986844667
2627,-28.3,2.0,0.002723990057667877
2628,-28.3,3.0,0.005936536412403547
2629,-28.3,4.0,0.002589591294367027
2630,-28.3,5.0,0.0005547245874904703
2631,-28.3,6.0,0.0020553790524767577
2632,-28.3,7.0,0.0046632969907218075
2633,-28.3,8.0,0.0020842581104164523
2634,-28.3,9.0,0.0018137510114544547
2635,-28.3,10.0,0.0039375301935697824
2636,-28.3,11.0,0.0016470799236962595
2637,-28.3,12.0,0.0002622959600124261
2638,-28.3,13.0,0.001336977569124131
2639,-28.3,14.0,0.00318670910854916
2640,-28.3,15.0,0.0013896698657823688
2641,-28.3,16.0,0.0012228719075832622
2642,-28.3,17.0,0.0027440389391030842
2643,-28.3,18.0,0.0011261238015613248
2644,-28.3,19.0,0.0001507258573082213
2645,-28.3,20.0,0.0009318257395596401
2646,-28.3,21.0,0.0022682322577599508
2647,-28.3,22.0,0.0009265742380728105
2648,-28.3,23.0,6.69579590376231e-05
2649,-28.3,24.0,4.356295262020246e-06
2650,-28.3,25.0,2.7643104556895812e-06
2651,-28.3,26.0,2.074403820640956e-06
2652,-28.3,27.0,1.5491355750710765e-06
2653,-28.3,28.0,1.150727102302715e-06
2654,-28.3,29.0,8.50240576082526e-07
2655,-28.3,30.0,6.248816549111921e-07
2656,-28.3,31.0,4.5681473225628616e-07
2657,-28.3,32.0,3.321763745864335e-07
2658,-28.3,33.0,2.40261200376135e-07
2659,-28.3,34.0,1.728561228849866e-07
2660,-28.3,35.0,1.2370067989133005e-07
2661,-28.3,36.0,8.805328787648104e-08
2662,-28.3,37.0,6.234551573845863e-08
2663,-28.3,38.0,4.390874342301939e-08
2664,-28.3,39.0,3.0759758964747665e-08
2665,-28.3,40.0,2.1433888782437757e-08
2666,-28.3,41.0,1.4856111090440973e-08
2667,-28.3,42.0,1.0242251139262297e-08
2668,-28.3,43.0,7.0237948263720206e-09
2669,-28.3,44.0,4.791089958011099e-09
2670,-28.3,45.0,3.2507453093654856e-09
2671,-28.3,46.0,2.193904271041905e-09
2672,-28.3,47.0,1.472782149527655e-09
2673,-28.3,48.0,9.83434542500861e-10
2674,-28.3,49.0,6.531884753132124e-10
2675,-28.3,50.0,4.3153664081579857e-10
2676,-28.3,51.0,2.835847989021566e-10
2677,-28.3,52.0,1.853678130192544e-10
2678,-28.3,53.0,1.2052352146573714e-10
2679,-28.3,54.0,7.794628235418007e-11
2680,-28.3,55.0,5.014239893748943e-11
2681,-28.3,56.0,3.2084916759282657e-11
2682,-28.3,57.0,2.0421274048430108e-11
2683,-28.3,58.0,1.2928580907397829e-11
2684,-28.3,59.0,8.141510536003758e-12
2685,-28.3,60.0,5.099707042862125e-12
2686,-28.3,61.0,3.177397686933252e-12
2687,-28.3,62.0,1.969173711157297e-12
2688,-28.3,63.0,1.2138991041386849e-12
2689,-28.3,64.0,7.443329764178799e-13
2690,-28.3,65.0,4.5398137595055345e-13
2691,-28.3,66.0,2.7541964933819023e-13
2692,-28.3,67.0,1.6620263800926727e-13
2693,-28.3,68.0,9.976242836233221e-14
2694,-28.3,69.0,5.956377558459481e-14
2695,-28.3,70.0,3.537394798893478e-14
2696,-28.3,71.0,2.089637506243659e-14
2697,-28.3,72.0,1.2278476516228791e-14
2698,-28.3,73.0,7.176358411378334e-15
2699,-28.3,74.0,4.172053461945639e-15
2700,-28.2,-75.0,2.029120953601264e-05
2701,-28.2,-74.0,2.5968158783646092e-05
2702,-28.2,-73.0,3.305677546670633e-05
2703,-28.2,-72.0,4.1856790589881586e-05
2704,-28.2,-71.0,5.271782331901947e-05
2705,-28.2,-70.0,6.604426672705255e-05
2706,-28.2,-69.0,8.229981948063887e-05
2707,-28.2,-68.0,0.00010201140991619212
2708,-28.2,-67.0,0.00012577221951228388
2709,-28.2,-66.0,0.00015424347728956053
2710,-28.2,-65.0,0.00018815466803284196
2711,-28.2,-64.0,0.00022830177860661926
2712,-28.2,-63.0,0.0002755432013654758
2713,-28.2,-62.0,0.00033079292507633357
2714,-28.2,-61.0,0.0003950106749750336
2715,-28.2,-60.0,0.0004691887172048979
2716,-28.2,-59.0,0.0005543351208121825
2717,-28.2,-58.0,0.0006514533735621336
2718,-28.2,-57.0,0.0007615183756639639
2719,-28.2,-56.0,0.0008854489861173538
2720,-28.2,-55.0,0.0010240774662062583
2721,-28.2,-54.0,0.001178116348303283
2722,-28.2,-53.0,0.0013481234485178582
2723,-28.2,-52.0,0.0015344659301553308
2724,-28.2,-51.0,0.0017372845014894884
2725,-28.2,-50.0,0.0019564589851490326
2726,-28.2,-49.0,0.002191576616305809
2727,-28.2,-48.0,0.002441904505492984
2728,-28.2,-47.0,0.0027063791562175338
2729,-28.2,-46.0,0.0029897087041485574
2730,-28.2,-45.0,0.003823125316446229
2731,-28.2,-44.0,0.011743687502069522
2732,-28.2,-43.0,0.024572137266726555
2733,-28.2,-42.0,0.021848540468576903
2734,-28.2,-41.0,0.02838147498167329
2735,-28.2,-40.0,0.015117764746186054
2736,-28.2,-39.0,0.01788063769240263
2737,-28.2,-38.0,0.03522575049495878
2738,-28.2,-37.0,0.017812309684977917
2739,-28.2,-36.0,0.00792366511654168
2740,-28.2,-35.0,0.02395079840521198
2741,-28.2,-34.0,0.05009324481722296
2742,-28.2,-33.0,0.02606485532139874
2743,-28.2,-32.0,0.03353381108575767
2744,-28.2,-31.0,0.06984337986008482
2745,-28.2,-30.0,0.035470952920402234
2746,-28.2,-29.0,0.05216175888533809
2747,-28.2,-28.0,0.08640593493109222
2748,-28.2,-27.0,0.03829448564358722
2749,-28.2,-26.0,0.00852682571894379
2750,-28.2,-25.0,0.021367510285736253
2751,-28.2,-24.0,0.04485722519682993
2752,-28.2,-23.0,0.021909414170538485
2753,-28.2,-22.0,0.017570706881553596
2754,-28.2,-21.0,0.03338261502601347
2755,-28.2,-20.0,0.01613082491196035
2756,-28.2,-19.0,0.005550456553447258
2757,-28.2,-18.0,0.012203177240108214
2758,-28.2,-17.0,0.02391635734266492
2759,-28.2,-16.0,0.012182862162228835
2760,-28.2,-15.0,0.010350705851995337
2761,-28.2,-14.0,0.019010144267735334
2762,-28.2,-13.0,0.009335561002141191
2763,-28.2,-12.0,0.0033861862169168393
2764,-28.2,-11.0,0.007281214308565625
2765,-28.2,-10.0,0.014168583480547035
2766,-28.2,-9.0,0.007124537246948334
2767,-28.2,-8.0,0.006114137859145501
2768,-28.2,-7.0,0.011437175373192155
2769,-28.2,-6.0,0.005427696392754952
2770,-28.2,-5.0,0.0017382478573448024
2771,-28.2,-4.0,0.004243367220927415
2772,-28.2,-3.0,0.008665169616589507
2773,-28.2,-2.0,0.00397962290309515
2774,-28.2,-1.0,0.0009457021420817052
2775,-28.2,0.0,0.0005428352773966033
2776,-28.2,1.0,0.0006980846414217672
2777,-28.2,2.0,0.0027040596333481725
2778,-28.2,3.0,0.005886671866073311
2779,-28.2,4.0,0.002569787294812141
2780,-28.2,5.0,0.0005530283038497304
2781,-28.2,6.0,0.0020390541576434723
2782,-28.2,7.0,0.004621964546236329
2783,-28.2,8.0,0.002066835354532079
2784,-28.2,9.0,0.0017982990703342273
2785,-28.2,10.0,0.003901350433318824
2786,-28.2,11.0,0.001632635767676744
2787,-28.2,12.0,0.00026091585341920116
2788,-28.2,13.0,0.001324834796720779
2789,-28.2,14.0,0.0031562414266952193
2790,-28.2,15.0,0.001376679573276867
2791,-28.2,16.0,0.0012112613933678137
2792,-28.2,17.0,0.0027171813425499987
2793,-28.2,18.0,0.001115273224932338
2794,-28.2,19.0,0.0001494989525086636
2795,-28.2,20.0,0.000922636059756192
2796,-28.2,21.0,0.0022454892602419016
2797,-28.2,22.0,0.0009173507709372664
2798,-28.2,23.0,6.639112238255776e-05
2799,-28.2,24.0,4.3976186643268946e-06
2800,-28.2,25.0,2.8022853563759506e-06
2801,-28.2,26.0,2.1040444846841656e-06
2802,-28.2,27.0,1.572107949659802e-06
2803,-28.2,28.0,1.1684136290763982e-06
2804,-28.2,29.0,8.63768669937416e-07
2805,-28.2,30.0,6.351623595380374e-07
2806,-28.2,31.0,4.6457779163497166e-07
2807,-28.2,32.0,3.3800136631486937e-07
2808,-28.2,33.0,2.446046637396378e-07
2809,-28.2,34.0,1.760748136736984e-07
2810,-28.2,35.0,1.260712149567092e-07
2811,-28.2,36.0,8.978851983009073e-08
2812,-28.2,37.0,6.36080149188892e-08
2813,-28.2,38.0,4.4821771307198117e-08
2814,-28.2,39.0,3.141610369824862e-08
2815,-28.2,40.0,2.1902906759707722e-08
2816,-28.2,41.0,1.518928419469531e-08
2817,-28.2,42.0,1.0477531581987392e-08
2818,-28.2,43.0,7.188971527937611e-09
2819,-28.2,44.0,4.90637412042495e-09
2820,-28.2,45.0,3.3307395128981804e-09
2821,-28.2,46.0,2.2490897549480716e-09
2822,-28.2,47.0,1.5106331629676486e-09
2823,-28.2,48.0,1.0092467288543769e-09
2824,-28.2,49.0,6.706899438107029e-10
2825,-28.2,50.0,4.4333533481032226e-10
2826,-28.2,51.0,2.914935886907481e-10
2827,-28.2,52.0,1.9063901038339975e-10
2828,-28.2,53.0,1.2401683694201612e-10
2829,-28.2,54.0,8.02482616822029e-11
2830,-28.2,55.0,5.1650760967810354e-11
2831,-28.2,56.0,3.306769495254015e-11
2832,-28.2,57.0,2.1058005193909e-11
2833,-28.2,58.0,1.333879634435792e-11
2834,-28.2,59.0,8.404311922952857e-12
2835,-28.2,60.0,5.267127012128269e-12
2836,-28.2,61.0,3.2834584657008438e-12
2837,-28.2,62.0,2.0359887336015028e-12
2838,-28.2,63.0,1.2557561720056968e-12
2839,-28.2,64.0,7.704090571269824e-13
2840,-28.2,65.0,4.701360409486913e-13
2841,-28.2,66.0,2.853723024425085e-13
2842,-28.2,67.0,1.7230036608899132e-13
2843,-28.2,68.0,1.0347768131795064e-13
2844,-28.2,69.0,6.181491617614079e-14
2845,-28.2,70.0,3.6730427929945873e-14
2846,-28.2,71.0,2.1709248960948008e-14
2847,-28.2,72.0,1.2762910320606616e-14
2848,-28.2,73.0,7.463469178303437e-15
2849,-28.2,74.0,4.341280796731072e-15
2850,-28.1,-75.0,1.9874825678054817e-05
2851,-28.1,-74.0,2.544883698414615e-05
2852,-28.1,-73.0,3.2412957439407034e-05
2853,-28.1,-72.0,4.1063454843697045e-05
2854,-28.1,-71.0,5.17461948832117e-05
2855,-28.1,-70.0,6.486157070728502e-05
2856,-28.1,-69.0,8.086910015342612e-05
2857,-28.1,-68.0,0.00010029144007528781
2858,-28.1,-67.0,0.00012371752736540622
2859,-28.1,-66.0,0.00015180452011619066
2860,-28.1,-65.0,0.00018527818277867326
2861,-28.1,-64.0,0.00022493133932118169
2862,-28.1,-63.0,0.0002716200116047648
2863,-28.1,-62.0,0.00032625686983443053
2864,-28.1,-61.0,0.000389801651166854
2865,-28.1,-60.0,0.00046324825405645316
2866,-28.1,-59.0,0.0005476082916806831
2867,-28.1,-58.0,0.0006438909887801288
2868,-28.1,-57.0,0.0007530794321919867
2869,-28.1,-56.0,0.0008761033344627536
2870,-28.1,-55.0,0.001013808638744746
2871,-28.1,-54.0,0.001166924476500817
2872,-28.1,-53.0,0.0013360281804094007
2873,-28.1,-52.0,0.0015215092447202455
2874,-28.1,-51.0,0.00172353330426853
2875,-28.1,-50.0,0.0019420073605921574
2876,-28.1,-49.0,0.002176547607899186
2877,-28.1,-48.0,0.002426451295543588
2878,-28.1,-47.0,0.0026906854883885635
2879,-28.1,-46.0,0.0029739694379331983
2880,-28.1,-45.0,0.003805905301854976
2881,-28.1,-44.0,0.011703223185939885
2882,-28.1,-43.0,0.02449319417951352
2883,-28.1,-42.0,0.021776275131228737
2884,-28.1,-41.0,0.028285236112689776
2885,-28.1,-40.0,0.015070450112976754
2886,-28.1,-39.0,0.017816860028236025
2887,-28.1,-38.0,0.035088592890335654
2888,-28.1,-37.0,0.017755861911512225
2889,-28.1,-36.0,0.00791262483546919
2890,-28.1,-35.0,0.02384046093708911
2891,-28.1,-34.0,0.049820529844812174
2892,-28.1,-33.0,0.025944613591599462
2893,-28.1,-32.0,0.03328692701585217
2894,-28.1,-31.0,0.06924028033967987
2895,-28.1,-30.0,0.03539154440995858
2896,-28.1,-29.0,0.05442204635212757
2897,-28.1,-28.0,0.08872356614799522
2898,-28.1,-27.0,0.039189049721166484
2899,-28.1,-26.0,0.008505961018673321
2900,-28.1,-25.0,0.021212751203671436
2901,-28.1,-24.0,0.04459290227724727
2902,-28.1,-23.0,0.02175681976351189
2903,-28.1,-22.0,0.017416939010038213
2904,-28.1,-21.0,0.03311681657580252
2905,-28.1,-20.0,0.01599165818818243
2906,-28.1,-19.0,0.00548931222804273
2907,-28.1,-18.0,0.012085562909995816
2908,-28.1,-17.0,0.023699142139409633
2909,-28.1,-16.0,0.012070079207088887
2910,-28.1,-15.0,0.010251595267094384
2911,-28.1,-14.0,0.01883042706679582
2912,-28.1,-13.0,0.009248871854202378
2913,-28.1,-12.0,0.0033568149533754394
2914,-28.1,-11.0,0.007212823579445781
2915,-28.1,-10.0,0.014030850195982452
2916,-28.1,-9.0,0.007058729157342089
2917,-28.1,-8.0,0.00605738916079059
2918,-28.1,-7.0,0.011324138065064382
2919,-28.1,-6.0,0.005378013762553465
2920,-28.1,-5.0,0.0017272280630759645
2921,-28.1,-4.0,0.004204376641255017
2922,-28.1,-3.0,0.008577211645596656
2923,-28.1,-2.0,0.0039426368570870465
2924,-28.1,-1.0,0.0009415251056319395
2925,-28.1,0.0,0.0005336879961595479
2926,-28.1,1.0,0.0006956169953204495
2927,-28.1,2.0,0.002678205430683916
2928,-28.1,3.0,0.005824015294775844
2929,-28.1,4.0,0.002544372885759019
2930,-28.1,5.0,0.000550091253380052
2931,-28.1,6.0,0.0020182915360560582
2932,-28.1,7.0,0.004570629523801389
2933,-28.1,8.0,0.002044928592910124
2934,-28.1,9.0,0.001778951787088524
2935,-28.1,10.0,0.0038567496061933876
2936,-28.1,11.0,0.0016146614618596322
2937,-28.1,12.0,0.0002589637583191194
2938,-28.1,13.0,0.0013098347717465108
2939,-28.1,14.0,0.0031189798866582607
2940,-28.1,15.0,0.0013607241935403378
2941,-28.1,16.0,0.0011970452614445638
2942,-28.1,17.0,0.0026844844657218174
2943,-28.1,18.0,0.0011020251034755924
2944,-28.1,19.0,0.00014794977847196308
2945,-28.1,20.0,0.0009114663567330522
2946,-28.1,21.0,0.0022179290058608413
2947,-28.1,22.0,0.0009061591493280163
2948,-28.1,23.0,6.568161201529703e-05
2949,-28.1,24.0,4.429355059473246e-06
2950,-28.1,25.0,2.8341693849011903e-06
2951,-28.1,26.0,2.1291404471028755e-06
2952,-28.1,27.0,1.591706819784779e-06
2953,-28.1,28.0,1.1836100988141268e-06
2954,-28.1,29.0,8.754691410257107e-07
2955,-28.1,30.0,6.441092043602304e-07
2956,-28.1,31.0,4.713728470914514e-07
2957,-28.1,32.0,3.4312782955242937e-07
2958,-28.1,33.0,2.484469077984868e-07
2959,-28.1,34.0,1.7893589871359424e-07
2960,-28.1,35.0,1.2818805590803708e-07
2961,-28.1,36.0,9.134479778227024e-08
2962,-28.1,37.0,6.47449997922352e-08
2963,-28.1,38.0,4.564726831992919e-08
2964,-28.1,39.0,3.2011755154956856e-08
2965,-28.1,40.0,2.233008142676076e-08
2966,-28.1,41.0,1.549377512499156e-08
2967,-28.1,42.0,1.0693264454326505e-08
2968,-28.1,43.0,7.340902926068521e-09
2969,-28.1,44.0,5.012735244847721e-09
2970,-28.1,45.0,3.404757337592138e-09
2971,-28.1,46.0,2.3002957215736495e-09
2972,-28.1,47.0,1.5458497784213798e-09
2973,-28.1,48.0,1.0333251817616513e-09
2974,-28.1,49.0,6.870571230423215e-10
2975,-28.1,50.0,4.5439630163165e-10
2976,-28.1,51.0,2.9892541255305413e-10
2977,-28.1,52.0,1.9560366794919994e-10
2978,-28.1,53.0,1.2731432128999722e-10
2979,-28.1,54.0,8.242588741901368e-11
2980,-28.1,55.0,5.3080635231489225e-11
2981,-28.1,56.0,3.400123556593023e-11
2982,-28.1,57.0,2.16640372711791e-11
2983,-28.1,58.0,1.3729989236731344e-11
2984,-28.1,59.0,8.655399278277078e-12
2985,-28.1,60.0,5.427378683199336e-12
2986,-28.1,61.0,3.3851603837703843e-12
2987,-28.1,62.0,2.1001701543223035e-12
2988,-28.1,63.0,1.296032292022109e-12
2989,-28.1,64.0,7.955422884242803e-13
2990,-28.1,65.0,4.857321227542804e-13
2991,-28.1,66.0,2.949962451955991e-13
2992,-28.1,67.0,1.782059738325448e-13
2993,-28.1,68.0,1.0708142355355766e-13
2994,-28.1,69.0,6.400179012688681e-14
2995,-28.1,70.0,3.8050136062168664e-14
2996,-28.1,71.0,2.2501238053539447e-14
2997,-28.1,72.0,1.3235572219365515e-14
2998,-28.1,73.0,7.743996309846873e-15
2999,-28.1,74.0,4.506855772842012e-15
3000,-28.0,-75.0,1.7261772082057406e-05
3001,-28.0,-74.0,2.2114716635102692e-05
3002,-28.0,-73.0,2.8181459899798e-05
3003,-28.0,-72.0,3.572166581860982e-05
3004,-28.0,-71.0,4.5038718684376894e-05
3005,-28.0,-70.0,5.648413178411969e-05
3006,-28.0,-69.0,7.046168037463115e-05
3007,-28.0,-68.0,8.743103951758683e-05
3008,-28.0,-67.0,0.00010791067159867139
3009,-28.0,-66.0,0.00013247967572461343
3010,-28.0,-65.0,0.00016177828413929234
3011,-28.0,-64.0,0.0001965066721180064
3012,-28.0,-63.0,0.0002374217404566909
3013,-28.0,-62.0,0.00028533153666565435
3014,-28.0,-61.0,0.0003410870051396757
3015,-28.0,-60.0,0.0004055708003635284
3016,-28.0,-59.0,0.0004796829624611673
3017,-28.0,-58.0,0.000564323342078947
3018,-28.0,-57.0,0.0006603707715749441
3019,-28.0,-56.0,0.0007686591103201834
3020,-28.0,-55.0,0.0008899504406821867
3021,-28.0,-54.0,0.0010249058534742325
3022,-28.0,-53.0,0.001174054431274773
3023,-28.0,-52.0,0.0013377612075639353
3024,-28.0,-51.0,0.0015161950403839517
3025,-28.0,-50.0,0.0017092974816358515
3026,-28.0,-49.0,0.0019167538371998572
3027,-28.0,-48.0,0.0021379676920995874
3028,-28.0,-47.0,0.0023720502800060163
3029,-28.0,-46.0,0.0026231966782505937
3030,-28.0,-45.0,0.003359609503472223
3031,-28.0,-44.0,0.010342256494657205
3032,-28.0,-43.0,0.02165017002685345
3033,-28.0,-42.0,0.019246769980296043
3034,-28.0,-41.0,0.02499767204105421
3035,-28.0,-40.0,0.013322168142823387
3036,-28.0,-39.0,0.01574322988938566
3037,-28.0,-38.0,0.03099497604958203
3038,-28.0,-37.0,0.015695582677409597
3039,-28.0,-36.0,0.007006748115894097
3040,-28.0,-35.0,0.021044576522993456
3041,-28.0,-34.0,0.04394143041508886
3042,-28.0,-33.0,0.022902123445948865
3043,-28.0,-32.0,0.029305204909718444
3044,-28.0,-31.0,0.06088249059762317
3045,-28.0,-30.0,0.03145363525850747
3046,-28.0,-29.0,0.05224454063625926
3047,-28.0,-28.0,0.10892172918484773
3048,-28.0,-27.0,0.045190043345948686
3049,-28.0,-26.0,0.009321584036960208
3050,-28.0,-25.0,0.022850233590941828
3051,-28.0,-24.0,0.04809833036368378
3052,-28.0,-23.0,0.02344142836019705
3053,-28.0,-22.0,0.018730731710064834
3054,-28.0,-21.0,0.03564342559591728
3055,-28.0,-20.0,0.017199958669841614
3056,-28.0,-19.0,0.005889509428688558
3057,-28.0,-18.0,0.012985118445527162
3058,-28.0,-17.0,0.025477739475069427
3059,-28.0,-16.0,0.012973484455873837
3060,-28.0,-15.0,0.011015271576163412
3061,-28.0,-14.0,0.020235878660729727
3062,-28.0,-13.0,0.009940761196199556
3063,-28.0,-12.0,0.003610033426464287
3064,-28.0,-11.0,0.0077515263822351375
3065,-28.0,-10.0,0.01507395107894855
3066,-28.0,-9.0,0.007587151990388029
3067,-28.0,-8.0,0.006510548737155967
3068,-28.0,-7.0,0.012164022474196878
3069,-28.0,-6.0,0.0057811160511954274
3070,-28.0,-5.0,0.0018619098784331744
3071,-28.0,-4.0,0.004519357884760564
3072,-28.0,-3.0,0.009210894101735452
3073,-28.0,-2.0,0.004237577986649177
3074,-28.0,-1.0,0.001016906288638583
3075,-28.0,0.0,0.0005692328958844435
3076,-28.0,1.0,0.0007519791869705436
3077,-28.0,2.0,0.0028777999488873236
3078,-28.0,3.0,0.006251200669879191
3079,-28.0,4.0,0.002733091766595673
3080,-28.0,5.0,0.0005936242019065353
3081,-28.0,6.0,0.0021673527425586704
3082,-28.0,7.0,0.0049035837000067075
3083,-28.0,8.0,0.002195030601154911
3084,-28.0,9.0,0.001909223326581349
3085,-28.0,10.0,0.004136334345787476
3086,-28.0,11.0,0.001732461109575196
3087,-28.0,12.0,0.0002788556014479205
3088,-28.0,13.0,0.0014049497761262073
3089,-28.0,14.0,0.003343811549935639
3090,-28.0,15.0,0.0014591356387420441
3091,-28.0,16.0,0.0012834275899792373
3092,-28.0,17.0,0.002877328045525413
3093,-28.0,18.0,0.0011813785535048143
3094,-28.0,19.0,0.00015885053398681593
3095,-28.0,20.0,0.0009768720112133982
3096,-28.0,21.0,0.0023766749430571142
3097,-28.0,22.0,0.0009710904213813408
3098,-28.0,23.0,7.049787800835203e-05
3099,-28.0,24.0,4.8401369397738534e-06
3100,-28.0,25.0,3.1095634501619565e-06
3101,-28.0,26.0,2.3372962178645384e-06
3102,-28.0,27.0,1.7482512274225695e-06
3103,-28.0,28.0,1.3007108407867094e-06
3104,-28.0,29.0,9.625965179417878e-07
3105,-28.0,30.0,7.085888354538644e-07
3106,-28.0,31.0,5.188367447871459e-07
3107,-28.0,32.0,3.778796264214582e-07
3108,-28.0,33.0,2.7375528037923546e-07
3109,-28.0,34.0,1.9726851099427984e-07
3110,-28.0,35.0,1.4139668573607187e-07
3111,-28.0,36.0,1.008107558311113e-07
3112,-28.0,37.0,7.149253076230561e-08
3113,-28.0,38.0,5.0431352587381214e-08
3114,-28.0,39.0,3.5385610812936256e-08
3115,-28.0,40.0,2.469669876196255e-08
3116,-28.0,41.0,1.7144989921767765e-08
3117,-28.0,42.0,1.1839181584736216e-08
3118,-28.0,43.0,8.13190401811494e-09
3119,-28.0,44.0,5.5558296219591585e-09
3120,-28.0,45.0,3.775649794852096e-09
3121,-28.0,46.0,2.5522346548050965e-09
3122,-28.0,47.0,1.7160724011845321e-09
3123,-28.0,48.0,1.147722038512766e-09
3124,-28.0,49.0,7.635261988787616e-10
3125,-28.0,50.0,5.052394739123037e-10
3126,-28.0,51.0,3.3254981671295307e-10
3127,-28.0,52.0,2.1772197194025212e-10
3128,-28.0,53.0,1.4178618366545415e-10
3129,-28.0,54.0,9.184418713266453e-11
3130,-28.0,55.0,5.917735418818401e-11
3131,-28.0,56.0,3.792674055454949e-11
3132,-28.0,57.0,2.4178068580950102e-11
3133,-28.0,58.0,1.5331469980378412e-11
3134,-28.0,59.0,9.670125186366325e-12
3135,-28.0,60.0,6.0668953436127424e-12
3136,-28.0,61.0,3.786055863025953e-12
3137,-28.0,62.0,2.350139487115916e-12
3138,-28.0,63.0,1.4510633362789946e-12
3139,-28.0,64.0,8.911795373163016e-13
3140,-28.0,65.0,5.444150850002574e-13
3141,-28.0,66.0,3.3081195995976136e-13
3142,-28.0,67.0,1.99948597325822e-13
3143,-28.0,68.0,1.2021028555450557e-13
3144,-28.0,69.0,7.188710648972037e-14
3145,-28.0,70.0,4.276086533470231e-14
3146,-28.0,71.0,2.5300440041336494e-14
3147,-28.0,72.0,1.489003682330513e-14
3148,-28.0,73.0,8.716649361552494e-15
3149,-28.0,74.0,5.075624537972412e-15
3150,-27.9,-75.0,1.547191268426345e-05
3151,-27.9,-74.0,1.9832222945915658e-05
3152,-27.9,-73.0,2.5286277144053486e-05
3153,-27.9,-72.0,3.2068932149291964e-05
3154,-27.9,-71.0,4.0454814250644086e-05
3155,-27.9,-70.0,5.076238651857219e-05
3156,-27.9,-69.0,6.335778112963481e-05
3157,-27.9,-68.0,7.865819830147162e-05
3158,-27.9,-67.0,9.713464050520754e-05
3159,-27.9,-66.0,0.00011931372025181324
3160,-27.9,-65.0,0.00014577825426131654
3161,-27.9,-64.0,0.00017716633876334296
3162,-27.9,-63.0,0.00021416859276250118
3163,-27.9,-62.0,0.00025752326109030525
3164,-27.9,-61.0,0.000308008889585019
3165,-27.9,-60.0,0.0003664343230932538
3166,-27.9,-59.0,0.0004336258349277295
3167,-27.9,-58.0,0.0005104112749264576
3168,-27.9,-57.0,0.000597601222327903
3169,-27.9,-56.0,0.0006959672481023222
3170,-27.9,-55.0,0.0008062175266170883
3171,-27.9,-54.0,0.0009289701845884629
3172,-27.9,-53.0,0.0010647249307729264
3173,-27.9,-52.0,0.0012138336660223747
3174,-27.9,-51.0,0.0013764709222689499
3175,-27.9,-50.0,0.001552605111982065
3176,-27.9,-49.0,0.0017419716774990989
3177,-27.9,-48.0,0.0019440493061429437
3178,-27.9,-47.0,0.002158049601512572
3179,-27.9,-46.0,0.002387821477866686
3180,-27.9,-45.0,0.0030605602420094
3181,-27.9,-44.0,0.009432435108502179
3182,-27.9,-43.0,0.019750607160492498
3183,-27.9,-42.0,0.017556383284044907
3184,-27.9,-41.0,0.022800483176145275
3185,-27.9,-40.0,0.012154118048236906
3186,-27.9,-39.0,0.014356901521397007
3187,-27.9,-38.0,0.02825699708256663
3188,-27.9,-37.0,0.014319141233353778
3189,-27.9,-36.0,0.0064032953084674354
3190,-27.9,-35.0,0.019172811845655446
3191,-27.9,-34.0,0.040000542384179
3192,-27.9,-33.0,0.020865550173680348
3193,-27.9,-32.0,0.02663068204298347
3194,-27.9,-31.0,0.055253562345824216
3195,-27.9,-30.0,0.02838485589727314
3196,-27.9,-29.0,0.04449713528286716
3197,-27.9,-28.0,0.09768019733132702
3198,-27.9,-27.0,0.04694970774261938
3199,-27.9,-26.0,0.010234700745242097
3200,-27.9,-25.0,0.02591374034706831
3201,-27.9,-24.0,0.05463140522265296
3202,-27.9,-23.0,0.026595852777572853
3203,-27.9,-22.0,0.021210655374545976
3204,-27.9,-21.0,0.04039512020692394
3205,-27.9,-20.0,0.019479341545858384
3206,-27.9,-19.0,0.006653159680102806
3207,-27.9,-18.0,0.014690131197374778
3208,-27.9,-17.0,0.028840015229507996
3209,-27.9,-16.0,0.014682652210784786
3210,-27.9,-15.0,0.012462259728763168
3211,-27.9,-14.0,0.022897425834574898
3212,-27.9,-13.0,0.01124989816551381
3213,-27.9,-12.0,0.004087688366267712
3214,-27.9,-11.0,0.00877132175922494
3215,-27.9,-10.0,0.01705184065005675
3216,-27.9,-9.0,0.00858675192890407
3217,-27.9,-8.0,0.007367955854922774
3218,-27.9,-7.0,0.013757845249792284
3219,-27.9,-6.0,0.006543352325644085
3220,-27.9,-5.0,0.0021132651575993967
3221,-27.9,-4.0,0.005115067599939491
3222,-27.9,-3.0,0.010415005651074236
3223,-27.9,-2.0,0.0047956790535890375
3224,-27.9,-1.0,0.0011564232068229064
3225,-27.9,0.0,0.0006392801355987955
3226,-27.9,1.0,0.000855914344076983
3227,-27.9,2.0,0.003255980767653931
3228,-27.9,3.0,0.007064933894805626
3229,-27.9,4.0,0.003091241899241198
3230,-27.9,5.0,0.0006745174399600618
3231,-27.9,6.0,0.002450650209741531
3232,-27.9,7.0,0.005539299110915869
3233,-27.9,8.0,0.002480896602102237
3234,-27.9,9.0,0.0021575212189680047
3235,-27.9,10.0,0.004671034101358633
3236,-27.9,11.0,0.001957270530080648
3237,-27.9,12.0,0.00031618191602779725
3238,-27.9,13.0,0.0015867558043534565
3239,-27.9,14.0,0.003774621216715177
3240,-27.9,15.0,0.0016474986239964232
3241,-27.9,16.0,0.001448891257080097
3242,-27.9,17.0,0.0032472787887218757
3243,-27.9,18.0,0.0013334894266202031
3244,-27.9,19.0,0.00017958780489699732
3245,-27.9,20.0,0.0011023944275550545
3246,-27.9,21.0,0.0026815933428594924
3247,-27.9,22.0,0.0010957626894011572
3248,-27.9,23.0,7.96750606852606e-05
3249,-27.9,24.0,5.569084465265657e-06
3250,-27.9,25.0,3.592102298050832e-06
3251,-27.9,26.0,2.7014612121484275e-06
3252,-27.9,27.0,2.021715955830771e-06
3253,-27.9,28.0,1.5049718905540005e-06
3254,-27.9,29.0,1.1143542138614438e-06
3255,-27.9,30.0,8.207381742260794e-07
3256,-27.9,31.0,6.012739903496577e-07
3257,-27.9,32.0,4.3815375583120037e-07
3258,-27.9,33.0,3.1759008888565016e-07
3259,-27.9,34.0,2.2897790661670026e-07
3260,-27.9,35.0,1.6421258022409384e-07
3261,-27.9,36.0,1.171400619035528e-07
3262,-27.9,37.0,8.311714822092555e-08
3263,-27.9,38.0,5.866268884950472e-08
3264,-27.9,39.0,4.118313775637535e-08
3265,-27.9,40.0,2.875828795377811e-08
3266,-27.9,41.0,1.997527401999566e-08
3267,-27.9,42.0,1.3800937259095588e-08
3268,-27.9,43.0,9.484414645116757e-09
3269,-27.9,44.0,6.4833369956398995e-09
3270,-27.9,45.0,4.408316537932094e-09
3271,-27.9,46.0,2.981487937360239e-09
3272,-27.9,47.0,2.0057622402501592e-09
3273,-27.9,48.0,1.3421836823168103e-09
3274,-27.9,49.0,8.933683581297082e-10
3275,-27.9,50.0,5.914734926549421e-10
3276,-27.9,51.0,3.895167284594239e-10
3277,-27.9,52.0,2.551543926985419e-10
3278,-27.9,53.0,1.6625169918363795e-10
3279,-27.9,54.0,1.0774949505371387e-10
3280,-27.9,55.0,6.946251475936054e-11
3281,-27.9,56.0,4.4542220971701077e-11
3282,-27.9,57.0,2.8410530398387813e-11
3283,-27.9,58.0,1.8024902440277656e-11
3284,-27.9,59.0,1.1375031589542124e-11
3285,-27.9,60.0,7.140332035525572e-12
3286,-27.9,61.0,4.458310494667556e-12
3287,-27.9,62.0,2.7689067013193913e-12
3288,-27.9,63.0,1.7105368754374593e-12
3289,-27.9,64.0,1.0510966870844762e-12
3290,-27.9,65.0,6.424495081310231e-13
3291,-27.9,66.0,3.9059028959377075e-13
3292,-27.9,67.0,2.362054918480354e-13
3293,-27.9,68.0,1.4208382728282598e-13
3294,-27.9,69.0,8.501301344383084e-14
3295,-27.9,70.0,5.0595545431190545e-14
3296,-27.9,71.0,2.995196094731759e-14
3297,-27.9,72.0,1.763698506137568e-14
3298,-27.9,73.0,1.0330219289867058e-14
3299,-27.9,74.0,6.018397135251791e-15
3300,-27.8,-75.0,1.5374985920211386e-05
3301,-27.8,-74.0,1.9718483262269933e-05
3302,-27.8,-73.0,2.515465660742133e-05
3303,-27.8,-72.0,3.1919008136114047e-05
3304,-27.8,-71.0,4.028714478879912e-05
3305,-27.8,-70.0,5.057893712901171e-05
3306,-27.8,-69.0,6.316245702092714e-05
3307,-27.8,-68.0,7.84574954265068e-05
3308,-27.8,-67.0,9.69384278669742e-05
3309,-27.8,-66.0,0.0001191361637803148
3310,-27.8,-65.0,0.00014563888942386078
3311,-27.8,-64.0,0.00017709129468766385
3312,-27.8,-63.0,0.00021419196495802066
3313,-27.8,-62.0,0.00025768862281449437
3314,-27.8,-61.0,0.0003083709235582635
3315,-27.8,-60.0,0.0003670605457426882
3316,-27.8,-59.0,0.00043459837486341496
3317,-27.8,-58.0,0.0005118286562550934
3318,-27.8,-57.0,0.0005995800921337231
3319,-27.8,-56.0,0.0006986439765218692
3320,-27.8,-55.0,0.0008097495980479233
3321,-27.8,-54.0,0.0009335372904171614
3322,-27.8,-53.0,0.0010705296683415797
3323,-27.8,-52.0,0.0012211017461331393
3324,-27.8,-51.0,0.001385450789064894
3325,-27.8,-50.0,0.0015635668851531725
3326,-27.8,-49.0,0.0017552053379050218
3327,-27.8,-48.0,0.0019598620624051845
3328,-27.8,-47.0,0.0021767625036764305
3329,-27.8,-46.0,0.002409822297074729
3330,-27.8,-45.0,0.0030912198721886417
3331,-27.8,-44.0,0.009538202498488085
3332,-27.8,-43.0,0.019977369476652383
3333,-27.8,-42.0,0.017756224399972438
3334,-27.8,-41.0,0.02305837378550096
3335,-27.8,-40.0,0.012294397388387578
3336,-27.8,-39.0,0.01451667426665055
3337,-27.8,-38.0,0.028563100827101288
3338,-27.8,-37.0,0.014484237321370833
3339,-27.8,-36.0,0.006488090290077742
3340,-27.8,-35.0,0.019368068561113012
3341,-27.8,-34.0,0.04037552711174134
3342,-27.8,-33.0,0.02107870904940061
3343,-27.8,-32.0,0.026836059045583633
3344,-27.8,-31.0,0.05560909429132099
3345,-27.8,-30.0,0.02852302028301128
3346,-27.8,-29.0,0.04359706202629031
3347,-27.8,-28.0,0.09530356022603147
3348,-27.8,-27.0,0.04495197288910451
3349,-27.8,-26.0,0.010097433064315169
3350,-27.8,-25.0,0.02607928322461891
3351,-27.8,-24.0,0.055063059647802455
3352,-27.8,-23.0,0.026775786126158576
3353,-27.8,-22.0,0.021312087576527868
3354,-27.8,-21.0,0.0406212216849337
3355,-27.8,-20.0,0.01957447345912983
3356,-27.8,-19.0,0.006668376000320331
3357,-27.8,-18.0,0.014745578313710643
3358,-27.8,-17.0,0.028966234776581314
3359,-27.8,-16.0,0.014743797993321164
3360,-27.8,-15.0,0.012509840387957829
3361,-27.8,-14.0,0.022988439877611292
3362,-27.8,-13.0,0.011296167795107913
3363,-27.8,-12.0,0.004106601211091337
3364,-27.8,-11.0,0.008806314795037632
3365,-27.8,-10.0,0.017114805098388166
3366,-27.8,-9.0,0.00862248325011917
3367,-27.8,-8.0,0.00739825265759236
3368,-27.8,-7.0,0.013806392822537759
3369,-27.8,-6.0,0.00657117711705638
3370,-27.8,-5.0,0.0021280952426276
3371,-27.8,-4.0,0.0051366613279651835
3372,-27.8,-3.0,0.010448999974651003
3373,-27.8,-2.0,0.0048154778936088435
3374,-27.8,-1.0,0.0011667957262757667
3375,-27.8,0.0,0.0006370104548217871
3376,-27.8,1.0,0.0008643685107457611
3377,-27.8,2.0,0.00326860910187652
3378,-27.8,3.0,0.007084544822010126
3379,-27.8,4.0,0.003102219507708695
3380,-27.8,5.0,0.0006800404170022479
3381,-27.8,6.0,0.0024586376643322134
3382,-27.8,7.0,0.00555207301340776
3383,-27.8,8.0,0.0024879283843158412
3384,-27.8,9.0,0.0021632897310116103
3385,-27.8,10.0,0.004680250880902407
3386,-27.8,11.0,0.001962000258729142
3387,-27.8,12.0,0.000318102690496959
3388,-27.8,13.0,0.0015900834091841529
3389,-27.8,14.0,0.003780618123468606
3390,-27.8,15.0,0.0016504934124672815
3391,-27.8,16.0,0.0014513071613894372
3392,-27.8,17.0,0.0032516738059677913
3393,-27.8,18.0,0.0013355140803475395
3394,-27.8,19.0,0.00018015005784534496
3395,-27.8,20.0,0.0011038096102715179
3396,-27.8,21.0,0.002684556299485943
3397,-27.8,22.0,0.00109706027001677
3398,-27.8,23.0,7.98984823344165e-05
3399,-27.8,24.0,5.6855663773491755e-06
3400,-27.8,25.0,3.6815362870341374e-06
3401,-27.8,26.0,2.770222908903438e-06
3402,-27.8,27.0,2.074280256939373e-06
3403,-27.8,28.0,1.5449236219869885e-06
3404,-27.8,29.0,1.1445459384479858e-06
3405,-27.8,30.0,8.434240041053603e-07
3406,-27.8,31.0,6.182229220579884e-07
3407,-27.8,32.0,4.5074466344178e-07
3408,-27.8,33.0,3.268905528995748e-07
3409,-27.8,34.0,2.3580900584734932e-07
3410,-27.8,35.0,1.6920165731352573e-07
3411,-27.8,36.0,1.207633132247216e-07
3412,-27.8,37.0,8.57337043818025e-08
3413,-27.8,38.0,6.054165742917354e-08
3414,-27.8,39.0,4.252488622885229e-08
3415,-27.8,40.0,2.971105978346415e-08
3416,-27.8,41.0,2.064805978047631e-08
3417,-27.8,42.0,1.4273368330972054e-08
3418,-27.8,43.0,9.81431092505866e-09
3419,-27.8,44.0,6.712422202871802e-09
3420,-27.8,45.0,4.5665143767351395e-09
3421,-27.8,46.0,3.0901282440175442e-09
3422,-27.8,47.0,2.0799566673994266e-09
3423,-27.8,48.0,1.3925736706640094e-09
3424,-27.8,49.0,9.274023256726264e-10
3425,-27.8,50.0,6.143336292709982e-10
3426,-27.8,51.0,4.047869536682069e-10
3427,-27.8,52.0,2.652985225961241e-10
3428,-27.8,53.0,1.7295346369995891e-10
3429,-27.8,54.0,1.1215271825323384e-10
3430,-27.8,55.0,7.233965809411734e-11
3431,-27.8,56.0,4.6411884955657226e-11
3432,-27.8,57.0,2.9618841649207896e-11
3433,-27.8,58.0,1.8801523429350323e-11
3434,-27.8,59.0,1.1871459578484757e-11
3435,-27.8,60.0,7.455921098557987e-12
3436,-27.8,61.0,4.657840324583419e-12
3437,-27.8,62.0,2.8943696582835677e-12
3438,-27.8,63.0,1.7889965570172262e-12
3439,-27.8,64.0,1.0998947274812962e-12
3440,-27.8,65.0,6.726340419496866e-13
3441,-27.8,66.0,4.091595323851099e-13
3442,-27.8,67.0,2.4756691883328984e-13
3443,-27.8,68.0,1.4899738867083445e-13
3444,-27.8,69.0,8.919711546607359e-14
3445,-27.8,70.0,5.311400749139929e-14
3446,-27.8,71.0,3.145961753749607e-14
3447,-27.8,72.0,1.8534629709912997e-14
3448,-27.8,73.0,1.0861767366835863e-14
3449,-27.8,74.0,6.331450086858758e-15
3450,-27.7,-75.0,1.5239630209975825e-05
3451,-27.7,-74.0,1.955530516520126e-05
3452,-27.7,-73.0,2.495978693604934e-05
3453,-27.7,-72.0,3.1688614951230426e-05
3454,-27.7,-71.0,4.0017665396378865e-05
3455,-27.7,-70.0,5.0267391277309576e-05
3456,-27.7,-69.0,6.280685592995564e-05
3457,-27.7,-68.0,7.805736149981282e-05
3458,-27.7,-67.0,9.649543946309825e-05
3459,-27.7,-66.0,0.0001186549380854297
3460,-27.7,-65.0,0.00014512791409931447
3461,-27.7,-64.0,0.0001765640154149851
3462,-27.7,-63.0,0.00021366803114962203
3463,-27.7,-62.0,0.0002571952875288653
3464,-27.7,-61.0,0.00030794458604651583
3465,-27.7,-60.0,0.0003667484161324474
3466,-27.7,-59.0,0.0004344602304250031
3467,-27.7,-58.0,0.0005119386477688504
3468,-27.7,-57.0,0.000600028547473333
3469,-27.7,-56.0,0.0006995391371857302
3470,-27.7,-55.0,0.0008112192136106997
3471,-27.7,-54.0,0.0009357299864242411
3472,-27.7,-53.0,0.001073615995776362
3473,-27.7,-52.0,0.001225274816019531
3474,-27.7,-51.0,0.0013909263947721622
3475,-27.7,-50.0,0.0015705830182218318
3476,-27.7,-49.0,0.0017640210112583254
3477,-27.7,-48.0,0.001970755368042909
3478,-27.7,-47.0,0.002190027935157394
3479,-27.7,-46.0,0.0024258125279817554
3480,-27.7,-45.0,0.003114243689395822
3481,-27.7,-44.0,0.0096210019345051
3482,-27.7,-43.0,0.0201563409658191
3483,-27.7,-42.0,0.01791353854222106
3484,-27.7,-41.0,0.023261098933289145
3485,-27.7,-40.0,0.012405180295517118
3486,-27.7,-39.0,0.014641641153840241
3487,-27.7,-38.0,0.028800897203408473
3488,-27.7,-37.0,0.01461470601653236
3489,-27.7,-36.0,0.006557422751120766
3490,-27.7,-35.0,0.01951721775712463
3491,-27.7,-34.0,0.040654381505403354
3492,-27.7,-33.0,0.02124194167368391
3493,-27.7,-32.0,0.02697913001314577
3494,-27.7,-31.0,0.05583600945590056
3495,-27.7,-30.0,0.028617810102346975
3496,-27.7,-29.0,0.04293069387732624
3497,-27.7,-28.0,0.09352782006001516
3498,-27.7,-27.0,0.043333355170156795
3499,-27.7,-26.0,0.009979035104141028
3500,-27.7,-25.0,0.026224042821269396
3501,-27.7,-24.0,0.05545188597493674
3502,-27.7,-23.0,0.026934028389367398
3503,-27.7,-22.0,0.02139447065769989
3504,-27.7,-21.0,0.0408115048376002
3505,-27.7,-20.0,0.019651956173791212
3506,-27.7,-19.0,0.006677073111405052
3507,-27.7,-18.0,0.0147871647421599
3508,-27.7,-17.0,0.029065724742945973
3509,-27.7,-16.0,0.014791144503248732
3510,-27.7,-15.0,0.012545576025816426
3511,-27.7,-14.0,0.023057969613356228
3512,-27.7,-13.0,0.011331769485431162
3513,-27.7,-12.0,0.0041215054406428305
3514,-27.7,-11.0,0.00883293659473621
3515,-27.7,-10.0,0.017161671805419672
3516,-27.7,-9.0,0.008650067457663287
3517,-27.7,-8.0,0.007421545967273088
3518,-27.7,-7.0,0.0138419417718797
3519,-27.7,-6.0,0.0065928111665218316
3520,-27.7,-5.0,0.00214091863619229
3521,-27.7,-4.0,0.005153422174995999
3522,-27.7,-3.0,0.010473161923935766
3523,-27.7,-2.0,0.0048307646863118775
3524,-27.7,-1.0,0.0011761028234400746
3525,-27.7,0.0,0.0006341418891402123
3526,-27.7,1.0,0.000872051141294831
3527,-27.7,2.0,0.00327819215829051
3528,-27.7,3.0,0.007097499701501622
3529,-27.7,4.0,0.003110306448927067
3530,-27.7,5.0,0.0006849618634035627
3531,-27.7,6.0,0.002464334128824732
3532,-27.7,7.0,0.005559619365641885
3533,-27.7,8.0,0.0024926345893767137
3534,-27.7,9.0,0.0021670352934569973
3535,-27.7,10.0,0.004685051214206265
3536,-27.7,11.0,0.0019648913023720704
3537,-27.7,12.0,0.0003197427017849316
3538,-27.7,13.0,0.0015919179069731862
3539,-27.7,14.0,0.003783036420878029
3540,-27.7,15.0,0.0016519325335028652
3541,-27.7,16.0,0.0014523538819212563
3542,-27.7,17.0,0.0032529844775824666
3543,-27.7,18.0,0.001336276107251562
3544,-27.7,19.0,0.00018054767578670525
3545,-27.7,20.0,0.001104179263060021
3546,-27.7,21.0,0.0026849672737815247
3547,-27.7,22.0,0.001097316815109421
3548,-27.7,23.0,8.004883469589143e-05
3549,-27.7,24.0,5.7990540353927915e-06
3550,-27.7,25.0,3.7693892579890932e-06
3551,-27.7,26.0,2.837867392354868e-06
3552,-27.7,27.0,2.1260629935723365e-06
3553,-27.7,28.0,1.5843350738621754e-06
3554,-27.7,29.0,1.1743690418903125e-06
3555,-27.7,30.0,8.658619912879749e-07
3556,-27.7,31.0,6.350079817557836e-07
3557,-27.7,32.0,4.632293228172722e-07
3558,-27.7,33.0,3.361237440602885e-07
3559,-27.7,34.0,2.425987660993895e-07
3560,-27.7,35.0,1.7416632713154384e-07
3561,-27.7,36.0,1.243729636920406e-07
3562,-27.7,37.0,8.834336493927544e-08
3563,-27.7,38.0,6.241774005103681e-08
3564,-27.7,39.0,4.38660249146126e-08
3565,-27.7,40.0,3.0664412695496955e-08
3566,-27.7,41.0,2.1321961009674898e-08
3567,-27.7,42.0,1.4747070530709569e-08
3568,-27.7,43.0,1.0145430624773918e-08
3569,-27.7,44.0,6.9425869376451456e-09
3570,-27.7,45.0,4.725614384179061e-09
3571,-27.7,46.0,3.199494316773458e-09
3572,-27.7,47.0,2.154718377936745e-09
3573,-27.7,48.0,1.4433969972649584e-09
3574,-27.7,49.0,9.61761056250457e-10
3575,-27.7,50.0,6.374332093448441e-10
3576,-27.7,51.0,4.2023119868972474e-10
3577,-27.7,52.0,2.7556750621876917e-10
3578,-27.7,53.0,1.7974376225423572e-10
3579,-27.7,54.0,1.16618045144152e-10
3580,-27.7,55.0,7.525992723151998e-11
3581,-27.7,56.0,4.831121263050061e-11
3582,-27.7,57.0,3.0847373408933704e-11
3583,-27.7,58.0,1.9591809543096337e-11
3584,-27.7,59.0,1.2377046351960852e-11
3585,-27.7,60.0,7.777599790216635e-12
3586,-27.7,61.0,4.8613878829611155e-12
3587,-27.7,62.0,3.022463492492802e-12
3588,-27.7,63.0,1.869166380386547e-12
3589,-27.7,64.0,1.149796456037654e-12
3590,-27.7,65.0,7.035258797121349e-13
3591,-27.7,66.0,4.281789349894926e-13
3592,-27.7,67.0,2.592129083367184e-13
3593,-27.7,68.0,1.5608963301582773e-13
3594,-27.7,69.0,9.349267840907441e-14
3595,-27.7,70.0,5.5701546294257453e-14
3596,-27.7,71.0,3.3009808795515394e-14
3597,-27.7,72.0,1.9458299042141376e-14
3598,-27.7,73.0,1.1409138329943806e-14
3599,-27.7,74.0,6.654063262282367e-15
3600,-27.6,-75.0,1.5084013342841827e-05
3601,-27.6,-74.0,1.9365934819043306e-05
3602,-27.6,-73.0,2.4731253620835312e-05
3603,-27.6,-72.0,3.14152054378445e-05
3604,-27.6,-71.0,3.9693535620362734e-05
3605,-27.6,-70.0,4.98868144195609e-05
3606,-27.6,-69.0,6.236456075555553e-05
3607,-27.6,-68.0,7.754897658900931e-05
3608,-27.6,-67.0,9.591805888517443e-05
3609,-27.6,-66.0,0.00011800782316806513
3610,-27.6,-65.0,0.00014441334405477263
3611,-27.6,-64.0,0.00017578829653413507
3612,-27.6,-63.0,0.0002128426699263127
3613,-27.6,-62.0,0.0002563383273343534
3614,-27.6,-61.0,0.00030708209980045536
3615,-27.6,-60.0,0.0003659161388544454
3616,-27.6,-59.0,0.000433705305732722
3617,-27.6,-58.0,0.0005113214515541682
3618,-27.6,-57.0,0.0005996245404896126
3619,-27.6,-56.0,0.0006994406865841567
3620,-27.6,-55.0,0.0008115373121484757
3621,-27.6,-54.0,0.0009365957878029126
3622,-27.6,-53.0,0.0010751820760953907
3623,-27.6,-52.0,0.0012277160654253709
3624,-27.6,-51.0,0.001394440440817037
3625,-27.6,-50.0,0.001575390083933761
3626,-27.6,-49.0,0.0017703631170688581
3627,-27.6,-48.0,0.0019788947979819623
3628,-27.6,-47.0,0.0022002449769903854
3629,-27.6,-46.0,0.002438441262021647
3630,-27.6,-45.0,0.0031330175581697887
3631,-27.6,-44.0,0.009691229697143373
3632,-27.6,-43.0,0.020309272918136494
3633,-27.6,-42.0,0.018047666142591467
3634,-27.6,-41.0,0.02343378329640679
3635,-27.6,-40.0,0.012499845455705157
3636,-27.6,-39.0,0.01474762901282304
3637,-27.6,-38.0,0.02900157509692838
3638,-27.6,-37.0,0.014726308807383957
3639,-27.6,-36.0,0.006618292528652105
3640,-27.6,-35.0,0.019641458320323137
3641,-27.6,-34.0,0.040881466347499784
3642,-27.6,-33.0,0.021378309172972513
3643,-27.6,-32.0,0.027089492704407685
3644,-27.6,-31.0,0.055995837564109176
3645,-27.6,-30.0,0.028690129786925197
3646,-27.6,-29.0,0.04239009406700056
3647,-27.6,-28.0,0.0920752965650122
3648,-27.6,-27.0,0.04192663694538942
3649,-27.6,-26.0,0.009871081027658357
3650,-27.6,-25.0,0.026358213268360707
3651,-27.6,-24.0,0.05581959516987592
3652,-27.6,-23.0,0.027081168916161254
3653,-27.6,-22.0,0.0214662247482083
3654,-27.6,-21.0,0.0409819443161768
3655,-27.6,-20.0,0.019719510357884475
3656,-27.6,-19.0,0.00668190855796983
3657,-27.6,-18.0,0.014820722613170178
3658,-27.6,-17.0,0.029149909271346478
3659,-27.6,-16.0,0.014830510838276039
3660,-27.6,-15.0,0.012574409749976206
3661,-27.6,-14.0,0.02311509296325697
3662,-27.6,-13.0,0.011361159303722541
3663,-27.6,-12.0,0.004134014782522683
3664,-27.6,-11.0,0.008854661536637328
3665,-27.6,-10.0,0.01719920571270552
3666,-27.6,-9.0,0.008672903414829661
3667,-27.6,-8.0,0.007440752306396464
3668,-27.6,-7.0,0.013869953033000265
3669,-27.6,-6.0,0.006610843091978184
3670,-27.6,-5.0,0.0021525607046998627
3671,-27.6,-4.0,0.00516737375404486
3672,-27.6,-3.0,0.010491629867502964
3673,-27.6,-2.0,0.004843437675467805
3674,-27.6,-1.0,0.0011847924030380153
3675,-27.6,0.0,0.000630935643620113
3676,-27.6,1.0,0.0008792925713505422
3677,-27.6,2.0,0.0032860203060363783
3678,-27.6,3.0,0.007106611819086821
3679,-27.6,4.0,0.0031167296543139016
3680,-27.6,5.0,0.0006895442762976966
3681,-27.6,6.0,0.0024687135402429038
3682,-27.6,7.0,0.005564148396211118
3683,-27.6,8.0,0.002496003000995367
3684,-27.6,9.0,0.0021696175345108674
3685,-27.6,10.0,0.004687301510358315
3686,-27.6,11.0,0.001966724369760552
3687,-27.6,12.0,0.00032122626245937956
3688,-27.6,13.0,0.0015928930741965868
3689,-27.6,14.0,0.003783386744710149
3690,-27.6,15.0,0.0016524747689502697
3691,-27.6,16.0,0.0014526111465630435
3692,-27.6,17.0,0.0032525116373399022
3693,-27.6,18.0,0.0013363093773876573
3694,-27.6,19.0,0.0001808521464508252
3695,-27.6,20.0,0.0011039451562674851
3696,-27.6,21.0,0.0026839015622136956
3697,-27.6,22.0,0.0010969715995993296
3698,-27.6,23.0,8.015788504308721e-05
3699,-27.6,24.0,5.911634906934892e-06
3700,-27.6,25.0,3.856990864391441e-06
3701,-27.6,26.0,2.9053943543758732e-06
3702,-27.6,27.0,2.1778122156784608e-06
3703,-27.6,28.0,1.6237630896015787e-06
3704,-27.6,29.0,1.204235882399602e-06
3705,-27.6,30.0,8.883559137968144e-07
3706,-27.6,31.0,6.518517971988772e-07
3707,-27.6,32.0,4.7577004371294454e-07
3708,-27.6,33.0,3.454073832194287e-07
3709,-27.6,34.0,2.4943212628962943e-07
3710,-27.6,35.0,1.7916755820091605e-07
3711,-27.6,36.0,1.280125495859697e-07
3712,-27.6,37.0,9.097705738601704e-08
3713,-27.6,38.0,6.431279352962731e-08
3714,-27.6,39.0,4.522192044893028e-08
3715,-27.6,40.0,3.162909453582207e-08
3716,-27.6,41.0,2.200445622926896e-08
3717,-27.6,42.0,1.5227220673552045e-08
3718,-27.6,43.0,1.0481338773010356e-08
3719,-27.6,44.0,7.1762736051313334e-09
3720,-27.6,45.0,4.887281227741972e-09
3721,-27.6,46.0,3.3107148936546516e-09
3722,-27.6,47.0,2.2308087763349815e-09
3723,-27.6,48.0,1.4951646316279766e-09
3724,-27.6,49.0,9.967856897379447e-10
3725,-27.6,50.0,6.609988165063286e-10
3726,-27.6,51.0,4.359991848541947e-10
3727,-27.6,52.0,2.860597669842449e-10
3728,-27.6,53.0,1.866869633323976e-10
3729,-27.6,54.0,1.2118735591766647e-10
3730,-27.6,55.0,7.825043063513457e-11
3731,-27.6,56.0,5.02576607049753e-11
3732,-27.6,57.0,3.210730926978158e-11
3733,-27.6,58.0,2.0402888688227338e-11
3734,-27.6,59.0,1.2896311557852844e-11
3735,-27.6,60.0,8.108219189422224e-12
3736,-27.6,61.0,5.070742440321377e-12
3737,-27.6,62.0,3.1543053370982215e-12
3738,-27.6,63.0,1.95174024416787e-12
3739,-27.6,64.0,1.2012306672489436e-12
3740,-27.6,65.0,7.353886329217238e-13
3741,-27.6,66.0,4.4780972572951704e-13
3742,-27.6,67.0,2.7124156282518846e-13
3743,-27.6,68.0,1.6341994574453258e-13
3744,-27.6,69.0,9.793546584534467e-14
3745,-27.6,70.0,5.837958890154905e-14
3746,-27.6,71.0,3.4615306302608875e-14
3747,-27.6,72.0,2.0415566383212756e-14
3748,-27.6,73.0,1.1976799919703054e-14
3749,-27.6,74.0,6.98885875494901e-15
3750,-27.5,-75.0,1.4915641499348381e-05
3751,-27.5,-74.0,1.91599725966308e-05
3752,-27.5,-73.0,2.4481269693319118e-05
3753,-27.5,-72.0,3.111423305669665e-05
3754,-27.5,-71.0,3.93342043829972e-05
3755,-27.5,-70.0,4.946155288354581e-05
3756,-27.5,-69.0,6.186588528235782e-05
3757,-27.5,-68.0,7.696988259601641e-05
3758,-27.5,-67.0,9.525253088430787e-05
3759,-27.5,-66.0,0.00011725147939073384
3760,-27.5,-65.0,0.00014356422992084668
3761,-27.5,-64.0,0.00017484783854057148
3762,-27.5,-63.0,0.0002118167975556399
3763,-27.5,-62.0,0.0002552387652002429
3764,-27.5,-61.0,0.0003059278253995377
3765,-27.5,-60.0,0.000364734992997028
3766,-27.5,-59.0,0.0004325357330875453
3767,-27.5,-58.0,0.0005102143379756871
3768,-27.5,-57.0,0.0005986451022264908
3769,-27.5,-56.0,0.0006986703545382749
3770,-27.5,-55.0,0.0008110755426220039
3771,-27.5,-54.0,0.0009365617202949741
3772,-27.5,-53.0,0.0010757159494262556
3773,-27.5,-52.0,0.0012289802965583427
3774,-27.5,-51.0,0.0013966202670049797
3775,-27.5,-50.0,0.001578693668984049
3776,-27.5,-49.0,0.0017750210272452203
3777,-27.5,-48.0,0.0019851587628578913
3778,-27.5,-47.0,0.002208385930481337
3779,-27.5,-46.0,0.0024487812074010847
3780,-27.5,-45.0,0.003148911024746469
3781,-27.5,-44.0,0.009753085776888949
3782,-27.5,-43.0,0.020444950385400704
3783,-27.5,-42.0,0.018166418933509988
3784,-27.5,-41.0,0.023586575831769173
3785,-27.5,-40.0,0.012583794206928818
3786,-27.5,-39.0,0.014841030361089202
3787,-27.5,-38.0,0.029177738435902007
3788,-27.5,-37.0,0.014825407844266456
3789,-27.5,-36.0,0.006673516419595858
3790,-27.5,-35.0,0.01974935509618028
3791,-27.5,-34.0,0.04107472374117935
3792,-27.5,-33.0,0.02149712374059527
3793,-27.5,-32.0,0.027179075346004066
3794,-27.5,-31.0,0.05611339104501379
3795,-27.5,-30.0,0.028748392523846842
3796,-27.5,-29.0,0.04193165907258835
3797,-27.5,-28.0,0.09083385321191041
3798,-27.5,-27.0,0.040663114900457986
3799,-27.5,-26.0,0.009770120922402427
3800,-27.5,-25.0,0.02648604129306783
3801,-27.5,-24.0,0.0561752378468356
3802,-27.5,-23.0,0.02722161347770241
3803,-27.5,-22.0,0.02153080734887811
3804,-27.5,-21.0,0.041139083305493596
3805,-27.5,-20.0,0.019780300158586585
3806,-27.5,-19.0,0.006683973084184052
3807,-27.5,-18.0,0.014848637624110027
3808,-27.5,-17.0,0.02922345673274035
3809,-27.5,-16.0,0.014864275058898093
3810,-27.5,-15.0,0.012598361388768969
3811,-27.5,-14.0,0.02316351848099605
3812,-27.5,-13.0,0.011386156537903945
3813,-27.5,-12.0,0.00414478656902945
3814,-27.5,-11.0,0.008872907534565436
3815,-27.5,-10.0,0.017230170146655427
3816,-27.5,-9.0,0.008692377644481775
3817,-27.5,-8.0,0.007457061268442488
3818,-27.5,-7.0,0.013892657455511884
3819,-27.5,-6.0,0.0066263283872604085
3820,-27.5,-5.0,0.0021633555293738456
3821,-27.5,-4.0,0.005179341077872977
3822,-27.5,-3.0,0.01050609507540034
3823,-27.5,-2.0,0.004854271005198396
3824,-27.5,-1.0,0.001193044931078021
3825,-27.5,0.0,0.00062749984016919
3826,-27.5,1.0,0.0008862256642311494
3827,-27.5,2.0,0.0032926201356668463
3828,-27.5,3.0,0.007113032183667193
3829,-27.5,4.0,0.0031219902545773764
3830,-27.5,5.0,0.0006938937673243133
3831,-27.5,6.0,0.0024721739686744113
3832,-27.5,7.0,0.005566565325322605
3833,-27.5,8.0,0.002498437750918674
3834,-27.5,9.0,0.002171388280301417
3835,-27.5,10.0,0.004687766722381232
3836,-27.5,11.0,0.001967819177061021
3837,-27.5,12.0,0.0003226039380685213
3838,-27.5,13.0,0.0015932686341505967
3839,-27.5,14.0,0.0037822887224154885
3840,-27.5,15.0,0.0016523902385526114
3841,-27.5,16.0,0.001452316733834855
3842,-27.5,17.0,0.0032507891018376724
3843,-27.5,18.0,0.0013358329223258807
3844,-27.5,19.0,0.000181092735111363
3845,-27.5,20.0,0.0011032886174462
3846,-27.5,21.0,0.0026818006336079623
3847,-27.5,22.0,0.0010962049547228673
3848,-27.5,23.0,8.023865161309788e-05
3849,-27.5,24.0,6.024147811336685e-06
3850,-27.5,25.0,3.94487407716683e-06
3851,-27.5,26.0,2.9732052083373305e-06
3852,-27.5,27.0,2.229828874884722e-06
3853,-27.5,28.0,1.6634321689840113e-06
3854,-27.5,29.0,1.234313089426473e-06
3855,-27.5,30.0,9.110288286767758e-07
3856,-27.5,31.0,6.688447920760355e-07
3857,-27.5,32.0,4.884329382365546e-07
3858,-27.5,33.0,3.547895659087597e-07
3859,-27.5,34.0,2.563439005173172e-07
3860,-27.5,35.0,1.842304251159305e-07
3861,-27.5,36.0,1.317000406735617e-07
3862,-27.5,37.0,9.364759564360092e-08
3863,-27.5,38.0,6.623590974908567e-08
3864,-27.5,39.0,4.659899170660983e-08
3865,-27.5,40.0,3.2609614487718337e-08
3866,-27.5,41.0,2.2698697332158673e-08
3867,-27.5,42.0,1.5716010958766033e-08
3868,-27.5,43.0,1.0823552503500047e-08
3869,-27.5,44.0,7.414526932831206e-09
3870,-27.5,45.0,5.052230749789541e-09
3871,-27.5,46.0,3.424278027312949e-09
3872,-27.5,47.0,2.308558955887771e-09
3873,-27.5,48.0,1.5481000687780524e-09
3874,-27.5,49.0,1.032626339123232e-09
3875,-27.5,50.0,6.851307737776858e-10
3876,-27.5,51.0,4.521576256568631e-10
3877,-27.5,52.0,2.9681944731829456e-10
3878,-27.5,53.0,1.9381212900888426e-10
3879,-27.5,54.0,1.2587968866011645e-10
3880,-27.5,55.0,8.13235775237761e-11
3881,-27.5,56.0,5.225927718202998e-11
3882,-27.5,57.0,3.340384263775509e-11
3883,-27.5,58.0,2.1238095395246576e-11
3884,-27.5,59.0,1.3431385458409654e-11
3885,-27.5,60.0,8.449133378228438e-12
3886,-27.5,61.0,5.2867603793974264e-12
3887,-27.5,62.0,3.290434080966385e-12
3888,-27.5,63.0,2.037055541465678e-12
3889,-27.5,64.0,1.2544075337124507e-12
3890,-27.5,65.0,7.683525630627297e-13
3891,-27.5,66.0,4.681322300388626e-13
3892,-27.5,67.0,2.837021638408273e-13
3893,-27.5,68.0,1.7101840885202433e-13
3894,-27.5,69.0,1.0254374687104136e-13
3895,-27.5,70.0,6.115917387471283e-14
3896,-27.5,71.0,3.6282745805124114e-14
3897,-27.5,72.0,2.1410400410776024e-14
3898,-27.5,73.0,1.2567113579216892e-14
3899,-27.5,74.0,7.337234482599394e-15
3900,-27.4,-75.0,1.473856000796555e-05
3901,-27.4,-74.0,1.894259135427941e-05
3902,-27.4,-73.0,2.4216414092209944e-05
3903,-27.4,-72.0,3.079401987252207e-05
3904,-27.4,-71.0,3.895014193785856e-05
3905,-27.4,-70.0,4.900470859766434e-05
3906,-27.4,-69.0,6.132713621562899e-05
3907,-27.4,-68.0,7.63402655679409e-05
3908,-27.4,-67.0,9.452370918639187e-05
3909,-27.4,-66.0,0.00011641634278364062
3910,-27.4,-65.0,0.00014261764334852077
3911,-27.4,-64.0,0.00017378755261038186
3912,-27.4,-63.0,0.00021064453016235497
3913,-27.4,-62.0,0.0002539614585835312
3914,-27.4,-61.0,0.0003045590763445231
3915,-27.4,-60.0,0.00036329664581181113
3916,-27.4,-59.0,0.0004310596155060211
3917,-27.4,-58.0,0.0005087441094277287
3918,-27.4,-57.0,0.0005972381722945003
3919,-27.4,-56.0,0.0006973998173027244
3920,-27.4,-55.0,0.0008100320605297673
3921,-27.4,-54.0,0.0009358552798102479
3922,-27.4,-53.0,0.0010754774007777656
3923,-27.4,-52.0,0.001229362582166688
3924,-27.4,-51.0,0.0013977992384642385
3925,-27.4,-50.0,0.001580868391553187
3926,-27.4,-49.0,0.001778413474361658
3927,-27.4,-48.0,0.001990012811776171
3928,-27.4,-47.0,0.002214965643114665
3929,-27.4,-46.0,0.002457399862354835
3930,-27.4,-45.0,0.0031626477830553005
3931,-27.4,-44.0,0.00980878669516898
3932,-27.4,-43.0,0.020568008405571207
3933,-27.4,-42.0,0.01827391848783637
3934,-27.4,-41.0,0.023724831622045445
3935,-27.4,-40.0,0.012659874879255205
3936,-27.4,-39.0,0.014925217344485351
3937,-27.4,-38.0,0.029336039483048033
3938,-27.4,-37.0,0.014915357013849337
3939,-27.4,-36.0,0.00672457438663958
3940,-27.4,-35.0,0.01984542486914748
3941,-27.4,-34.0,0.04124362533135124
3942,-27.4,-33.0,0.02160329252720611
3943,-27.4,-32.0,0.027254137385808574
3944,-27.4,-31.0,0.05620169244345139
3945,-27.4,-30.0,0.028797003441384604
3946,-27.4,-29.0,0.04153240800154421
3947,-27.4,-28.0,0.08974441064323416
3948,-27.4,-27.0,0.039505989871481496
3949,-27.4,-26.0,0.009674314291702481
3950,-27.4,-25.0,0.026609854814734796
3951,-27.4,-24.0,0.056523786557362454
3952,-27.4,-23.0,0.027357773108638007
3953,-27.4,-22.0,0.02159006812149639
3954,-27.4,-21.0,0.04128641029712483
3955,-27.4,-20.0,0.019836013223051795
3956,-27.4,-19.0,0.0066838488248365585
3957,-27.4,-18.0,0.014872177588145784
3958,-27.4,-17.0,0.029288844935656918
3959,-27.4,-16.0,0.01489369940220252
3960,-27.4,-15.0,0.012618502622090265
3961,-27.4,-14.0,0.023205213201528338
3962,-27.4,-13.0,0.011407725431099877
3963,-27.4,-12.0,0.004154168219813114
3964,-27.4,-11.0,0.00888842559409145
3965,-27.4,-10.0,0.01725603026926269
3966,-27.4,-9.0,0.008709224121222768
3967,-27.4,-8.0,0.007471102431995201
3968,-27.4,-7.0,0.013911237872717232
3969,-27.4,-6.0,0.006639825410369965
3970,-27.4,-5.0,0.0021734782456613675
3971,-27.4,-4.0,0.0051897604782222976
3972,-27.4,-3.0,0.01051745466201198
3973,-27.4,-2.0,0.0048636742545671175
3974,-27.4,-1.0,0.0012009544597719386
3975,-27.4,0.0,0.0006238926531548528
3976,-27.4,1.0,0.000892919510707991
3977,-27.4,2.0,0.003298270465500379
3978,-27.4,3.0,0.007117372122508839
3979,-27.4,4.0,0.003126353866752446
3980,-27.4,5.0,0.0006980658692294932
3981,-27.4,6.0,0.0024749265781095625
3982,-27.4,7.0,0.005567351532597023
3983,-27.4,8.0,0.0025001534794650395
3984,-27.4,9.0,0.002172534470707375
3985,-27.4,10.0,0.004686853984827572
3986,-27.4,11.0,0.001968345726036151
3987,-27.4,12.0,0.00032390240138469023
3988,-27.4,13.0,0.0015931828020010232
3989,-27.4,14.0,0.003780072448786905
3990,-27.4,15.0,0.0016518227847736402
3991,-27.4,16.0,0.0014515973097307885
3992,-27.4,17.0,0.0032481014040660096
3993,-27.4,18.0,0.0013349634604270942
3994,-27.4,19.0,0.00018128499975903905
3995,-27.4,20.0,0.0011023063236212877
3996,-27.4,21.0,0.0026788999237149762
3997,-27.4,22.0,0.0010951130431576064
3998,-27.4,23.0,8.029806445823653e-05
3999,-27.4,24.0,6.137030892695804e-06
4000,-27.4,25.0,4.0333169277022785e-06
4001,-27.4,26.0,3.0415099899377097e-06
4002,-27.4,27.0,2.282270959317388e-06
4003,-27.4,28.0,1.7034605839090958e-06
4004,-27.4,29.0,1.2646887814383823e-06
4005,-27.4,30.0,9.339460764557287e-07
4006,-27.4,31.0,6.86035186734602e-07
4007,-27.4,32.0,5.01253423342495e-07
4008,-27.4,33.0,3.642961817670355e-07
4009,-27.4,34.0,2.633529241851487e-07
4010,-27.4,35.0,1.893685660977365e-07
4011,-27.4,36.0,1.354452651489072e-07
4012,-27.4,37.0,9.636202861768535e-08
4013,-27.4,38.0,6.819212023839628e-08
4014,-27.4,39.0,4.800081311467774e-08
4015,-27.4,40.0,3.3608499744636606e-08
4016,-27.4,41.0,2.3406462569595944e-08
4017,-27.4,42.0,1.6214686666068963e-08
4018,-27.4,43.0,1.1172939688967238e-08
4019,-27.4,44.0,7.657948865039476e-09
4020,-27.4,45.0,5.220878442794111e-09
4021,-27.4,46.0,3.540469129429313e-09
4022,-27.4,47.0,2.3881640254084086e-09
4023,-27.4,48.0,1.6023360399565796e-09
4024,-27.4,49.0,1.0693728620178868e-09
4025,-27.4,50.0,7.098896174957067e-10
4026,-27.4,51.0,4.687471047263267e-10
4027,-27.4,52.0,3.078736212470362e-10
4028,-27.4,53.0,2.0113723208077659e-10
4029,-27.4,54.0,1.3070691561730679e-10
4030,-27.4,55.0,8.448717154977586e-11
4031,-27.4,56.0,5.4321165985171845e-11
4032,-27.4,57.0,3.4740295094791405e-11
4033,-27.4,58.0,2.209958053186618e-11
4034,-27.4,59.0,1.3983653863684948e-11
4035,-27.4,60.0,8.801230756299878e-12
4036,-27.4,61.0,5.510008358390456e-12
4037,-27.4,62.0,3.4312093372750314e-12
4038,-27.4,63.0,2.1253393346872716e-12
4039,-27.4,64.0,1.3094696962365105e-12
4040,-27.4,65.0,8.025068208972718e-13
4041,-27.4,66.0,4.892018827791228e-13
4042,-27.4,67.0,2.9662900486438347e-13
4043,-27.4,68.0,1.789061282955631e-13
4044,-27.4,69.0,1.0733044432023702e-13
4045,-27.4,70.0,6.404817283523412e-14
4046,-27.4,71.0,3.801689730997755e-14
4047,-27.4,72.0,2.2445676648856296e-14
4048,-27.4,73.0,1.3181803768607492e-14
4049,-27.4,74.0,7.700219225487094e-15
4050,-27.3,-75.0,1.4555275653225804e-05
4051,-27.3,-74.0,1.871699655115129e-05
4052,-27.3,-73.0,2.394076333497619e-05
4053,-27.3,-72.0,3.0459721918435463e-05
4054,-27.3,-71.0,3.854783419539702e-05
4055,-27.3,-70.0,4.85243959655161e-05
4056,-27.3,-69.0,6.075841013410362e-05
4057,-27.3,-68.0,7.567262019324985e-05
4058,-27.3,-67.0,9.374697221466605e-05
4059,-27.3,-66.0,0.00011552123834795683
4060,-27.3,-65.0,0.00014159650339326966
4061,-27.3,-64.0,0.0001726351910211096
4062,-27.3,-63.0,0.00020935929052106624
4063,-27.3,-62.0,0.00025254644158796225
4064,-27.3,-61.0,0.00030302354658473605
4065,-27.3,-60.0,0.0003616576097177225
4066,-27.3,-59.0,0.00042934355293154257
4067,-27.3,-58.0,0.0005069888306904431
4068,-27.3,-57.0,0.0005954947608284736
4069,-27.3,-56.0,0.0006957346058118069
4070,-27.3,-55.0,0.0008085285761756732
4071,-27.3,-54.0,0.0009346160821710911
4072,-27.3,-53.0,0.0010746257257978936
4073,-27.3,-52.0,0.0012290436968799552
4074,-27.3,-51.0,0.0013981814057267374
4075,-27.3,-50.0,0.0015821433421611749
4076,-27.3,-49.0,0.0017807962864718483
4077,-27.3,-48.0,0.001993741105086578
4078,-27.3,-47.0,0.00222029806276379
4079,-27.3,-46.0,0.002464642941110856
4080,-27.3,-45.0,0.0031746681433921253
4081,-27.3,-44.0,0.009859679139969647
4082,-27.3,-43.0,0.02068126225451591
4083,-27.3,-42.0,0.018372668162473977
4084,-27.3,-41.0,0.023851803359505517
4085,-27.3,-40.0,0.01272981644583731
4086,-27.3,-39.0,0.015002237373047955
4087,-27.3,-38.0,0.029480519319808222
4088,-27.3,-37.0,0.01499819115737914
4089,-27.3,-36.0,0.006772361074136559
4090,-27.3,-35.0,0.019932407628529797
4091,-27.3,-34.0,0.04139392247585316
4092,-27.3,-33.0,0.021699789408234093
4093,-27.3,-32.0,0.02731844883675276
4094,-27.3,-31.0,0.05626858323424324
4095,-27.3,-30.0,0.02883860764998663
4096,-27.3,-29.0,0.04117841374534561
4097,-27.3,-28.0,0.08877117880504592
4098,-27.3,-27.0,0.03843260129048514
4099,-27.3,-26.0,0.00958253305031886
4100,-27.3,-25.0,0.026731137111720232
4101,-27.3,-24.0,0.056868422575920494
4102,-27.3,-23.0,0.027491180766567626
4103,-27.3,-22.0,0.0216451435212259
4104,-27.3,-21.0,0.04142605871946191
4105,-27.3,-20.0,0.019887681940007503
4106,-27.3,-19.0,0.006681891837418925
4107,-27.3,-18.0,0.014892113646547082
4108,-27.3,-17.0,0.029347578647656157
4109,-27.3,-16.0,0.014919550463952635
4110,-27.3,-15.0,0.012635483885591287
4111,-27.3,-14.0,0.023241370380815564
4112,-27.3,-13.0,0.011426450411600005
4113,-27.3,-12.0,0.004162369604318688
4114,-27.3,-11.0,0.008901670462136966
4115,-27.3,-10.0,0.017277674346745396
4116,-27.3,-9.0,0.008723886949711365
4117,-27.3,-8.0,0.007483256603677835
4118,-27.3,-7.0,0.013926411325901918
4119,-27.3,-6.0,0.006651671685359492
4120,-27.3,-5.0,0.002183033528099938
4121,-27.3,-4.0,0.005198895619412087
4122,-27.3,-3.0,0.010526252700337326
4123,-27.3,-2.0,0.004871895026803738
4124,-27.3,-1.0,0.001208576770437862
4125,-27.3,0.0,0.0006201499461422712
4126,-27.3,1.0,0.0008994149676242655
4127,-27.3,2.0,0.0033031399981291415
4128,-27.3,3.0,0.00712000295425652
4129,-27.3,4.0,0.003129981415552838
4130,-27.3,5.0,0.0007020936906445964
4131,-27.3,6.0,0.00247709942982307
4132,-27.3,7.0,0.005566799847748626
4133,-27.3,8.0,0.0025012805529326426
4134,-27.3,9.0,0.002173169706343053
4135,-27.3,10.0,0.004684811219957429
4136,-27.3,11.0,0.0019684074173591123
4137,-27.3,12.0,0.00032513771588733203
4138,-27.3,13.0,0.0015927197287110924
4139,-27.3,14.0,0.003776939160580059
4140,-27.3,15.0,0.0016508600557143998
4141,-27.3,16.0,0.0014505300896588062
4142,-27.3,17.0,0.0032446221166567233
4143,-27.3,18.0,0.0013337721721569324
4144,-27.3,19.0,0.0001814384019686584
4145,-27.3,20.0,0.00110105726997666
4146,-27.3,21.0,0.0026753431459678695
4147,-27.3,22.0,0.0010937545585484399
4148,-27.3,23.0,8.034034536310889e-05
4149,-27.3,24.0,6.250545618358517e-06
4150,-27.3,25.0,4.122485266616653e-06
4151,-27.3,26.0,3.1104345491494647e-06
4152,-27.3,27.0,2.335233588853474e-06
4153,-27.3,28.0,1.7439199087879678e-06
4154,-27.3,29.0,1.2954165765780694e-06
4155,-27.3,30.0,9.571476452866656e-07
4156,-27.3,31.0,7.034526714037097e-07
4157,-27.3,32.0,5.142534449789934e-07
4158,-27.3,33.0,3.739433799080486e-07
4159,-27.3,34.0,2.7047102745122857e-07
4160,-27.3,35.0,1.9459060840762394e-07
4161,-27.3,36.0,1.392544860936559e-07
4162,-27.3,37.0,9.912488244096966e-08
4163,-27.3,38.0,7.018468097370168e-08
4164,-27.3,39.0,4.942971619688982e-08
4165,-27.3,40.0,3.462741215944505e-08
4166,-27.3,41.0,2.4128930980889003e-08
4167,-27.3,42.0,1.672408039363264e-08
4168,-27.3,43.0,1.1530085526555772e-08
4169,-27.3,44.0,7.906948772092138e-09
4170,-27.3,45.0,5.393509320380644e-09
4171,-27.3,46.0,3.659485686535672e-09
4172,-27.3,47.0,2.469760166807539e-09
4173,-27.3,48.0,1.6579659993829832e-09
4174,-27.3,49.0,1.1070890794053384e-09
4175,-27.3,50.0,7.353187187972378e-10
4176,-27.3,51.0,4.857969511580547e-10
4177,-27.3,52.0,3.192420241326449e-10
4178,-27.3,53.0,2.0867548636739854e-10
4179,-27.3,54.0,1.35677839916911e-10
4180,-27.3,55.0,8.774704796835244e-11
4181,-27.3,56.0,5.64471755666766e-11
4182,-27.3,57.0,3.611919189608905e-11
4183,-27.3,58.0,2.2988992667542812e-11
4184,-27.3,59.0,1.4554187509410127e-11
4185,-27.3,60.0,9.165203188157661e-12
4186,-27.3,61.0,5.7409311258905735e-12
4187,-27.3,62.0,3.5769155221924754e-12
4188,-27.3,63.0,2.2167725627477817e-12
4189,-27.3,64.0,1.3665316638912802e-12
4190,-27.3,65.0,8.3792349568887e-13
4191,-27.3,66.0,5.110638297188214e-13
4192,-27.3,67.0,3.100502096057818e-13
4193,-27.3,68.0,1.871005314095496e-13
4194,-27.3,69.0,1.1230630021804291e-13
4195,-27.3,70.0,6.705317194794133e-14
4196,-27.3,71.0,3.9821777476326385e-14
4197,-27.3,72.0,2.35238316644357e-14
4198,-27.3,73.0,1.3822340659586804e-14
4199,-27.3,74.0,8.078695310957761e-15
4200,-27.2,-75.0,1.4367484061960506e-05
4201,-27.2,-74.0,1.8485356854880352e-05
4202,-27.2,-73.0,2.365707579570059e-05
4203,-27.2,-72.0,3.0114828290014254e-05
4204,-27.2,-71.0,3.81316702427589e-05
4205,-27.2,-70.0,4.80261058334182e-05
4206,-27.2,-69.0,6.016653844620308e-05
4207,-27.2,-68.0,7.497539905109063e-05
4208,-27.2,-67.0,9.293272104965152e-05
4209,-27.2,-66.0,0.0001145788946680889
4210,-27.2,-65.0,0.00014051630166130787
4211,-27.2,-64.0,0.0001714095050039143
4212,-27.2,-63.0,0.00020798365127801794
4213,-27.2,-62.0,0.0002510207386670102
4214,-27.2,-61.0,0.00030135341386392927
4215,-27.2,-60.0,0.00035985598963143557
4216,-27.2,-59.0,0.0004274324236030931
4217,-27.2,-58.0,0.0005050010699076358
4218,-27.2,-57.0,0.0005934761091121292
4219,-27.2,-56.0,0.0006937456784285625
4220,-27.2,-55.0,0.0008066468613476096
4221,-27.2,-54.0,0.0009329378505636541
4222,-27.2,-53.0,0.0010732677653494977
4223,-27.2,-52.0,0.001228144777966823
4224,-27.2,-51.0,0.0013979033753623706
4225,-27.2,-50.0,0.0015826717432240753
4226,-27.2,-49.0,0.0017823403995820572
4227,-27.2,-48.0,0.0019965333173447984
4228,-27.2,-47.0,0.002224592530558734
4229,-27.2,-46.0,0.002470740723148268
4230,-27.2,-45.0,0.0031852649900686093
4231,-27.2,-44.0,0.009906657482027608
4232,-27.2,-43.0,0.020786581000640424
4233,-27.2,-42.0,0.0184643298568432
4234,-27.2,-41.0,0.023969650417845177
4235,-27.2,-40.0,0.012794765934196485
4236,-27.2,-39.0,0.0150734488942069
4237,-27.2,-38.0,0.029613860588479
4238,-27.2,-37.0,0.01507525930804431
4239,-27.2,-36.0,0.00681746725897454
4240,-27.2,-35.0,0.020012118679701506
4241,-27.2,-34.0,0.04152942918085062
4242,-27.2,-33.0,0.021788582311803896
4243,-27.2,-32.0,0.02737448457008062
4244,-27.2,-31.0,0.056319207995154115
4245,-27.2,-30.0,0.02887493488047457
4246,-27.2,-29.0,0.040860460842122415
4247,-27.2,-28.0,0.08789048550858732
4248,-27.2,-27.0,0.03742771307723844
4249,-27.2,-26.0,0.009494022837031707
4250,-27.2,-25.0,0.02685093305895421
4251,-27.2,-24.0,0.05721140034371072
4252,-27.2,-23.0,0.02762291353551315
4253,-27.2,-22.0,0.02169679479126259
4254,-27.2,-21.0,0.04155944868034691
4255,-27.2,-20.0,0.019935993632364427
4256,-27.2,-19.0,0.00667833895264579
4257,-27.2,-18.0,0.014908955020340309
4258,-27.2,-17.0,0.029400649546220892
4259,-27.2,-16.0,0.014942333509605466
4260,-27.2,-15.0,0.01264973347556605
4261,-27.2,-14.0,0.023272775161175943
4262,-27.2,-13.0,0.011442715641316934
4263,-27.2,-12.0,0.004169528137129548
4264,-27.2,-11.0,0.008912940672132094
4265,-27.2,-10.0,0.01729568632738029
4266,-27.2,-9.0,0.008736657386365731
4267,-27.2,-8.0,0.007493773410492723
4268,-27.2,-7.0,0.013938649116922025
4269,-27.2,-6.0,0.006662088286102576
4270,-27.2,-5.0,0.0021920889634515265
4271,-27.2,-4.0,0.005206919107876277
4272,-27.2,-3.0,0.010532846968719457
4273,-27.2,-2.0,0.004879095492177325
4274,-27.2,-1.0,0.0012159475110889557
4275,-27.2,0.0,0.0006162957607748953
4276,-27.2,1.0,0.0009057380401143315
4277,-27.2,2.0,0.003307339338710413
4278,-27.2,3.0,0.00712116930235773
4279,-27.2,4.0,0.0031329785783053804
4280,-27.2,5.0,0.0007059985290552335
4281,-27.2,6.0,0.0024787767224520095
4282,-27.2,7.0,0.005565103543739088
4283,-27.2,8.0,0.0025019048478786042
4284,-27.2,9.0,0.0021733688671017807
4285,-27.2,10.0,0.00468180227017136
4286,-27.2,11.0,0.001968072484547661
4287,-27.2,12.0,0.00032632034936942424
4288,-27.2,13.0,0.0015919350134055608
4289,-27.2,14.0,0.0037730220327922173
4290,-27.2,15.0,0.0016495600198610555
4291,-27.2,16.0,0.0014491661692628294
4292,-27.2,17.0,0.003240466197807157
4293,-27.2,18.0,0.0013323061837457566
4294,-27.2,19.0,0.0001815591843023136
4295,-27.2,20.0,0.0010995805450836774
4296,-27.2,21.0,0.002671225556418704
4297,-27.2,22.0,0.001092168399833557
4298,-27.2,23.0,8.0368285914608e-05
4299,-27.2,24.0,6.364860599894646e-06
4300,-27.2,25.0,4.212486054085002e-06
4301,-27.2,26.0,3.1800605508660362e-06
4302,-27.2,27.0,2.3887788946504e-06
4303,-27.2,28.0,1.7848572213106042e-06
4304,-27.2,29.0,1.3265320004346147e-06
4305,-27.2,30.0,9.806602329267302e-07
4306,-27.2,31.0,7.211172263240271e-07
4307,-27.2,32.0,5.27447893416124e-07
4308,-27.2,33.0,3.837422103349837e-07
4309,-27.2,34.0,2.777063754063432e-07
4310,-27.2,35.0,1.9990255933025497e-07
4311,-27.2,36.0,1.4313210391592477e-07
4312,-27.2,37.0,1.01939366216076e-07
4313,-27.2,38.0,7.221592180564315e-08
4314,-27.2,39.0,5.088738480580719e-08
4315,-27.2,40.0,3.5667563136559494e-08
4316,-27.2,41.0,2.486697004917267e-08
4317,-27.2,42.0,1.7244810439164758e-08
4318,-27.2,43.0,1.1895428624927314e-08
4319,-27.2,44.0,8.161836309253646e-09
4320,-27.2,45.0,5.570340943380394e-09
4321,-27.2,46.0,3.781479810761896e-09
4322,-27.2,47.0,2.553453210013168e-09
4323,-27.2,48.0,1.7150632119709012e-09
4324,-27.2,49.0,1.145825458418843e-09
4325,-27.2,50.0,7.61452665985992e-10
4326,-27.2,51.0,5.033307502704875e-10
4327,-27.2,52.0,3.3094065637137454e-10
4328,-27.2,53.0,2.164376908241552e-10
4329,-27.2,54.0,1.4079971227852671e-10
4330,-27.2,55.0,9.110804979640697e-11
4331,-27.2,56.0,5.864052383979814e-11
4332,-27.2,57.0,3.7542659930994795e-11
4333,-27.2,58.0,2.3907730156417155e-11
4334,-27.2,59.0,1.514390089069568e-11
4335,-27.2,60.0,9.541645552563283e-12
4336,-27.2,61.0,5.979913583740689e-12
4337,-27.2,62.0,3.727800342668987e-12
4338,-27.2,63.0,2.3115137828216348e-12
4339,-27.2,64.0,1.4256943820705049e-12
4340,-27.2,65.0,8.746665070240964e-13
4341,-27.2,66.0,5.337583261238211e-13
4342,-27.2,67.0,3.2399099240816914e-13
4343,-27.2,68.0,1.9561732559069743e-13
4344,-27.2,69.0,1.1748104625203863e-13
4345,-27.2,70.0,7.018016768312829e-14
4346,-27.2,71.0,4.170106101659026e-14
4347,-27.2,72.0,2.4647105045208658e-14
4348,-27.2,73.0,1.4490081712197204e-14
4349,-27.2,74.0,8.473481011260603e-15
4350,-27.1,-75.0,1.4176403475890696e-05
4351,-27.1,-74.0,1.8249231033940816e-05
4352,-27.1,-73.0,2.3367334797888623e-05
4353,-27.1,-72.0,2.976184839991622e-05
4354,-27.1,-71.0,3.770480740980095e-05
4355,-27.1,-70.0,4.7513788591049385e-05
4356,-27.1,-69.0,5.95564362795146e-05
4357,-27.1,-68.0,7.425468359384426e-05
4358,-27.1,-67.0,9.208843842496971e-05
4359,-27.1,-66.0,0.00011359846754943528
4360,-27.1,-65.0,0.00013938817901964183
4361,-27.1,-64.0,0.0001701239758198294
4362,-27.1,-63.0,0.00020653383554344342
4363,-27.1,-62.0,0.0002494037646171785
4364,-27.1,-61.0,0.00029957178445056933
4365,-27.1,-60.0,0.00035791913372151606
4366,-27.1,-59.0,0.0004253584182969963
4367,-27.1,-58.0,0.0005028185098507243
4368,-27.1,-57.0,0.00059122608697372
4369,-27.1,-56.0,0.0006914838282156743
4370,-27.1,-55.0,0.000804445403406502
4371,-27.1,-54.0,0.0009308875646183107
4372,-27.1,-53.0,0.0010714798064537328
4373,-27.1,-52.0,0.001226752240602946
4374,-27.1,-51.0,0.001397062503941121
4375,-27.1,-50.0,0.0015825626837581495
4376,-27.1,-49.0,0.0017831673880890876
4377,-27.1,-48.0,0.0019985242062515933
4378,-27.1,-47.0,0.002227997613543499
4379,-27.1,-46.0,0.00247585645056339
4380,-27.1,-45.0,0.0031946456310957072
4381,-27.1,-44.0,0.009950353630099967
4382,-27.1,-43.0,0.02088528469736077
4383,-27.1,-42.0,0.01855007720991972
4384,-27.1,-41.0,0.024079897707747388
4385,-27.1,-40.0,0.012855532765217299
4386,-27.1,-39.0,0.015139810523453964
4387,-27.1,-38.0,0.029737957311309026
4388,-27.1,-37.0,0.015147512611365172
4389,-27.1,-36.0,0.006860307699484151
4390,-27.1,-35.0,0.02008583638651956
4391,-27.1,-34.0,0.04165283376647753
4392,-27.1,-33.0,0.021871055177991396
4393,-27.1,-32.0,0.02742396830686611
4394,-27.1,-31.0,0.05635714660538489
4395,-27.1,-30.0,0.028907184267535108
4396,-27.1,-29.0,0.04057206898158088
4397,-27.1,-28.0,0.08708569190329749
4398,-27.1,-27.0,0.03648043728697421
4399,-27.1,-26.0,0.009408247977686657
4400,-27.1,-25.0,0.026970035725472775
4401,-27.1,-24.0,0.05755444449912517
4402,-27.1,-23.0,0.027753786492103943
4403,-27.1,-22.0,0.021745562715853487
4404,-27.1,-21.0,0.041687580558253196
4405,-27.1,-20.0,0.019981432518278438
4406,-27.1,-19.0,0.006673356737172785
4407,-27.1,-18.0,0.014923056491517591
4408,-27.1,-17.0,0.029448746739031587
4409,-27.1,-16.0,0.014962399729389576
4410,-27.1,-15.0,0.012661548705661727
4411,-27.1,-14.0,0.023299971973867115
4412,-27.1,-13.0,0.011456787204756116
4413,-27.1,-12.0,0.004175738564077501
4414,-27.1,-11.0,0.008922442654721394
4415,-27.1,-10.0,0.017310470649544846
4416,-27.1,-9.0,0.008747736560361688
4417,-27.1,-8.0,0.007502825128789351
4418,-27.1,-7.0,0.013948277576505583
4419,-27.1,-6.0,0.006671227615378616
4420,-27.1,-5.0,0.0022006903002637986
4421,-27.1,-4.0,0.005213949847911546
4422,-27.1,-3.0,0.010537485321751045
4423,-27.1,-2.0,0.00488538742683934
4424,-27.1,-1.0,0.0012230904745919378
4425,-27.1,0.0,0.0006123471406872188
4426,-27.1,1.0,0.0009119059860607866
4427,-27.1,2.0,0.0033109448111949156
4428,-27.1,3.0,0.007121041008947087
4429,-27.1,4.0,0.0031354184274829783
4430,-27.1,5.0,0.0007097947172784317
4431,-27.1,6.0,0.002480016764588781
4432,-27.1,7.0,0.005562397119981794
4433,-27.1,8.0,0.0025020859775627038
4434,-27.1,9.0,0.002173183973557346
4435,-27.1,10.0,0.004677941336042272
4436,-27.1,11.0,0.0019673883984365533
4437,-27.1,12.0,0.0003274574664338183
4438,-27.1,13.0,0.0015908673965390266
4439,-27.1,14.0,0.003768414051867459
4440,-27.1,15.0,0.0016479631206593108
4441,-27.1,16.0,0.0014475412204221012
4442,-27.1,17.0,0.0032357139936071084
4443,-27.1,18.0,0.0013305984172123167
4444,-27.1,19.0,0.00018165168832961738
4445,-27.1,20.0,0.0010979034817877056
4446,-27.1,21.0,0.0026666137950620487
4447,-27.1,22.0,0.0010903817763286087
4448,-27.1,23.0,8.038383304650692e-05
4449,-27.1,24.0,6.4800895616056825e-06
4450,-27.1,25.0,4.303391433318627e-06
4451,-27.1,26.0,3.2504435379456412e-06
4452,-27.1,27.0,2.4429495067179923e-06
4453,-27.1,28.0,1.8263051200500068e-06
4454,-27.1,29.0,1.3580598868869281e-06
4455,-27.1,30.0,1.0045026853231363e-06
4456,-27.1,31.0,7.390430971252233e-07
4457,-27.1,32.0,5.408474936501154e-07
4458,-27.1,33.0,3.937007143286531e-07
4459,-27.1,34.0,2.850649718520237e-07
4460,-27.1,35.0,2.0530888221591293e-07
4461,-27.1,36.0,1.4708142223621109e-07
4462,-27.1,37.0,1.0480791425165109e-07
4463,-27.1,38.0,7.428762831817067e-08
4464,-27.1,39.0,5.2375122612903144e-08
4465,-27.1,40.0,3.672990001382191e-08
4466,-27.1,41.0,2.562126488020522e-08
4467,-27.1,42.0,1.777736985750565e-08
4468,-27.1,43.0,1.2269322076454505e-08
4469,-27.1,44.0,8.42286307578229e-09
4470,-27.1,45.0,5.751551686178266e-09
4471,-27.1,46.0,3.906577317480244e-09
4472,-27.1,47.0,2.639331440798543e-09
4473,-27.1,48.0,1.7736893064113703e-09
4474,-27.1,49.0,1.1856247938967766e-09
4475,-27.1,50.0,7.883210186687003e-10
4476,-27.1,51.0,5.213688110755345e-10
4477,-27.1,52.0,3.429833966152907e-10
4478,-27.1,53.0,2.2443327869195115e-10
4479,-27.1,54.0,1.460789097215466e-10
4480,-27.1,55.0,9.457446456140728e-11
4481,-27.1,56.0,6.090407774535472e-11
4482,-27.1,57.0,3.9012605733042497e-11
4483,-27.1,58.0,2.485705388581003e-11
4484,-27.1,59.0,1.575362329915562e-11
4485,-27.1,60.0,9.931100264010247e-12
4486,-27.1,61.0,6.227308543567694e-12
4487,-27.1,62.0,3.884092010099744e-12
4488,-27.1,63.0,2.4097097896341544e-12
4489,-27.1,64.0,1.4870517492785897e-12
4490,-27.1,65.0,9.127955830333874e-13
4491,-27.1,66.0,5.573231525702089e-13
4492,-27.1,67.0,3.384751175947151e-13
4493,-27.1,68.0,2.04471375251088e-13
4494,-27.1,69.0,1.2286392799836434e-13
4495,-27.1,70.0,7.343487855279816e-14
4496,-27.1,71.0,4.3658265106384416e-14
4497,-27.1,72.0,2.5817647920055837e-14
4498,-27.1,73.0,1.518633520373337e-14
4499,-27.1,74.0,8.885367540493574e-15
4500,-27.0,-75.0,1.3462498643822294e-05
4501,-27.0,-74.0,1.733945991050958e-05
4502,-27.0,-73.0,2.2214245484403287e-05
4503,-27.0,-72.0,2.830829255706052e-05
4504,-27.0,-71.0,3.5882433706921044e-05
4505,-27.0,-70.0,4.5241418629331825e-05
4506,-27.0,-69.0,5.673834262177036e-05
4507,-27.0,-68.0,7.077879816018494e-05
4508,-27.0,-67.0,8.782452910643952e-05
4509,-27.0,-66.0,0.00010839633122292459
4510,-27.0,-65.0,0.00013307590989293448
4511,-27.0,-64.0,0.0001625063787709301
4512,-27.0,-63.0,0.00019739106432065166
4513,-27.0,-62.0,0.00023849027382370183
4514,-27.0,-61.0,0.00028661569146546875
4515,-27.0,-60.0,0.0003426220913762795
4516,-27.0,-59.0,0.00040739610048996235
4517,-27.0,-58.0,0.00048184180962482844
4518,-27.0,-57.0,0.0005668631192688311
4519,-27.0,-56.0,0.0006633428170273499
4520,-27.0,-55.0,0.0007721185151145977
4521,-27.0,-54.0,0.0008939557257037936
4522,-27.0,-53.0,0.0010295185148942669
4523,-27.0,-52.0,0.0011793383464381063
4524,-27.0,-51.0,0.0013437818966744832
4525,-27.0,-50.0,0.0015230187836032141
4526,-27.0,-49.0,0.0017169902960756647
4527,-27.0,-48.0,0.00192538032657395
4528,-27.0,-47.0,0.002147599203860725
4529,-27.0,-46.0,0.002387800769813737
4530,-27.0,-45.0,0.0030837483741125264
4531,-27.0,-44.0,0.009619357982650267
4532,-27.0,-43.0,0.020197528338968786
4533,-27.0,-42.0,0.01793733423765473
4534,-27.0,-41.0,0.02328354830328864
4535,-27.0,-40.0,0.012432099372663728
4536,-27.0,-39.0,0.014636205745120576
4537,-27.0,-38.0,0.028743025644290442
4538,-27.0,-37.0,0.01464932133407775
4539,-27.0,-36.0,0.006644322613064606
4540,-27.0,-35.0,0.019404345254482924
4541,-27.0,-34.0,0.04021156966663999
4542,-27.0,-33.0,0.02113130573046664
4543,-27.0,-32.0,0.02644578009444307
4544,-27.0,-31.0,0.054286331563393846
4545,-27.0,-30.0,0.02785920758072062
4546,-27.0,-29.0,0.038808178198475124
4547,-27.0,-28.0,0.08313079498976264
4548,-27.0,-27.0,0.03722032198173234
4549,-27.0,-26.0,0.00966559308648941
4550,-27.0,-25.0,0.028079074408048507
4551,-27.0,-24.0,0.06001491751321495
4552,-27.0,-23.0,0.028903511872655937
4553,-27.0,-22.0,0.02258824704399469
4554,-27.0,-21.0,0.04333920777516475
4555,-27.0,-20.0,0.020756158046170498
4556,-27.0,-19.0,0.006910719782092262
4557,-27.0,-18.0,0.015480472810802188
4558,-27.0,-17.0,0.030570186135840904
4559,-27.0,-16.0,0.015527457049187426
4560,-27.0,-15.0,0.013134219440756302
4561,-27.0,-14.0,0.024175720399426857
4562,-27.0,-13.0,0.011887993503583588
4563,-27.0,-12.0,0.004333868624791135
4564,-27.0,-11.0,0.009256689249553302
4565,-27.0,-10.0,0.017955373806326523
4566,-27.0,-9.0,0.009077308802881686
4567,-27.0,-8.0,0.007785012613828808
4568,-27.0,-7.0,0.01446554546922536
4569,-27.0,-6.0,0.006923294393653061
4570,-27.0,-5.0,0.0022895940976033
4571,-27.0,-4.0,0.005410843801033435
4572,-27.0,-3.0,0.010925549995217205
4573,-27.0,-2.0,0.005069590110552769
4574,-27.0,-1.0,0.0012749739325141815
4575,-27.0,0.0,0.0006305480253893813
4576,-27.0,1.0,0.000951476914159623
4577,-27.0,2.0,0.0034351237755100824
4578,-27.0,3.0,0.00737993622227097
4579,-27.0,4.0,0.0032520100583778746
4580,-27.0,5.0,0.0007395672249887166
4581,-27.0,6.0,0.002571526202722981
4582,-27.0,7.0,0.005761927091671029
4583,-27.0,8.0,0.0025932993139078033
4584,-27.0,9.0,0.0022520536022091614
4585,-27.0,10.0,0.004844100445832235
4586,-27.0,11.0,0.0020382524915127506
4587,-27.0,12.0,0.00034056136777299714
4588,-27.0,13.0,0.0016476359177517068
4589,-27.0,14.0,0.00390071076856907
4590,-27.0,15.0,0.001706256473804373
4591,-27.0,16.0,0.0014985145249492354
4592,-27.0,17.0,0.0033484819201200218
4593,-27.0,18.0,0.001377230029237603
4594,-27.0,19.0,0.00018836009458485546
4595,-27.0,20.0,0.0011361016958948184
4596,-27.0,21.0,0.002758824725885469
4597,-27.0,22.0,0.001128191325094255
4598,-27.0,23.0,8.332624593944768e-05
4599,-27.0,24.0,6.837377818337052e-06
4600,-27.0,25.0,4.555878702502282e-06
4601,-27.0,26.0,3.4430132730547036e-06
4602,-27.0,27.0,2.589058473336814e-06
4603,-27.0,28.0,1.936564747562035e-06
4604,-27.0,29.0,1.4408173845720913e-06
4605,-27.0,30.0,1.0662829538194933e-06
4606,-27.0,31.0,7.849147409412849e-07
4607,-27.0,32.0,5.747234344506371e-07
4608,-27.0,33.0,4.185830685429985e-07
4609,-27.0,34.0,3.032429304965626e-07
4610,-27.0,35.0,2.1851736078197018e-07
4611,-27.0,36.0,1.5662728143803957e-07
4612,-27.0,37.0,1.1166962325420917e-07
4613,-27.0,38.0,7.919337485269422e-08
4614,-27.0,39.0,5.586358417020279e-08
4615,-27.0,40.0,3.9197184819451446e-08
4616,-27.0,41.0,2.735691269879303e-08
4617,-27.0,42.0,1.8991768779796816e-08
4618,-27.0,43.0,1.3114443357815367e-08
4619,-27.0,44.0,9.007835032638847e-09
4620,-27.0,45.0,6.154277841028616e-09
4621,-27.0,46.0,4.1823452929696976e-09
4622,-27.0,47.0,2.8271495438035937e-09
4623,-27.0,48.0,1.900919767313983e-09
4624,-27.0,49.0,1.2713493375249572e-09
4625,-27.0,50.0,8.457697025538689e-10
4626,-27.0,51.0,5.596615285720336e-10
4627,-27.0,52.0,3.683705418081123e-10
4628,-27.0,53.0,2.411739737519974e-10
4629,-27.0,54.0,1.5705873427929475e-10
4630,-27.0,55.0,1.0173721733002381e-10
4631,-27.0,56.0,6.555166453117703e-11
4632,-27.0,57.0,4.201203328027851e-11
4633,-27.0,58.0,2.6782418078209607e-11
4634,-27.0,59.0,1.6982904874855773e-11
4635,-27.0,60.0,1.0711746256437754e-11
4636,-27.0,61.0,6.7203931937475934e-12
4637,-27.0,62.0,4.1938722545816014e-12
4638,-27.0,63.0,2.603285621236094e-12
4639,-27.0,64.0,1.6073651540886864e-12
4640,-27.0,65.0,9.871732670142287e-13
4641,-27.0,66.0,6.03056954931838e-13
4642,-27.0,67.0,3.6644549117934984e-13
4643,-27.0,68.0,2.2148613359261612e-13
4644,-27.0,69.0,1.3315878041467672e-13
4645,-27.0,70.0,7.96304524488535e-14
4646,-27.0,71.0,4.736686757859359e-14
4647,-27.0,72.0,2.802568619081655e-14
4648,-27.0,73.0,1.6493922583870147e-14
4649,-27.0,74.0,9.65556643454123e-15
4650,-26.9,-75.0,1.2795349654012768e-05
4651,-26.9,-74.0,1.6488966696257882e-05
4652,-26.9,-73.0,2.1135904160095918e-05
4653,-26.9,-72.0,2.6948483371724358e-05
4654,-26.9,-71.0,3.417699963702981e-05
4655,-26.9,-70.0,4.311413194314603e-05
4656,-26.9,-69.0,5.4099277691674334e-05
4657,-26.9,-68.0,6.752263694313099e-05
4658,-26.9,-67.0,8.382883478264393e-05
4659,-26.9,-66.0,0.00010351983526719318
4660,-26.9,-65.0,0.0001271568680477229
4661,-26.9,-64.0,0.00015536106159636675
4662,-26.9,-63.0,0.00018881245772140118
4663,-26.9,-62.0,0.00022824707361728585
4664,-26.9,-61.0,0.0002744516830132249
4665,-26.9,-60.0,0.00032825600985225093
4666,-26.9,-59.0,0.0003905220688063947
4667,-26.9,-58.0,0.0004621304486828372
4668,-26.9,-57.0,0.0005439634184477393
4669,-26.9,-56.0,0.0006368848411761116
4670,-26.9,-55.0,0.0007417170074465004
4671,-26.9,-54.0,0.0008592146438267871
4672,-26.9,-53.0,0.0009900365099058152
4673,-26.9,-52.0,0.0011347151630481187
4674,-26.9,-51.0,0.0012936256364862212
4675,-26.9,-50.0,0.0014669539350971698
4676,-26.9,-49.0,0.0016546663949282088
4677,-26.9,-48.0,0.00185648107029746
4678,-26.9,-47.0,0.002071851507641975
4679,-26.9,-46.0,0.0023048234672274643
4680,-26.9,-45.0,0.0029792498603186516
4681,-26.9,-44.0,0.009307701862136699
4682,-26.9,-43.0,0.01955010579268358
4683,-26.9,-42.0,0.017360516508655496
4684,-26.9,-41.0,0.02253397541915546
4685,-26.9,-40.0,0.012033391726545944
4686,-26.9,-39.0,0.014162153087189804
4687,-26.9,-38.0,0.027806831810679358
4688,-26.9,-37.0,0.014180311387001713
4689,-26.9,-36.0,0.00644075557537669
4690,-26.9,-35.0,0.018763436539258285
4691,-26.9,-34.0,0.03885683891502455
4692,-26.9,-33.0,0.02043575632894533
4693,-26.9,-32.0,0.025527895402953894
4694,-26.9,-31.0,0.05234457778705406
4695,-26.9,-30.0,0.026877898151853145
4696,-26.9,-29.0,0.03718199900508339
4697,-26.9,-28.0,0.07949196412012387
4698,-26.9,-27.0,0.03599113903294612
4699,-26.9,-26.0,0.009933337008323438
4700,-26.9,-25.0,0.02923947572998511
4701,-26.9,-24.0,0.06259364451231572
4702,-26.9,-23.0,0.03010654880076242
4703,-26.9,-22.0,0.023465797263834468
4704,-26.9,-21.0,0.045060545984935634
4705,-26.9,-20.0,0.021562680880834725
4706,-26.9,-19.0,0.0071566319421096595
4707,-26.9,-18.0,0.01605942037666196
4708,-26.9,-17.0,0.031736136854591146
4709,-26.9,-16.0,0.01611458023893971
4710,-26.9,-15.0,0.01362501274278267
4711,-26.9,-14.0,0.025085540919046048
4712,-26.9,-13.0,0.012335860259701301
4713,-26.9,-12.0,0.004497978349959702
4714,-26.9,-11.0,0.00960372899926958
4715,-26.9,-10.0,0.018625059367630828
4716,-26.9,-9.0,0.009419604248894665
4717,-26.9,-8.0,0.00807806098682142
4718,-26.9,-7.0,0.015002598746900509
4719,-26.9,-6.0,0.007185129078135247
4720,-26.9,-5.0,0.0023820995564395476
4721,-26.9,-4.0,0.00561536919979832
4722,-26.9,-3.0,0.01132838090722685
4723,-26.9,-2.0,0.005260946369713805
4724,-26.9,-1.0,0.0013290642888148425
4725,-26.9,0.0,0.0006493124415144232
4726,-26.9,1.0,0.0009927734280615705
4727,-26.9,2.0,0.003564126864117273
4728,-26.9,3.0,0.007648597062715114
4729,-26.9,4.0,0.003373103153796115
4730,-26.9,5.0,0.0007706219293234335
4731,-26.9,6.0,0.0026665486468382617
4732,-26.9,7.0,0.0059688913542313175
4733,-26.9,8.0,0.002687974550460146
4734,-26.9,9.0,0.0023339054220623615
4735,-26.9,10.0,0.005016390162248613
4736,-26.9,11.0,0.0021117760230584697
4737,-26.9,12.0,0.0003542163594937622
4738,-26.9,13.0,0.001706515717747457
4739,-26.9,14.0,0.004037828643599602
4740,-26.9,15.0,0.0017666956730821336
4741,-26.9,16.0,0.0015513557292142924
4742,-26.9,17.0,0.0034653262430804463
4743,-26.9,18.0,0.001425560457913053
4744,-26.9,19.0,0.0001953304020726739
4745,-26.9,20.0,0.001175680561056844
4746,-26.9,21.0,0.0028543397095955932
4747,-26.9,22.0,0.0011673612343417372
4748,-26.9,23.0,8.63828093345959e-05
4749,-26.9,24.0,7.214680962540274e-06
4750,-26.9,25.0,4.8230914443314105e-06
4751,-26.9,26.0,3.6469240413070677e-06
4752,-26.9,27.0,2.7438551155198923e-06
4753,-26.9,28.0,2.0534430059898293e-06
4754,-26.9,29.0,1.528589609234272e-06
4755,-26.9,30.0,1.1318419187802824e-06
4756,-26.9,31.0,8.336181246296021e-07
4757,-26.9,32.0,6.107098609084196e-07
4758,-26.9,33.0,4.450297594355709e-07
4759,-26.9,34.0,3.225740712590237e-07
4760,-26.9,35.0,2.325712865438695e-07
4761,-26.9,36.0,1.667895895010356e-07
4762,-26.9,37.0,1.1897835605747835e-07
4763,-26.9,38.0,8.442151638654336e-08
4764,-26.9,39.0,5.958329001885008e-08
4765,-26.9,40.0,4.1829430067883505e-08
4766,-26.9,41.0,2.920959548907603e-08
4767,-26.9,42.0,2.0288748580767644e-08
4768,-26.9,43.0,1.4017517153879812e-08
4769,-26.9,44.0,9.633254791794151e-09
4770,-26.9,45.0,6.585080842308062e-09
4771,-26.9,46.0,4.4774968199692175e-09
4772,-26.9,47.0,3.028276813481557e-09
4773,-26.9,48.0,2.037238926709932e-09
4774,-26.9,49.0,1.3632467445741e-09
4775,-26.9,50.0,9.073881034103969e-10
4776,-26.9,51.0,6.007555627348157e-10
4777,-26.9,52.0,3.956294648977291e-10
4778,-26.9,53.0,2.591585636100474e-10
4779,-26.9,54.0,1.6886070861835297e-10
4780,-26.9,55.0,1.0944042182656088e-10
4781,-26.9,56.0,7.055259899462614e-11
4782,-26.9,57.0,4.524122781090315e-11
4783,-26.9,58.0,2.885638052935566e-11
4784,-26.9,59.0,1.83077695673953e-11
4785,-26.9,60.0,1.155354143264764e-11
4786,-26.9,61.0,7.252386190395332e-12
4787,-26.9,62.0,4.528275338338889e-12
4788,-26.9,63.0,2.8123595125872535e-12
4789,-26.9,64.0,1.7373805520335992e-12
4790,-26.9,65.0,1.067591683447623e-12
4791,-26.9,66.0,6.525315514200389e-13
4792,-26.9,67.0,3.967198735659177e-13
4793,-26.9,68.0,2.399122952057702e-13
4794,-26.9,69.0,1.443135671755404e-13
4795,-26.9,70.0,8.634713366779027e-14
4796,-26.9,71.0,5.138954787467066e-14
4797,-26.9,72.0,3.042200094741076e-14
4798,-26.9,73.0,1.791376455085464e-14
4799,-26.9,74.0,1.0492332758314488e-14
4800,-26.8,-75.0,1.2618281027080435e-05
4801,-26.8,-74.0,1.6269449845010525e-05
4802,-26.8,-73.0,2.0865636958630105e-05
4803,-26.8,-72.0,2.6618068215913998e-05
4804,-26.8,-71.0,3.377594650609285e-05
4805,-26.8,-70.0,4.26309126357257e-05
4806,-26.8,-69.0,5.35214461401655e-05
4807,-26.8,-68.0,6.683703204168388e-05
4808,-26.8,-67.0,8.302188329998452e-05
4809,-26.8,-66.0,0.00010257797297639566
4810,-26.8,-65.0,0.00012606709699830037
4811,-26.8,-64.0,0.00015411166028124465
4812,-26.8,-63.0,0.00018739385856096532
4813,-26.8,-62.0,0.0002266529185244846
4814,-26.8,-61.0,0.0002726800626853914
4815,-26.8,-60.0,0.00032631088578075035
4816,-26.8,-59.0,0.00038841486880273853
4817,-26.8,-58.0,0.0004598818170798169
4818,-26.8,-57.0,0.0005416050912433543
4819,-26.8,-56.0,0.0006344616045607593
4820,-26.8,-55.0,0.0007392886858256704
4821,-26.8,-54.0,0.0008568580511764784
4822,-26.8,-53.0,0.000987847286736261
4823,-26.8,-52.0,0.001132809411147716
4824,-26.8,-51.0,0.001292141255768691
4825,-26.8,-50.0,0.0014660515620889523
4826,-26.8,-49.0,0.0016545298414797733
4827,-26.8,-48.0,0.001857317164671489
4828,-26.8,-47.0,0.002073889290912244
4829,-26.8,-46.0,0.0023083351915617186
4830,-26.8,-45.0,0.002986492072144017
4831,-26.8,-44.0,0.00934506464121361
4832,-26.8,-43.0,0.01963575887251392
4833,-26.8,-42.0,0.017434703420662532
4834,-26.8,-41.0,0.02262951188324645
4835,-26.8,-40.0,0.012085800425402572
4836,-26.8,-39.0,0.014219269846918627
4837,-26.8,-38.0,0.027914041440018814
4838,-26.8,-37.0,0.014242971463639844
4839,-26.8,-36.0,0.006478230443223509
4840,-26.8,-35.0,0.018827136112626215
4841,-26.8,-34.0,0.03896260980578624
4842,-26.8,-33.0,0.020507698277432446
4843,-26.8,-32.0,0.025571673838558115
4844,-26.8,-31.0,0.05237758351429978
4845,-26.8,-30.0,0.02691126876532843
4846,-26.8,-29.0,0.03698876432428886
4847,-26.8,-28.0,0.07892977692355173
4848,-26.8,-27.0,0.035806259693610766
4849,-26.8,-26.0,0.009830532861471454
4850,-26.8,-25.0,0.029317520723665627
4851,-26.8,-24.0,0.06286045169220507
4852,-26.8,-23.0,0.030195248483858555
4853,-26.8,-22.0,0.02346993048145265
4854,-26.8,-21.0,0.045106138507237936
4855,-26.8,-20.0,0.02156634161285175
4856,-26.8,-19.0,0.007134813037881367
4857,-26.8,-18.0,0.016038979122154975
4858,-26.8,-17.0,0.031718799340816776
4859,-26.8,-16.0,0.0161004943138588
4860,-26.8,-15.0,0.013607133841893446
4861,-26.8,-14.0,0.02505932720316705
4862,-26.8,-13.0,0.012323309110914334
4863,-26.8,-12.0,0.004494071031879488
4864,-26.8,-11.0,0.009592198880553597
4865,-26.8,-10.0,0.01859945891512325
4866,-26.8,-9.0,0.009410313567874397
4867,-26.8,-8.0,0.008069562257052316
4868,-26.8,-7.0,0.01497950204373448
4869,-26.8,-6.0,0.007178815681542775
4870,-26.8,-5.0,0.002385859379508882
4871,-26.8,-4.0,0.005610331147054926
4872,-26.8,-3.0,0.011308169927729149
4873,-26.8,-2.0,0.005255981024164651
4874,-26.8,-1.0,0.0013337495325038938
4875,-26.8,0.0,0.0006437038740219087
4876,-26.8,1.0,0.000997211675118531
4877,-26.8,2.0,0.0035601306240409946
4878,-26.8,3.0,0.007631550133952764
4879,-26.8,4.0,0.003368297611263486
4880,-26.8,5.0,0.0007730461438343978
4881,-26.8,6.0,0.0026620243582603734
4882,-26.8,7.0,0.005952802974258602
4883,-26.8,8.0,0.0026822639579264034
4884,-26.8,9.0,0.0023285836995914798
4885,-26.8,10.0,0.005001163524354658
4886,-26.8,11.0,0.0021064032177083463
4887,-26.8,12.0,0.00035469596575667974
4888,-26.8,13.0,0.001701621265733894
4889,-26.8,14.0,0.004023952147669474
4890,-26.8,15.0,0.0017610901518578723
4891,-26.8,16.0,0.0015461942506519637
4892,-26.8,17.0,0.003452553533758445
4893,-26.8,18.0,0.001420581894600845
4894,-26.8,19.0,0.0001950132659078686
4895,-26.8,20.0,0.00117128438104952
4896,-26.8,21.0,0.0028430634554065296
4897,-26.8,22.0,0.0011628612860910708
4898,-26.8,23.0,8.621586433783315e-05
4899,-26.8,24.0,7.329002132542249e-06
4900,-26.8,25.0,4.915329589729575e-06
4901,-26.8,26.0,3.718676973645313e-06
4902,-26.8,27.0,2.799330689458891e-06
4903,-26.8,28.0,2.0960758604144624e-06
4904,-26.8,29.0,1.5611569841804267e-06
4905,-26.8,30.0,1.1565723121155453e-06
4906,-26.8,31.0,8.522863239938174e-07
4907,-26.8,32.0,6.247189303183485e-07
4908,-26.8,33.0,4.5548088552698513e-07
4909,-26.8,34.0,3.303253717264157e-07
4910,-26.8,35.0,2.382867807650966e-07
4911,-26.8,36.0,1.709795521866508e-07
4912,-26.8,37.0,1.2203223977575408e-07
4913,-26.8,38.0,8.663455556668178e-08
4914,-26.8,39.0,6.117780192127136e-08
4915,-26.8,40.0,4.297171859684979e-08
4916,-26.8,41.0,3.002325022948475e-08
4917,-26.8,42.0,2.08650203008787e-08
4918,-26.8,43.0,1.4423346462278647e-08
4919,-26.8,44.0,9.917435287750835e-09
4920,-26.8,45.0,6.782953314742789e-09
4921,-26.8,46.0,4.614497254842565e-09
4922,-26.8,47.0,3.1225979210264267e-09
4923,-26.8,48.0,2.1018119160654584e-09
4924,-26.8,49.0,1.4072062081274862e-09
4925,-26.8,50.0,9.37147051973282e-10
4926,-26.8,51.0,6.207887705929616e-10
4927,-26.8,52.0,4.0904027282040116e-10
4928,-26.8,53.0,2.6808616008537937e-10
4929,-26.8,54.0,1.7477078086625362e-10
4930,-26.8,55.0,1.1333116854713369e-10
4931,-26.8,56.0,7.309977066801984e-11
4932,-26.8,57.0,4.6899560157099466e-11
4933,-26.8,58.0,2.993006310857253e-11
4934,-26.8,59.0,1.899908137672931e-11
4935,-26.8,60.0,1.19961995334959e-11
4936,-26.8,61.0,7.534264562245157e-12
4937,-26.8,62.0,4.706782814653522e-12
4938,-26.8,63.0,2.924782392166286e-12
4939,-26.8,64.0,1.8077945277774398e-12
4940,-26.8,65.0,1.111451926317374e-12
4941,-26.8,66.0,6.797017777724856e-13
4942,-26.8,67.0,4.134587966267704e-13
4943,-26.8,68.0,2.5016824060955057e-13
4944,-26.8,69.0,1.5056298618112387e-13
4945,-26.8,70.0,9.013435861606725e-14
4946,-26.8,71.0,5.3672105580445236e-14
4947,-26.8,72.0,3.179018104153285e-14
4948,-26.8,73.0,1.8729383258192174e-14
4949,-26.8,74.0,1.097589793045553e-14
4950,-26.7,-75.0,1.2440100317534442e-05
4951,-26.7,-74.0,1.604825969998773e-05
4952,-26.7,-73.0,2.0592928534330827e-05
4953,-26.7,-72.0,2.6284177324976986e-05
4954,-26.7,-71.0,3.3370043450094096e-05
4955,-26.7,-70.0,4.214104135203418e-05
4956,-26.7,-69.0,5.293462758243933e-05
4957,-26.7,-68.0,6.613944833411027e-05
4958,-26.7,-67.0,8.219916045107283e-05
4959,-26.7,-66.0,0.00010161558062967605
4960,-26.7,-65.0,0.00012495088363984397
4961,-26.7,-64.0,0.00015282854131583315
4962,-26.7,-63.0,0.000185932672513109
4963,-26.7,-62.0,0.00022500546313975432
4964,-26.7,-61.0,0.0002708423177600707
4965,-26.7,-60.0,0.00032428442304621664
4966,-26.7,-59.0,0.0003862084411208309
4967,-26.7,-58.0,0.0004575131096430994
4968,-26.7,-57.0,0.0005391026066024267
4969,-26.7,-56.0,0.0006318666414198864
4970,-26.7,-55.0,0.0007366573590816643
4971,-26.7,-54.0,0.0008542632881683932
4972,-26.7,-53.0,0.000985380722779758
4973,-26.7,-52.0,0.0011305830968917794
4974,-26.7,-51.0,0.0012902890805358532
4975,-26.7,-50.0,0.0014647302919633457
4976,-26.7,-49.0,0.0016539196692789508
4977,-26.7,-48.0,0.0018576216717932712
4978,-26.7,-47.0,0.002075334769320117
4979,-26.7,-46.0,0.0023111908137669083
4980,-26.7,-45.0,0.0029929286798604064
4981,-26.7,-44.0,0.009380364535862266
4982,-26.7,-43.0,0.019717326191725726
4983,-26.7,-42.0,0.017505225565982056
4984,-26.7,-41.0,0.02272036473837883
4985,-26.7,-40.0,0.01213558132803713
4986,-26.7,-39.0,0.014273368862073532
4987,-26.7,-38.0,0.028015607208305017
4988,-26.7,-37.0,0.014302631145039857
4989,-26.7,-36.0,0.006514233824279233
4990,-26.7,-35.0,0.01888722900145271
4991,-26.7,-34.0,0.03906126894752802
4992,-26.7,-33.0,0.020575880493059508
4993,-26.7,-32.0,0.02561187081154406
4994,-26.7,-31.0,0.05240396370135269
4995,-26.7,-30.0,0.026942289291937517
4996,-26.7,-29.0,0.03680917636364278
4997,-26.7,-28.0,0.07840309986037212
4998,-26.7,-27.0,0.03563531821810914
4999,-26.7,-26.0,0.009730511587441837
5000,-26.7,-25.0,0.029398938450889353
5001,-26.7,-24.0,0.06313600416073925
5002,-26.7,-23.0,0.03028721379796086
5003,-26.7,-22.0,0.023473890665537036
5004,-26.7,-21.0,0.04515141239420017
5005,-26.7,-20.0,0.02156954083538212
5006,-26.7,-19.0,0.007112418892714383
5007,-26.7,-18.0,0.016017584557578315
5008,-26.7,-17.0,0.03169993315869679
5009,-26.7,-16.0,0.01608544885849809
5010,-26.7,-15.0,0.01358831475835322
5011,-26.7,-14.0,0.02503164186592986
5012,-26.7,-13.0,0.01230989488107854
5013,-26.7,-12.0,0.004489680789467345
5014,-26.7,-11.0,0.009579934136877532
5015,-26.7,-10.0,0.01857267266542896
5016,-26.7,-9.0,0.009400336802328548
5017,-26.7,-8.0,0.008060460029082206
5018,-26.7,-7.0,0.014955448781526395
5019,-26.7,-6.0,0.007171985989942711
5020,-26.7,-5.0,0.0023893799316098375
5021,-26.7,-4.0,0.005604894712906574
5022,-26.7,-3.0,0.01128726509429971
5023,-26.7,-2.0,0.005250667451588654
5024,-26.7,-1.0,0.0013383141079397437
5025,-26.7,0.0,0.0006380979645107896
5026,-26.7,1.0,0.0010015709886673837
5027,-26.7,2.0,0.0035559255039340596
5028,-26.7,3.0,0.007614081629007452
5029,-26.7,4.0,0.0033633056405102217
5030,-26.7,5.0,0.0007754281892693345
5031,-26.7,6.0,0.0026573604126196213
5032,-26.7,7.0,0.0059364014459254415
5033,-26.7,8.0,0.0026764166337141185
5034,-26.7,9.0,0.0023231460923852495
5035,-26.7,10.0,0.004985679911512625
5036,-26.7,11.0,0.0021009269888983954
5037,-26.7,12.0,0.0003551649971703656
5038,-26.7,13.0,0.0016966455102398535
5039,-26.7,14.0,0.0040098722291682706
5040,-26.7,15.0,0.0017553990972153913
5041,-26.7,16.0,0.0015409585957263884
5042,-26.7,17.0,0.003439607247266783
5043,-26.7,18.0,0.0014155343714761237
5044,-26.7,19.0,0.0001946901349410223
5045,-26.7,20.0,0.0011668318693101754
5046,-26.7,21.0,0.0028316449746154594
5047,-26.7,22.0,0.0011583044231572982
5048,-26.7,23.0,8.604657407932044e-05
5049,-26.7,24.0,7.4446477240547265e-06
5050,-26.7,25.0,5.008706559871645e-06
5051,-26.7,26.0,3.7913676627478255e-06
5052,-26.7,27.0,2.8555708707536342e-06
5053,-26.7,28.0,2.1393263744873795e-06
5054,-26.7,29.0,1.5942189012386413e-06
5055,-26.7,30.0,1.181695308333442e-06
5056,-26.7,31.0,8.712636456443803e-07
5057,-26.7,32.0,6.3896946021946e-07
5058,-26.7,33.0,4.6611916521107975e-07
5059,-26.7,34.0,3.3822064207020555e-07
5060,-26.7,35.0,2.441122113076842e-07
5061,-26.7,36.0,1.752528585986311e-07
5062,-26.7,37.0,1.2514886073788137e-07
5063,-26.7,38.0,8.889449240171771e-08
5064,-26.7,39.0,6.280713127141148e-08
5065,-26.7,40.0,4.4139681810240666e-08
5066,-26.7,41.0,3.085571172477626e-08
5067,-26.7,42.0,2.1454977431152984e-08
5068,-26.7,43.0,1.4839069692906225e-08
5069,-26.7,44.0,1.0208722592874284e-08
5070,-26.7,45.0,6.9858980603803865e-09
5071,-26.7,46.0,4.755094989381539e-09
5072,-26.7,47.0,3.2194542671909433e-09
5073,-26.7,48.0,2.1681605246415515e-09
5074,-26.7,49.0,1.452401586629946e-09
5075,-26.7,50.0,9.67760974079843e-10
5076,-26.7,51.0,6.414098175189172e-10
5077,-26.7,52.0,4.2285279856122764e-10
5078,-26.7,53.0,2.7728662593464465e-10
5079,-26.7,54.0,1.8086508838494282e-10
5080,-26.7,55.0,1.1734556336059589e-10
5081,-26.7,56.0,7.572943405579826e-11
5082,-26.7,57.0,4.861260069787678e-11
5083,-26.7,58.0,3.103981383319828e-11
5084,-26.7,59.0,1.9714032465956032e-11
5085,-26.7,60.0,1.2454260188599008e-11
5086,-26.7,61.0,7.826120115871198e-12
5087,-26.7,62.0,4.891715507109523e-12
5088,-26.7,63.0,3.0413190413626795e-12
5089,-26.7,64.0,1.8808271194223867e-12
5090,-26.7,65.0,1.1569694271326166e-12
5091,-26.7,66.0,7.079148050503844e-13
5092,-26.7,67.0,4.3085011657821963e-13
5093,-26.7,68.0,2.608300003786855e-13
5094,-26.7,69.0,1.570633935627198e-13
5095,-26.7,70.0,9.407592971090043e-14
5096,-26.7,71.0,5.604903873904225e-14
5097,-26.7,72.0,3.321573950881437e-14
5098,-26.7,73.0,1.9579689063699975e-14
5099,-26.7,74.0,1.1480313901088924e-14
5100,-26.6,-75.0,1.2261218476984991e-05
5101,-26.6,-74.0,1.582592420308267e-05
5102,-26.6,-73.0,2.031845302718867e-05
5103,-26.6,-72.0,2.5947666337506345e-05
5104,-26.6,-71.0,3.2960369948196415e-05
5105,-26.6,-70.0,4.164587181158462e-05
5106,-26.6,-69.0,5.234050950451358e-05
5107,-26.6,-68.0,6.543197682494357e-05
5108,-26.6,-67.0,8.136324183952715e-05
5109,-26.6,-66.0,0.00010063581191035999
5110,-26.6,-65.0,0.00012381206661520557
5111,-26.6,-64.0,0.00015151634946074287
5112,-26.6,-63.0,0.00018443448659891668
5113,-26.6,-62.0,0.00022331138834705882
5114,-26.6,-61.0,0.00026894639023000044
5115,-26.6,-60.0,0.0003221860074707331
5116,-26.6,-59.0,0.00038391381302664036
5117,-26.6,-58.0,0.0004550372065441117
5118,-26.6,-57.0,0.0005364709213510889
5119,-26.6,-56.0,0.0006291172191650316
5120,-26.6,-55.0,0.0007338428466510167
5121,-26.6,-54.0,0.00085145297197248
5122,-26.6,-53.0,0.0009826624791292341
5123,-26.6,-52.0,0.0011280651676745966
5124,-26.6,-51.0,0.0012881015783209483
5125,-26.6,-50.0,0.0014630263326143374
5126,-26.6,-49.0,0.001652876027881367
5127,-26.6,-48.0,0.0018574388598613623
5128,-26.6,-47.0,0.002076236477225097
5129,-26.6,-46.0,0.0023134433516952286
5130,-26.6,-45.0,0.002998626441808436
5131,-26.6,-44.0,0.009413802642220536
5132,-26.6,-43.0,0.019795226693756447
5133,-26.6,-42.0,0.017572455190192453
5134,-26.6,-41.0,0.022807017368678895
5135,-26.6,-40.0,0.012182990124539567
5136,-26.6,-39.0,0.014324752630243087
5137,-26.6,-38.0,0.02811212799597254
5138,-26.6,-37.0,0.01435958911347758
5139,-26.6,-36.0,0.00654889305751427
5140,-26.6,-35.0,0.018944113039071828
5141,-26.6,-34.0,0.03915365648303064
5142,-26.6,-33.0,0.020640730577351624
5143,-26.6,-32.0,0.025648993902740534
5144,-26.6,-31.0,0.05242476823032749
5145,-26.6,-30.0,0.026971334095803653
5146,-26.6,-29.0,0.03664167661810028
5147,-26.6,-28.0,0.07790789367965203
5148,-26.6,-27.0,0.03547672912979896
5149,-26.6,-26.0,0.009632998654395413
5150,-26.6,-25.0,0.02948395795501756
5151,-26.6,-24.0,0.0634208754118621
5152,-26.6,-23.0,0.03038267450516148
5153,-26.6,-22.0,0.023477671595598743
5154,-26.6,-21.0,0.04519631961372567
5155,-26.6,-20.0,0.021572255068683106
5156,-26.6,-19.0,0.007089439927414394
5157,-26.6,-18.0,0.015995203297111016
5158,-26.6,-17.0,0.031679466331305035
5159,-26.6,-16.0,0.016069408105839535
5160,-26.6,-15.0,0.0135685238244679
5161,-26.6,-14.0,0.025002423603146248
5162,-26.6,-13.0,0.01229558726494788
5163,-26.6,-12.0,0.004484796163625283
5164,-26.6,-11.0,0.009566910091252228
5165,-26.6,-10.0,0.01854465314594988
5166,-26.6,-9.0,0.009389648808772626
5167,-26.6,-8.0,0.008050732391831386
5168,-26.6,-7.0,0.01493040009802357
5169,-26.6,-6.0,0.007164619932645756
5170,-26.6,-5.0,0.002392652730386968
5171,-26.6,-4.0,0.005599043854025972
5172,-26.6,-3.0,0.011265636997772232
5173,-26.6,-2.0,0.005244990638911034
5174,-26.6,-1.0,0.0013427524060248969
5175,-26.6,0.0,0.0006324936531179903
5176,-26.6,1.0,0.001005846913354543
5177,-26.6,2.0,0.0035515013875275915
5178,-26.6,3.0,0.007596172332707737
5179,-26.6,4.0,0.003358117998456267
5180,-26.6,5.0,0.0007777649590982778
5181,-26.6,6.0,0.0026525496800163966
5182,-26.6,7.0,0.005919672471286339
5183,-26.6,8.0,0.0026704257417690517
5184,-26.6,9.0,0.0023175867527037487
5185,-26.6,10.0,0.004969927738787437
5186,-26.6,11.0,0.002095342217763807
5187,-26.6,12.0,0.00035562227654890676
5188,-26.6,13.0,0.001691584454899294
5189,-26.6,14.0,0.0039955799538519835
5190,-26.6,15.0,0.0017496185116040101
5191,-26.6,16.0,0.001535645308433288
5192,-26.6,17.0,0.0034264799076457043
5193,-26.6,18.0,0.0014104147709513273
5194,-26.6,19.0,0.00019436052787463455
5195,-26.6,20.0,0.0011623205156203109
5196,-26.6,21.0,0.002820078260473898
5197,-26.6,22.0,0.0011536881785077517
5198,-26.6,23.0,8.587474082022825e-05
5199,-26.6,24.0,7.56159164683823e-06
5200,-26.6,25.0,5.1032056112437895e-06
5201,-26.6,26.0,3.864984862193656e-06
5202,-26.6,27.0,2.9125683581998507e-06
5203,-26.6,28.0,2.1831900258176666e-06
5204,-26.6,29.0,1.627772751032951e-06
5205,-26.6,30.0,1.207209578625889e-06
5206,-26.6,31.0,8.905495875338843e-07
5207,-26.6,32.0,6.534614562845758e-07
5208,-26.6,33.0,4.769448929299853e-07
5209,-26.6,34.0,3.462603196308273e-07
5210,-26.6,35.0,2.500480648972585e-07
5211,-26.6,36.0,1.7960998804334314e-07
5212,-26.6,37.0,1.2832865911333456e-07
5213,-26.6,38.0,9.120171281788179e-08
5214,-26.6,39.0,6.447160519951372e-08
5215,-26.6,40.0,4.533358981217536e-08
5216,-26.6,41.0,3.170719826984686e-08
5217,-26.6,42.0,2.205879323201637e-08
5218,-26.6,43.0,1.5264822217664443e-08
5219,-26.6,44.0,1.0507221009216132e-08
5220,-26.6,45.0,7.1939944337914625e-09
5221,-26.6,46.0,4.899349701997017e-09
5222,-26.6,47.0,3.318890252427349e-09
5223,-26.6,48.0,2.236317454274836e-09
5224,-26.6,49.0,1.498856736711152e-09
5225,-26.6,50.0,9.992471160144015e-10
5226,-26.6,51.0,6.626310629083444e-10
5227,-26.6,52.0,4.37075825360938e-10
5228,-26.6,53.0,2.8676615255372203e-10
5229,-26.6,54.0,1.871479613199782e-10
5230,-26.6,55.0,1.214866115603799e-10
5231,-26.6,56.0,7.844365939844078e-11
5232,-26.6,57.0,5.038176514179261e-11
5233,-26.6,58.0,3.218659388985247e-11
5234,-26.6,59.0,2.0453270838422564e-11
5235,-26.6,60.0,1.2928157239893302e-11
5236,-26.6,61.0,8.128241330564081e-12
5237,-26.6,62.0,5.083263947012583e-12
5238,-26.6,63.0,3.162094463808842e-12
5239,-26.6,64.0,1.956559800438864e-12
5240,-26.6,65.0,1.204196942506396e-12
5241,-26.6,66.0,7.372045748269062e-13
5242,-26.6,67.0,4.489155307557242e-13
5243,-26.6,68.0,2.719113568610365e-13
5244,-26.6,69.0,1.6382348900633292e-13
5245,-26.6,70.0,9.817730411761377e-14
5246,-26.6,71.0,5.852374933203116e-14
5247,-26.6,72.0,3.470078407920421e-14
5248,-26.6,73.0,2.046597983924622e-14
5249,-26.6,74.0,1.2006374993195505e-14
5250,-26.5,-75.0,1.2081980234455802e-05
5251,-26.5,-74.0,1.560288690330028e-05
5252,-26.5,-73.0,2.004277761091423e-05
5253,-26.5,-72.0,2.5609256047803133e-05
5254,-26.5,-71.0,3.254783640970276e-05
5255,-26.5,-70.0,4.114654689481611e-05
5256,-26.5,-69.0,5.1740517880996675e-05
5257,-26.5,-68.0,6.471638590102534e-05
5258,-26.5,-67.0,8.05163072039785e-05
5259,-26.5,-66.0,9.964133736426291e-05
5260,-26.5,-65.0,0.00012265389807459418
5261,-26.5,-64.0,0.00015017902132551442
5262,-26.5,-63.0,0.0001829040373593203
5263,-26.5,-62.0,0.00022157635906067355
5264,-26.5,-61.0,0.00026699901488859103
5265,-26.5,-60.0,0.0003200235980792455
5266,-26.5,-59.0,0.00038154033439710027
5267,-26.5,-58.0,0.00045246502641511466
5268,-26.5,-57.0,0.0005337227106339778
5269,-26.5,-56.0,0.0006262279651641287
5270,-26.5,-55.0,0.0007308619294064994
5271,-26.5,-54.0,0.0008484462409556367
5272,-26.5,-53.0,0.0009797142550229054
5273,-26.5,-52.0,0.001125280082637237
5274,-26.5,-51.0,0.0012856061587711118
5275,-26.5,-50.0,0.0014609702220241571
5276,-26.5,-49.0,0.0016514327441560304
5277,-26.5,-48.0,0.0018568059833689204
5278,-26.5,-47.0,0.0020766352093966843
5279,-26.5,-46.0,0.0023151373098164118
5280,-26.5,-45.0,0.003003641277604761
5281,-26.5,-44.0,0.009445546835517068
5282,-26.5,-43.0,0.019869809825553066
5283,-26.5,-42.0,0.017636702723099282
5284,-26.5,-41.0,0.022889872779496435
5285,-26.5,-40.0,0.012228239838156928
5286,-26.5,-39.0,0.01437367301122328
5287,-26.5,-38.0,0.028204102558516724
5288,-26.5,-37.0,0.01441409375049172
5289,-26.5,-36.0,0.006582313480540396
5290,-26.5,-35.0,0.018998117939324724
5291,-26.5,-34.0,0.0392404691894982
5292,-26.5,-33.0,0.02070260221662508
5293,-26.5,-32.0,0.025683457181441084
5294,-26.5,-31.0,0.05244085211721765
5295,-26.5,-30.0,0.02699870672287795
5296,-26.5,-29.0,0.036484974532522245
5297,-26.5,-28.0,0.07744081618129635
5298,-26.5,-27.0,0.035329179905591965
5299,-26.5,-26.0,0.009537764714417007
5300,-26.5,-25.0,0.02957282678355279
5301,-26.5,-24.0,0.06371568578694742
5302,-26.5,-23.0,0.030481878034700174
5303,-26.5,-22.0,0.023481261299558496
5304,-26.5,-21.0,0.045240797333527046
5305,-26.5,-20.0,0.02157445381859006
5306,-26.5,-19.0,0.007065864289588957
5307,-26.5,-18.0,0.015971796200613605
5308,-26.5,-17.0,0.031657315113174815
5309,-26.5,-16.0,0.016052330442141178
5310,-26.5,-15.0,0.013547724484344895
5311,-26.5,-14.0,0.024971601889133485
5312,-26.5,-13.0,0.012280351487721388
5313,-26.5,-12.0,0.004479404139220884
5314,-26.5,-11.0,0.009553098618542371
5315,-26.5,-10.0,0.0185153461073757
5316,-26.5,-9.0,0.00937822101580262
5317,-26.5,-8.0,0.008040354504340074
5318,-26.5,-7.0,0.014904311691128592
5319,-26.5,-6.0,0.007156694803192835
5320,-26.5,-5.0,0.0023956683795131914
5321,-26.5,-4.0,0.005592760461685109
5322,-26.5,-3.0,0.01124325213334791
5323,-26.5,-2.0,0.005238933625572223
5324,-26.5,-1.0,0.0013470582631457857
5325,-26.5,0.0,0.0006268896871139371
5326,-26.5,1.0,0.0010100345592519236
5327,-26.5,2.0,0.0035468468295099097
5328,-26.5,3.0,0.007577800279161996
5329,-26.5,4.0,0.003352724191505396
5330,-26.5,5.0,0.0007800530118357492
5331,-26.5,6.0,0.002647584047066603
5332,-26.5,7.0,0.00590259963410097
5333,-26.5,8.0,0.002664283468303829
5334,-26.5,9.0,0.0023118989872001547
5335,-26.5,10.0,0.00495389366091165
5336,-26.5,11.0,0.0020896430273757453
5337,-26.5,12.0,0.0003560664767028417
5338,-26.5,13.0,0.001686433497231686
5339,-26.5,14.0,0.0039810649911644486
5340,-26.5,15.0,0.001743743778336721
5341,-26.5,16.0,0.0015302503919502797
5342,-26.5,17.0,0.0034131628520999466
5343,-26.5,18.0,0.001405219482261847
5344,-26.5,19.0,0.00019402388921433553
5345,-26.5,20.0,0.0011577474068117175
5346,-26.5,21.0,0.0028083563387334594
5347,-26.5,22.0,0.001149009687390658
5348,-26.5,23.0,8.570013437608343e-05
5349,-26.5,24.0,7.679802770580878e-06
5350,-26.5,25.0,5.198806345874e-06
5351,-26.5,26.0,3.93951453027495e-06
5352,-26.5,27.0,2.970313726120318e-06
5353,-26.5,28.0,2.227660688012577e-06
5354,-26.5,29.0,1.6618147212093027e-06
5355,-26.5,30.0,1.2331128980408478e-06
5356,-26.5,31.0,9.101429845894041e-07
5357,-26.5,32.0,6.681944370205423e-07
5358,-26.5,33.0,4.879580076780531e-07
5359,-26.5,34.0,3.544445842470071e-07
5360,-26.5,35.0,2.560946430608469e-07
5361,-26.5,36.0,1.8405128760933813e-07
5362,-26.5,37.0,1.315719813864514e-07
5363,-26.5,38.0,9.355653686885506e-08
5364,-26.5,39.0,6.61715048837554e-08
5365,-26.5,40.0,4.6553680910747604e-08
5366,-26.5,41.0,3.2577906342733094e-08
5367,-26.5,42.0,2.267662612410268e-08
5368,-26.5,43.0,1.570072940570573e-08
5369,-26.5,44.0,1.0813028160375243e-08
5370,-26.5,45.0,7.407317375199921e-09
5371,-26.5,46.0,5.0473181843504874e-09
5372,-26.5,47.0,3.4209484110060555e-09
5373,-26.5,48.0,2.306314215395428e-09
5374,-26.5,49.0,1.5465947648300108e-09
5375,-26.5,50.0,1.0316222590017443e-09
5376,-26.5,51.0,6.844645829548236e-10
5377,-26.5,52.0,4.5171796760583307e-10
5378,-26.5,53.0,2.9653083323260667e-10
5379,-26.5,54.0,1.9362367467775973e-10
5380,-26.5,55.0,1.257572888255451e-10
5381,-26.5,56.0,8.124450207847105e-11
5382,-26.5,57.0,5.220846257524168e-11
5383,-26.5,58.0,3.3371362220489776e-11
5384,-26.5,59.0,2.1217444411830118e-11
5385,-26.5,60.0,1.3418325374009444e-11
5386,-26.5,61.0,8.440917815108013e-12
5387,-26.5,62.0,5.281619767732873e-12
5388,-26.5,63.0,3.2872346085855343e-12
5389,-26.5,64.0,2.0350747988697757e-12
5390,-26.5,65.0,1.2531878033791002e-12
5391,-26.5,66.0,7.676054510575096e-13
5392,-26.5,67.0,4.676770389899796e-13
5393,-26.5,68.0,2.834263044206836e-13
5394,-26.5,69.0,1.7085211812494237e-13
5395,-26.5,70.0,1.0244403787281504e-13
5396,-26.5,71.0,6.109970540251954e-14
5397,-26.5,72.0,3.624746606991336e-14
5398,-26.5,73.0,2.138958188559313e-14
5399,-26.5,74.0,1.2554893874517044e-14
5400,-26.4,-75.0,1.1902678079937572e-05
5401,-26.4,-74.0,1.5379524798612783e-05
5402,-26.4,-73.0,1.976638513706075e-05
5403,-26.4,-72.0,2.5269560992616166e-05
5404,-26.4,-71.0,3.213322007187061e-05
5405,-26.4,-70.0,4.0644043483151086e-05
5406,-26.4,-69.0,5.113587288848071e-05
5407,-26.4,-68.0,6.399419018862231e-05
5408,-26.4,-67.0,7.966022506949763e-05
5409,-26.4,-66.0,9.863444791779514e-05
5410,-26.4,-65.0,0.00012147916959575147
5411,-26.4,-64.0,0.0001488199377288457
5412,-26.4,-63.0,0.00018134539423234533
5413,-26.4,-62.0,0.0002198052437669085
5414,-26.4,-61.0,0.0002650059807787445
5415,-26.4,-60.0,0.0003178040368090039
5416,-26.4,-59.0,0.0003790960426592479
5417,-26.4,-58.0,0.0004498059540940493
5418,-26.4,-57.0,0.0005308688666235552
5419,-26.4,-56.0,0.0006232114451152093
5420,-26.4,-55.0,0.0007277290168753604
5421,-26.4,-54.0,0.0008452595203232886
5422,-26.4,-53.0,0.000976554661783486
5423,-26.4,-52.0,0.0011222488049490544
5424,-26.4,-51.0,0.0012828262943395288
5425,-26.4,-50.0,0.001458588087291049
5426,-26.4,-49.0,0.001649618729244742
5427,-26.4,-48.0,0.0018557548470607803
5428,-26.4,-47.0,0.0020765657502994045
5429,-26.4,-46.0,0.002316310585088551
5430,-26.4,-45.0,0.0030080206984231545
5431,-26.4,-44.0,0.009475739214752206
5432,-26.4,-43.0,0.019941371106551257
5433,-26.4,-42.0,0.01769823062749693
5434,-26.4,-41.0,0.022969271597100438
5435,-26.4,-40.0,0.012271510397867972
5436,-26.4,-39.0,0.014420342575223614
5437,-26.4,-38.0,0.028291951925707954
5438,-26.4,-37.0,0.014466354422406584
5439,-26.4,-36.0,0.006614583405586556
5440,-26.4,-35.0,0.019049520574345585
5441,-26.4,-34.0,0.03932229256059971
5442,-26.4,-33.0,0.02076179179457536
5443,-26.4,-32.0,0.025715602612635856
5444,-26.4,-31.0,0.05245292019767567
5445,-26.4,-30.0,0.027024656202165993
5446,-26.4,-29.0,0.03633798711339785
5447,-26.4,-28.0,0.07699906499276482
5448,-26.4,-27.0,0.03519156946343593
5449,-26.4,-26.0,0.009444615796582902
5450,-26.4,-25.0,0.029665814340163636
5451,-26.4,-24.0,0.06402111100872113
5452,-26.4,-23.0,0.03058509291754217
5453,-26.4,-22.0,0.023484641947216944
5454,-26.4,-21.0,0.04528476713081838
5455,-26.4,-20.0,0.021576099227513003
5456,-26.4,-19.0,0.0070416777746029535
5457,-26.4,-18.0,0.01594731812056629
5458,-26.4,-17.0,0.031633383435468294
5459,-26.4,-16.0,0.016034168141091744
5460,-26.4,-15.0,0.013525875084170916
5461,-26.4,-14.0,0.024939096569315745
5462,-26.4,-13.0,0.01226414810887113
5463,-26.4,-12.0,0.004473490078178565
5464,-26.4,-11.0,0.009538467999048181
5465,-26.4,-10.0,0.018484690237921014
5466,-26.4,-9.0,0.009366021275710488
5467,-26.4,-8.0,0.008029298470450492
5468,-26.4,-7.0,0.014877133594514882
5469,-26.4,-6.0,0.0071481851449523275
5470,-26.4,-5.0,0.002398416522100401
5471,-26.4,-4.0,0.0055860242726842955
5472,-26.4,-3.0,0.011220072736178756
5473,-26.4,-2.0,0.005232477419674131
5474,-26.4,-1.0,0.001351224929824652
5475,-26.4,0.0,0.0006212846190633093
5476,-26.4,1.0,0.0010141285761825674
5477,-26.4,2.0,0.0035419489990107123
5478,-26.4,3.0,0.00755894064582532
5479,-26.4,4.0,0.0033471124235759375
5480,-26.4,5.0,0.0007822885523015702
5481,-26.4,6.0,0.0026424543769515384
5482,-26.4,7.0,0.0058851643220420935
5483,-26.4,8.0,0.002657980983579706
5484,-26.4,9.0,0.0023060752243455654
5485,-26.4,10.0,0.0049375625100272335
5486,-26.4,11.0,0.002083822754280406
5487,-26.4,12.0,0.0003564961126471769
5488,-26.4,13.0,0.0016811874066443152
5489,-26.4,14.0,0.003966315567205142
5490,-26.4,15.0,0.0017377696399296983
5491,-26.4,16.0,0.0015247692900588119
5492,-26.4,17.0,0.003399646192327357
5493,-26.4,18.0,0.0013999443848928081
5494,-26.4,19.0,0.0001936795861088732
5495,-26.4,20.0,0.0011531092136633726
5496,-26.4,21.0,0.0027964712372950742
5497,-26.4,22.0,0.0011442656746378033
5498,-26.4,23.0,8.552249075423308e-05
5499,-26.4,24.0,7.799244479887484e-06
5500,-26.4,25.0,5.295484369246408e-06
5501,-26.4,26.0,4.014939563156366e-06
5502,-26.4,27.0,3.0287952174277313e-06
5503,-26.4,28.0,2.2727304711375467e-06
5504,-26.4,29.0,1.6963396741596855e-06
5505,-26.4,30.0,1.2594020523183887e-06
5506,-26.4,31.0,9.300419381480522e-07
5507,-26.4,32.0,6.831673806369428e-07
5508,-26.4,33.0,4.991580532335996e-07
5509,-26.4,34.0,3.6277332866616443e-07
5510,-26.4,35.0,2.6225204024155775e-07
5511,-26.4,36.0,1.8857695607676224e-07
5512,-26.4,37.0,1.3487906859688782e-07
5513,-26.4,38.0,9.595921019292209e-08
5514,-26.4,39.0,6.79070593814411e-08
5515,-26.4,40.0,4.780015719031023e-08
5516,-26.4,41.0,3.3468007445750875e-08
5517,-26.4,42.0,2.3308617448267373e-08
5518,-26.4,43.0,1.6146905044671494e-08
5519,-26.4,44.0,1.1126233885550199e-08
5520,-26.4,45.0,7.625936640483976e-09
5521,-26.4,46.0,5.1990538085437175e-09
5522,-26.4,47.0,3.5256690446023533e-09
5523,-26.4,48.0,2.378180876603935e-09
5524,-26.4,49.0,1.595637857188785e-09
5525,-26.4,50.0,1.0649026044076854e-09
5526,-26.4,51.0,7.069220936527837e-10
5527,-26.4,52.0,4.667876195115919e-10
5528,-26.4,53.0,3.0658662917229553e-10
5529,-26.4,54.0,2.0029642596502457e-10
5530,-26.4,55.0,1.3016052660277577e-10
5531,-26.4,56.0,8.413399312623511e-11
5532,-26.4,57.0,5.4094089336544344e-11
5533,-26.4,58.0,3.4595071596006256e-11
5534,-26.4,59.0,2.2007198518478997e-11
5535,-26.4,60.0,1.3925198541577185e-11
5536,-26.4,61.0,8.76443931510579e-12
5537,-26.4,62.0,5.48697508564601e-12
5538,-26.4,63.0,3.416865986890018e-12
5539,-26.4,64.0,2.11645486167267e-12
5540,-26.4,65.0,1.303995771207327e-12
5541,-26.4,66.0,7.991521329761803e-13
5542,-26.4,67.0,4.871568912545656e-13
5543,-26.4,68.0,2.953890182203431e-13
5544,-26.4,69.0,1.781582539947175e-13
5545,-26.4,70.0,1.0688177505568934e-13
5546,-26.4,71.0,6.378043475976444e-14
5547,-26.4,72.0,3.7857976758921596e-14
5548,-26.4,73.0,2.2351847863388217e-14
5549,-26.4,74.0,1.3126700389135526e-14
5550,-26.3,-75.0,1.1723562539571734e-05
5551,-26.3,-74.0,1.515616144106573e-05
5552,-26.3,-73.0,1.9489690760906305e-05
5553,-26.3,-72.0,2.4929110431984837e-05
5554,-26.3,-71.0,3.1717191336287934e-05
5555,-26.3,-70.0,4.013920534300496e-05
5556,-26.3,-69.0,5.052762974781369e-05
5557,-26.3,-68.0,6.326670101166189e-05
5558,-26.3,-67.0,7.879661475618725e-05
5559,-26.3,-66.0,9.761713067809115e-05
5560,-26.3,-65.0,0.00012029030435335205
5561,-26.3,-64.0,0.00014744203518008862
5562,-26.3,-63.0,0.0001797620936808078
5563,-26.3,-62.0,0.0002180022750459576
5564,-26.3,-61.0,0.00026297232228821
5565,-26.3,-60.0,0.0003155332748002415
5566,-26.3,-59.0,0.00037658792934347105
5567,-26.3,-58.0,0.00044706815294625176
5568,-26.3,-57.0,0.0005279188625368651
5569,-26.3,-56.0,0.000620078585074747
5570,-26.3,-55.0,0.0007244566339410423
5571,-26.3,-54.0,0.0008419070804418387
5572,-26.3,-53.0,0.0009731998599189744
5573,-26.3,-52.0,0.0011189895249634565
5574,-26.3,-51.0,0.0012797823367851182
5575,-26.3,-50.0,0.001455902561652565
5576,-26.3,-49.0,0.0016474590030447016
5577,-26.3,-48.0,0.0018543129444210916
5578,-26.3,-47.0,0.002076058132592134
5579,-26.3,-46.0,0.0023169958536014795
5580,-26.3,-45.0,0.0030118055746881384
5581,-26.3,-44.0,0.0095045015168406
5582,-26.3,-43.0,0.020010163451029808
5583,-26.3,-42.0,0.017757263470943457
5584,-26.3,-41.0,0.023045505160329327
5585,-26.3,-40.0,0.012312955599258999
5586,-26.3,-39.0,0.014464942857255591
5587,-26.3,-38.0,0.028376035698290506
5588,-26.3,-37.0,0.014516549687566951
5589,-26.3,-36.0,0.0066457777341619164
5590,-26.3,-35.0,0.019098556092163266
5591,-26.3,-34.0,0.03939962416294072
5592,-26.3,-33.0,0.020818550478130464
5593,-26.3,-32.0,0.025745715605710675
5594,-26.3,-31.0,0.0524615595859264
5595,-26.3,-30.0,0.027049388879320225
5596,-26.3,-29.0,0.03619979501003383
5597,-26.3,-28.0,0.07658026324211503
5598,-26.3,-27.0,0.035062963428635165
5599,-26.3,-26.0,0.009353386131074988
5600,-26.3,-25.0,0.029763215651902288
5601,-26.3,-24.0,0.06433789176229043
5602,-26.3,-23.0,0.03069261259380817
5603,-26.3,-22.0,0.02348778950145875
5604,-26.3,-21.0,0.045328133630018384
5605,-26.3,-20.0,0.021577145455789863
5606,-26.3,-19.0,0.007016863662555788
5607,-26.3,-18.0,0.015921717452613258
5608,-26.3,-17.0,0.03160756195666785
5609,-26.3,-16.0,0.01601486689979435
5610,-26.3,-15.0,0.013502928496979783
5611,-26.3,-14.0,0.024904817145336405
5612,-26.3,-13.0,0.012246932675588669
5613,-26.3,-12.0,0.004467037598701642
5614,-26.3,-11.0,0.00952298265585094
5615,-26.3,-10.0,0.01845261665124655
5616,-26.3,-9.0,0.009353013601547727
5617,-26.3,-8.0,0.008017533115486194
5618,-26.3,-7.0,0.014848809771509685
5619,-26.3,-6.0,0.007139062549219362
5620,-26.3,-5.0,0.002400885764513229
5621,-26.3,-4.0,0.005578812711922051
5622,-26.3,-3.0,0.01119605648011582
5623,-26.3,-2.0,0.005225600849974021
5624,-26.3,-1.0,0.0013552450223368413
5625,-26.3,0.0,0.0006156767977040252
5626,-26.3,1.0,0.0010181231150876505
5627,-26.3,2.0,0.0035367935795790786
5628,-26.3,3.0,0.007539565555515789
5629,-26.3,4.0,0.003341269503063125
5630,-26.3,5.0,0.0007844674028776354
5631,-26.3,6.0,0.0026371504370836948
5632,-26.3,7.0,0.005867345577466592
5633,-26.3,8.0,0.0026515083712183325
5634,-26.3,9.0,0.002300106953708165
5635,-26.3,10.0,0.0049209171736553006
5636,-26.3,11.0,0.0020778738946586007
5637,-26.3,12.0,0.0003569095292605432
5638,-26.3,13.0,0.0016758402820094742
5639,-26.3,14.0,0.003951318369853238
5640,-26.3,15.0,0.0017316901554005532
5641,-26.3,16.0,0.001519196850126725
5642,-26.3,17.0,0.00338591873493711
5643,-26.3,18.0,0.0013945848151087463
5644,-26.3,19.0,0.00019332690278403848
5645,-26.3,20.0,0.001148402163912331
5646,-26.3,21.0,0.002784413922294192
5647,-26.3,22.0,0.0011394524282105469
5648,-26.3,23.0,8.534150972911534e-05
5649,-26.3,24.0,7.919874105651259e-06
5650,-26.3,25.0,5.393210860640834e-06
5651,-26.3,26.0,4.091239460755721e-06
5652,-26.3,27.0,3.0879984852542994e-06
5653,-26.3,28.0,2.318389523058391e-06
5654,-26.3,29.0,1.7313409951478928e-06
5655,-26.3,30.0,1.2860727224465905e-06
5656,-26.3,31.0,9.502437287075896e-07
5657,-26.3,32.0,6.983786594844256e-07
5658,-26.3,33.0,5.105441291779038e-07
5659,-26.3,34.0,3.712461221621868e-07
5660,-26.3,35.0,2.685201169310225e-07
5661,-26.3,36.0,1.931870241914025e-07
5662,-26.3,37.0,1.3825004194129657e-07
5663,-26.3,38.0,9.840989356474649e-08
5664,-26.3,39.0,6.967843809157415e-08
5665,-26.3,40.0,4.907317910584519e-08
5666,-26.3,41.0,3.437764425156236e-08
5667,-26.3,42.0,2.3954888734162848e-08
5668,-26.3,43.0,1.6603449416303307e-08
5669,-26.3,44.0,1.1446918891797858e-08
5670,-26.3,45.0,7.849915862920427e-09
5671,-26.3,46.0,5.354605877845168e-09
5672,-26.3,47.0,3.6330897756993682e-09
5673,-26.3,48.0,2.4519457593376683e-09
5674,-26.3,49.0,1.6460070722445725e-09
5675,-26.3,50.0,1.0991036335992933e-09
5676,-26.3,51.0,7.300148567247476e-10
5677,-26.3,52.0,4.822928923624441e-10
5678,-26.3,53.0,3.169393278725637e-10
5679,-26.3,54.0,2.071703077702688e-10
5680,-26.3,55.0,1.3469919415308528e-10
5681,-26.3,56.0,8.711412753834684e-11
5682,-26.3,57.0,5.604002146338246e-11
5683,-26.3,58.0,3.5858663764423896e-11
5684,-26.3,59.0,2.282317280851138e-11
5685,-26.3,60.0,1.444920799351621e-11
5686,-26.3,61.0,9.099094475930332e-12
5687,-26.3,62.0,5.699521726019462e-12
5688,-26.3,63.0,3.551115190867183e-12
5689,-26.3,64.0,2.200782957671324e-12
5690,-26.3,65.0,1.3566748558464297e-12
5691,-26.3,66.0,8.318795442228962e-13
5692,-26.3,67.0,5.073775206479725e-13
5693,-26.3,68.0,3.078138140058091e-13
5694,-26.3,69.0,1.8575097320177127e-13
5695,-26.3,70.0,1.1149623362922754e-13
5696,-26.3,71.0,6.656951667514129e-14
5697,-26.3,72.0,3.953454255381373e-14
5698,-26.3,73.0,2.3354154005788954e-14
5699,-26.3,74.0,1.372263996313597e-14
5700,-26.2,-75.0,1.1544849894009399e-05
5701,-26.2,-74.0,1.4933076776863027e-05
5702,-26.2,-73.0,1.9213054420049393e-05
5703,-26.2,-72.0,2.4588364090035348e-05
5704,-26.2,-71.0,3.1300333519595014e-05
5705,-26.2,-70.0,3.9632767776840785e-05
5706,-26.2,-69.0,4.991670932860051e-05
5707,-26.2,-68.0,6.253506418664028e-05
5708,-26.2,-67.0,7.792689280722289e-05
5709,-26.2,-66.0,9.65911256648976e-05
5710,-26.2,-65.0,0.00011908942607542364
5711,-26.2,-64.0,0.00014604788925186586
5712,-26.2,-63.0,0.00017815723946300037
5713,-26.2,-62.0,0.00021617116952925598
5714,-26.2,-61.0,0.0002609024619017278
5715,-26.2,-60.0,0.00031321654137862824
5716,-26.2,-59.0,0.00037402213906106676
5717,-26.2,-58.0,0.0004442587979258671
5718,-26.2,-57.0,0.0005248810241797941
5719,-26.2,-56.0,0.000616838986170836
5720,-26.2,-55.0,0.0007210557836649528
5721,-26.2,-54.0,0.0008384014529176897
5722,-26.2,-53.0,0.0009696640337603813
5723,-26.2,-52.0,0.0011155181988007216
5724,-26.2,-51.0,0.001276492125092317
5725,-26.2,-50.0,0.0014529334670494683
5726,-26.2,-49.0,0.0016449754565389023
5727,-26.2,-48.0,0.0018525043045996025
5728,-26.2,-47.0,0.002075138573076237
5729,-26.2,-46.0,0.0023172216015503178
5730,-26.2,-45.0,0.0030150314500064883
5731,-26.2,-44.0,0.009531939140498494
5732,-26.2,-43.0,0.02007640558304207
5733,-26.2,-42.0,0.0178139954115568
5734,-26.2,-41.0,0.023118825251699584
5735,-26.2,-40.0,0.012352708277412111
5736,-26.2,-39.0,0.014507630493036335
5737,-26.2,-38.0,0.028456664165302268
5738,-26.2,-37.0,0.014564833396032805
5739,-26.2,-36.0,0.006675960640411893
5740,-26.2,-35.0,0.01914542618427941
5741,-26.2,-34.0,0.03947289101279048
5742,-26.2,-33.0,0.020873093202445247
5743,-26.2,-32.0,0.025774036550232346
5744,-26.2,-31.0,0.05246726375620647
5745,-26.2,-30.0,0.02707307719038965
5746,-26.2,-29.0,0.03606960987740601
5747,-26.2,-28.0,0.0761823746119363
5748,-26.2,-27.0,0.03494256089486249
5749,-26.2,-26.0,0.009263932785974826
5750,-26.2,-25.0,0.029865355718709276
5751,-26.2,-24.0,0.0646668447500132
5752,-26.2,-23.0,0.030804759768676183
5753,-26.2,-22.0,0.023490673138985427
5754,-26.2,-21.0,0.04537078256378639
5755,-26.2,-20.0,0.02157753779291873
5756,-26.2,-19.0,0.006991402473466421
5757,-26.2,-18.0,0.01589493549185188
5758,-26.2,-17.0,0.03157972672071179
5759,-26.2,-16.0,0.015994365178185223
5760,-26.2,-15.0,0.013478831583952074
5761,-26.2,-14.0,0.02486866175565451
5762,-26.2,-13.0,0.01222865522740905
5763,-26.2,-12.0,0.004460028401290999
5764,-26.2,-11.0,0.009506602777371698
5765,-26.2,-10.0,0.01841904815094845
5766,-26.2,-9.0,0.009339157790862003
5767,-26.2,-8.0,0.008005023666046964
5768,-26.2,-7.0,0.014819277529804033
5769,-26.2,-6.0,0.007129295366691496
5770,-26.2,-5.0,0.0024030635704400077
5771,-26.2,-4.0,0.005571100667300575
5772,-26.2,-3.0,0.011171156041781547
5773,-26.2,-2.0,0.00521828035437686
5774,-26.2,-1.0,0.0013591104569830343
5775,-26.2,0.0,0.0006100643520195139
5776,-26.2,1.0,0.0010220117761133875
5777,-26.2,2.0,0.0035313646261288514
5778,-26.2,3.0,0.007519643788092519
5779,-26.2,4.0,0.003335180709257884
5780,-26.2,5.0,0.0007865849645803272
5781,-26.2,6.0,0.0026316607948589188
5782,-26.2,7.0,0.005849119878311067
5783,-26.2,8.0,0.00264485452561168
5784,-26.2,9.0,0.0022939846376087256
5785,-26.2,10.0,0.004903938414346507
5786,-26.2,11.0,0.0020717880256241814
5787,-26.2,12.0,0.0003573048843577213
5788,-26.2,13.0,0.001670385489280719
5789,-26.2,14.0,0.0039360584073535165
5790,-26.2,15.0,0.0017254986370530835
5791,-26.2,16.0,0.0015135272681345523
5792,-26.2,17.0,0.003371967862151308
5793,-26.2,18.0,0.0013891355160510124
5794,-26.2,19.0,0.00019296503259923675
5795,-26.2,20.0,0.0011436220017865594
5796,-26.2,21.0,0.0027721742016700054
5797,-26.2,22.0,0.00113456575940678
5798,-26.2,23.0,8.515685136988077e-05
5799,-26.2,24.0,8.04164222127368e-06
5800,-26.2,25.0,5.4919520465183156e-06
5801,-26.2,26.0,4.168389917974809e-06
5802,-26.2,27.0,3.1479062773914213e-06
5803,-26.2,28.0,2.364625787196538e-06
5804,-26.2,29.0,1.7668104073880217e-06
5805,-26.2,30.0,1.313119344291388e-06
5806,-26.2,31.0,9.707447099741946e-07
5807,-26.2,32.0,7.138259605328719e-07
5808,-26.2,33.0,5.221148315483802e-07
5809,-26.2,34.0,3.798621664964795e-07
5810,-26.2,35.0,2.748984671757941e-07
5811,-26.2,36.0,1.9788133082648033e-07
5812,-26.2,37.0,1.416848853850097e-07
5813,-26.2,38.0,1.0090865028455931e-07
5814,-26.2,39.0,7.148574166153212e-08
5815,-26.2,40.0,5.037285896383374e-08
5816,-26.2,41.0,3.530692595655874e-08
5817,-26.2,42.0,2.461553840750538e-08
5818,-26.2,43.0,1.7070446976692793e-08
5819,-26.2,44.0,1.1775153129296471e-08
5820,-26.2,45.0,8.079311421895139e-09
5821,-26.2,46.0,5.514018843612262e-09
5822,-26.2,47.0,3.74324500873851e-09
5823,-26.2,48.0,2.5276350692728734e-09
5824,-26.2,49.0,1.6977220900691854e-09
5825,-26.2,50.0,1.1342399385302224e-09
5826,-26.2,51.0,7.537535657947662e-10
5827,-26.2,52.0,4.982415384931022e-10
5828,-26.2,53.0,3.275944926706356e-10
5829,-26.2,54.0,2.142492744704545e-10
5830,-26.2,55.0,1.393760767196119e-10
5831,-26.2,56.0,9.018685004894607e-11
5832,-26.2,57.0,5.8047605476679723e-11
5833,-26.2,58.0,3.7163063518551256e-11
5834,-26.2,59.0,2.3665997455172098e-11
5835,-26.2,60.0,1.4990779868928052e-11
5836,-26.2,61.0,9.445169319200538e-12
5837,-26.2,62.0,5.919450266882411e-12
5838,-26.2,63.0,3.6901082974334106e-12
5839,-26.2,64.0,2.288141908242539e-12
5840,-26.2,65.0,1.4112790882775345e-12
5841,-26.2,66.0,8.658226939122622e-13
5842,-26.2,67.0,5.283614590376615e-13
5843,-26.2,68.0,3.2071509723696353e-13
5844,-26.2,69.0,1.9363942537951065e-13
5845,-26.2,70.0,1.1629318732650285e-13
5846,-26.2,71.0,6.947057118873585e-14
5847,-26.2,72.0,4.127941872523206e-14
5848,-26.2,73.0,2.4397896473693564e-14
5849,-26.2,74.0,1.434357150103812e-14
5850,-26.1,-75.0,1.1366728088875373e-05
5851,-26.1,-74.0,1.4710514678415848e-05
5852,-26.1,-73.0,1.8936790382069834e-05
5853,-26.1,-72.0,2.424772419354413e-05
5854,-26.1,-71.0,3.088315795246137e-05
5855,-26.1,-70.0,3.9125376460398075e-05
5856,-26.1,-69.0,4.930392152596832e-05
5857,-26.1,-68.0,6.180028887960895e-05
5858,-26.1,-67.0,7.705230842265797e-05
5859,-26.1,-66.0,9.555796909044997e-05
5860,-26.1,-65.0,0.00011787841162770799
5861,-26.1,-64.0,0.0001446397781322506
5862,-26.1,-63.0,0.00017653357903534312
5863,-26.1,-62.0,0.00021431521926688524
5864,-26.1,-61.0,0.00025880031888854394
5865,-26.1,-60.0,0.000310858472665081
5866,-26.1,-59.0,0.00037140412088655216
5867,-26.1,-58.0,0.00044138425282457417
5868,-26.1,-57.0,0.0005217627363892117
5869,-26.1,-56.0,0.0006135011637810929
5870,-26.1,-55.0,0.0007175362229322237
5871,-26.1,-54.0,0.0008347537465987644
5872,-26.1,-53.0,0.0009659597518200618
5873,-26.1,-52.0,0.0011118489571258117
5874,-26.1,-51.0,0.0012729714467325666
5875,-26.1,-50.0,0.001449698331868268
5876,-26.1,-49.0,0.001642187429874688
5877,-26.1,-48.0,0.0018503501344570646
5878,-26.1,-47.0,0.002073830182031089
5879,-26.1,-46.0,0.00231701290637793
5880,-26.1,-45.0,0.0030177295364404266
5881,-26.1,-44.0,0.009558144194025642
5882,-26.1,-43.0,0.020140288410111732
5883,-26.1,-42.0,0.017868595868190118
5884,-26.1,-41.0,0.023189451468951284
5885,-26.1,-40.0,0.012390884224556357
5886,-26.1,-39.0,0.01454854186732171
5887,-26.1,-38.0,0.028534107486192367
5888,-26.1,-37.0,0.014611339309607063
5889,-26.1,-36.0,0.006705187601127722
5890,-26.1,-35.0,0.019190305351068606
5891,-26.1,-34.0,0.03954246275047741
5892,-26.1,-33.0,0.020925605477744618
5893,-26.1,-32.0,0.02580076953375159
5894,-26.1,-31.0,0.0524704507398462
5895,-26.1,-30.0,0.02709586628722206
5896,-26.1,-29.0,0.03594674966300629
5897,-26.1,-28.0,0.07580363902746937
5898,-26.1,-27.0,0.034829669259899325
5899,-26.1,-26.0,0.009176131584948363
5900,-26.1,-25.0,0.02997259463652688
5901,-26.1,-24.0,0.06500887570769945
5902,-26.1,-23.0,0.030921891512302797
5903,-26.1,-22.0,0.023493254430229194
5904,-26.1,-21.0,0.04541257820274756
5905,-26.1,-20.0,0.02157721147454097
5906,-26.1,-19.0,0.006965271635372169
5907,-26.1,-18.0,0.015866905579868352
5908,-26.1,-17.0,0.031549737390305456
5909,-26.1,-16.0,0.015972593326247325
5910,-26.1,-15.0,0.01345352447981727
5911,-26.1,-14.0,0.024830515827807202
5912,-26.1,-13.0,0.01220925964044623
5913,-26.1,-12.0,0.004452442037498807
5914,-26.1,-11.0,0.00948928381641808
5915,-26.1,-10.0,0.018383898254706613
5916,-26.1,-9.0,0.009324408927324414
5917,-26.1,-8.0,0.00799173132546727
5918,-26.1,-7.0,0.014788466743631289
5919,-26.1,-6.0,0.007118848325555269
5920,-26.1,-5.0,0.0024049361225206276
5921,-26.1,-4.0,0.00556286019169096
5922,-26.1,-3.0,0.011145318520120729
5923,-26.1,-2.0,0.005210489699976114
5924,-26.1,-1.0,0.0013628123652556715
5925,-26.1,0.0,0.0006044451683131761
5926,-26.1,1.0,0.0010257875420013642
5927,-26.1,2.0,0.003525644375526144
5928,-26.1,3.0,0.007499140395413902
5929,-26.1,4.0,0.0033288296151556323
5930,-26.1,5.0,0.0007886361669192906
5931,-26.1,6.0,0.002625972679129458
5932,-26.1,7.0,0.005830460844373542
5933,-26.1,8.0,0.0026380070151472354
5934,-26.1,9.0,0.002287697593200949
5935,-26.1,10.0,0.004886604627182271
5936,-26.1,11.0,0.0020655556999453458
5937,-26.1,12.0,0.0003576801267491725
5938,-26.1,13.0,0.001664815577810472
5939,-26.1,14.0,0.003920518817429127
5940,-26.1,15.0,0.0017191875654157412
5941,-26.1,16.0,0.001507754014596655
5942,-26.1,17.0,0.003357779370351493
5943,-26.1,18.0,0.0013835905703702567
5944,-26.1,19.0,0.0001925930675458437
5945,-26.1,20.0,0.0011387639332348307
5946,-26.1,21.0,0.0027597405942808187
5947,-26.1,22.0,0.0011296009489238621
5948,-26.1,23.0,8.496813144229756e-05
5949,-26.1,24.0,8.16449178277137e-06
5950,-26.1,25.0,5.5916685610309124e-06
5951,-26.1,26.0,4.246362328910946e-06
5952,-26.1,27.0,3.20849805398126e-06
5953,-26.1,28.0,2.4114247093522328e-06
5954,-26.1,29.0,1.8027377484623612e-06
5955,-26.1,30.0,1.34053493903393e-06
5956,-26.1,31.0,9.915401809825966e-07
5957,-26.1,32.0,7.295061894650414e-07
5958,-26.1,33.0,5.338681813133303e-07
5959,-26.1,34.0,3.8862024287454545e-07
5960,-26.1,35.0,2.813863794610248e-07
5961,-26.1,36.0,2.0265949429912607e-07
5962,-26.1,37.0,1.4518342474749722e-07
5963,-26.1,38.0,1.0345543101466214e-07
5964,-26.1,39.0,7.332899105558046e-08
5965,-26.1,40.0,5.169925308649401e-08
5966,-26.1,41.0,3.625592269617682e-08
5967,-26.1,42.0,2.5290637832540397e-08
5968,-26.1,43.0,1.7547963567897608e-08
5969,-26.1,44.0,1.2110993838018428e-08
5970,-26.1,45.0,8.31417108244583e-09
5971,-26.1,46.0,5.677331363240115e-09
5972,-26.1,47.0,3.856165281579911e-09
5973,-26.1,48.0,2.605272452448036e-09
5974,-26.1,49.0,1.75080091032338e-09
5975,-26.1,50.0,1.1703250174385442e-09
5976,-26.1,51.0,7.781482090032443e-10
5977,-26.1,52.0,5.146408594479939e-10
5978,-26.1,53.0,3.385574017102313e-10
5979,-26.1,54.0,2.2153710191541014e-10
5980,-26.1,55.0,1.4419384905521528e-10
5981,-26.1,56.0,9.335403785146067e-11
5982,-26.1,57.0,6.011814717128486e-11
5983,-26.1,58.0,3.850917146796869e-11
5984,-26.1,59.0,2.4536288522416116e-11
5985,-26.1,60.0,1.555033224440962e-11
5986,-26.1,61.0,9.802945374870101e-12
5987,-26.1,62.0,6.146948863892067e-12
5988,-26.1,63.0,3.833970133597466e-12
5989,-26.1,64.0,2.3786139308933435e-12
5990,-26.1,65.0,1.4678622388509199e-12
5991,-26.1,66.0,9.010165038134157e-13
5992,-26.1,67.0,5.501312317422914e-13
5993,-26.1,68.0,3.341072993249464e-13
5994,-26.1,69.0,2.018327948590847e-13
5995,-26.1,70.0,1.212784427395945e-13
5996,-26.1,71.0,7.248724551418519e-14
5997,-26.1,72.0,4.309488139501098e-14
5998,-26.1,73.0,2.5484486667113454e-14
5999,-26.1,74.0,1.4990364661422715e-14
6000,-26.0,-75.0,1.1080889379917896e-05
6001,-26.0,-74.0,1.4348232494379696e-05
6002,-26.0,-73.0,1.8480269428820575e-05
6003,-26.0,-72.0,2.3675780204717394e-05
6004,-26.0,-71.0,3.017077095966942e-05
6005,-26.0,-70.0,3.8243235146198153e-05
6006,-26.0,-69.0,4.8217972758503505e-05
6007,-26.0,-68.0,6.0471310179593433e-05
6008,-26.0,-67.0,7.543552490095334e-05
6009,-26.0,-66.0,9.360274015008803e-05
6010,-26.0,-65.0,0.00011552801623775903
6011,-26.0,-64.0,0.00014183133050276215
6012,-26.0,-63.0,0.00017319810876972685
6013,-26.0,-62.0,0.00021037795123458896
6014,-26.0,-61.0,0.00025418118783180016
6015,-26.0,-60.0,0.0003054729056237317
6016,-26.0,-59.0,0.00036516411662060506
6017,-26.0,-58.0,0.0004341997813174162
6018,-26.0,-57.0,0.0005135434730893881
6019,-26.0,-56.0,0.0006041585624590416
6020,-26.0,-55.0,0.0007069859179932201
6021,-26.0,-54.0,0.0008229182606575947
6022,-26.0,-53.0,0.0009527714677219964
6023,-26.0,-52.0,0.0010972532959734006
6024,-26.0,-51.0,0.0012569301755878878
6025,-26.0,-50.0,0.0014321929075232747
6026,-26.0,-49.0,0.0016232222694021249
6027,-26.0,-48.0,0.0018299556901976814
6028,-26.0,-47.0,0.002052065629665112
6029,-26.0,-46.0,0.002293936460118678
6030,-26.0,-45.0,0.0029906516860747005
6031,-26.0,-44.0,0.009490296361673133
6032,-26.0,-43.0,0.020006137804661078
6033,-26.0,-42.0,0.01774748197295233
6034,-26.0,-41.0,0.023032113193427763
6035,-26.0,-40.0,0.012307109652906848
6036,-26.0,-39.0,0.014446379608271935
6037,-26.0,-38.0,0.02833126511642595
6038,-26.0,-37.0,0.014514104606794585
6039,-26.0,-36.0,0.0066682309629343
6040,-26.0,-35.0,0.019046893740230327
6041,-26.0,-34.0,0.03922468732352335
6042,-26.0,-33.0,0.0207729005856746
6043,-26.0,-32.0,0.025575725645501264
6044,-26.0,-31.0,0.051962807862649646
6045,-26.0,-30.0,0.026854992852255462
6046,-26.0,-29.0,0.035483270224352895
6047,-26.0,-28.0,0.07471116789970385
6048,-26.0,-27.0,0.03438706635317286
6049,-26.0,-26.0,0.00969420462536511
6050,-26.0,-25.0,0.030072743855439465
6051,-26.0,-24.0,0.06533764155142036
6052,-26.0,-23.0,0.031031414121608727
6053,-26.0,-22.0,0.023485654042850797
6054,-26.0,-21.0,0.04543433908792001
6055,-26.0,-20.0,0.021567061166621496
6056,-26.0,-19.0,0.006935541507476087
6057,-26.0,-18.0,0.015830924437760362
6058,-26.0,-17.0,0.031504245823530425
6059,-26.0,-16.0,0.01594279805786668
6060,-26.0,-15.0,0.013421320876704486
6061,-26.0,-14.0,0.02477987632516367
6062,-26.0,-13.0,0.012183582163640919
6063,-26.0,-12.0,0.004442395815938008
6064,-26.0,-11.0,0.009467012508293586
6065,-26.0,-10.0,0.01833939220572909
6066,-26.0,-9.0,0.009304821303807756
6067,-26.0,-8.0,0.00797427432107942
6068,-26.0,-7.0,0.014750123755779922
6069,-26.0,-6.0,0.0071047076755938144
6070,-26.0,-5.0,0.0024054810982283912
6071,-26.0,-4.0,0.00555173590185918
6072,-26.0,-3.0,0.011113831914731153
6073,-26.0,-2.0,0.005200022649019019
6074,-26.0,-1.0,0.0013657692111380894
6075,-26.0,0.0,0.0005985662713623777
6076,-26.0,1.0,0.001029011901238977
6077,-26.0,2.0,0.0035181401440763744
6078,-26.0,3.0,0.007474886864515492
6079,-26.0,4.0,0.0033208076131049217
6080,-26.0,5.0,0.0007902845541944841
6081,-26.0,6.0,0.0026189753754292753
6082,-26.0,7.0,0.005808906975229102
6083,-26.0,8.0,0.0026298509263389777
6084,-26.0,9.0,0.0022802792080068228
6085,-26.0,10.0,0.004866854031155265
6086,-26.0,11.0,0.002058304606748385
6087,-26.0,12.0,0.00035788314167807566
6088,-26.0,13.0,0.0016584278760239464
6089,-26.0,14.0,0.003903046620186237
6090,-26.0,15.0,0.0017120317418314985
6091,-26.0,16.0,0.001501241248141065
6092,-26.0,17.0,0.003341938167333498
6093,-26.0,18.0,0.0013773666821521315
6094,-26.0,19.0,0.00019212955071221393
6095,-26.0,20.0,0.0011333494412030794
6096,-26.0,21.0,0.0027466828334066226
6097,-26.0,22.0,0.0011894855734801892
6098,-26.0,23.0,0.001053373879451618
6099,-26.0,24.0,0.002386989967456685
6100,-26.0,25.0,0.0009742855128751738
6101,-26.0,26.0,6.972141219446162e-05
6102,-26.0,27.0,4.0005448866255114e-06
6103,-26.0,28.0,2.4590991191913953e-06
6104,-26.0,29.0,1.8383415018750678e-06
6105,-26.0,30.0,1.3677383083997482e-06
6106,-26.0,31.0,1.0122004767057428e-06
6107,-26.0,32.0,7.451034194143455e-07
6108,-26.0,33.0,5.45573135386891e-07
6109,-26.0,34.0,3.9735229753274324e-07
6110,-26.0,35.0,2.878622768063383e-07
6111,-26.0,36.0,2.0743403611555269e-07
6112,-26.0,37.0,1.486830567522572e-07
6113,-26.0,38.0,1.0600567652945518e-07
6114,-26.0,39.0,7.517664189481505e-08
6115,-26.0,40.0,5.303015144809578e-08
6116,-26.0,41.0,3.7209081339668816e-08
6117,-26.0,42.0,2.5969354546770077e-08
6118,-26.0,43.0,1.8028495479118238e-08
6119,-26.0,44.0,1.244927134112129e-08
6120,-26.0,45.0,8.550952522933451e-09
6121,-26.0,46.0,5.842129373028782e-09
6122,-26.0,47.0,3.970214363952589e-09
6123,-26.0,48.0,2.683754912995501e-09
6124,-26.0,49.0,1.804504036909051e-09
6125,-26.0,50.0,1.2068657769428612e-09
6126,-26.0,51.0,8.028717828056211e-10
6127,-26.0,52.0,5.312751779302811e-10
6128,-26.0,53.0,3.496865786767935e-10
6129,-26.0,54.0,2.289414928057787e-10
6130,-26.0,55.0,1.4909262606031954e-10
6131,-26.0,56.0,9.657704787579174e-11
6132,-26.0,57.0,6.222684686990192e-11
6133,-26.0,58.0,3.988115908760391e-11
6134,-26.0,59.0,2.542399861968108e-11
6135,-26.0,60.0,1.612152229255963e-11
6136,-26.0,61.0,1.0168440401564105e-11
6137,-26.0,62.0,6.379531033479215e-12
6138,-26.0,63.0,3.9811566715237105e-12
6139,-26.0,64.0,2.4712454957452655e-12
6140,-26.0,65.0,1.525838680418586e-12
6141,-26.0,66.0,9.371032781530531e-13
6142,-26.0,67.0,5.724695636145886e-13
6143,-26.0,68.0,3.47859167709436e-13
6144,-26.0,69.0,2.1025223108284796e-13
6145,-26.0,70.0,1.2640489143194914e-13
6146,-26.0,71.0,7.559155066701766e-14
6147,-26.0,72.0,4.496439314852499e-14
6148,-26.0,73.0,2.660420746738515e-14
6149,-26.0,74.0,1.5657341461136432e-14
6150,-25.9,-75.0,1.0784263358835945e-05
6151,-25.9,-74.0,1.3971584451973616e-05
6152,-25.9,-73.0,1.800474367265911e-05
6153,-25.9,-72.0,2.3078858954744583e-05
6154,-25.9,-71.0,2.9425769632061187e-05
6155,-25.9,-70.0,3.731877984233764e-05
6156,-25.9,-69.0,4.7077473598252714e-05
6157,-25.9,-68.0,5.907244799855517e-05
6158,-25.9,-67.0,7.372977292379406e-05
6159,-25.9,-66.0,9.153494639428977e-05
6160,-25.9,-65.0,0.00011303607638704883
6161,-25.9,-64.0,0.0001388459845659684
6162,-25.9,-63.0,0.000169642897719577
6163,-25.9,-62.0,0.00020616937168355885
6164,-25.9,-61.0,0.00024922908331462826
6165,-25.9,-60.0,0.00029968113188708474
6166,-25.9,-59.0,0.00035843151516225306
6167,-25.9,-58.0,0.0004264214900119485
6168,-25.9,-57.0,0.0005046125949028541
6169,-25.9,-56.0,0.0005939682029121725
6170,-25.9,-55.0,0.0006954315892323615
6171,-25.9,-54.0,0.0008099006349352851
6172,-25.9,-53.0,0.0009381994461428109
6173,-25.9,-52.0,0.0010810473400661089
6174,-25.9,-51.0,0.0012390258303328098
6175,-25.9,-50.0,0.0014125444257583964
6176,-25.9,-49.0,0.0016018062300422811
6177,-25.9,-48.0,0.0018067744874770031
6178,-25.9,-47.0,0.0020271506246915447
6179,-25.9,-46.0,0.002267311090874887
6180,-25.9,-45.0,0.002958919762001153
6181,-25.9,-44.0,0.009407724865422138
6182,-25.9,-43.0,0.019840992631053093
6183,-25.9,-42.0,0.01759887876186512
6184,-25.9,-41.0,0.02283917357580439
6185,-25.9,-40.0,0.012204168399069367
6186,-25.9,-39.0,0.01432187179219324
6187,-25.9,-38.0,0.02808494820604187
6188,-25.9,-37.0,0.014394308224710054
6189,-25.9,-36.0,0.0066206019022558935
6190,-25.9,-35.0,0.018874533710772478
6191,-25.9,-34.0,0.038848175479047606
6192,-25.9,-33.0,0.020588676291058438
6193,-25.9,-32.0,0.025313489725306695
6194,-25.9,-31.0,0.051381345121875095
6195,-25.9,-30.0,0.02657580345308597
6196,-25.9,-29.0,0.034979126721809514
6197,-25.9,-28.0,0.07353863524606684
6198,-25.9,-27.0,0.03390527340088591
6199,-25.9,-26.0,0.01038012404074705
6200,-25.9,-25.0,0.030483057576307912
6201,-25.9,-24.0,0.06634363007369769
6202,-25.9,-23.0,0.03146073054269175
6203,-25.9,-22.0,0.023714387165986166
6204,-25.9,-21.0,0.045913217223323276
6205,-25.9,-20.0,0.021773392396465852
6206,-25.9,-19.0,0.00697473763307972
6207,-25.9,-18.0,0.015952816909954065
6208,-25.9,-17.0,0.031773485929781395
6209,-25.9,-16.0,0.016072032616187285
6210,-25.9,-15.0,0.013522785193869574
6211,-25.9,-14.0,0.024976347197343682
6212,-25.9,-13.0,0.01227925482755391
6213,-25.9,-12.0,0.004476419480830168
6214,-25.9,-11.0,0.009538939920421752
6215,-25.9,-10.0,0.018477593531309986
6216,-25.9,-9.0,0.009377867555434372
6217,-25.9,-8.0,0.008036180525619819
6218,-25.9,-7.0,0.014858698571787484
6219,-25.9,-6.0,0.007161305272949947
6220,-25.9,-5.0,0.0024299458302030562
6221,-25.9,-4.0,0.0055958890170046205
6222,-25.9,-3.0,0.011193046521166917
6223,-25.9,-2.0,0.005241355493091967
6224,-25.9,-1.0,0.0013823391355745438
6225,-25.9,0.0,0.0005986566849622433
6226,-25.9,1.0,0.0010425116096843656
6227,-25.9,2.0,0.0035457048514107134
6228,-25.9,3.0,0.007525110248445698
6229,-25.9,4.0,0.0033458923587697947
6230,-25.9,5.0,0.0007998379838334535
6231,-25.9,6.0,0.0026380905838607896
6232,-25.9,7.0,0.005845226384845341
6233,-25.9,8.0,0.0026479118908853895
6234,-25.9,9.0,0.002295593220664376
6235,-25.9,10.0,0.004895584755410838
6236,-25.9,11.0,0.002071570577698654
6237,-25.9,12.0,0.00036167150423639297
6238,-25.9,13.0,0.001668569521030432
6239,-25.9,14.0,0.003924445838581954
6240,-25.9,15.0,0.0017219340066774778
6241,-25.9,16.0,0.0015096854448645386
6242,-25.9,17.0,0.003359374379438795
6243,-25.9,18.0,0.0013848629229584598
6244,-25.9,19.0,0.00019358667620343546
6245,-25.9,20.0,0.0011392212751363845
6246,-25.9,21.0,0.0027602337642128336
6247,-25.9,22.0,0.0011954671699980711
6248,-25.9,23.0,0.0010585418946608936
6249,-25.9,24.0,0.002398366730968476
6250,-25.9,25.0,0.0009789911857073748
6251,-25.9,26.0,7.01504909878315e-05
6252,-25.9,27.0,4.098012011246416e-06
6253,-25.9,28.0,2.5311602961957904e-06
6254,-25.9,29.0,1.893245188374808e-06
6255,-25.9,30.0,1.409337523260014e-06
6256,-25.9,31.0,1.043541887812814e-06
6257,-25.9,32.0,7.685838605698645e-07
6258,-25.9,33.0,5.630656636618073e-07
6259,-25.9,34.0,4.103110050869486e-07
6260,-25.9,35.0,2.974086307422341e-07
6261,-25.9,36.0,2.1442736426707477e-07
6262,-25.9,37.0,1.5377759049868041e-07
6263,-25.9,38.0,1.096963243973899e-07
6264,-25.9,39.0,7.783541775601584e-08
6265,-25.9,40.0,5.4934932093144514e-08
6266,-25.9,41.0,3.8566129858675866e-08
6267,-25.9,42.0,2.693082480260764e-08
6268,-25.9,43.0,1.8705932908148314e-08
6269,-25.9,44.0,1.2923948186131689e-08
6270,-25.9,45.0,8.88172166484512e-09
6271,-25.9,46.0,6.0713493461944596e-09
6272,-25.9,47.0,4.128187343707654e-09
6273,-25.9,48.0,2.7920274468768588e-09
6274,-25.9,49.0,1.8783048411881003e-09
6275,-25.9,50.0,1.2568937921300744e-09
6276,-25.9,51.0,8.365987146263221e-10
6277,-25.9,52.0,5.538879446397654e-10
6278,-25.9,53.0,3.647646476273466e-10
6279,-25.9,54.0,2.3894044939060564e-10
6280,-25.9,55.0,1.556871323858546e-10
6281,-25.9,56.0,1.0090248691176993e-10
6282,-25.9,57.0,6.504847640233486e-11
6283,-25.9,58.0,4.171175805861301e-11
6284,-25.9,59.0,2.6605165715632373e-11
6285,-25.9,60.0,1.6879498893794193e-11
6286,-25.9,61.0,1.0652198189073396e-11
6287,-25.9,62.0,6.6865952309210144e-12
6288,-25.9,63.0,4.175004403617334e-12
6289,-25.9,64.0,2.592954816637557e-12
6290,-25.9,65.0,1.601839754329123e-12
6291,-25.9,66.0,9.843040996032075e-13
6292,-25.9,67.0,6.016246577614866e-13
6293,-25.9,68.0,3.657699886570509e-13
6294,-25.9,69.0,2.2119566813564462e-13
6295,-25.9,70.0,1.33055022815955e-13
6296,-25.9,71.0,7.961080905362998e-14
6297,-25.9,72.0,4.7380420280573744e-14
6298,-25.9,73.0,2.804864510930614e-14
6299,-25.9,74.0,1.651623196406991e-14
6300,-25.8,-75.0,1.0610161931014552e-05
6301,-25.8,-74.0,1.3753352573870207e-05
6302,-25.8,-73.0,1.7732960568964304e-05
6303,-25.8,-72.0,2.2742595536946536e-05
6304,-25.8,-71.0,2.9012484047797232e-05
6305,-25.8,-70.0,3.681424591967231e-05
6306,-25.8,-69.0,4.646575637098914e-05
6307,-25.8,-68.0,5.8335942704821536e-05
6308,-25.8,-67.0,7.284932588579595e-05
6309,-25.8,-66.0,9.049007784189333e-05
6310,-25.8,-65.0,0.00011180532638554831
6311,-25.8,-64.0,0.00013740740353308564
6312,-25.8,-63.0,0.00016797470234207332
6313,-25.8,-62.0,0.0002042507851454348
6314,-25.8,-61.0,0.0002470413754198315
6315,-25.8,-60.0,0.0002972088697286637
6316,-25.8,-59.0,0.0003556640283413417
6317,-25.8,-58.0,0.000423354546004561
6318,-25.8,-57.0,0.0005012502700674309
6319,-25.8,-56.0,0.0005903249229975732
6320,-25.8,-55.0,0.0006915343003837441
6321,-25.8,-54.0,0.0008057910525381735
6322,-25.8,-53.0,0.0009339363149622383
6323,-25.8,-52.0,0.0010767086257206604
6324,-25.8,-51.0,0.0012347107499885547
6325,-25.8,-50.0,0.0014083752159022927
6326,-25.8,-49.0,0.0015979295421945155
6327,-25.8,-48.0,0.0018033622996081256
6328,-25.8,-47.0,0.0020244005853571096
6329,-25.8,-46.0,0.002265460958530453
6330,-25.8,-45.0,0.002959520469567966
6331,-25.8,-44.0,0.009428161855498595
6332,-25.8,-43.0,0.01989321718096297
6333,-25.8,-42.0,0.01764306774507682
6334,-25.8,-41.0,0.022896503148246015
6335,-25.8,-40.0,0.01223481914808492
6336,-25.8,-39.0,0.014354252308614411
6337,-25.8,-38.0,0.02814660905792028
6338,-25.8,-37.0,0.01443213161033689
6339,-25.8,-36.0,0.006645233714846099
6340,-25.8,-35.0,0.018909353436383777
6341,-25.8,-34.0,0.038898754127663984
6342,-25.8,-33.0,0.02063052948491753
6343,-25.8,-32.0,0.025330440196188082
6344,-25.8,-31.0,0.05136783059483986
6345,-25.8,-30.0,0.026590362223410668
6346,-25.8,-29.0,0.034869547163888265
6347,-25.8,-28.0,0.07319984344967384
6348,-25.8,-27.0,0.033806185714324435
6349,-25.8,-26.0,0.010486338591021433
6350,-25.8,-25.0,0.030605581578473446
6351,-25.8,-24.0,0.06672681742024927
6352,-25.8,-23.0,0.031592744182257174
6353,-25.8,-22.0,0.02371282067246075
6354,-25.8,-21.0,0.045946047609022767
6355,-25.8,-20.0,0.021767679856994394
6356,-25.8,-19.0,0.006945305071410802
6357,-25.8,-18.0,0.01591828163617217
6358,-25.8,-17.0,0.031731726142093616
6359,-25.8,-16.0,0.0160437104940806
6360,-25.8,-15.0,0.013491468374483537
6361,-25.8,-14.0,0.024927892793184126
6362,-25.8,-13.0,0.012254365238289986
6363,-25.8,-12.0,0.0044663135026305955
6364,-25.8,-11.0,0.00951711410728753
6365,-25.8,-10.0,0.018434416059883607
6366,-25.8,-9.0,0.009358792554286881
6367,-25.8,-8.0,0.008019120082089035
6368,-25.8,-7.0,0.014821385392889071
6369,-25.8,-6.0,0.007147562310753053
6370,-25.8,-5.0,0.0024305117763041392
6371,-25.8,-4.0,0.005585078535435028
6372,-25.8,-3.0,0.011162365510683695
6373,-25.8,-2.0,0.005231231543716568
6374,-25.8,-1.0,0.001385345645785354
6375,-25.8,0.0,0.000592876205996758
6376,-25.8,1.0,0.0010458011770648505
6377,-25.8,2.0,0.0035384828485879594
6378,-25.8,3.0,0.007501472526782247
6379,-25.8,4.0,0.003338155693236244
6380,-25.8,5.0,0.0008015717161003968
6381,-25.8,6.0,0.002631330232721804
6382,-25.8,7.0,0.005824168787752542
6383,-25.8,8.0,0.002639997136512831
6384,-25.8,9.0,0.002288387960888462
6385,-25.8,10.0,0.00487625376280758
6386,-25.8,11.0,0.0020645124806735033
6387,-25.8,12.0,0.00036192962978504604
6388,-25.8,13.0,0.0016623391542832896
6389,-25.8,14.0,0.003907308406628786
6390,-25.8,15.0,0.001714935107251584
6391,-25.8,16.0,0.0015033108552775962
6392,-25.8,17.0,0.003343816908553961
6393,-25.8,18.0,0.0013787629343744604
6394,-25.8,19.0,0.00019315011203049998
6395,-25.8,20.0,0.0011339067591857126
6396,-25.8,21.0,0.0027466699831786446
6397,-25.8,22.0,0.001189707519602707
6398,-25.8,23.0,0.0010533128767950875
6399,-25.8,24.0,0.002386180887296092
6400,-25.8,25.0,0.0009740800820819918
6401,-25.8,26.0,6.98923493420779e-05
6402,-25.8,27.0,4.156856023167512e-06
6403,-25.8,28.0,2.5796505220340625e-06
6404,-25.8,29.0,1.9305674906257293e-06
6405,-25.8,30.0,1.4378860639395003e-06
6406,-25.8,31.0,1.0652479067488486e-06
6407,-25.8,32.0,7.849887232078085e-07
6408,-25.8,33.0,5.753903373414985e-07
6409,-25.8,34.0,4.195155415611054e-07
6410,-25.8,35.0,3.042424646444811e-07
6411,-25.8,36.0,2.1947135666047488e-07
6412,-25.8,37.0,1.5747879155997757e-07
6413,-25.8,38.0,1.1239642053959939e-07
6414,-25.8,39.0,7.979378202536875e-08
6415,-25.8,40.0,5.634712568635255e-08
6416,-25.8,41.0,3.957861761446151e-08
6417,-25.8,42.0,2.7652576605655752e-08
6418,-25.8,43.0,1.921749203828664e-08
6419,-25.8,44.0,1.3284460873139751e-08
6420,-25.8,45.0,9.134342115859257e-09
6421,-25.8,46.0,6.247362784336711e-09
6422,-25.8,47.0,4.250130744032776e-09
6423,-25.8,48.0,2.8760336592420476e-09
6424,-25.8,49.0,1.935850201941232e-09
6425,-25.8,50.0,1.2960914348968366e-09
6426,-25.8,51.0,8.631487413046943e-10
6427,-25.8,52.0,5.717705079743237e-10
6428,-25.8,53.0,3.767419380815849e-10
6429,-25.8,54.0,2.469177394856716e-10
6430,-25.8,55.0,1.6097066005159475e-10
6431,-25.8,56.0,1.0438239684590876e-10
6432,-25.8,57.0,6.732772077648493e-11
6433,-25.8,58.0,4.319631186173578e-11
6434,-25.8,59.0,2.7566747657091254e-11
6435,-25.8,60.0,1.7498889999962244e-11
6436,-25.8,61.0,1.1048964520535195e-11
6437,-25.8,62.0,6.939349550174839e-12
6438,-25.8,63.0,4.33512931989523e-12
6439,-25.8,64.0,2.69383789350109e-12
6440,-25.8,65.0,1.6650487966675031e-12
6441,-25.8,66.0,1.0236902833994832e-12
6442,-25.8,67.0,6.260316699620908e-13
6443,-25.8,68.0,3.808115696872779e-13
6444,-25.8,69.0,2.304146414822203e-13
6445,-25.8,70.0,1.3867434330148036e-13
6446,-25.8,71.0,8.301723622130376e-14
6447,-25.8,72.0,4.943408857487901e-14
6448,-25.8,73.0,2.927998833701687e-14
6449,-25.8,74.0,1.7250487584292892e-14
6450,-25.7,-75.0,1.0437208709969793e-05
6451,-25.7,-74.0,1.3536373269245659e-05
6452,-25.7,-73.0,1.7462498539069744e-05
6453,-25.7,-72.0,2.240766233650834e-05
6454,-25.7,-71.0,2.8600447445302225e-05
6455,-25.7,-70.0,3.631074932046417e-05
6456,-25.7,-69.0,4.585468373529231e-05
6457,-25.7,-68.0,5.75994453046678e-05
6458,-25.7,-67.0,7.196792932695142e-05
6459,-25.7,-66.0,8.944288951721763e-05
6460,-25.7,-65.0,0.00011057036472894306
6461,-25.7,-64.0,0.0001359620708915819
6462,-25.7,-63.0,0.00016629642274906212
6463,-25.7,-62.0,0.00020231782653218038
6464,-25.7,-61.0,0.0002448338726325369
6465,-25.7,-60.0,0.0002947100599454478
6466,-25.7,-59.0,0.0003528617039822681
6467,-25.7,-58.0,0.00042024272194785516
6468,-25.7,-57.0,0.000497831051970949
6469,-25.7,-56.0,0.0005866105519348471
6470,-25.7,-55.0,0.0006875493361245959
6471,-25.7,-54.0,0.0008015746440574098
6472,-25.7,-53.0,0.0009295444927048935
6473,-25.7,-52.0,0.0010722165364748036
6474,-25.7,-51.0,0.0012302147427103722
6475,-25.7,-50.0,0.0014039946763730528
6476,-25.7,-49.0,0.0015938083668700248
6477,-25.7,-48.0,0.0017996698953447342
6478,-25.7,-47.0,0.0020213323095629276
6479,-25.7,-46.0,0.0022632522554340896
6480,-25.7,-45.0,0.002959685141164137
6481,-25.7,-44.0,0.009447615678603914
6482,-25.7,-43.0,0.019943587578963896
6483,-25.7,-42.0,0.017685574981313044
6484,-25.7,-41.0,0.022951719333173123
6485,-25.7,-40.0,0.012264201405357982
6486,-25.7,-39.0,0.014385218489196825
6487,-25.7,-38.0,0.02820579642703989
6488,-25.7,-37.0,0.014468527408811977
6489,-25.7,-36.0,0.006669050754446176
6490,-25.7,-35.0,0.018942631659714052
6491,-25.7,-34.0,0.038946594384631585
6492,-25.7,-33.0,0.020670820722559186
6493,-25.7,-32.0,0.025346283482622398
6494,-25.7,-31.0,0.05135278488282633
6495,-25.7,-30.0,0.0266043146429926
6496,-25.7,-29.0,0.03476509949621318
6497,-25.7,-28.0,0.07287464373648854
6498,-25.7,-27.0,0.033712384376821135
6499,-25.7,-26.0,0.010594451626582702
6500,-25.7,-25.0,0.030735279281015798
6501,-25.7,-24.0,0.06712826150449895
6502,-25.7,-23.0,0.03173179619088807
6503,-25.7,-22.0,0.023710771886909204
6504,-25.7,-21.0,0.0459773211967211
6505,-25.7,-20.0,0.021760918006920562
6506,-25.7,-19.0,0.006915094925194755
6507,-25.7,-18.0,0.015882174209029026
6508,-25.7,-17.0,0.0316871251982639
6509,-25.7,-16.0,0.016013778549462444
6510,-25.7,-15.0,0.013458652505960667
6511,-25.7,-14.0,0.02487689448064463
6512,-25.7,-13.0,0.012228086331244878
6513,-25.7,-12.0,0.004455531472477789
6514,-25.7,-11.0,0.009494135444443134
6515,-25.7,-10.0,0.01838924339910752
6516,-25.7,-9.0,0.00933860877154045
6517,-25.7,-8.0,0.008001090889726366
6518,-25.7,-7.0,0.014782459656061774
6519,-25.7,-6.0,0.007132970383473517
6520,-25.7,-5.0,0.002430704946594226
6521,-25.7,-4.0,0.005573605934321276
6522,-25.7,-3.0,0.011130496716729827
6523,-25.7,-2.0,0.005220512034414087
6524,-25.7,-1.0,0.0013881448683965335
6525,-25.7,0.0,0.0005870806255322692
6526,-25.7,1.0,0.0010489430398483027
6527,-25.7,2.0,0.0035308848631888917
6528,-25.7,3.0,0.007477088639221841
6529,-25.7,4.0,0.003330078635553305
6530,-25.7,5.0,0.0008032140657323443
6531,-25.7,6.0,0.0026243108988350263
6532,-25.7,7.0,0.0058025544730834775
6533,-25.7,8.0,0.0026318301024366763
6534,-25.7,9.0,0.0022809677117003606
6535,-25.7,10.0,0.004856467215624923
6536,-25.7,11.0,0.0020572636246384904
6537,-25.7,12.0,0.0003621575794351912
6538,-25.7,13.0,0.0016559588968287633
6539,-25.7,14.0,0.00388981341230286
6540,-25.7,15.0,0.0017077817288772418
6541,-25.7,16.0,0.0014968023469896917
6542,-25.7,17.0,0.0033279564712555432
6543,-25.7,18.0,0.001372539966060479
6544,-25.7,19.0,0.00019269911568522903
6545,-25.7,20.0,0.0011284922954273406
6546,-25.7,21.0,0.0027328597042652037
6547,-25.7,22.0,0.0011838422098439576
6548,-25.7,23.0,0.0010479910054712804
6549,-25.7,24.0,0.002373782239708982
6550,-25.7,25.0,0.0009690827577369736
6551,-25.7,26.0,6.962898774554137e-05
6552,-25.7,27.0,4.2161938794241084e-06
6553,-25.7,28.0,2.628613032775624e-06
6554,-25.7,29.0,1.9682829305638063e-06
6555,-25.7,30.0,1.4667575855780206e-06
6556,-25.7,31.0,1.0872161633313193e-06
6557,-25.7,32.0,8.016041964349178e-07
6558,-25.7,33.0,5.878824432377797e-07
6559,-25.7,34.0,4.2885191037162874e-07
6560,-25.7,35.0,3.1117915611395824e-07
6561,-25.7,36.0,2.2459490185720136e-07
6562,-25.7,37.0,1.6124100620080092e-07
6563,-25.7,38.0,1.1514293342555226e-07
6564,-25.7,39.0,8.178718176226299e-08
6565,-25.7,40.0,5.7785562665094695e-08
6566,-25.7,41.0,4.061061694158287e-08
6567,-25.7,42.0,2.8388729549565455e-08
6568,-25.7,43.0,1.973960468706217e-08
6569,-25.7,44.0,1.3652653357556698e-08
6570,-25.7,45.0,9.392512715982349e-09
6571,-25.7,46.0,6.427360109724085e-09
6572,-25.7,47.0,4.37491466215807e-09
6573,-25.7,48.0,2.962051801096183e-09
6574,-25.7,49.0,1.9948113108883174e-09
6575,-25.7,50.0,1.3362788778937583e-09
6576,-25.7,51.0,8.903863507292311e-10
6577,-25.7,52.0,5.90127688591267e-10
6578,-25.7,53.0,3.890447851180985e-10
6579,-25.7,54.0,2.5511694890023577e-10
6580,-25.7,55.0,1.6640452584328213e-10
6581,-25.7,56.0,1.0796352687630346e-10
6582,-25.7,57.0,6.967469885406759e-11
6583,-25.7,58.0,4.472591610340007e-11
6584,-25.7,59.0,2.855811228855769e-11
6585,-25.7,60.0,1.8137852109824795e-11
6586,-25.7,61.0,1.145851463053948e-11
6587,-25.7,62.0,7.200404559570804e-12
6588,-25.7,63.0,4.500612068307578e-12
6589,-25.7,64.0,2.7981588792800676e-12
6590,-25.7,65.0,1.7304508448559387e-12
6591,-25.7,66.0,1.0644671708418255e-12
6592,-25.7,67.0,6.513154557563342e-13
6593,-25.7,68.0,3.9640269992918195e-13
6594,-25.7,69.0,2.3997606683685237e-13
6595,-25.7,70.0,1.445058289940108e-13
6596,-25.7,71.0,8.655435173586317e-14
6597,-25.7,72.0,5.156779452920966e-14
6598,-25.7,73.0,3.0560067909481504e-14
6599,-25.7,74.0,1.8014249758745227e-14
6600,-25.6,-75.0,1.0265499012531677e-05
6601,-25.6,-74.0,1.332077241432483e-05
6602,-25.6,-73.0,1.7193522401654317e-05
6603,-25.6,-72.0,2.2074273376203947e-05
6604,-25.6,-71.0,2.8189935495689205e-05
6605,-25.6,-70.0,3.580864231365033e-05
6606,-25.6,-69.0,4.5244702346636405e-05
6607,-25.6,-68.0,5.686351780356459e-05
6608,-25.6,-67.0,7.108628506542815e-05
6609,-25.6,-66.0,8.839425131118963e-05
6610,-25.6,-65.0,0.00010933226169201607
6611,-25.6,-64.0,0.00013451129385094615
6612,-25.6,-63.0,0.00016460964397660454
6613,-25.6,-62.0,0.00020037240392939613
6614,-25.6,-61.0,0.00024260885549684362
6615,-25.6,-60.0,0.00029218740883157137
6616,-25.6,-59.0,0.00035002773082083857
6617,-25.6,-58.0,0.00041708974843265834
6618,-25.6,-57.0,0.0004943592743088231
6619,-25.6,-56.0,0.0005828300885132134
6620,-25.6,-55.0,0.0006834824217642526
6621,-25.6,-54.0,0.000797257920692578
6622,-25.6,-53.0,0.0009250313321172368
6623,-25.6,-52.0,0.001067579316782186
6624,-25.6,-51.0,0.0012255469874651083
6625,-25.6,-50.0,0.0013994129542307288
6626,-25.6,-49.0,0.0015894538417615665
6627,-25.6,-48.0,0.0017957094128320974
6628,-25.6,-47.0,0.0020179589315912267
6629,-25.6,-46.0,0.0022606991170004555
6630,-25.6,-45.0,0.002959431042456884
6631,-25.6,-44.0,0.009466135100118912
6632,-25.6,-43.0,0.01999220371025308
6633,-25.6,-42.0,0.017726489027384638
6634,-25.6,-41.0,0.02300493648444026
6635,-25.6,-40.0,0.012292375411259205
6636,-25.6,-39.0,0.014414840745241159
6637,-25.6,-38.0,0.028262649437554452
6638,-25.6,-37.0,0.014503563919916142
6639,-25.6,-36.0,0.006692080326869563
6640,-25.6,-35.0,0.01897445469361538
6641,-25.6,-34.0,0.03899187972331837
6642,-25.6,-33.0,0.020709640161394066
6643,-25.6,-32.0,0.025361108750310203
6644,-25.6,-31.0,0.05133638840155717
6645,-25.6,-30.0,0.02661771769534485
6646,-25.6,-29.0,0.03466541192625038
6647,-25.6,-28.0,0.07256208737706708
6648,-25.6,-27.0,0.03362349353746078
6649,-25.6,-26.0,0.01070461018055618
6650,-25.6,-25.0,0.030872813808259663
6651,-25.6,-24.0,0.06754963854060542
6652,-25.6,-23.0,0.031878541572321235
6653,-25.6,-22.0,0.02370813793999756
6654,-25.6,-21.0,0.046006718733573926
6655,-25.6,-20.0,0.021752956465455272
6656,-25.6,-19.0,0.006884058913508916
6657,-25.6,-18.0,0.01584436279839612
6658,-25.6,-17.0,0.03163940879455619
6659,-25.6,-16.0,0.015982100736142927
6660,-25.6,-15.0,0.013424222777312604
6661,-25.6,-14.0,0.0248231341030558
6662,-25.6,-13.0,0.012200311687077164
6663,-25.6,-12.0,0.004444035331100907
6664,-25.6,-11.0,0.009469920762723622
6665,-25.6,-10.0,0.018341913459710625
6666,-25.6,-9.0,0.009317232899939475
6667,-25.6,-8.0,0.00798202138823562
6668,-25.6,-7.0,0.014741790731174763
6669,-25.6,-6.0,0.007117464757277309
6670,-25.6,-5.0,0.002430501137461983
6671,-25.6,-4.0,0.0055614202261769245
6672,-25.6,-3.0,0.011097341854985617
6673,-25.6,-2.0,0.005209149046320179
6674,-25.6,-1.0,0.0013907216237669644
6675,-25.6,0.0,0.0005812658086003042
6676,-25.6,1.0,0.001051925238285602
6677,-25.6,2.0,0.003522878390553774
6678,-25.6,3.0,0.0074518933076477
6679,-25.6,4.0,0.0033216309177060356
6680,-25.6,5.0,0.0008047561896127715
6681,-25.6,6.0,0.002617008949998992
6682,-25.6,7.0,0.005780333781524034
6683,-25.6,8.0,0.0026233875835912695
6684,-25.6,9.0,0.0022733124830499243
6685,-25.6,10.0,0.004836184205560315
6686,-25.6,11.0,0.002049806229271166
6687,-25.6,12.0,0.00036235162652243844
6688,-25.6,13.0,0.0016494146480030348
6689,-25.6,14.0,0.0038719287192764884
6690,-25.6,15.0,0.0017004595689992241
6691,-25.6,16.0,0.001490147471212597
6692,-25.6,17.0,0.0033117659015981854
6693,-25.6,18.0,0.001366182707083729
6694,-25.6,19.0,0.00019223195812172346
6695,-25.6,20.0,0.0011229686899395283
6696,-25.6,21.0,0.0027187808926128153
6697,-25.6,22.0,0.0011778616622285059
6698,-25.6,23.0,0.001042567844035222
6699,-25.6,24.0,0.002361151779939596
6700,-25.6,25.0,0.0009639914369573776
6701,-25.6,26.0,6.935982427426703e-05
6702,-25.6,27.0,4.275973211953486e-06
6703,-25.6,28.0,2.678013448835188e-06
6704,-25.6,29.0,2.0063663423353036e-06
6705,-25.6,30.0,1.4959338164039407e-06
6706,-25.6,31.0,1.109433507215143e-06
6707,-25.6,32.0,8.184209020038736e-07
6708,-25.6,33.0,6.00535357001486e-07
6709,-25.6,34.0,4.383154794993911e-07
6710,-25.6,35.0,3.182155009528076e-07
6711,-25.6,36.0,2.2979580888273776e-07
6712,-25.6,37.0,1.6506275504590562e-07
6713,-25.6,38.0,1.1793487798396934e-07
6714,-25.6,39.0,8.38149712419793e-08
6715,-25.6,40.0,5.924982731971228e-08
6716,-25.6,41.0,4.1661865868578024e-08
6717,-25.6,42.0,2.913912281952111e-08
6718,-25.6,43.0,2.0272175414798977e-08
6719,-25.6,44.0,1.4028471567659175e-08
6720,-25.6,45.0,9.65620490570327e-09
6721,-25.6,46.0,6.611327988841984e-09
6722,-25.6,47.0,4.502534455655163e-09
6723,-25.6,48.0,3.050081873110861e-09
6724,-25.6,49.0,2.0551903832362154e-09
6725,-25.6,50.0,1.3774591551164457e-09
6726,-25.6,51.0,9.183146423973378e-10
6727,-25.6,52.0,6.089622855286521e-10
6728,-25.6,53.0,4.016755453523534e-10
6729,-25.6,54.0,2.6353997185840897e-10
6730,-25.6,55.0,1.7199020184359449e-10
6731,-25.6,56.0,1.1164699148306241e-10
6732,-25.6,57.0,7.209023661348202e-11
6733,-25.6,58.0,4.630117205048319e-11
6734,-25.6,59.0,2.957969053324966e-11
6735,-25.6,60.0,1.8796689822591606e-11
6736,-25.6,61.0,1.1881061153283395e-11
6737,-25.6,62.0,7.469907004153552e-12
6738,-25.6,63.0,4.6715528510415665e-12
6739,-25.6,64.0,2.905985516717136e-12
6740,-25.6,65.0,1.798091267589034e-12
6741,-25.6,66.0,1.1066648748954619e-12
6742,-25.6,67.0,6.77495831267523e-13
6743,-25.6,68.0,4.125563121331166e-13
6744,-25.6,69.0,2.4988831735194006e-13
6745,-25.6,70.0,1.5055485906547926e-13
6746,-25.6,71.0,9.022558532058029e-14
6747,-25.6,72.0,5.3783708832661846e-14
6748,-25.6,73.0,3.1890247779451565e-14
6749,-25.6,74.0,1.8808369477563396e-14
6750,-25.5,-75.0,1.0095116796150207e-05
6751,-25.5,-74.0,1.3106661403324585e-05
6752,-25.5,-73.0,1.692617862200431e-05
6753,-25.5,-72.0,2.1742619556621046e-05
6754,-25.5,-71.0,2.7781194911441307e-05
6755,-25.5,-70.0,3.53082411123468e-05
6756,-25.5,-69.0,4.4636214229882183e-05
6757,-25.5,-68.0,5.612866728294476e-05
6758,-25.5,-67.0,7.020502771827566e-05
6759,-25.5,-66.0,8.734495136476631e-05
6760,-25.5,-65.0,0.00010809198866949246
6761,-25.5,-64.0,0.00013305626070112502
6762,-25.5,-63.0,0.0001629158088491806
6763,-25.5,-62.0,0.00019841625631310416
6764,-25.5,-61.0,0.00024036840458550271
6765,-25.5,-60.0,0.00028964338752898196
6766,-25.5,-59.0,0.0003471650225959199
6767,-25.5,-58.0,0.00041389903621864946
6768,-25.5,-57.0,0.0004908389008249635
6769,-25.5,-56.0,0.000578988105906235
6770,-25.5,-55.0,0.0006793387955802157
6771,-25.5,-54.0,0.0007928468392948806
6772,-25.5,-53.0,0.0009204035583021259
6773,-25.5,-52.0,0.0010628045041801864
6774,-25.5,-51.0,0.0012207158711425986
6775,-25.5,-50.0,0.0013946393135943304
6776,-25.5,-49.0,0.0015848761253394682
6777,-25.5,-48.0,0.0017914919096853237
6778,-25.5,-47.0,0.002014292399352867
6779,-25.5,-46.0,0.002257814379793145
6780,-25.5,-45.0,0.002958773786627397
6781,-25.5,-44.0,0.00948376375318507
6782,-25.5,-43.0,0.020039154682364536
6783,-25.5,-42.0,0.01776588886713317
6784,-25.5,-41.0,0.02305625649488213
6785,-25.5,-40.0,0.012319394837406903
6786,-25.5,-39.0,0.014443181687125576
6787,-25.5,-38.0,0.02831729170464262
6788,-25.5,-37.0,0.01453730170900504
6789,-25.5,-36.0,0.006714346429097565
6790,-25.5,-35.0,0.01900489847775972
6791,-25.5,-34.0,0.03903477170631993
6792,-25.5,-33.0,0.02074706677175189
6793,-25.5,-32.0,0.025374992055737556
6794,-25.5,-31.0,0.051318794603281634
6795,-25.5,-30.0,0.02663061832520775
6796,-25.5,-29.0,0.034570148052091694
6797,-25.5,-28.0,0.07226131828276358
6798,-25.5,-27.0,0.03353917363257993
6799,-25.5,-26.0,0.010816982399580259
6800,-25.5,-25.0,0.031018951612285097
6801,-25.5,-24.0,0.0679928867967658
6802,-25.5,-23.0,0.032033737053616215
6803,-25.5,-22.0,0.02370479534563942
6804,-25.5,-21.0,0.046033860932528745
6805,-25.5,-20.0,0.021743616991954005
6806,-25.5,-19.0,0.006852140619115641
6807,-25.5,-18.0,0.01580469505236401
6808,-25.5,-17.0,0.03158826042081764
6809,-25.5,-16.0,0.0159485200803022
6810,-25.5,-15.0,0.013388047108762187
6811,-25.5,-14.0,0.024766361001069773
6812,-25.5,-13.0,0.01217091907119628
6813,-25.5,-12.0,0.004431781441454081
6814,-25.5,-11.0,0.009444374757980338
6815,-25.5,-10.0,0.01829224047164011
6816,-25.5,-9.0,0.009294569575904877
6817,-25.5,-8.0,0.007961829730682272
6818,-25.5,-7.0,0.014699229057521516
6819,-25.5,-6.0,0.0071009714529241125
6820,-25.5,-5.0,0.002429872854297438
6821,-25.5,-4.0,0.005548463198852935
6822,-25.5,-3.0,0.011062788465037554
6823,-25.5,-2.0,0.005197087869311353
6824,-25.5,-1.0,0.0013930587339016597
6825,-25.5,0.0,0.0005754270103014733
6826,-25.5,1.0,0.0010547342501965745
6827,-25.5,2.0,0.003514426320773607
6828,-25.5,3.0,0.007425811805381734
6829,-25.5,4.0,0.003312777953295827
6830,-25.5,5.0,0.0008061880596559907
6831,-25.5,6.0,0.0026093973696226865
6832,-25.5,7.0,0.005757449813797062
6833,-25.5,8.0,0.0026146430215495146
6834,-25.5,9.0,0.002265399389674701
6835,-25.5,10.0,0.004815357827034765
6836,-25.5,11.0,0.0020421199236753044
6837,-25.5,12.0,0.00036250752150972747
6838,-25.5,13.0,0.0016426902417900062
6839,-25.5,14.0,0.0038536174510105537
6840,-25.5,15.0,0.0016929522193746078
6841,-25.5,16.0,0.0014833319424903178
6842,-25.5,17.0,0.0032952140135025067
6843,-25.5,18.0,0.0013596781733598963
6844,-25.5,19.0,0.00019174665512189094
6845,-25.5,20.0,0.001117325384855809
6846,-25.5,21.0,0.002704408243576863
6847,-25.5,22.0,0.0011717548759953482
6848,-25.5,23.0,0.0010370337017197842
6849,-25.5,24.0,0.0023482676755765732
6850,-25.5,25.0,0.0009587971878865073
6851,-25.5,26.0,6.908418917701794e-05
6852,-25.5,27.0,4.33613257521075e-06
6853,-25.5,28.0,2.7278111217356383e-06
6854,-25.5,29.0,2.0447878054729485e-06
6855,-25.5,30.0,1.5253928982561333e-06
6856,-25.5,31.0,1.1318840983818368e-06
6857,-25.5,32.0,8.354274561131109e-07
6858,-25.5,33.0,6.1334096747539e-07
6859,-25.5,34.0,4.479005210685702e-07
6860,-25.5,35.0,3.253474919483478e-07
6861,-25.5,36.0,2.3507130176148954e-07
6862,-25.5,37.0,1.6894213503296831e-07
6863,-25.5,38.0,1.2077096408651956e-07
6864,-25.5,39.0,8.587628638851785e-08
6865,-25.5,40.0,6.073934857296231e-08
6866,-25.5,41.0,4.273199252699063e-08
6867,-25.5,42.0,2.990351832869311e-08
6868,-25.5,43.0,2.0815054773656027e-08
6869,-25.5,44.0,1.4411823909675567e-08
6870,-25.5,45.0,9.925364214038343e-09
6871,-25.5,46.0,6.799235302766692e-09
6872,-25.5,47.0,4.6329733485202366e-09
6873,-25.5,48.0,3.140115648740947e-09
6874,-25.5,49.0,2.116984089960912e-09
6875,-25.5,50.0,1.4196315874507191e-09
6876,-25.5,51.0,9.469342445091696e-10
6877,-25.5,52.0,6.282754633278166e-10
6878,-25.5,53.0,4.14635501176525e-10
6879,-25.5,54.0,2.721880010736742e-10
6880,-25.5,55.0,1.7772870495979058e-10
6881,-25.5,56.0,1.1543361171827685e-10
6882,-25.5,57.0,7.457497211299565e-11
6883,-25.5,58.0,4.7922561416531185e-11
6884,-25.5,59.0,3.0631837764997177e-11
6885,-25.5,60.0,1.9475660319672965e-11
6886,-25.5,61.0,1.2316787166759233e-11
6887,-25.5,62.0,7.747985335201829e-12
6888,-25.5,63.0,4.848040628148532e-12
6889,-25.5,64.0,3.0173786901587934e-12
6890,-25.5,65.0,1.8680112806524302e-12
6891,-25.5,66.0,1.1503110130341688e-12
6892,-25.5,67.0,7.045911248382963e-13
6893,-25.5,68.0,4.292844592349116e-13
6894,-25.5,69.0,2.6015925025729027e-13
6895,-25.5,70.0,1.5682651279353613e-13
6896,-25.5,71.0,9.403419397079803e-14
6897,-25.5,72.0,5.608390364807923e-14
6898,-25.5,73.0,3.327183627416005e-14
6899,-25.5,74.0,1.9633666670589846e-14
6900,-25.4,-75.0,9.926135920378554e-06
6901,-25.4,-74.0,1.2894138748186243e-05
6902,-25.4,-73.0,1.66605973296662e-05
6903,-25.4,-72.0,2.141287118711056e-05
6904,-25.4,-71.0,2.737444660405843e-05
6905,-25.4,-70.0,3.480982979209296e-05
6906,-25.4,-69.0,4.4029581615116116e-05
6907,-25.4,-68.0,5.539535183641157e-05
6908,-25.4,-67.0,6.932473194925243e-05
6909,-25.4,-66.0,8.629570487075073e-05
6910,-25.4,-65.0,0.00010685042880782262
6911,-25.4,-64.0,0.00013159805358612897
6912,-25.4,-63.0,0.00016121623324473187
6913,-25.4,-62.0,0.00019645097169499
6914,-25.4,-61.0,0.00023811442195404502
6915,-25.4,-60.0,0.00028708025725906463
6916,-25.4,-59.0,0.00034427624756616757
6917,-25.4,-58.0,0.0004106737105807966
6918,-25.4,-57.0,0.00048727356506640755
6919,-25.4,-56.0,0.0005750887974424996
6920,-25.4,-55.0,0.0006751232612362908
6921,-25.4,-54.0,0.0007883468620804101
6922,-25.4,-53.0,0.0009156673363824183
6923,-25.4,-52.0,0.001057899005556437
6924,-25.4,-51.0,0.0012157290740635745
6925,-25.4,-50.0,0.0013896822310027767
6926,-25.4,-49.0,0.0015800845026368029
6927,-25.4,-48.0,0.0017870274797149991
6928,-25.4,-47.0,0.0020103436025004605
6929,-25.4,-46.0,0.0022546097216639715
6930,-25.4,-45.0,0.002957727511070874
6931,-25.4,-44.0,0.009500540670763889
6932,-25.4,-43.0,0.020084519933517175
6933,-25.4,-42.0,0.017803844898973558
6934,-25.4,-41.0,0.023105770081468385
6935,-25.4,-40.0,0.012345307467891191
6936,-25.4,-39.0,0.0144702969368982
6937,-25.4,-38.0,0.028369832945260232
6938,-25.4,-37.0,0.014569794410480464
6939,-25.4,-36.0,0.0067358700941258344
6940,-25.4,-35.0,0.01903402968018012
6941,-25.4,-34.0,0.0390754123220393
6942,-25.4,-33.0,0.020783169526869115
6943,-25.4,-32.0,0.025387997837204815
6944,-25.4,-31.0,0.05130013310267691
6945,-25.4,-30.0,0.026643054487389548
6946,-25.4,-29.0,0.03447900148403812
6947,-25.4,-28.0,0.07197155920889137
6948,-25.4,-27.0,0.03345911597548061
6949,-25.4,-26.0,0.010931762270886498
6950,-25.4,-25.0,0.031174586457663446
6951,-25.4,-24.0,0.06846026752817834
6952,-25.4,-23.0,0.03219826470813088
6953,-25.4,-22.0,0.023700594927613592
6954,-25.4,-21.0,0.04605829385572337
6955,-25.4,-20.0,0.02173268672963204
6956,-25.4,-19.0,0.006819273566513022
6957,-25.4,-18.0,0.015762993379301687
6958,-25.4,-17.0,0.031533311703836706
6959,-25.4,-16.0,0.015912853876759583
6960,-25.4,-15.0,0.013349972191127579
6961,-25.4,-14.0,0.024706284593077193
6962,-25.4,-13.0,0.012139766811761082
6963,-25.4,-12.0,0.0044187192977087186
6964,-25.4,-11.0,0.009417387209232544
6965,-25.4,-10.0,0.0182400095749135
6966,-25.4,-9.0,0.009270508622389841
6967,-25.4,-8.0,0.007940421429868474
6968,-25.4,-7.0,0.014654601818907239
6969,-25.4,-6.0,0.007083405134845637
6970,-25.4,-5.0,0.002428788562156086
6971,-25.4,-4.0,0.005534667767185002
6972,-25.4,-3.0,0.01102670667214303
6973,-25.4,-2.0,0.0051842654551829135
6974,-25.4,-1.0,0.0013951365734446708
6975,-25.4,0.0,0.0005695587321516215
6976,-25.4,1.0,0.0010573546427521997
6977,-25.4,2.0,0.0035054858923432622
6978,-25.4,3.0,0.007398757799438568
6979,-25.4,4.0,0.003303479856025983
6980,-25.4,5.0,0.0008074981994567772
6981,-25.4,6.0,0.0026014449872561424
6982,-25.4,7.0,0.005733836774488957
6983,-25.4,8.0,0.0026055657406359057
6984,-25.4,9.0,0.0022572019912886804
6985,-25.4,10.0,0.004793933803014536
6986,-25.4,11.0,0.0020341811551765087
6987,-25.4,12.0,0.0003626203757936083
6988,-25.4,13.0,0.001635766974746766
6989,-25.4,14.0,0.0038348369020592753
6990,-25.4,15.0,0.0016852406836542027
6991,-25.4,16.0,0.0014763392175703815
6992,-25.4,17.0,0.0032782646759424335
6993,-25.4,18.0,0.0013530113234851476
6994,-25.4,19.0,0.00019124090968022502
6995,-25.4,20.0,0.0011115501447029035
6996,-25.4,21.0,0.002689712429189892
6997,-25.4,22.0,0.0011655091006223138
6998,-25.4,23.0,0.0010313773446735928
6999,-25.4,24.0,0.0023351046185609643
7000,-25.4,25.0,0.0009534896559569131
7001,-25.4,26.0,6.880130483510386e-05
7002,-25.4,27.0,4.396599527975037e-06
7003,-25.4,28.0,2.7779578204464734e-06
7004,-25.4,29.0,2.08351164684295e-06
7005,-25.4,30.0,1.5551086321475541e-06
7006,-25.4,31.0,1.1545488399005702e-06
7007,-25.4,32.0,8.526100451964725e-07
7008,-25.4,33.0,6.262893611458797e-07
7009,-25.4,34.0,4.5759997788393705e-07
7010,-25.4,35.0,3.3257014706888995e-07
7011,-25.4,36.0,2.404178937655898e-07
7012,-25.4,37.0,1.728767278643156e-07
7013,-25.4,38.0,1.2364953025821944e-07
7014,-25.4,39.0,8.796999703316706e-08
7015,-25.4,40.0,6.22533657822571e-08
7016,-25.4,41.0,4.3820490787310244e-08
7017,-25.4,42.0,3.0681583453944265e-08
7018,-25.4,43.0,2.1368027140374984e-08
7019,-25.4,44.0,1.4802572739175725e-08
7020,-25.4,45.0,1.0199904312826117e-08
7021,-25.4,46.0,6.991029024621727e-09
7022,-25.4,47.0,4.766199588276743e-09
7023,-25.4,48.0,3.2321347244318476e-09
7024,-25.4,49.0,2.1801822278296944e-09
7025,-25.4,50.0,1.4627908804241071e-09
7026,-25.4,51.0,9.762427052287863e-10
7027,-25.4,52.0,6.480663435671189e-10
7028,-25.4,53.0,4.2792458817655704e-10
7029,-25.4,54.0,2.810613468417736e-10
7030,-25.4,55.0,1.8362047751823648e-10
7031,-25.4,56.0,1.1932383682672504e-10
7032,-25.4,57.0,7.712930432444634e-11
7033,-25.4,58.0,4.959041314409106e-11
7034,-25.4,59.0,3.171481236188152e-11
7035,-25.4,60.0,2.0174959594672786e-11
7036,-25.4,61.0,1.2765837400349536e-11
7037,-25.4,62.0,8.034744127188514e-12
7038,-25.4,63.0,5.030149592049727e-12
7039,-25.4,64.0,3.1323902116861644e-12
7040,-25.4,65.0,1.9402465644294105e-12
7041,-25.4,66.0,1.1954298487216198e-12
7042,-25.4,67.0,7.326176468691811e-13
7043,-25.4,68.0,4.465979887932842e-13
7044,-25.4,69.0,2.707960080562479e-13
7045,-25.4,70.0,1.633254488426951e-13
7046,-25.4,71.0,9.798318906174298e-14
7047,-25.4,72.0,5.847030884591868e-14
7048,-25.4,73.0,3.4706059965150555e-14
7049,-25.4,74.0,2.049091469463862e-14
7050,-25.3,-75.0,9.758621180114991e-06
7051,-25.3,-74.0,1.2683291386840011e-05
7052,-25.3,-73.0,1.6396893965820725e-05
7053,-25.3,-72.0,2.1085180048777935e-05
7054,-25.3,-71.0,2.6969888253364246e-05
7055,-25.3,-70.0,3.4313663473235744e-05
7056,-25.3,-69.0,4.34251308578881e-05
7057,-25.3,-68.0,5.4663985372597945e-05
7058,-25.3,-67.0,6.844591832102826e-05
7059,-25.3,-66.0,8.524716116589325e-05
7060,-25.3,-65.0,0.00010560838555331303
7061,-25.3,-64.0,0.00013013765875137875
7062,-25.3,-63.0,0.00015951211831263822
7063,-25.3,-62.0,0.0001944780016113946
7064,-25.3,-61.0,0.0002358486482303465
7065,-25.3,-60.0,0.00028450008937105995
7066,-25.3,-59.0,0.0003413638519031195
7067,-25.3,-58.0,0.0004074166384584702
7068,-25.3,-57.0,0.0004836666017223128
7069,-25.3,-56.0,0.000571136012586904
7070,-25.3,-55.0,0.0006708402288720831
7071,-25.3,-54.0,0.000783763003301144
7072,-25.3,-53.0,0.000910828324226918
7073,-25.3,-52.0,0.0010528691563951125
7074,-25.3,-51.0,0.0012105936361944515
7075,-25.3,-50.0,0.0013845494690191355
7076,-25.3,-49.0,0.001575087466626214
7077,-25.3,-48.0,0.001782325342410922
7078,-25.3,-47.0,0.0020061224702937045
7079,-25.3,-46.0,0.0022510957684090086
7080,-25.3,-45.0,0.0029563050110025008
7081,-25.3,-44.0,0.009516500683023081
7082,-25.3,-43.0,0.02012837005794732
7083,-25.3,-42.0,0.017840419672003432
7084,-25.3,-41.0,0.023153557743615175
7085,-25.3,-40.0,0.01237015570676897
7086,-25.3,-39.0,0.014496235735346263
7087,-25.3,-38.0,0.028420370183264397
7088,-25.3,-37.0,0.014601089326173176
7089,-25.3,-36.0,0.006756669644527275
7090,-25.3,-35.0,0.01906190652312358
7091,-25.3,-34.0,0.039113925744889415
7092,-25.3,-33.0,0.02081800829281673
7093,-25.3,-32.0,0.025400180027400274
7094,-25.3,-31.0,0.0512805120198774
7095,-25.3,-30.0,0.026655055885633293
7096,-25.3,-29.0,0.03439169122028108
7097,-25.3,-28.0,0.07169209997633984
7098,-25.3,-27.0,0.033383038135474136
7099,-25.3,-26.0,0.01104917580421742
7100,-25.3,-25.0,0.03134077110025166
7101,-25.3,-24.0,0.06895444545308928
7102,-25.3,-23.0,0.032373163151100705
7103,-25.3,-22.0,0.023695355096925375
7104,-25.3,-21.0,0.04607946956250334
7105,-25.3,-20.0,0.021719909261009498
7106,-25.3,-19.0,0.006785378679734563
7107,-25.3,-18.0,0.01571904872348081
7108,-25.3,-17.0,0.031474129674707134
7109,-25.3,-16.0,0.015874887352562893
7110,-25.3,-15.0,0.013309818259615492
7111,-25.3,-14.0,0.024642564588521685
7112,-25.3,-13.0,0.012106689020817425
7113,-25.3,-12.0,0.004404789820316788
7114,-25.3,-11.0,0.00938882930705901
7115,-25.3,-10.0,0.018184969682057645
7116,-25.3,-9.0,0.00924492141052573
7117,-25.3,-8.0,0.00791768625206252
7118,-25.3,-7.0,0.014607707235895242
7119,-25.3,-6.0,0.007064666325583321
7120,-25.3,-5.0,0.002427211697333005
7121,-25.3,-4.0,0.005519955797744244
7122,-25.3,-3.0,0.010988944913077864
7123,-25.3,-2.0,0.0051706083765860715
7124,-25.3,-1.0,0.001396932478002699
7125,-25.3,0.0,0.0005636545318341943
7126,-25.3,1.0,0.001059768613906936
7127,-25.3,2.0,0.0034960073116190177
7128,-25.3,3.0,0.00737063050222976
7129,-25.3,4.0,0.0032936901446319615
7130,-25.3,5.0,0.000808673337530823
7131,-25.3,6.0,0.0025931154632371552
7132,-25.3,7.0,0.005709417785414794
7133,-25.3,8.0,0.0025961199397605225
7134,-25.3,9.0,0.0022486894217266192
7135,-25.3,10.0,0.004771848670385711
7136,-25.3,11.0,0.002025962408924237
7137,-25.3,12.0,0.00036268450872067116
7138,-25.3,13.0,0.0016286229827641575
7139,-25.3,14.0,0.003815537100098751
7140,-25.3,15.0,0.001677302740352535
7141,-25.3,16.0,0.001469149939261511
7142,-25.3,17.0,0.003260875591237746
7143,-25.3,18.0,0.0013461645513406781
7144,-25.3,19.0,0.0001907120360456207
7145,-25.3,20.0,0.0011056286420623675
7146,-25.3,21.0,0.0026746591025328384
7147,-25.3,22.0,0.0011591094031611349
7148,-25.3,23.0,0.0010255856141616858
7149,-25.3,24.0,0.002321632964278099
7150,-25.3,25.0,0.0009480567116661244
7151,-25.3,26.0,6.851025931918912e-05
7152,-25.3,27.0,4.4572881301727765e-06
7153,-25.3,28.0,2.8283960202637223e-06
7154,-25.3,29.0,2.1224951411100123e-06
7155,-25.3,30.0,1.5850494962900125e-06
7156,-25.3,31.0,1.1774046398673005e-06
7157,-25.3,32.0,8.699518741496236e-07
7158,-25.3,33.0,6.393684118398805e-07
7159,-25.3,34.0,4.674051599566822e-07
7160,-25.3,35.0,3.3987728620428306e-07
7161,-25.3,36.0,2.4583122404683893e-07
7162,-25.3,37.0,1.7686348110424205e-07
7163,-25.3,38.0,1.2656845760158126e-07
7164,-25.3,39.0,9.00946449369947e-08
7165,-25.3,40.0,6.379088435345684e-08
7166,-25.3,41.0,4.4926688641948624e-08
7167,-25.3,42.0,3.1472868635683157e-08
7168,-25.3,43.0,2.1930794931605875e-08
7169,-25.3,44.0,1.520052329806675e-08
7170,-25.3,45.0,1.0479699304832406e-08
7171,-25.3,46.0,7.1866288727341146e-09
7172,-25.3,47.0,4.902162758916179e-09
7173,-25.3,48.0,3.326107990864825e-09
7174,-25.3,49.0,2.2447659944572177e-09
7175,-25.3,50.0,1.5069259539447501e-09
7176,-25.3,51.0,1.006233703046726e-09
7177,-25.3,52.0,6.683314749454036e-10
7178,-25.3,53.0,4.41541041444602e-10
7179,-25.3,54.0,2.901592022601019e-10
7180,-25.3,55.0,1.8966523226417395e-10
7181,-25.3,56.0,1.2331764247399725e-10
7182,-25.3,57.0,7.975332667542906e-11
7183,-25.3,58.0,5.1304860244393977e-11
7184,-25.3,59.0,3.282874782955946e-11
7185,-25.3,60.0,2.0894704546811098e-11
7186,-25.3,61.0,1.3228306795598169e-11
7187,-25.3,62.0,8.330256810182994e-12
7188,-25.3,63.0,5.217934575638654e-12
7189,-25.3,64.0,3.2510599357680672e-12
7190,-25.3,65.0,2.0148254608601326e-12
7191,-25.3,66.0,1.242041170911487e-12
7192,-25.3,67.0,7.615889973278001e-13
7193,-25.3,68.0,4.645061173825641e-13
7194,-25.3,69.0,2.8180475839362254e-13
7195,-25.3,70.0,1.700557471521325e-13
7196,-25.3,71.0,1.0207524077879882e-13
7197,-25.3,72.0,6.094465455882492e-14
7198,-25.3,73.0,3.619402933089161e-14
7199,-25.3,74.0,2.138081992306104e-14
7200,-25.2,-75.0,9.592629141440095e-06
7201,-25.2,-74.0,1.2474195739004127e-05
7202,-25.2,-73.0,1.6135170609435607e-05
7203,-25.2,-72.0,2.075968105087252e-05
7204,-25.2,-71.0,2.6567696364779715e-05
7205,-25.2,-70.0,3.3819970861824896e-05
7206,-25.2,-69.0,4.2823155559895484e-05
7207,-25.2,-68.0,5.393494142656968e-05
7208,-25.2,-67.0,6.756905792427124e-05
7209,-25.2,-66.0,8.419990932182663e-05
7210,-25.2,-65.0,0.00010436658936725514
7211,-25.2,-64.0,0.0001286759745643244
7212,-25.2,-63.0,0.00015780456000051728
7213,-25.2,-62.0,0.00019249867237644032
7214,-25.2,-61.0,0.00023357267583328428
7215,-25.2,-60.0,0.0002819047807835941
7216,-25.2,-59.0,0.0003384300776295319
7217,-25.2,-58.0,0.00040413044917888034
7218,-25.2,-57.0,0.000480021070432242
7219,-25.2,-56.0,0.0005671332841412842
7220,-25.2,-55.0,0.0006664937460067426
7221,-25.2,-54.0,0.0007790998641606341
7222,-25.2,-53.0,0.0009058917116789494
7223,-25.2,-52.0,0.0010477207646048114
7224,-25.2,-51.0,0.0012053160058392864
7225,-25.2,-50.0,0.001379248130022152
7226,-25.2,-49.0,0.0015698927773094124
7227,-25.2,-48.0,0.001777393907482931
7228,-25.2,-47.0,0.0020016380416923905
7229,-25.2,-46.0,0.0022472821695931977
7230,-25.2,-45.0,0.0029545178331655706
7231,-25.2,-44.0,0.009531674688710997
7232,-25.2,-43.0,0.02017076736576707
7233,-25.2,-42.0,0.01787566838643007
7234,-25.2,-41.0,0.023199690415153396
7235,-25.2,-40.0,0.012393976922699914
7236,-25.2,-39.0,0.014521041356719519
7237,-25.2,-38.0,0.02846898857512869
7238,-25.2,-37.0,0.014631227831380931
7239,-25.2,-36.0,0.006776760859814165
7240,-25.2,-35.0,0.01908857935170542
7241,-25.2,-34.0,0.03915041955952294
7242,-25.2,-33.0,0.020851634438241735
7243,-25.2,-32.0,0.025411582815695406
7244,-25.2,-31.0,0.0512600196026726
7245,-25.2,-30.0,0.026666644413627476
7246,-25.2,-29.0,0.034307957564165985
7247,-25.2,-28.0,0.07142228718218732
7248,-25.2,-27.0,0.03331067989851909
7249,-25.2,-26.0,0.011169489277993947
7250,-25.2,-25.0,0.031518759918768305
7251,-25.2,-24.0,0.06947859705489627
7252,-25.2,-23.0,0.032559669516416354
7253,-25.2,-22.0,0.023688852780311423
7254,-25.2,-21.0,0.04609672001594208
7255,-25.2,-20.0,0.021704972547254717
7256,-25.2,-19.0,0.006750360856004399
7257,-25.2,-18.0,0.01567261219650668
7258,-25.2,-17.0,0.0314101996599301
7259,-25.2,-16.0,0.015834365149339634
7260,-25.2,-15.0,0.013267372065789653
7261,-25.2,-14.0,0.024574797832035006
7262,-25.2,-13.0,0.012071489168548461
7263,-25.2,-12.0,0.004389923061469582
7264,-25.2,-11.0,0.009358548715030182
7265,-25.2,-10.0,0.01812682387972461
7266,-25.2,-9.0,0.009217655966645344
7267,-25.2,-8.0,0.007893494039060213
7268,-25.2,-7.0,0.014558306889030204
7269,-25.2,-6.0,0.007044637659722667
7270,-25.2,-5.0,0.002425099338683753
7271,-25.2,-4.0,0.005504235183414141
7272,-25.2,-3.0,0.010949324186811016
7273,-25.2,-2.0,0.005156030082322285
7274,-25.2,-1.0,0.0013984199495782653
7275,-25.2,0.0,0.000557706766433967
7276,-25.2,1.0,0.0010619553769666966
7277,-25.2,2.0,0.0034859318965036554
7278,-25.2,3.0,0.007341310839810255
7279,-25.2,4.0,0.003283354001397258
7280,-25.2,5.0,0.0008096979419838252
7281,-25.2,6.0,0.002584365923246355
7282,-25.2,7.0,0.005684101943400908
7283,-25.2,8.0,0.0025862633363976893
7284,-25.2,9.0,0.002239825217545809
7285,-25.2,10.0,0.004749027337881623
7286,-25.2,11.0,0.0020174311580434165
7287,-25.2,12.0,0.00036269324229865627
7288,-25.2,13.0,0.0016212324025127961
7289,-25.2,14.0,0.003795658870304841
7290,-25.2,15.0,0.0016691120855621274
7291,-25.2,16.0,0.0014617411879427114
7292,-25.2,17.0,0.0032429966502817847
7293,-25.2,18.0,0.0013391170031251416
7294,-25.2,19.0,0.00019015685765892386
7295,-25.2,20.0,0.0010995438997750268
7296,-25.2,21.0,0.0026592075570920156
7297,-25.2,22.0,0.0011525380856974817
7298,-25.2,23.0,0.0010196429124745715
7299,-25.2,24.0,0.002307817572195865
7300,-25.2,25.0,0.0009424839762775419
7301,-25.2,26.0,6.820997082853899e-05
7302,-25.2,27.0,4.5180956128471835e-06
7303,-25.2,28.0,2.8790566306320675e-06
7304,-25.2,29.0,2.1616867857486287e-06
7305,-25.2,30.0,1.6151773431064563e-06
7306,-25.2,31.0,1.2004234324172023e-06
7307,-25.2,32.0,8.874324346938235e-07
7308,-25.2,33.0,6.525632368577971e-07
7309,-25.2,34.0,4.773053423727149e-07
7310,-25.2,35.0,3.4726123541894216e-07
7311,-25.2,36.0,2.5130584129157933e-07
7312,-25.2,37.0,1.8089855076363548e-07
7313,-25.2,38.0,1.295250558716688e-07
7314,-25.2,39.0,9.224836178203286e-08
7315,-25.2,40.0,6.535061702295917e-08
7316,-25.2,41.0,4.604970638877024e-08
7317,-25.2,42.0,3.227677775757995e-08
7318,-25.2,43.0,2.250295773525516e-08
7319,-25.2,44.0,1.5605409090759826e-08
7320,-25.2,45.0,1.0764573531080018e-08
7321,-25.2,46.0,7.385920244646628e-09
7322,-25.2,47.0,5.04078890882087e-09
7323,-25.2,48.0,3.4219882916988806e-09
7324,-25.2,49.0,2.31070570923013e-09
7325,-25.2,50.0,1.552018396127685e-09
7326,-25.2,51.0,1.0368960034854125e-09
7327,-25.2,52.0,6.890641331130016e-10
7328,-25.2,53.0,4.554809282270352e-10
7329,-25.2,54.0,2.994793329656345e-10
7330,-25.2,55.0,1.958617475028579e-10
7331,-25.2,56.0,1.2741439621612397e-10
7332,-25.2,57.0,8.244673918277709e-11
7333,-25.2,58.0,5.306578272024352e-11
7334,-25.2,59.0,3.397361592609232e-11
7335,-25.2,60.0,2.1634909286973615e-11
7336,-25.2,61.0,1.3704225364664232e-11
7337,-25.2,62.0,8.634556046415497e-12
7338,-25.2,63.0,5.4114249693187685e-12
7339,-25.2,64.0,3.373411935216484e-12
7340,-25.2,65.0,2.091766582596805e-12
7341,-25.2,66.0,1.2901588074334242e-12
7342,-25.2,67.0,7.915151464406637e-13
7343,-25.2,68.0,4.830158652161363e-13
7344,-25.2,69.0,2.9319034825503285e-13
7345,-25.2,70.0,1.7702069859522617e-13
7346,-25.2,71.0,1.0631255087674574e-13
7347,-25.2,72.0,6.350839463367183e-14
7348,-25.2,73.0,3.773669295921511e-14
7349,-25.2,74.0,2.2303994496795455e-14
7350,-25.1,-75.0,9.42820879711688e-06
7351,-25.1,-74.0,1.2266918530775338e-05
7352,-25.1,-73.0,1.5875517008497035e-05
7353,-25.1,-72.0,2.043649351290184e-05
7354,-25.1,-71.0,2.616802785403352e-05
7355,-25.1,-70.0,3.332895619687448e-05
7356,-25.1,-69.0,4.222391894773516e-05
7357,-25.1,-68.0,5.320855604865917e-05
7358,-25.1,-67.0,6.669457586537117e-05
7359,-25.1,-66.0,8.315448233111007e-05
7360,-25.1,-65.0,0.00010312570272056853
7361,-25.1,-64.0,0.00012721381743876678
7362,-25.1,-63.0,0.00015609455603976595
7363,-25.1,-62.0,0.00019051419327010578
7364,-25.1,-61.0,0.00023128795851333215
7365,-25.1,-60.0,0.0002792960650348899
7366,-25.1,-59.0,0.00033547697534137887
7367,-25.1,-58.0,0.0004008175490155796
7368,-25.1,-57.0,0.00047633977234533287
7369,-25.1,-56.0,0.0005630838469642788
7370,-25.1,-55.0,0.0006620875185713292
7371,-25.1,-54.0,0.000774361656297939
7372,-25.1,-53.0,0.0009008622466132782
7373,-25.1,-52.0,0.001042459139247083
7374,-25.1,-51.0,0.0011999020711103592
7375,-25.1,-50.0,0.0013737846904558625
7376,-25.1,-49.0,0.0015645074987440941
7377,-25.1,-48.0,0.0017722408146198497
7378,-25.1,-47.0,0.0019968985077543277
7379,-25.1,-46.0,0.002243177643512808
7380,-25.1,-45.0,0.002952376329322675
7381,-25.1,-44.0,0.009546089797835597
7382,-25.1,-43.0,0.020211766170872215
7383,-25.1,-42.0,0.017909639152776827
7384,-25.1,-41.0,0.02324422980279777
7385,-25.1,-40.0,0.012416803626868365
7386,-25.1,-39.0,0.0145447513269768
7387,-25.1,-38.0,0.028515761848411793
7388,-25.1,-37.0,0.014660245583907288
7389,-25.1,-36.0,0.0067961570547342256
7390,-25.1,-35.0,0.019114090940907436
7391,-25.1,-34.0,0.039184985442103006
7392,-25.1,-33.0,0.02088409115871401
7393,-25.1,-32.0,0.025422241057198727
7394,-25.1,-31.0,0.05123872512650183
7395,-25.1,-30.0,0.026677834281532965
7396,-25.1,-29.0,0.034227558386611456
7397,-25.1,-28.0,0.07116151492443674
7398,-25.1,-27.0,0.03324179962284567
7399,-25.1,-26.0,0.011293020485940606
7400,-25.1,-25.0,0.0317100675341285
7401,-25.1,-24.0,0.07003655950877812
7402,-25.1,-23.0,0.03275927717205085
7403,-25.1,-22.0,0.023680810919674243
7404,-25.1,-21.0,0.04610922115100984
7405,-25.1,-20.0,0.021687492318644645
7406,-25.1,-19.0,0.00671410424709431
7407,-25.1,-18.0,0.015623383579086577
7408,-25.1,-17.0,0.0313409017877871
7409,-25.1,-16.0,0.015790979622366617
7410,-25.1,-15.0,0.013222377218951413
7411,-25.1,-14.0,0.024502500229961498
7412,-25.1,-13.0,0.01203393125334177
7413,-25.1,-12.0,0.004374035049344753
7414,-25.1,-11.0,0.009326362781142102
7415,-25.1,-10.0,0.018065216237498957
7416,-25.1,-9.0,0.009188530247557045
7417,-25.1,-8.0,0.007867688965484695
7418,-25.1,-7.0,0.01450611516698625
7419,-25.1,-6.0,0.007023178735519307
7420,-25.1,-5.0,0.0024224003824033576
7421,-25.1,-4.0,0.005487395822711134
7422,-25.1,-3.0,0.010907630151009724
7423,-25.1,-2.0,0.005140427125369059
7424,-25.1,-1.0,0.001399567566129921
7425,-25.1,0.0,0.0005517062382885694
7426,-25.1,1.0,0.0010638903164967896
7427,-25.1,2.0,0.0034751895255603453
7428,-25.1,3.0,0.0073106561838547236
7429,-25.1,4.0,0.003272405878918247
7430,-25.1,5.0,0.0008105535823326957
7431,-25.1,6.0,0.0025751450817063843
7432,-25.1,7.0,0.005657780274421019
7433,-25.1,8.0,0.0025759453026020546
7434,-25.1,9.0,0.002230565707734794
7435,-25.1,10.0,0.004725379727408962
7436,-25.1,11.0,0.0020085484202612886
7437,-25.1,12.0,0.0003626386196489614
7438,-25.1,13.0,0.0016135642183919131
7439,-25.1,14.0,0.0037751311726210135
7440,-25.1,15.0,0.001660637153906695
7441,-25.1,16.0,0.001454085452062797
7442,-25.1,17.0,0.003224567669566392
7443,-25.1,18.0,0.0013318436378653338
7444,-25.1,19.0,0.0001895715669943328
7445,-25.1,20.0,0.0010932755235227693
7446,-25.1,21.0,0.002643308881901901
7447,-25.1,22.0,0.0011457738837925206
7448,-25.1,23.0,0.0010135304955044729
7449,-25.1,24.0,0.0022936162103014096
7450,-25.1,25.0,0.0009367541691118342
7451,-25.1,26.0,6.789913881652764e-05
7452,-25.1,27.0,4.578897849500148e-06
7453,-25.1,28.0,2.929855910697703e-06
7454,-25.1,29.0,2.201023960276599e-06
7455,-25.1,30.0,1.6454456317567144e-06
7456,-25.1,31.0,1.2235708502274158e-06
7457,-25.1,32.0,9.050265136348035e-07
7458,-25.1,33.0,6.658554600099912e-07
7459,-25.1,34.0,4.872872205700726e-07
7460,-25.1,35.0,3.5471242646780205e-07
7461,-25.1,36.0,2.568349108510822e-07
7462,-25.1,37.0,1.8497708826965792e-07
7463,-25.1,38.0,1.3251590934678872e-07
7464,-25.1,39.0,9.442875825264106e-08
7465,-25.1,40.0,6.693090446180768e-08
7466,-25.1,41.0,4.71884001029851e-08
7467,-25.1,42.0,3.3092528115015215e-08
7468,-25.1,43.0,2.3083984112980932e-08
7469,-25.1,44.0,1.601687212867843e-08
7470,-25.1,45.0,1.105428780406307e-08
7471,-25.1,46.0,7.58874467502928e-09
7472,-25.1,47.0,5.1819739723819734e-09
7473,-25.1,48.0,3.5197079127236006e-09
7474,-25.1,49.0,2.377957736792136e-09
7475,-25.1,50.0,1.5980403763046492e-09
7476,-25.1,51.0,1.0682120509754577e-09
7477,-25.1,52.0,7.102533757002969e-10
7478,-25.1,53.0,4.697375171812748e-10
7479,-25.1,54.0,3.0901765839829963e-10
7480,-25.1,55.0,2.0220759060774853e-10
7481,-25.1,56.0,1.3161267591667581e-10
7482,-25.1,57.0,8.520872984361875e-11
7483,-25.1,58.0,5.487273050971489e-11
7484,-25.1,59.0,3.5149176871564687e-11
7485,-25.1,60.0,2.2395453139351554e-11
7486,-25.1,61.0,1.4193537737496814e-11
7487,-25.1,62.0,8.947620727966069e-12
7488,-25.1,63.0,5.610616499945246e-12
7489,-25.1,64.0,3.4994493313938416e-12
7490,-25.1,65.0,2.171075579636406e-12
7491,-25.1,66.0,1.3397886137170491e-12
7492,-25.1,67.0,8.224011904041917e-13
7493,-25.1,68.0,5.021312905463434e-13
7494,-25.1,69.0,3.049558354643252e-13
7495,-25.1,70.0,1.842225198453072e-13
7496,-25.1,71.0,1.106966800910712e-13
7497,-25.1,72.0,6.616260273555624e-14
7498,-25.1,73.0,3.9334775344940557e-14
7499,-25.1,74.0,2.3260919287460663e-14
7500,-25.0,-75.0,8.924002390366235e-06
7501,-25.0,-74.0,1.1617090063576349e-05
7502,-25.0,-73.0,1.5042538863570597e-05
7503,-25.0,-72.0,1.9374523740201444e-05
7504,-25.0,-71.0,2.4821443616439934e-05
7505,-25.0,-70.0,3.163072489120097e-05
7506,-25.0,-69.0,4.0093813031026235e-05
7507,-25.0,-68.0,5.055122499767764e-05
7508,-25.0,-67.0,6.339749748715599e-05
7509,-25.0,-66.0,7.908582576013629e-05
7510,-25.0,-65.0,9.813214672928754e-05
7511,-25.0,-64.0,0.0001211183798958114
7512,-25.0,-63.0,0.0001486945031031128
7513,-25.0,-62.0,0.0001815791097116717
7514,-25.0,-61.0,0.00022055807283052239
7515,-25.0,-60.0,0.00026648093399978684
7516,-25.0,-59.0,0.000320254641567367
7517,-25.0,-58.0,0.00038283429112251447
7518,-25.0,-57.0,0.0004552105694955467
7519,-25.0,-56.0,0.0005383936770683134
7520,-25.0,-55.0,0.0006333936015539854
7521,-25.0,-54.0,0.0007411967398476363
7522,-25.0,-53.0,0.0008627390113961873
7523,-25.0,-52.0,0.0009988757735089194
7524,-25.0,-51.0,0.0011503490310967657
7525,-25.0,-50.0,0.0013177526237103832
7526,-25.0,-49.0,0.0015014962630407593
7527,-25.0,-48.0,0.0017017694773057489
7528,-25.0,-47.0,0.0019185158328731877
7529,-25.0,-46.0,0.0021562979252090783
7530,-25.0,-45.0,0.0028411959130155186
7531,-25.0,-44.0,0.009207523206580819
7532,-25.0,-43.0,0.01950521467992708
7533,-25.0,-42.0,0.01728125542479656
7534,-25.0,-41.0,0.0224291704384268
7535,-25.0,-40.0,0.01198033954012537
7536,-25.0,-39.0,0.01403063663871841
7537,-25.0,-38.0,0.02750838232380211
7538,-25.0,-37.0,0.014146961562913814
7539,-25.0,-36.0,0.006563763498980929
7540,-25.0,-35.0,0.018433286465869333
7541,-25.0,-34.0,0.0377726557385437
7542,-25.0,-33.0,0.020144749142140313
7543,-25.0,-32.0,0.024495087918535854
7544,-25.0,-31.0,0.04932951247864783
7545,-25.0,-30.0,0.025705243292050733
7546,-25.0,-29.0,0.03289194033460953
7547,-25.0,-28.0,0.06829644419643593
7548,-25.0,-27.0,0.03195373780151546
7549,-25.0,-26.0,0.010999359262828646
7550,-25.0,-25.0,0.03684671770325456
7551,-25.0,-24.0,0.07266914175494305
7552,-25.0,-23.0,0.033924335773037516
7553,-25.0,-22.0,0.02435322871074674
7554,-25.0,-21.0,0.047445301902664806
7555,-25.0,-20.0,0.022291571387557895
7556,-25.0,-19.0,0.0068689245188531724
7557,-25.0,-18.0,0.016019851914288348
7558,-25.0,-17.0,0.03216675120676248
7559,-25.0,-16.0,0.016198208485754605
7560,-25.0,-15.0,0.013554295470884284
7561,-25.0,-14.0,0.025129170114297106
7562,-25.0,-13.0,0.012339464157858308
7563,-25.0,-12.0,0.004482620931623641
7564,-25.0,-11.0,0.009559905921509664
7565,-25.0,-10.0,0.018518581375516686
7566,-25.0,-9.0,0.009421295932309353
7567,-25.0,-8.0,0.008066083301707135
7568,-25.0,-7.0,0.014867349468330349
7569,-25.0,-6.0,0.0072019075618758
7570,-25.0,-5.0,0.0024887857241495857
7571,-25.0,-4.0,0.005626964668860574
7572,-25.0,-3.0,0.011176761256123173
7573,-25.0,-2.0,0.0052713712677002434
7574,-25.0,-1.0,0.0014407042297052434
7575,-25.0,0.0,0.0005613706169626108
7576,-25.0,1.0,0.001096259665491202
7577,-25.0,2.0,0.003563541137941498
7578,-25.0,3.0,0.00748830616837488
7579,-25.0,4.0,0.0033547624980546013
7580,-25.0,5.0,0.0008346025826553965
7581,-25.0,6.0,0.00263934174708166
7582,-25.0,7.0,0.005792622268883885
7583,-25.0,8.0,0.002639047132884619
7584,-25.0,9.0,0.0022848772285108667
7585,-25.0,10.0,0.004836303383923329
7586,-25.0,11.0,0.002056898521281494
7587,-25.0,12.0,0.0003729609210383253
7588,-25.0,13.0,0.0016518638555803882
7589,-25.0,14.0,0.003862078082645056
7590,-25.0,15.0,0.001699456152975166
7591,-25.0,16.0,0.0014878365490980994
7592,-25.0,17.0,0.003297918879855864
7593,-25.0,18.0,0.0013624891945449495
7594,-25.0,19.0,0.000194398333364324
7595,-25.0,20.0,0.0011181271848064033
7596,-25.0,21.0,0.002702627703963137
7597,-25.0,22.0,0.0011716181531261493
7598,-25.0,23.0,0.0010362602274685494
7599,-25.0,24.0,0.0023446721697660106
7600,-25.0,25.0,0.0009576791943153723
7601,-25.0,26.0,6.952415755792426e-05
7602,-25.0,27.0,4.773284677893354e-06
7603,-25.0,28.0,3.066613973160416e-06
7604,-25.0,29.0,2.305013342224958e-06
7605,-25.0,30.0,1.7241042765439211e-06
7606,-25.0,31.0,1.2827453445884844e-06
7607,-25.0,32.0,9.493010770634385e-07
7608,-25.0,33.0,6.988017639309181e-07
7609,-25.0,34.0,5.11670540528915e-07
7610,-25.0,35.0,3.7266033034197344e-07
7611,-25.0,36.0,2.699741560165581e-07
7612,-25.0,37.0,1.945438264808843e-07
7613,-25.0,38.0,1.3944370622642422e-07
7614,-25.0,39.0,9.941835162117283e-08
7615,-25.0,40.0,7.050507163662103e-08
7616,-25.0,41.0,4.9734791718685795e-08
7617,-25.0,42.0,3.489686263263573e-08
7618,-25.0,43.0,2.4355586476430748e-08
7619,-25.0,44.0,1.690818229197064e-08
7620,-25.0,45.0,1.1675658098130977e-08
7621,-25.0,46.0,8.019585671761025e-09
7622,-25.0,47.0,5.479092169774227e-09
7623,-25.0,48.0,3.7235002932809268e-09
7624,-25.0,49.0,2.5169830365744482e-09
7625,-25.0,50.0,1.692369906185173e-09
7626,-25.0,51.0,1.1318696328335386e-09
7627,-25.0,52.0,7.529803291949932e-10
7628,-25.0,53.0,4.982610759754688e-10
7629,-25.0,54.0,3.279566186857394e-10
7630,-25.0,55.0,2.1471478299670728e-10
7631,-25.0,56.0,1.398278243870292e-10
7632,-25.0,57.0,9.057562970773912e-11
7633,-25.0,58.0,5.835999302046605e-11
7634,-25.0,59.0,3.740289413774581e-11
7635,-25.0,60.0,2.3844119646605277e-11
7636,-25.0,61.0,1.5119710796854506e-11
7637,-25.0,62.0,9.536560836916491e-12
7638,-25.0,63.0,5.983099021007496e-12
7639,-25.0,64.0,3.733762632216621e-12
7640,-25.0,65.0,2.317679219470616e-12
7641,-25.0,66.0,1.4310211623892646e-12
7642,-25.0,67.0,8.788705120606127e-13
7643,-25.0,68.0,5.368955911718574e-13
7644,-25.0,69.0,3.262427653143244e-13
7645,-25.0,70.0,1.9718689529916342e-13
7646,-25.0,71.0,1.185499338757183e-13
7647,-25.0,72.0,7.089419746040734e-14
7648,-25.0,73.0,4.217024969630357e-14
7649,-25.0,74.0,2.4950988845019e-14
7650,-24.9,-75.0,8.3557313941915e-06
7651,-24.9,-74.0,1.0883123016145e-05
7652,-24.9,-73.0,1.4099662374871796e-05
7653,-24.9,-72.0,1.816979368397566e-05
7654,-24.9,-71.0,2.329042352910939e-05
7655,-24.9,-70.0,2.9695516522051346e-05
7656,-24.9,-69.0,3.76608821875463e-05
7657,-24.9,-68.0,4.750903417425499e-05
7658,-24.9,-67.0,5.9613966855358626e-05
7659,-24.9,-66.0,7.440565590645033e-05
7660,-24.9,-65.0,9.237404992238824e-05
7661,-24.9,-64.0,0.00011407228140201893
7662,-24.9,-63.0,0.00014011878976333814
7663,-24.9,-62.0,0.00017119801911966146
7664,-24.9,-61.0,0.00020805933233771523
7665,-24.9,-60.0,0.00025151377360344126
7666,-24.9,-59.0,0.0003024283175792881
7667,-24.9,-58.0,0.00036171726733453044
7668,-24.9,-57.0,0.0004303305082702294
7669,-24.9,-56.0,0.0005092383933042866
7670,-24.9,-55.0,0.0005994131267830518
7671,-24.9,-54.0,0.0007018066309302327
7672,-24.9,-53.0,0.0008173250177197142
7673,-24.9,-52.0,0.0009467999478782615
7674,-24.9,-51.0,0.0010909573326189374
7675,-24.9,-50.0,0.0012503840163217872
7676,-24.9,-49.0,0.0014254932617817082
7677,-24.9,-48.0,0.0016164900372530012
7678,-24.9,-47.0,0.0018233460038706293
7679,-24.9,-46.0,0.002050445619710893
7680,-24.9,-45.0,0.0027047704427391075
7681,-24.9,-44.0,0.008785702884763772
7682,-24.9,-43.0,0.01862160769676173
7683,-24.9,-42.0,0.0164961648073403
7684,-24.9,-41.0,0.02141073908646286
7685,-24.9,-40.0,0.01143520487443607
7686,-24.9,-39.0,0.013389558827906453
7687,-24.9,-38.0,0.02625230907103588
7688,-24.9,-37.0,0.013505224541347092
7689,-24.9,-36.0,0.0062711323869836
7690,-24.9,-35.0,0.017586363918046886
7691,-24.9,-34.0,0.03602176408305998
7692,-24.9,-33.0,0.019223566593730708
7693,-24.9,-32.0,0.023349730209598244
7694,-24.9,-31.0,0.04698496413654823
7695,-24.9,-30.0,0.024503952419218118
7696,-24.9,-29.0,0.03127428739925158
7697,-24.9,-28.0,0.06485508701927534
7698,-24.9,-27.0,0.030391119732118714
7699,-24.9,-26.0,0.010601661550239816
7700,-24.9,-25.0,0.0411078928019865
7701,-24.9,-24.0,0.07617022718212854
7702,-24.9,-23.0,0.03548669871653967
7703,-24.9,-22.0,0.025283891971519975
7704,-24.9,-21.0,0.04928357233798804
7705,-24.9,-20.0,0.023129650337436705
7706,-24.9,-19.0,0.007093224572235177
7707,-24.9,-18.0,0.016580820831529747
7708,-24.9,-17.0,0.033325160362298684
7709,-24.9,-16.0,0.01677215203124858
7710,-24.9,-15.0,0.014024951260876769
7711,-24.9,-14.0,0.026014015774578736
7712,-24.9,-13.0,0.012771484185787522
7713,-24.9,-12.0,0.004636820280475417
7714,-24.9,-11.0,0.00989114423649756
7715,-24.9,-10.0,0.019161498173476767
7716,-24.9,-9.0,0.009750532948228701
7717,-24.9,-8.0,0.008346989756460386
7718,-24.9,-7.0,0.015380562129947114
7719,-24.9,-6.0,0.00745442487294242
7720,-24.9,-5.0,0.002580882644613365
7721,-24.9,-4.0,0.005824178302062373
7722,-24.9,-3.0,0.011560005651066827
7723,-24.9,-2.0,0.005456354963156328
7724,-24.9,-1.0,0.0014969057207871348
7725,-24.9,0.0,0.0005765610530314659
7726,-24.9,1.0,0.0011401708595473571
7727,-24.9,2.0,0.0036884398825996327
7728,-24.9,3.0,0.007742288207298007
7729,-24.9,4.0,0.0034714869748039457
7730,-24.9,5.0,0.0008674228302107934
7731,-24.9,6.0,0.002730547745749591
7732,-24.9,7.0,0.005986366392647283
7733,-24.9,8.0,0.00272909273664361
7734,-24.9,9.0,0.0023624993762121015
7735,-24.9,10.0,0.004996307843081656
7736,-24.9,11.0,0.0021262016519550653
7737,-24.9,12.0,0.0003871873444459465
7738,-24.9,13.0,0.001706959923585054
7739,-24.9,14.0,0.0039881202608776254
7740,-24.9,15.0,0.001755517706791096
7741,-24.9,16.0,0.001536669394114964
7742,-24.9,17.0,0.003404599132861866
7743,-24.9,18.0,0.001406928676485023
7744,-24.9,19.0,0.0002012260127817922
7745,-24.9,20.0,0.0011542806043013617
7746,-24.9,21.0,0.00278921006570119
7747,-24.9,22.0,0.0012092911596757122
7748,-24.9,23.0,0.001069444388067506
7749,-24.9,24.0,0.00241935539812079
7750,-24.9,25.0,0.0009882601782445172
7751,-24.9,26.0,7.185822715606443e-05
7752,-24.9,27.0,5.022707612716689e-06
7753,-24.9,28.0,3.2396850273175273e-06
7754,-24.9,29.0,2.436423774909005e-06
7755,-24.9,30.0,1.8233675903795787e-06
7756,-24.9,31.0,1.357320726363276e-06
7757,-24.9,32.0,1.0050261273834206e-06
7758,-24.9,33.0,7.402164397798359e-07
7759,-24.9,34.0,5.422836495798717e-07
7760,-24.9,35.0,3.951669648159871e-07
7761,-24.9,36.0,2.864316688156646e-07
7762,-24.9,37.0,2.0651313189358875e-07
7763,-24.9,38.0,1.4810186161397759e-07
7764,-24.9,39.0,1.0564757714553762e-07
7765,-24.9,40.0,7.496261472029315e-08
7766,-24.9,41.0,5.290735590438296e-08
7767,-24.9,42.0,3.714270466063334e-08
7768,-24.9,43.0,2.5936843431685175e-08
7769,-24.9,44.0,1.8015521493989747e-08
7770,-24.9,45.0,1.2446942233661262e-08
7771,-24.9,46.0,8.55390898397544e-09
7772,-24.9,47.0,5.84726381629657e-09
7773,-24.9,48.0,3.975821371057385e-09
7774,-24.9,49.0,2.688977381026997e-09
7775,-24.9,50.0,1.8089790765767738e-09
7776,-24.9,51.0,1.2105034931413701e-09
7777,-24.9,52.0,8.057209549078109e-10
7778,-24.9,53.0,5.334446681123732e-10
7779,-24.9,54.0,3.513016635869331e-10
7780,-24.9,55.0,2.301214712421493e-10
7781,-24.9,56.0,1.4994092481820171e-10
7782,-24.9,57.0,9.717830865116444e-11
7783,-24.9,58.0,6.264762257684974e-11
7784,-24.9,59.0,4.0172231855365355e-11
7785,-24.9,60.0,2.562320399387022e-11
7786,-24.9,61.0,1.6256498760158732e-11
7787,-24.9,62.0,1.0259039545143272e-11
7788,-24.9,63.0,6.439801783518285e-12
7789,-24.9,64.0,4.020910474778101e-12
7790,-24.9,65.0,2.497252260096034e-12
7791,-24.9,66.0,1.5427179529481272e-12
7792,-24.9,67.0,9.47974728130208e-13
7793,-24.9,68.0,5.794194818530006e-13
7794,-24.9,69.0,3.522698987997055e-13
7795,-24.9,70.0,2.130316265562612e-13
7796,-24.9,71.0,1.281441366861727e-13
7797,-24.9,72.0,7.667247865701652e-14
7798,-24.9,73.0,4.563167120027053e-14
7799,-24.9,74.0,2.7013406459074892e-14
7800,-24.8,-75.0,8.190065412333037e-06
7801,-24.8,-74.0,1.0673032386622824e-05
7802,-24.8,-73.0,1.3834847988179848e-05
7803,-24.8,-72.0,1.7838037128351714e-05
7804,-24.8,-71.0,2.287735666052024e-05
7805,-24.8,-70.0,2.9184397360927816e-05
7806,-24.8,-69.0,3.7032388529454656e-05
7807,-24.8,-68.0,4.6741088952359806e-05
7808,-24.8,-67.0,5.8681612009402964e-05
7809,-24.8,-66.0,7.328099416182927e-05
7810,-24.8,-65.0,9.10262762956905e-05
7811,-24.8,-64.0,0.00011246782822623594
7812,-24.8,-63.0,0.00013822161033975297
7813,-24.8,-62.0,0.0001689700355081054
7814,-24.8,-61.0,0.00020546107203869173
7815,-24.8,-60.0,0.00024850521771816044
7816,-24.8,-59.0,0.0002989699792359598
7817,-24.8,-58.0,0.0003577715135664192
7818,-24.8,-57.0,0.00042586313101619373
7819,-24.8,-56.0,0.0005042204257594747
7820,-24.8,-55.0,0.0005938228900509588
7821,-24.8,-54.0,0.0006956319830408566
7822,-24.8,-53.0,0.0008105657629457553
7823,-24.8,-52.0,0.0009394703494107748
7824,-24.8,-51.0,0.0010830886567038387
7825,-24.8,-50.0,0.0012420270216817603
7826,-24.8,-49.0,0.0014167205354241193
7827,-24.8,-48.0,0.0016073980675216485
7828,-24.8,-47.0,0.0018140568740144726
7829,-24.8,-46.0,0.0020411077969146162
7830,-24.8,-45.0,0.0026955242737230238
7831,-24.8,-44.0,0.008776278779474503
7832,-24.8,-43.0,0.01861175680530782
7833,-24.8,-42.0,0.016485180598640545
7834,-24.8,-41.0,0.021397067982881893
7835,-24.8,-40.0,0.011426627027647856
7836,-24.8,-39.0,0.01337693728893498
7837,-24.8,-38.0,0.026228656637764056
7838,-24.8,-37.0,0.013497111979503295
7839,-24.8,-36.0,0.006272291618289729
7840,-24.8,-35.0,0.017565358754973816
7841,-24.8,-34.0,0.035963800221050786
7842,-24.8,-33.0,0.019205046169870427
7843,-24.8,-32.0,0.023302661929299244
7844,-24.8,-31.0,0.04685302368558227
7845,-24.8,-30.0,0.024455506158213985
7846,-24.8,-29.0,0.031135098815804826
7847,-24.8,-28.0,0.0644856886835749
7848,-24.8,-27.0,0.030264962921739913
7849,-24.8,-26.0,0.010701164406839716
7850,-24.8,-25.0,0.042186554412878934
7851,-24.8,-24.0,0.07695082776778453
7852,-24.8,-23.0,0.03577459227917285
7853,-24.8,-22.0,0.02528087709056291
7854,-24.8,-21.0,0.04929953618072985
7855,-24.8,-20.0,0.02311120250850974
7856,-24.8,-19.0,0.007053097823374048
7857,-24.8,-18.0,0.016525107426344447
7858,-24.8,-17.0,0.033245527067189404
7859,-24.8,-16.0,0.01672249464365906
7860,-24.8,-15.0,0.013973628159891786
7861,-24.8,-14.0,0.02593131497563701
7862,-24.8,-13.0,0.012728261757149403
7863,-24.8,-12.0,0.004618205520898395
7864,-24.8,-11.0,0.009854107791865576
7865,-24.8,-10.0,0.019091263415414596
7866,-24.8,-9.0,0.009716848032612855
7867,-24.8,-8.0,0.008317157289775955
7868,-24.8,-7.0,0.015321218711859826
7869,-24.8,-6.0,0.007429501943485049
7870,-24.8,-5.0,0.0025769994367379687
7871,-24.8,-4.0,0.005804620800129463
7872,-24.8,-3.0,0.011512848888342303
7873,-24.8,-2.0,0.005438290209290838
7874,-24.8,-1.0,0.0014975413983871295
7875,-24.8,0.0,0.000570191808306483
7876,-24.8,1.0,0.0011418063552857357
7877,-24.8,2.0,0.003676100872249938
7878,-24.8,3.0,0.007707965603384465
7879,-24.8,4.0,0.0034590321048828623
7880,-24.8,5.0,0.0008680826874073187
7881,-24.8,6.0,0.0027201340096437553
7882,-24.8,7.0,0.005957122520167305
7883,-24.8,8.0,0.0027175419759657834
7884,-24.8,9.0,0.002352164603322475
7885,-24.8,10.0,0.0049701544574877535
7886,-24.8,11.0,0.0021163294258178724
7887,-24.8,12.0,0.0003870557738907851
7888,-24.8,13.0,0.0016984771233312832
7889,-24.8,14.0,0.003965517386289648
7890,-24.8,15.0,0.0017461708549127947
7891,-24.8,16.0,0.0015282409182396767
7892,-24.8,17.0,0.003384353874181457
7893,-24.8,18.0,0.0013989317490764425
7894,-24.8,19.0,0.00020057381355881283
7895,-24.8,20.0,0.0011474042224209832
7896,-24.8,21.0,0.0027717824290925774
7897,-24.8,22.0,0.0012018755858040043
7898,-24.8,23.0,0.0010627501729336647
7899,-24.8,24.0,0.0024038069870376496
7900,-24.8,25.0,0.0009819866771388437
7901,-24.8,26.0,7.151760239796956e-05
7902,-24.8,27.0,5.089183936345204e-06
7903,-24.8,28.0,3.295364804392742e-06
7904,-24.8,29.0,2.4796428345616414e-06
7905,-24.8,30.0,1.8567004696486261e-06
7906,-24.8,31.0,1.3828702292847103e-06
7907,-24.8,32.0,1.0244898076532745e-06
7908,-24.8,33.0,7.54953791464023e-07
7909,-24.8,34.0,5.53374977124011e-07
7910,-24.8,35.0,4.0346420186191154e-07
7911,-24.8,36.0,2.9260165836408445e-07
7912,-24.8,37.0,2.110740293841335e-07
7913,-24.8,38.0,1.5145339958202733e-07
7914,-24.8,39.0,1.0809595262286601e-07
7915,-24.8,40.0,7.674074352194048e-08
7916,-24.8,41.0,5.419119398451576e-08
7917,-24.8,42.0,3.806427601512488e-08
7918,-24.8,43.0,2.659454452654931e-08
7919,-24.8,44.0,1.8482199868358385e-08
7920,-24.8,45.0,1.2776176022948197e-08
7921,-24.8,46.0,8.784847487639496e-09
7922,-24.8,47.0,6.00832863103137e-09
7923,-24.8,48.0,4.0875139025098245e-09
7924,-24.8,49.0,2.765991983362716e-09
7925,-24.8,50.0,1.861781458069473e-09
7926,-24.8,51.0,1.2465008909438555e-09
7927,-24.8,52.0,8.301232814944165e-10
7928,-24.8,53.0,5.498936482534076e-10
7929,-24.8,54.0,3.623271852822554e-10
7930,-24.8,55.0,2.374702694360685e-10
7931,-24.8,56.0,1.5481166356608492e-10
7932,-24.8,57.0,1.0038855837176085e-10
7933,-24.8,58.0,6.475165383666592e-11
7934,-24.8,59.0,4.154355145895093e-11
7935,-24.8,60.0,2.6511999531671742e-11
7936,-24.8,61.0,1.6829354309572794e-11
7937,-24.8,62.0,1.0626213358126547e-11
7938,-24.8,63.0,6.6738388696722435e-12
7939,-24.8,64.0,4.169260296081155e-12
7940,-24.8,65.0,2.5907673208061127e-12
7941,-24.8,66.0,1.6013413503316896e-12
7942,-24.8,67.0,9.84522245847254e-13
7943,-24.8,68.0,6.020786908671518e-13
7944,-24.8,69.0,3.662411062339152e-13
7945,-24.8,70.0,2.2159860651880438e-13
7946,-24.8,71.0,1.333684397737788e-13
7947,-24.8,72.0,7.984086317319757e-14
7948,-24.8,73.0,4.754266079729846e-14
7949,-24.8,74.0,2.815968886625832e-14
7950,-24.7,-75.0,8.02550607255027e-06
7951,-24.7,-74.0,1.0464157645882717e-05
7952,-24.7,-73.0,1.3571324266764549e-05
7953,-24.7,-72.0,1.7507586815742734e-05
7954,-24.7,-71.0,2.246551905596707e-05
7955,-24.7,-70.0,2.867429397330622e-05
7956,-24.7,-69.0,3.6404503894467526e-05
7957,-24.7,-68.0,4.597308080558461e-05
7958,-24.7,-67.0,5.774816742025151e-05
7959,-24.7,-66.0,7.215375095504297e-05
7960,-24.7,-65.0,8.96738315980408e-05
7961,-24.7,-64.0,0.00011085585807833851
7962,-24.7,-63.0,0.00013631312577961396
7963,-24.7,-62.0,0.00016672580111676033
7964,-24.7,-61.0,0.0002028402123819574
7965,-24.7,-60.0,0.00024546603517007287
7966,-24.7,-59.0,0.0002954710030997968
7967,-24.7,-58.0,0.00035377279503266153
7968,-24.7,-57.0,0.00042132779119350767
7969,-24.7,-56.0,0.0004991164547532285
7970,-24.7,-55.0,0.0005881251839221174
7971,-24.7,-54.0,0.0006893245926621504
7972,-24.7,-53.0,0.0008036443146285743
7973,-24.7,-52.0,0.0009319445821979957
7974,-24.7,-51.0,0.001074985006046427
7975,-24.7,-50.0,0.0012333911646045484
7976,-24.7,-49.0,0.001407619799105432
7977,-24.7,-48.0,0.0015979235923940316
7978,-24.7,-47.0,0.001804325412452101
7979,-24.7,-46.0,0.002031261672598942
7980,-24.7,-45.0,0.0026856151496535514
7981,-24.7,-44.0,0.00876493282177485
7982,-24.7,-43.0,0.018597962254962436
7983,-24.7,-42.0,0.016470678453693634
7984,-24.7,-41.0,0.021378884774036693
7985,-24.7,-40.0,0.01141551356890754
7986,-24.7,-39.0,0.01336142014859124
7987,-24.7,-38.0,0.026199597516284687
7988,-24.7,-37.0,0.013486033992823802
7989,-24.7,-36.0,0.006271879377730066
7990,-24.7,-35.0,0.01754080258242748
7991,-24.7,-34.0,0.03589906106456702
7992,-24.7,-33.0,0.019182700952872084
7993,-24.7,-32.0,0.0232516292243945
7994,-24.7,-31.0,0.04671392403103053
7995,-24.7,-30.0,0.02440317764195212
7996,-24.7,-29.0,0.0309940975147192
7997,-24.7,-28.0,0.06411457730709115
7998,-24.7,-27.0,0.03013720935494213
7999,-24.7,-26.0,0.010803536096543075
8000,-24.7,-25.0,0.04332967005128023
8001,-24.7,-24.0,0.07780240314122489
8002,-24.7,-23.0,0.03609031207614222
8003,-24.7,-22.0,0.025275223510074902
8004,-24.7,-21.0,0.04930625244894185
8005,-24.7,-20.0,0.023088080153776232
8006,-24.7,-19.0,0.007011046575041224
8007,-24.7,-18.0,0.016464875698408106
8008,-24.7,-17.0,0.033157003108444126
8009,-24.7,-16.0,0.01666820909319627
8010,-24.7,-15.0,0.01391827351977757
8011,-24.7,-14.0,0.02584130834271193
8012,-24.7,-13.0,0.012681318158110858
8013,-24.7,-12.0,0.0045980722530396196
8014,-24.7,-11.0,0.00981410590800558
8015,-24.7,-10.0,0.019015517377497945
8016,-24.7,-9.0,0.009680250527524368
8017,-24.7,-8.0,0.008284809951949064
8018,-24.7,-7.0,0.015257438317356108
8019,-24.7,-6.0,0.007402338573172417
8020,-24.7,-5.0,0.002572233550657931
8021,-24.7,-4.0,0.005783309739967078
8022,-24.7,-3.0,0.0114623846158239
8023,-24.7,-2.0,0.005418606122200389
8024,-24.7,-1.0,0.0014976580322007536
8025,-24.7,0.0,0.0005637173996008922
8026,-24.7,1.0,0.0011430510657811322
8027,-24.7,2.0,0.0036626935180104083
8028,-24.7,3.0,0.007671488237265908
8029,-24.7,4.0,0.0034455902406128206
8030,-24.7,5.0,0.0008684703632452383
8031,-24.7,6.0,0.0027089556959819564
8032,-24.7,7.0,0.005926245921708439
8033,-24.7,8.0,0.0027052398482643033
8034,-24.7,9.0,0.002341184421248236
8035,-24.7,10.0,0.004942655976711988
8036,-24.7,11.0,0.0021058822113545193
8037,-24.7,12.0,0.00038681658246657357
8038,-24.7,13.0,0.0016895387208911412
8039,-24.7,14.0,0.003941855098649273
8040,-24.7,15.0,0.0017363581297477346
8041,-24.7,16.0,0.0015194071030498377
8042,-24.7,17.0,0.0033632108004793106
8043,-24.7,18.0,0.0013905646585200876
8044,-24.7,19.0,0.00019987003422061522
8045,-24.7,20.0,0.0011402265032268702
8046,-24.7,21.0,0.0027536246003163215
8047,-24.7,22.0,0.0011941442136559038
8048,-24.7,23.0,0.0010557778487565446
8049,-24.7,24.0,0.0023876279947424254
8050,-24.7,25.0,0.0009754560952590183
8051,-24.7,26.0,7.115902925397041e-05
8052,-24.7,27.0,5.155041351115403e-06
8053,-24.7,28.0,3.3507805539831285e-06
8054,-24.7,29.0,2.522708646482012e-06
8055,-24.7,30.0,1.8899535303514559e-06
8056,-24.7,31.0,1.40838708691045e-06
8057,-24.7,32.0,1.0439497434300916e-06
8058,-24.7,33.0,7.697038762159199e-07
8059,-24.7,34.0,5.644873084894618e-07
8060,-24.7,35.0,4.117854911484921e-07
8061,-24.7,36.0,2.987955947882302e-07
8062,-24.7,37.0,2.156570129081871e-07
8063,-24.7,38.0,1.5482432356226816e-07
8064,-24.7,39.0,1.1056075126686882e-07
8065,-24.7,40.0,7.853241176526311e-08
8066,-24.7,41.0,5.548595150880362e-08
8067,-24.7,42.0,3.899449306088319e-08
8068,-24.7,43.0,2.7258983014717833e-08
8069,-24.7,44.0,1.8954055268391134e-08
8070,-24.7,45.0,1.3109337821183512e-08
8071,-24.7,46.0,9.018732033903333e-09
8072,-24.7,47.0,6.171579455662031e-09
8073,-24.7,48.0,4.200812306813226e-09
8074,-24.7,49.0,2.8441751714821325e-09
8075,-24.7,50.0,1.9154265972393257e-09
8076,-24.7,51.0,1.2831008577483074e-09
8077,-24.7,52.0,8.549528913820738e-10
8078,-24.7,53.0,5.666432029562335e-10
8079,-24.7,54.0,3.735625143415805e-10
8080,-24.7,55.0,2.449644167660406e-10
8081,-24.7,56.0,1.597823578407944e-10
8082,-24.7,57.0,1.0366705351121414e-10
8083,-24.7,58.0,6.6901952385808e-11
8084,-24.7,59.0,4.29460214220449e-11
8085,-24.7,60.0,2.7421625065927427e-11
8086,-24.7,61.0,1.74160453965347e-11
8087,-24.7,62.0,1.1002516162001076e-11
8088,-24.7,63.0,6.913860137550317e-12
8089,-24.7,64.0,4.321507509225902e-12
8090,-24.7,65.0,2.686804466878469e-12
8091,-24.7,66.0,1.661586514654517e-12
8092,-24.7,67.0,1.022106060753473e-12
8093,-24.7,68.0,6.253959661945097e-13
8094,-24.7,69.0,3.806276165156274e-13
8095,-24.7,70.0,2.304260751937975e-13
8096,-24.7,71.0,1.387551327789431e-13
8097,-24.7,72.0,8.310986934791952e-14
8098,-24.7,73.0,4.9515623188558714e-14
8099,-24.7,74.0,2.9343911661095485e-14
8100,-24.6,-75.0,7.861905977224515e-06
8101,-24.6,-74.0,1.0256308629879218e-05
8102,-24.6,-73.0,1.3308846740223205e-05
8103,-24.6,-72.0,1.7178129574688775e-05
8104,-24.6,-71.0,2.205451096437626e-05
8105,-24.6,-70.0,2.8164697921379638e-05
8106,-24.6,-69.0,3.5776583947590794e-05
8107,-24.6,-68.0,4.520419616889924e-05
8108,-24.6,-67.0,5.6812609660965596e-05
8109,-24.6,-66.0,7.102264372073602e-05
8110,-24.6,-65.0,8.831511468151037e-05
8111,-24.6,-64.0,0.00010923437991150233
8112,-24.6,-63.0,0.00013439087006442992
8113,-24.6,-62.0,0.00016446227407139257
8114,-24.6,-61.0,0.00020019301673517825
8115,-24.6,-60.0,0.00024239165531844315
8116,-24.6,-59.0,0.0002919258225131552
8117,-24.6,-58.0,0.0003497143618573533
8118,-24.6,-57.0,0.00041671634092622976
8119,-24.6,-56.0,0.0004939166897941157
8120,-24.6,-55.0,0.0005823082988244447
8121,-24.6,-54.0,0.0006828705211655017
8122,-24.6,-53.0,0.0007965441604209217
8123,-24.6,-52.0,0.0009242031802760751
8124,-24.6,-51.0,0.0010666235461546593
8125,-24.6,-50.0,0.0012244497932849105
8126,-24.6,-49.0,0.001398160103246955
8127,-24.6,-48.0,0.001588030855764738
8128,-24.6,-47.0,0.00179411052393889
8129,-24.6,-46.0,0.0020208601350570404
8130,-24.6,-45.0,0.002674978219232759
8131,-24.6,-44.0,0.008751435313043971
8132,-24.6,-43.0,0.018579727710159148
8133,-24.6,-42.0,0.016452220139339398
8134,-24.6,-41.0,0.02135561914469777
8135,-24.6,-40.0,0.01140156150496588
8136,-24.6,-39.0,0.013342652788677682
8137,-24.6,-38.0,0.0261644331595833
8138,-24.6,-37.0,0.013471628975326834
8139,-24.6,-36.0,0.006269724331863315
8140,-24.6,-35.0,0.017512224201257053
8141,-24.6,-34.0,0.035826588063232565
8142,-24.6,-33.0,0.0191560100700981
8143,-24.6,-32.0,0.023195994144874804
8144,-24.6,-31.0,0.04656639443923419
8145,-24.6,-30.0,0.024346280963524574
8146,-24.6,-29.0,0.030850275767318077
8147,-24.6,-28.0,0.06373963244306202
8148,-24.6,-27.0,0.030006877963371485
8149,-24.6,-26.0,0.010909340556404317
8150,-24.6,-25.0,0.04454933802341941
8151,-24.6,-24.0,0.07874046167891999
8152,-24.6,-23.0,0.03643994045695433
8153,-24.6,-22.0,0.0252660608283852
8154,-24.6,-21.0,0.04930092463541149
8155,-24.6,-20.0,0.023058984082831302
8156,-24.6,-19.0,0.00696669086634276
8157,-24.6,-18.0,0.01639917998405428
8158,-24.6,-17.0,0.03305765044732926
8159,-24.6,-16.0,0.016608330928087035
8160,-24.6,-15.0,0.013858087767001892
8161,-24.6,-14.0,0.02574249519848737
8162,-24.6,-13.0,0.012629920731832929
8163,-24.6,-12.0,0.0045761589847488175
8164,-24.6,-11.0,0.00977057377218657
8165,-24.6,-10.0,0.018933161364015395
8166,-24.6,-9.0,0.00964017977540257
8167,-24.6,-8.0,0.008249468513006735
8168,-24.6,-7.0,0.015188340952154598
8169,-24.6,-6.0,0.007372504383628759
8170,-24.6,-5.0,0.0025664311065728643
8171,-24.6,-4.0,0.005759908493281463
8172,-24.6,-3.0,0.011407953128774436
8173,-24.6,-2.0,0.005396986709014126
8174,-24.6,-1.0,0.0014971627596245334
8175,-24.6,0.0,0.0005571086272172207
8176,-24.6,1.0,0.001143832798182254
8177,-24.6,2.0,0.003648003909193924
8178,-24.6,3.0,0.0076324165319823336
8179,-24.6,4.0,0.0034309609263782274
8180,-24.6,5.0,0.0008685314442745472
8181,-24.6,6.0,0.0026968557233305727
8182,-24.6,7.0,0.005893399542871398
8183,-24.6,8.0,0.002692030642559415
8184,-24.6,9.0,0.0023294243746633837
8185,-24.6,10.0,0.004913532974613024
8186,-24.6,11.0,0.002094739654653221
8187,-24.6,12.0,0.0003864459406871808
8188,-24.6,13.0,0.0016800486949075028
8189,-24.6,14.0,0.003916912239550955
8190,-24.6,15.0,0.001725981496255264
8191,-24.6,16.0,0.0015100823972144222
8192,-24.6,17.0,0.003340982144205208
8193,-24.6,18.0,0.0013817493993570145
8194,-24.6,19.0,0.00019910296972996104
8195,-24.6,20.0,0.0011326837873664103
8196,-24.6,21.0,0.0027345836530260036
8197,-24.6,22.0,0.0011860305881695417
8198,-24.6,23.0,0.0010484687870259476
8199,-24.6,24.0,0.0023706862259509224
8200,-24.6,25.0,0.0009686143517752497
8201,-24.6,26.0,7.077845426789979e-05
8202,-24.6,27.0,5.219902918672693e-06
8203,-24.6,28.0,3.4056768029803193e-06
8204,-24.6,29.0,2.5654284658952933e-06
8205,-24.6,30.0,1.9229821394336014e-06
8206,-24.6,31.0,1.4337633876310158e-06
8207,-24.6,32.0,1.0633258812895733e-06
8208,-24.6,33.0,7.844076469923281e-07
8209,-24.6,34.0,5.755773406664579e-07
8210,-24.6,35.0,4.200992583065823e-07
8211,-24.6,36.0,3.049905882507572e-07
8212,-24.6,37.0,2.202455842624043e-07
8213,-24.6,38.0,1.5820281101644817e-07
8214,-24.6,39.0,1.1303355023219444e-07
8215,-24.6,40.0,8.033165357052361e-08
8216,-24.6,41.0,5.6787427494535446e-08
8217,-24.6,42.0,3.9930414894421404e-08
8218,-24.6,43.0,2.792811218569394e-08
8219,-24.6,44.0,1.9429671673345076e-08
8220,-24.6,45.0,1.3445453734555557e-08
8221,-24.6,46.0,9.254896777944984e-09
8222,-24.6,47.0,6.336563763858413e-09
8223,-24.6,48.0,4.315410871368034e-09
8224,-24.6,49.0,2.9233216543747555e-09
8225,-24.6,50.0,1.9697774686452844e-09
8226,-24.6,51.0,1.3202124873001074e-09
8227,-24.6,52.0,8.801498423094865e-10
8228,-24.6,53.0,5.836540493150057e-10
8229,-24.6,54.0,3.8498206560065156e-10
8230,-24.6,55.0,2.525873529228369e-10
8231,-24.6,56.0,1.6484235581416148e-10
8232,-24.6,57.0,1.0700698585357853e-10
8233,-24.6,58.0,6.909419436214981e-11
8234,-24.6,59.0,4.437691331218539e-11
8235,-24.6,60.0,2.835037007624933e-11
8236,-24.6,61.0,1.8015506689629902e-11
8237,-24.6,62.0,1.1387288863469027e-11
8238,-24.6,63.0,7.159460568557017e-12
8239,-24.6,64.0,4.477404927847839e-12
8240,-24.6,65.0,2.7852138866207557e-12
8241,-24.6,66.0,1.7233632924496001e-12
8242,-24.6,67.0,1.0606723122544343e-12
8243,-24.6,68.0,6.493393674947391e-13
8244,-24.6,69.0,3.954106319374512e-13
8245,-24.6,70.0,2.3950305587867273e-13
8246,-24.6,71.0,1.4429785756162812e-13
8247,-24.6,72.0,8.647584501634215e-14
8248,-24.6,73.0,5.154847877009512e-14
8249,-24.6,74.0,3.056490146015787e-14
8250,-24.5,-75.0,7.699040446321451e-06
8251,-24.5,-74.0,1.0049193893898965e-05
8252,-24.5,-73.0,1.3047038920235084e-05
8253,-24.5,-72.0,1.6849181073383397e-05
8254,-24.5,-71.0,2.1643711915159642e-05
8255,-24.5,-70.0,2.7654817661519113e-05
8256,-24.5,-69.0,3.514762316824497e-05
8257,-24.5,-68.0,4.443316313653316e-05
8258,-24.5,-67.0,5.587333677482126e-05
8259,-24.5,-66.0,6.988566354542313e-05
8260,-24.5,-65.0,8.694761731260425e-05
8261,-24.5,-64.0,0.00010760027590082946
8262,-24.5,-63.0,0.00013245098492497716
8263,-24.5,-62.0,0.0001621747013497789
8264,-24.5,-61.0,0.0001975136565187958
8265,-24.5,-60.0,0.00023927496357130102
8266,-24.5,-59.0,0.00028832579356332473
8267,-24.5,-58.0,0.00034558576148189277
8268,-24.5,-57.0,0.0004120162006491392
8269,-24.5,-56.0,0.0004886060641655317
8270,-24.5,-55.0,0.0005763542766272806
8271,-24.5,-54.0,0.0006762484688673238
8272,-24.5,-53.0,0.0007892401620630699
8273,-24.5,-52.0,0.0009162166228269739
8274,-24.5,-51.0,0.0010579697837561236
8275,-24.5,-50.0,0.0012151628085323276
8276,-24.5,-49.0,0.001388295069524072
8277,-24.5,-48.0,0.001577666492636272
8278,-24.5,-47.0,0.0017833511217576984
8279,-24.5,-46.0,0.002009833440022731
8280,-24.5,-45.0,0.002663518288713526
8281,-24.5,-44.0,0.00873545439488016
8282,-24.5,-43.0,0.018556338507110286
8283,-24.5,-42.0,0.016429174420918343
8284,-24.5,-41.0,0.021326450108098093
8285,-24.5,-40.0,0.011384334385709464
8286,-24.5,-39.0,0.013320124637865055
8287,-24.5,-38.0,0.02612215862517671
8288,-24.5,-37.0,0.013453377382552312
8289,-24.5,-36.0,0.006265581390395622
8290,-24.5,-35.0,0.01747894808719881
8291,-24.5,-34.0,0.03574500572798552
8292,-24.5,-33.0,0.01912422859055133
8293,-24.5,-32.0,0.023134850392418638
8294,-24.5,-31.0,0.046408629273278594
8295,-24.5,-30.0,0.024283849183823703
8296,-24.5,-29.0,0.03070228969937085
8297,-24.5,-28.0,0.06335805287286417
8298,-24.5,-27.0,0.029872663987902934
8299,-24.5,-26.0,0.011019371910157678
8300,-24.5,-25.0,0.04586248109644068
8301,-24.5,-24.0,0.07978705820750046
8302,-24.5,-23.0,0.03683212375518897
8303,-24.5,-22.0,0.025252127514195782
8304,-24.5,-21.0,0.049279522718188466
8305,-24.5,-20.0,0.023022043696980413
8306,-24.5,-19.0,0.00691948707576313
8307,-24.5,-18.0,0.01632667809894076
8308,-24.5,-17.0,0.03294472252525674
8309,-24.5,-16.0,0.016541492448219324
8310,-24.5,-15.0,0.013791937808920936
8311,-24.5,-14.0,0.025632751459831734
8312,-24.5,-13.0,0.012573032028103998
8313,-24.5,-12.0,0.004552095023635514
8314,-24.5,-11.0,0.0097227119609824
8315,-24.5,-10.0,0.01884264102514036
8316,-24.5,-9.0,0.00959584284100614
8317,-24.5,-8.0,0.00821045530541477
8318,-24.5,-7.0,0.015112681942969988
8319,-24.5,-6.0,0.007339391169369754
8320,-24.5,-5.0,0.0025593753103040273
8321,-24.5,-4.0,0.00573394153442447
8322,-24.5,-3.0,0.011348621443561588
8323,-24.5,-2.0,0.005372985696598437
8324,-24.5,-1.0,0.0014959252461317649
8325,-24.5,0.0,0.0005503239018935509
8326,-24.5,1.0,0.0011440504043195318
8327,-24.5,2.0,0.003631730036918545
8328,-24.5,3.0,0.007590128664751322
8329,-24.5,4.0,0.003414861029953023
8330,-24.5,5.0,0.0008681896195641064
8331,-24.5,6.0,0.002683612161165388
8332,-24.5,7.0,0.00585810626281969
8333,-24.5,8.0,0.0026776941940312706
8334,-24.5,9.0,0.002316694314972838
8335,-24.5,10.0,0.004882389681386969
8336,-24.5,11.0,0.0020827314608513827
8337,-24.5,12.0,0.0003859103529987613
8338,-24.5,13.0,0.0016698711073929058
8339,-24.5,14.0,0.00389037534456714
8340,-24.5,15.0,0.0017149020763615429
8341,-24.5,16.0,0.0015001455771149422
8342,-24.5,17.0,0.003317401649826452
8343,-24.5,18.0,0.0013723754004726103
8344,-24.5,19.0,0.00019825608234991035
8345,-24.5,20.0,0.001124685801184125
8346,-24.5,21.0,0.0027144426382526487
8347,-24.5,22.0,0.0011774404455520276
8348,-24.5,23.0,0.0010407398106517965
8349,-24.5,24.0,0.002352794095054558
8350,-24.5,25.0,0.000961384711537869
8351,-24.5,26.0,7.037013447456024e-05
8352,-24.5,27.0,5.283240435949099e-06
8353,-24.5,28.0,3.4596956933723273e-06
8354,-24.5,29.0,2.6075319651735035e-06
8355,-24.5,30.0,1.955583170587902e-06
8356,-24.5,31.0,1.4588473544849208e-06
8357,-24.5,32.0,1.082505447887143e-06
8358,-24.5,33.0,7.989817807758081e-07
8359,-24.5,34.0,5.865838557619718e-07
8360,-24.5,35.0,4.283607790421079e-07
8361,-24.5,36.0,3.1115414819768493e-07
8362,-24.5,37.0,2.2481627329381556e-07
8363,-24.5,38.0,1.615720035402242e-07
8364,-24.5,39.0,1.1550230872325317e-07
8365,-24.5,40.0,8.212991771223461e-08
8366,-24.5,41.0,5.8089583399348316e-08
8367,-24.5,42.0,4.086780154935548e-08
8368,-24.5,43.0,2.859897188067324e-08
8369,-24.5,44.0,1.9906994207944705e-08
8370,-24.5,45.0,1.3783105459752727e-08
8371,-24.5,46.0,9.492368387647465e-09
8372,-24.5,47.0,6.502617421018486e-09
8373,-24.5,48.0,4.430859040125177e-09
8374,-24.5,49.0,3.003127530121942e-09
8375,-24.5,50.0,2.0246302724362645e-09
8376,-24.5,51.0,1.3576999001974291e-09
8377,-24.5,52.0,9.056240651649052e-10
8378,-24.5,53.0,6.008668315055236e-10
8379,-24.5,54.0,3.965469517176556e-10
8380,-24.5,55.0,2.6031374982031653e-10
8381,-24.5,56.0,1.6997525774940008e-10
8382,-24.5,57.0,1.1039779932677343e-10
8383,-24.5,58.0,7.132162533580921e-11
8384,-24.5,59.0,4.583193092319679e-11
8385,-24.5,60.0,2.929551824856407e-11
8386,-24.5,61.0,1.8626031081614632e-11
8387,-24.5,62.0,1.1779465077338237e-11
8388,-24.5,63.0,7.409978060029493e-12
8389,-24.5,64.0,4.636543970404461e-12
8390,-24.5,65.0,2.8857449937719534e-12
8391,-24.5,66.0,1.786518947400864e-12
8392,-24.5,67.0,1.100128485022675e-12
8393,-24.5,68.0,6.738532083459698e-13
8394,-24.5,69.0,4.1055684630557674e-13
8395,-24.5,70.0,2.4880975545496774e-13
8396,-24.5,71.0,1.49984927533522e-13
8397,-24.5,72.0,8.993193508645433e-14
8398,-24.5,73.0,5.3637233109482855e-14
8399,-24.5,74.0,3.182034634065258e-14
8400,-24.4,-75.0,7.536554039534085e-06
8401,-24.4,-74.0,9.842350603900995e-06
8402,-24.4,-73.0,1.2785300877700876e-05
8403,-24.4,-72.0,1.651996723642867e-05
8404,-24.4,-71.0,2.1232127723239394e-05
8405,-24.4,-70.0,2.7143382200899263e-05
8406,-24.4,-69.0,3.451600421595183e-05
8407,-24.4,-68.0,4.3657933225492196e-05
8408,-24.4,-67.0,5.492776635075742e-05
8409,-24.4,-66.0,6.873957024557628e-05
8410,-24.4,-65.0,8.556729323088936e-05
8411,-24.4,-64.0,0.00010594851722155807
8412,-24.4,-63.0,0.00013048725028301202
8413,-24.4,-62.0,0.00015985542645827652
8414,-24.4,-61.0,0.00019479275272964256
8415,-24.4,-60.0,0.00023610452682855805
8416,-24.4,-59.0,0.00028465704742173734
8417,-24.4,-58.0,0.0003413702532709639
8418,-24.4,-57.0,0.00040720726330604356
8419,-24.4,-56.0,0.0004831605476558341
8420,-24.4,-55.0,0.0005702345422436065
8421,-24.4,-54.0,0.0006694246271899936
8422,-24.4,-53.0,0.000781692521271124
8423,-24.4,-52.0,0.000907938298800991
8424,-24.4,-51.0,0.001048969407604845
8425,-24.4,-50.0,0.001205467251533796
8426,-24.4,-49.0,0.0013779520908495074
8427,-24.4,-48.0,0.0015667472025561384
8428,-24.4,-47.0,0.0017719521335250949
8429,-24.4,-46.0,0.0019980733691149187
8430,-24.4,-45.0,0.0026510886142970987
8431,-24.4,-44.0,0.008716484972660307
8432,-24.4,-43.0,0.018526709920248574
8433,-24.4,-42.0,0.016400582888575096
8434,-24.4,-41.0,0.021290131771777004
8435,-24.4,-40.0,0.01136316944802998
8436,-24.4,-39.0,0.013293060665607235
8437,-24.4,-38.0,0.026071249569863963
8438,-24.4,-37.0,0.013430491853812569
8439,-24.4,-36.0,0.006259080305307068
8440,-24.4,-35.0,0.017439952188516197
8441,-24.4,-34.0,0.035652231572832586
8442,-24.4,-33.0,0.019086231609310726
8443,-24.4,-32.0,0.023066836007538404
8444,-24.4,-31.0,0.04623791433144232
8445,-24.4,-30.0,0.024214437426690123
8446,-24.4,-29.0,0.030548212842156905
8447,-24.4,-28.0,0.0629658519909
8448,-24.4,-27.0,0.029732701399021257
8449,-24.4,-26.0,0.011134817891211448
8450,-24.4,-25.0,0.047294259450385165
8451,-24.4,-24.0,0.08097552453827092
8452,-24.4,-23.0,0.037279924473259084
8453,-24.4,-22.0,0.02523148720204734
8454,-24.4,-21.0,0.04923589053660754
8455,-24.4,-20.0,0.02297440313474182
8456,-24.4,-19.0,0.006868609014279079
8457,-24.4,-18.0,0.016245345194102628
8458,-24.4,-17.0,0.032814081950741224
8459,-24.4,-16.0,0.016465631893097715
8460,-24.4,-15.0,0.01371811619180653
8461,-24.4,-14.0,0.025508880019927748
8462,-24.4,-13.0,0.01250908979757197
8463,-24.4,-12.0,0.004525321441678519
8464,-24.4,-11.0,0.009669316935183426
8465,-24.4,-10.0,0.018741617371672827
8466,-24.4,-9.0,0.009546046797806705
8467,-24.4,-8.0,0.008166750896946772
8468,-24.4,-7.0,0.01502858853187698
8469,-24.4,-6.0,0.007302084522280784
8470,-24.4,-5.0,0.002550741121713355
8471,-24.4,-4.0,0.005704694165107265
8472,-24.4,-3.0,0.011282985843829897
8473,-24.4,-2.0,0.005345932505026313
8474,-24.4,-1.0,0.001493750782609303
8475,-24.4,0.0,0.000543300188461509
8476,-24.4,1.0,0.001143553036456329
8477,-24.4,2.0,0.0036134182289244113
8478,-24.4,3.0,0.007543688838707652
8479,-24.4,4.0,0.003396865073739712
8480,-24.4,5.0,0.000867330992784725
8481,-24.4,6.0,0.0026688914147423655
8482,-24.4,7.0,0.005819647581888355
8483,-24.4,8.0,0.0026618993231699957
8484,-24.4,9.0,0.0023027081598187664
8485,-24.4,10.0,0.00484862978028544
8486,-24.4,11.0,0.002069601293775636
8487,-24.4,12.0,0.00038515972901226954
8488,-24.4,13.0,0.001658801233879489
8489,-24.4,14.0,0.0038617717846714623
8490,-24.4,15.0,0.0017029105883439358
8491,-24.4,16.0,0.001489413921385656
8492,-24.4,17.0,0.003292067693740022
8493,-24.4,18.0,0.0013622759390971382
8494,-24.4,19.0,0.00019730452058321906
8495,-24.4,20.0,0.001116096371125289
8496,-24.4,21.0,0.002692874160090156
8497,-24.4,22.0,0.0011682315542455321
8498,-24.4,23.0,0.0010324653940682216
8499,-24.4,24.0,0.0023336684472883692
8500,-24.4,25.0,0.0009536513553693698
8501,-24.4,26.0,6.992541685756682e-05
8502,-24.4,27.0,5.3442687996890255e-06
8503,-24.4,28.0,3.5123059004859805e-06
8504,-24.4,29.0,2.648617422219547e-06
8505,-24.4,30.0,1.987454470007363e-06
8506,-24.4,31.0,1.4834129743227688e-06
8507,-24.4,32.0,1.101320315003111e-06
8508,-24.4,33.0,8.133018986286127e-07
8509,-24.4,34.0,5.974153475912535e-07
8510,-24.4,35.0,4.365031035256643e-07
8511,-24.4,36.0,3.172375619571744e-07
8512,-24.4,37.0,2.2933383270049146e-07
8513,-24.4,38.0,1.6490653821507612e-07
8514,-24.4,39.0,1.1794887743830447e-07
8515,-24.4,40.0,8.391428885046898e-08
8516,-24.4,41.0,5.938327946284521e-08
8517,-24.4,42.0,4.180022104706081e-08
8518,-24.4,43.0,2.926706085227383e-08
8519,-24.4,44.0,2.0382890327324285e-08
8520,-24.4,45.0,1.412012511603185e-08
8521,-24.4,46.0,9.729654946230485e-09
8522,-24.4,47.0,6.66871943525175e-09
8523,-24.4,48.0,4.546462003617531e-09
8524,-24.4,49.0,3.0831226101706803e-09
8525,-24.4,50.0,2.0796686072841794e-09
8526,-24.4,51.0,1.3953513766910853e-09
8527,-24.4,52.0,9.312346836142929e-10
8528,-24.4,53.0,6.18188339006707e-10
8529,-24.4,54.0,4.081958475561495e-10
8530,-24.4,55.0,2.6810348799591557e-10
8531,-24.4,56.0,1.7515496543119088e-10
8532,-24.4,57.0,1.1382261279887131e-10
8533,-24.4,58.0,7.35733879754151e-11
8534,-24.4,59.0,4.730413087564856e-11
8535,-24.4,60.0,3.02526544859375e-11
8536,-24.4,61.0,1.9244827146414682e-11
8537,-24.4,62.0,1.2177290021132615e-11
8538,-24.4,63.0,7.664315815246686e-12
8539,-24.4,64.0,4.798243038125668e-12
8540,-24.4,65.0,2.9879766497742637e-12
8541,-24.4,66.0,1.8507947725322104e-12
8542,-24.4,67.0,1.1403165739368786e-12
8543,-24.4,68.0,6.988415472283444e-13
8544,-24.4,69.0,4.2600834256603093e-13
8545,-24.4,70.0,2.583114153228683e-13
8546,-24.4,71.0,1.5579560478615375e-13
8547,-24.4,72.0,9.346583956706542e-14
8548,-24.4,73.0,5.5774633979158494e-14
8549,-24.4,74.0,3.3105995668947363e-14
8550,-24.3,-75.0,7.373842315884323e-06
8551,-24.3,-74.0,9.634989582497687e-06
8552,-24.3,-73.0,1.2522607254495986e-05
8553,-24.3,-72.0,1.618916234477095e-05
8554,-24.3,-71.0,2.081805271107671e-05
8555,-24.3,-70.0,2.6628207773019553e-05
8556,-24.3,-69.0,3.387894498616679e-05
8557,-24.3,-68.0,4.28749795398268e-05
8558,-24.3,-67.0,5.397144943755066e-05
8559,-24.3,-66.0,6.757877960581148e-05
8560,-24.3,-65.0,8.41671681491795e-05
8561,-24.3,-64.0,0.00010427043696541771
8562,-24.3,-63.0,0.00012848894974170914
8563,-24.3,-62.0,0.00015749126540090758
8564,-24.3,-61.0,0.00019201416726462943
8565,-24.3,-60.0,0.00023286069074758092
8566,-24.3,-59.0,0.0002808957686456196
8567,-24.3,-58.0,0.0003370391263501309
8568,-24.3,-57.0,0.00040225509268485937
8569,-24.3,-56.0,0.0004775390480872862
8570,-24.3,-55.0,0.0005639003123389246
8571,-24.3,-54.0,0.0006623413797303198
8572,-24.3,-53.0,0.0007738335398592282
8573,-24.3,-52.0,0.0008992890751054619
8574,-24.3,-51.0,0.0010395303974162979
8575,-24.3,-50.0,0.001195256671827699
8576,-24.3,-49.0,0.001367008664875361
8577,-24.3,-48.0,0.0015551327465812457
8578,-24.3,-47.0,0.0017597538547600763
8579,-24.3,-46.0,0.001985398549097872
8580,-24.3,-45.0,0.0026374445095609803
8581,-24.3,-44.0,0.008693693490442012
8582,-24.3,-43.0,0.018489055913174835
8583,-24.3,-42.0,0.016364867014882642
8584,-24.3,-41.0,0.02124461294229904
8585,-24.3,-40.0,0.011336974859416732
8586,-24.3,-39.0,0.013260184431730937
8587,-24.3,-38.0,0.026009197141973098
8588,-24.3,-37.0,0.013401677310256831
8589,-24.3,-36.0,0.006249613473951729
8590,-24.3,-35.0,0.01739355736815965
8591,-24.3,-34.0,0.035544842548904124
8592,-24.3,-33.0,0.019040173798085334
8593,-24.3,-32.0,0.022989724212594362
8594,-24.3,-31.0,0.04604981035002611
8595,-24.3,-30.0,0.02413569294183967
8596,-24.3,-29.0,0.030384999276251143
8597,-24.3,-28.0,0.06255675870552382
8598,-24.3,-27.0,0.029584045523626368
8599,-24.3,-26.0,0.01125761694391877
8600,-24.3,-25.0,0.04888551932220089
8601,-24.3,-24.0,0.0823608616354295
8602,-24.3,-23.0,0.03780488987728887
8603,-24.3,-22.0,0.02520090636837002
8604,-24.3,-21.0,0.04915978819042412
8605,-24.3,-20.0,0.022911313123713604
8606,-24.3,-19.0,0.006812686287458192
8607,-24.3,-18.0,0.016151845036189192
8608,-24.3,-17.0,0.032658921764603284
8609,-24.3,-16.0,0.0163773545878744
8610,-24.3,-15.0,0.013633811764385344
8611,-24.3,-14.0,0.025365622862532623
8612,-24.3,-13.0,0.012435523508129515
8613,-24.3,-12.0,0.00449491727649408
8614,-24.3,-11.0,0.009608408432046472
8615,-24.3,-10.0,0.018626243695016875
8616,-24.3,-9.0,0.009488830119782417
8617,-24.3,-8.0,0.008116679051133327
8618,-24.3,-7.0,0.014932980863492108
8619,-24.3,-6.0,0.007259081693325011
8620,-24.3,-5.0,0.0025399956945335654
8621,-24.3,-4.0,0.00567099212948559
8622,-24.3,-3.0,0.01120873779262694
8623,-24.3,-2.0,0.005314725608159762
8624,-24.3,-1.0,0.001490321256895051
8625,-24.3,0.0,0.0005359330273882744
8626,-24.3,1.0,0.0011420946557813745
8627,-24.3,2.0,0.003592323458638472
8628,-24.3,3.0,0.007491557646515746
8629,-24.3,4.0,0.0033762740945330236
8630,-24.3,5.0,0.00086576967478729
8631,-24.3,6.0,0.002652145325013385
8632,-24.3,7.0,0.00577684081404137
8633,-24.3,8.0,0.0026441014744458848
8634,-24.3,9.0,0.0022869954210368343
8635,-24.3,10.0,0.004811271194555412
8636,-24.3,11.0,0.00205492739604303
8637,-24.3,12.0,0.0003841121827457751
8638,-24.3,13.0,0.0016465020723782455
8639,-24.3,14.0,0.003830322671651396
8640,-24.3,15.0,0.0016896623241692797
8641,-24.3,16.0,0.0014775863996631874
8642,-24.3,17.0,0.00326431812464156
8643,-24.3,18.0,0.0013511762502241595
8644,-24.3,19.0,0.0001962074717660509
8645,-24.3,20.0,0.001106690988163196
8646,-24.3,21.0,0.002669338206347312
8647,-24.3,22.0,0.0011581693528251065
8648,-24.3,23.0,0.0010234384900401911
8649,-24.3,24.0,0.002312842125643232
8650,-24.3,25.0,0.0009452232203740359
8651,-24.3,26.0,6.943005488968465e-05
8652,-24.3,27.0,5.401715918752361e-06
8653,-24.3,28.0,3.5626480709143823e-06
8654,-24.3,29.0,2.6880347483515307e-06
8655,-24.3,30.0,2.0181067735607105e-06
8656,-24.3,31.0,1.5070940214594537e-06
8657,-24.3,32.0,1.1194978439217132e-06
8658,-24.3,33.0,8.271661368142069e-07
8659,-24.3,34.0,6.079231678644204e-07
8660,-24.3,35.0,4.4441736603684803e-07
8661,-24.3,36.0,3.231615336139166e-07
8662,-24.3,37.0,2.3374081940095735e-07
8663,-24.3,38.0,1.6816502930292778e-07
8664,-24.3,39.0,1.203436020172611e-07
8665,-24.3,40.0,8.566363452349347e-08
8666,-24.3,41.0,6.065353836519873e-08
8667,-24.3,42.0,4.271711641536606e-08
8668,-24.3,43.0,2.992497853894108e-08
8669,-24.3,44.0,2.0852200518072612e-08
8670,-24.3,45.0,1.4452935280249445e-08
8671,-24.3,46.0,9.964289573404446e-09
8672,-24.3,47.0,6.833178038943465e-09
8673,-24.3,48.0,4.661065918492135e-09
8674,-24.3,49.0,3.1625242489647566e-09
8675,-24.3,50.0,2.134364521603096e-09
8676,-24.3,51.0,1.432812730023684e-09
8677,-24.3,52.0,9.56745389732056e-10
8678,-24.3,53.0,6.354617774486802e-10
8679,-24.3,54.0,4.198252895927865e-10
8680,-24.3,55.0,2.7588867100170314e-10
8681,-24.3,56.0,1.8033716820632236e-10
8682,-24.3,57.0,1.1725266759837806e-10
8683,-24.3,58.0,7.583092017438425e-11
8684,-24.3,59.0,4.878159851041286e-11
8685,-24.3,60.0,3.121417324971944e-11
8686,-24.3,61.0,1.986706684982369e-11
8687,-24.3,62.0,1.2577715795375291e-11
8688,-24.3,63.0,7.920560377072312e-12
8689,-24.3,64.0,4.961307531292213e-12
8690,-24.3,65.0,3.0911671869772926e-12
8691,-24.3,66.0,1.915732861020242e-12
8692,-24.3,67.0,1.1809554386112514e-12
8693,-24.3,68.0,7.241327336361303e-13
8694,-24.3,69.0,4.416609033890295e-13
8695,-24.3,70.0,2.679451131295831e-13
8696,-24.3,71.0,1.616921114772954e-13
8697,-24.3,72.0,9.70550039471003e-14
8698,-24.3,73.0,5.794729107305685e-14
8699,-24.3,74.0,3.4413944388174936e-14
8700,-24.2,-75.0,7.209735389647851e-06
8701,-24.2,-74.0,9.42558074044191e-06
8702,-24.2,-73.0,1.2256967029208909e-05
8703,-24.2,-72.0,1.5854188783661146e-05
8704,-24.2,-71.0,2.0398166863922518e-05
8705,-24.2,-70.0,2.610503997199067e-05
8706,-24.2,-69.0,3.323102157889401e-05
8707,-24.2,-68.0,4.207742260634327e-05
8708,-24.2,-67.0,5.299570510351438e-05
8709,-24.2,-66.0,6.639239374630962e-05
8710,-24.2,-65.0,8.273363141104607e-05
8711,-24.2,-64.0,0.00010254912393474735
8712,-24.2,-63.0,0.00012643517952462094
8713,-24.2,-62.0,0.00015505651261646597
8714,-24.2,-61.0,0.000189146453194335
8715,-24.2,-60.0,0.0002295051838621561
8716,-24.2,-59.0,0.00027699562166055375
8717,-24.2,-58.0,0.0003325365730976535
8718,-24.2,-57.0,0.0003970928222327524
8719,-24.2,-56.0,0.00047166186555954055
8720,-24.2,-55.0,0.0005572570857735834
8721,-24.2,-54.0,0.0006548872601409706
8722,-24.2,-53.0,0.0007655324276834224
8723,-24.2,-52.0,0.0008901162908133869
8724,-24.2,-51.0,0.0010294754977609442
8725,-24.2,-50.0,0.0011843263367397943
8726,-24.2,-49.0,0.001355229564173161
8727,-24.2,-48.0,0.001542554281406885
8728,-24.2,-47.0,0.001746450638183397
8729,-24.2,-46.0,0.0019714624660476855
8730,-24.2,-45.0,0.0026221203868984273
8731,-24.2,-44.0,0.00866550718720708
8732,-24.2,-43.0,0.01844001293655346
8733,-24.2,-42.0,0.01631905320757242
8734,-24.2,-41.0,0.021186030861941454
8735,-24.2,-40.0,0.011303693287953128
8736,-24.2,-39.0,0.013219091137777058
8737,-24.2,-38.0,0.025931277465549404
8738,-24.2,-37.0,0.013364496308587326
8739,-24.2,-36.0,0.0062360392003542
8740,-24.2,-35.0,0.017336605642093845
8741,-24.2,-34.0,0.035416398320751385
8742,-24.2,-33.0,0.018982588690168566
8743,-24.2,-32.0,0.022899340486249035
8744,-24.2,-31.0,0.045835991201983305
8745,-24.2,-30.0,0.024043217436955124
8746,-24.2,-29.0,0.03020706379672548
8747,-24.2,-28.0,0.06211930986812583
8748,-24.2,-27.0,0.029421305066061023
8749,-24.2,-26.0,0.011391404280962142
8750,-24.2,-25.0,0.05071250219189928
8751,-24.2,-24.0,0.08404742615577579
8752,-24.2,-23.0,0.03844789053057329
8753,-24.2,-22.0,0.025154199374803534
8754,-24.2,-21.0,0.04903168705552917
8755,-24.2,-20.0,0.022823714798173335
8756,-24.2,-19.0,0.006749106091526643
8757,-24.2,-18.0,0.01603985454109767
8758,-24.2,-17.0,0.03246635974683977
8759,-24.2,-16.0,0.01627023080851023
8760,-24.2,-15.0,0.013533698641831099
8761,-24.2,-14.0,0.025193028520934413
8762,-24.2,-13.0,0.012347465698528681
8763,-24.2,-12.0,0.004459136007904034
8764,-24.2,-11.0,0.009536236063487165
8765,-24.2,-10.0,0.018489238032636
8766,-24.2,-9.0,0.009420480110305426
8767,-24.2,-8.0,0.008057066873424426
8768,-24.2,-7.0,0.014820028304441367
8769,-24.2,-6.0,0.007207539549928726
8770,-24.2,-5.0,0.0025261331896851945
8771,-24.2,-4.0,0.005630614165617265
8772,-24.2,-3.0,0.011121506496420904
8773,-24.2,-2.0,0.005277281755754512
8774,-24.2,-1.0,0.0014850380826221135
8775,-24.2,0.0,0.0005280230744382185
8776,-24.2,1.0,0.0011392130487364273
8777,-24.2,2.0,0.0035670370227813605
8778,-24.2,3.0,0.007430819678328776
8779,-24.2,4.0,0.0033517660772697
8780,-24.2,5.0,0.0008631562642573855
8781,-24.2,6.0,0.0026323368521291948
8782,-24.2,7.0,0.005727444779300354
8783,-24.2,8.0,0.0026232697801758255
8784,-24.2,9.0,0.0022686652871767503
8785,-24.2,10.0,0.004768451969260701
8786,-24.2,11.0,0.002037910888020212
8787,-24.2,12.0,0.0003826135877290112
8788,-24.2,13.0,0.0016323349890482151
8789,-24.2,14.0,0.0037945503434582313
8790,-24.2,15.0,0.0016745036755967508
8791,-24.2,16.0,0.0014640920932803773
8792,-24.2,17.0,0.003232896230286155
8793,-24.2,18.0,0.0013385550605853722
8794,-24.2,19.0,0.00019488778565151423
8795,-24.2,20.0,0.0010960435549189436
8796,-24.2,21.0,0.002642809427309959
8797,-24.2,22.0,0.0011468085429758375
8798,-24.2,23.0,0.0010132659651652513
8799,-24.2,24.0,0.0022894278923135383
8800,-24.2,25.0,0.0009357374740781023
8801,-24.2,26.0,6.885705273477e-05
8802,-24.2,27.0,5.453214959836616e-06
8803,-24.2,28.0,3.609127271148818e-06
8804,-24.2,29.0,2.7245771524644547e-06
8805,-24.2,30.0,2.0466315953893764e-06
8806,-24.2,31.0,1.5292102549021318e-06
8807,-24.2,32.0,1.1365314347278204e-06
8808,-24.2,33.0,8.401992421921013e-07
8809,-24.2,34.0,6.178308518546666e-07
8810,-24.2,35.0,4.5190098003816807e-07
8811,-24.2,36.0,3.2877841223185877e-07
8812,-24.2,37.0,2.3793020083211407e-07
8813,-24.2,38.0,1.712703066996811e-07
8814,-24.2,39.0,1.2263114298477548e-07
8815,-24.2,40.0,8.733848418495972e-08
8816,-24.2,41.0,6.187235980215258e-08
8817,-24.2,42.0,4.359873146214497e-08
8818,-24.2,43.0,3.055886076744304e-08
8819,-24.2,44.0,2.130524792320154e-08
8820,-24.2,45.0,1.4774818205374517e-08
8821,-24.2,46.0,1.0191633942763228e-08
8822,-24.2,47.0,6.992807959046965e-09
8823,-24.2,48.0,4.772495184608471e-09
8824,-24.2,49.0,3.2398545028023567e-09
8825,-24.2,50.0,2.1877194363466617e-09
8826,-24.2,51.0,1.4694129145105916e-09
8827,-24.2,52.0,9.817076797075124e-10
8828,-24.2,53.0,6.523890043111251e-10
8829,-24.2,54.0,4.312381605269418e-10
8830,-24.2,55.0,2.835396800622182e-10
8831,-24.2,56.0,1.8543709401730213e-10
8832,-24.2,57.0,1.206328222408125e-10
8833,-24.2,58.0,7.805854854344919e-11
8834,-24.2,59.0,5.024138028407992e-11
8835,-24.2,60.0,3.2165385487038854e-11
8836,-24.2,61.0,2.048340096345658e-11
8837,-24.2,62.0,1.2974824128659717e-11
8838,-24.2,63.0,8.174985681435584e-12
8839,-24.2,64.0,5.123404307359703e-12
8840,-24.2,65.0,3.193863601062277e-12
8841,-24.2,66.0,1.9804332463315466e-12
8842,-24.2,67.0,1.2214906847381793e-12
8843,-24.2,68.0,7.493871084985308e-13
8844,-24.2,69.0,4.573075628697036e-13
8845,-24.2,70.0,2.7758542373640757e-13
8846,-24.2,71.0,1.6759885147012934e-13
8847,-24.2,72.0,1.0065411313591316e-13
8848,-24.2,73.0,6.012818887159317e-14
8849,-24.2,74.0,3.572817443629685e-14
8850,-24.1,-75.0,7.041298174307202e-06
8851,-24.1,-74.0,9.2102817787262e-06
8852,-24.1,-73.0,1.1983376551829059e-05
8853,-24.1,-72.0,1.5508564582906903e-05
8854,-24.1,-71.0,1.9964117031486933e-05
8855,-24.1,-70.0,2.5563170620797705e-05
8856,-24.1,-69.0,3.2558578683355746e-05
8857,-24.1,-68.0,4.124794005725244e-05
8858,-24.1,-67.0,5.197867429465055e-05
8859,-24.1,-66.0,6.515297338562806e-05
8860,-24.1,-65.0,8.12324196371039e-05
8861,-24.1,-64.0,0.00010074201803592202
8862,-24.1,-63.0,0.00012427335138322034
8863,-24.1,-62.0,0.00015248653017644766
8864,-24.1,-61.0,0.00018611057949851053
8865,-24.1,-60.0,0.00022594188522697358
8866,-24.1,-59.0,0.00027284031506041807
8867,-24.1,-58.0,0.0003277226395446126
8868,-24.1,-57.0,0.0003915529076340336
8869,-24.1,-56.0,0.0004653294830568885
8870,-24.1,-55.0,0.000550068523851112
8871,-24.1,-54.0,0.0006467837888872714
8872,-24.1,-53.0,0.0007564627817031504
8873,-24.1,-52.0,0.0008800393917518973
8874,-24.1,-51.0,0.0010183633627428863
8875,-24.1,-50.0,0.001172167101897772
8876,-24.1,-49.0,0.001342030535669635
8877,-24.1,-48.0,0.0015283449108549616
8878,-24.1,-47.0,0.0017312852781872956
8879,-24.1,-46.0,0.0019554078368597934
8880,-24.1,-45.0,0.002603968103967436
8881,-24.1,-44.0,0.008628074499016475
8882,-24.1,-43.0,0.018371356886169244
8883,-24.1,-42.0,0.016255868884022764
8884,-24.1,-41.0,0.021104940604731028
8885,-24.1,-40.0,0.011258291534889813
8886,-24.1,-39.0,0.013163897826389638
8887,-24.1,-38.0,0.02582594011627797
8888,-24.1,-37.0,0.013312990824958381
8889,-24.1,-36.0,0.006215570005814916
8890,-24.1,-35.0,0.01726138000675455
8891,-24.1,-34.0,0.035251155474608914
8892,-24.1,-33.0,0.018905013110523797
8893,-24.1,-32.0,0.02278550230500795
8894,-24.1,-31.0,0.04557613553546516
8895,-24.1,-30.0,0.02392630216812605
8896,-24.1,-29.0,0.030000956847982884
8897,-24.1,-28.0,0.06162594010615009
8898,-24.1,-27.0,0.029231512607927015
8899,-24.1,-26.0,0.01154506373321561
8900,-24.1,-25.0,0.05296074420117941
8901,-24.1,-24.0,0.08629352721377993
8902,-24.1,-23.0,0.03931006344012996
8903,-24.1,-22.0,0.025075989660764835
8904,-24.1,-21.0,0.04880315116943775
8905,-24.1,-20.0,0.02268912613712774
8906,-24.1,-19.0,0.006671370787397895
8907,-24.1,-18.0,0.015893731833147316
8908,-24.1,-17.0,0.032204575569074335
8909,-24.1,-16.0,0.01612836443556359
8910,-24.1,-15.0,0.013404601980728518
8911,-24.1,-14.0,0.02496650345243781
8912,-24.1,-13.0,0.012232881095699704
8913,-24.1,-12.0,0.004413652382233925
8914,-24.1,-11.0,0.009443523325830622
8915,-24.1,-10.0,0.01831259624496539
8916,-24.1,-9.0,0.009331818537813638
8917,-24.1,-8.0,0.007980069653990507
8918,-24.1,-7.0,0.01467531290274165
8919,-24.1,-6.0,0.007140431805507174
8920,-24.1,-5.0,0.002506673157740686
8921,-24.1,-4.0,0.005578071374072579
8922,-24.1,-3.0,0.011010482186815697
8923,-24.1,-2.0,0.005228454082030093
8924,-24.1,-1.0,0.0014764295699743009
8925,-24.1,0.0,0.0005190731641126895
8926,-24.1,1.0,0.0011337736231733751
8927,-24.1,2.0,0.0035340792326396062
8928,-24.1,3.0,0.007354262322377687
8929,-24.1,4.0,0.0033200745164539557
8930,-24.1,5.0,0.000858632685523374
8931,-24.1,6.0,0.0026069029859542288
8932,-24.1,7.0,0.005665911580237098
8933,-24.1,8.0,0.0025968549603858073
8934,-24.1,9.0,0.0022455144435835064
8935,-24.1,10.0,0.004715560695283301
8936,-24.1,11.0,0.002016575051687957
8937,-24.1,12.0,0.0003802849841474288
8938,-24.1,13.0,0.0016147190559264357
8939,-24.1,14.0,0.0037507928536603674
8940,-24.1,15.0,0.001655815749211247
8941,-24.1,16.0,0.0014475166028099708
8942,-24.1,17.0,0.0031946863486993415
8943,-24.1,18.0,0.0013231205548842157
8944,-24.1,19.0,0.00019315497911644188
8945,-24.1,20.0,0.001083097704341353
8946,-24.1,21.0,0.0026107446405575696
8947,-24.1,22.0,0.0011330448482878405
8948,-24.1,23.0,0.001000972731568098
8949,-24.1,24.0,0.0022612245634112764
8950,-24.1,25.0,0.0009242940582778354
8951,-24.1,26.0,6.813960263580551e-05
8952,-24.1,27.0,5.4930289846958095e-06
8953,-24.1,28.0,3.6478899945564263e-06
8954,-24.1,29.0,2.7553292893922474e-06
8955,-24.1,30.0,2.0708344106849687e-06
8956,-24.1,31.0,1.5481185659422957e-06
8957,-24.1,32.0,1.1511974102627384e-06
8958,-24.1,33.0,8.514947692010293e-07
8959,-24.1,34.0,6.264705317475788e-07
8960,-24.1,35.0,4.5846449044624875e-07
8961,-24.1,36.0,3.3373141135378464e-07
8962,-24.1,37.0,2.4164328872486105e-07
8963,-24.1,38.0,1.7403581078643193e-07
8964,-24.1,39.0,1.2467767733293198e-07
8965,-24.1,40.0,8.884335707618582e-08
8966,-24.1,41.0,6.297198390159012e-08
8967,-24.1,42.0,4.439723615751532e-08
8968,-24.1,43.0,3.113512605990225e-08
8969,-24.1,44.0,2.1718581089497756e-08
8970,-24.1,45.0,1.506948429804208e-08
8971,-24.1,46.0,1.040043368961524e-08
8972,-24.1,47.0,7.1398752392762e-09
8973,-24.1,48.0,4.875463497635863e-09
8974,-24.1,49.0,3.3115194214177186e-09
8975,-24.1,50.0,2.23730304444614e-09
8976,-24.1,51.0,1.5035173013113875e-09
8977,-24.1,52.0,1.0050279854785982e-09
8978,-24.1,53.0,6.682423388760697e-10
8979,-24.1,54.0,4.4195284088520505e-10
8980,-24.1,55.0,2.9073945984203476e-10
8981,-24.1,56.0,1.9024713983652269e-10
8982,-24.1,57.0,1.2382786958749948e-10
8983,-24.1,58.0,8.01686875014386e-11
8984,-24.1,59.0,5.162704329306973e-11
8985,-24.1,60.0,3.3070125346555567e-11
8986,-24.1,61.0,2.1070776286383573e-11
8987,-24.1,62.0,1.3353998979982132e-11
8988,-24.1,63.0,8.418374635300657e-12
8989,-24.1,64.0,5.278752091481982e-12
8990,-24.1,65.0,3.2924591223283106e-12
8991,-24.1,66.0,2.0426578357089594e-12
8992,-24.1,67.0,1.2605409667318445e-12
8993,-24.1,68.0,7.73756681449492e-13
8994,-24.1,69.0,4.724305430955625e-13
8995,-24.1,70.0,2.8691789115913577e-13
8996,-24.1,71.0,1.7332587460593436e-13
8997,-24.1,72.0,1.0414904165283023e-13
8998,-24.1,73.0,6.224912673529145e-14
8999,-24.1,74.0,3.700814832418241e-14
9000,-24.0,-75.0,6.108659834360806e-06
9001,-24.0,-74.0,7.994614236962698e-06
9002,-24.0,-73.0,1.0407230920803674e-05
9003,-24.0,-72.0,1.3475937152212128e-05
9004,-24.0,-71.0,1.7356768471397683e-05
9005,-24.0,-70.0,2.2236420143967914e-05
9006,-24.0,-69.0,2.833655040406907e-05
9007,-24.0,-68.0,3.591825219791412e-05
9008,-24.0,-67.0,4.5286579427479595e-05
9009,-24.0,-66.0,5.679497985632249e-05
9010,-24.0,-65.0,7.084945083009881e-05
9011,-24.0,-64.0,8.791219713170404e-05
9012,-24.0,-63.0,0.00010850453439122982
9013,-24.0,-62.0,0.00013320874866075132
9014,-24.0,-61.0,0.00016266859556235142
9015,-24.0,-60.0,0.00019758810363290212
9016,-24.0,-59.0,0.00023872833910641546
9017,-24.0,-58.0,0.00028690179640603893
9018,-24.0,-57.0,0.00034296410291301716
9019,-24.0,-56.0,0.00040780277060813776
9020,-24.0,-55.0,0.00048232279278943483
9021,-24.0,-54.0,0.0005674289722345936
9022,-24.0,-53.0,0.000664004977763466
9023,-24.0,-52.0,0.0007728892577098496
9024,-24.0,-51.0,0.0008948480883949885
9025,-24.0,-50.0,0.0010305461988009423
9026,-24.0,-49.0,0.0011805155831966006
9027,-24.0,-48.0,0.0013451232863095114
9028,-24.0,-47.0,0.0015245467742776126
9029,-24.0,-46.0,0.0017228445038339692
9030,-24.0,-45.0,0.002297123498471157
9031,-24.0,-44.0,0.007631605692029359
9032,-24.0,-43.0,0.01625947937963273
9033,-24.0,-42.0,0.01438500527759532
9034,-24.0,-41.0,0.01867687719613913
9035,-24.0,-40.0,0.00996105668230179
9036,-24.0,-39.0,0.011645284154046047
9037,-24.0,-38.0,0.022849432210234936
9038,-24.0,-37.0,0.011780943026583484
9039,-24.0,-36.0,0.005503276407238157
9040,-24.0,-35.0,0.015267727142023915
9041,-24.0,-34.0,0.03116987922813355
9042,-24.0,-33.0,0.016725809344754775
9043,-24.0,-32.0,0.020141508852074528
9044,-24.0,-31.0,0.040259815415616386
9045,-24.0,-30.0,0.021152414435504932
9046,-24.0,-29.0,0.026472134786789458
9047,-24.0,-28.0,0.05431688993601562
9048,-24.0,-27.0,0.025804505345336286
9049,-24.0,-26.0,0.01052675738090022
9050,-24.0,-25.0,0.05103259493761909
9051,-24.0,-24.0,0.10734752920751996
9052,-24.0,-23.0,0.045049457163500735
9053,-24.0,-22.0,0.027121842624018108
9054,-24.0,-21.0,0.052487649408517696
9055,-24.0,-20.0,0.024370808062450282
9056,-24.0,-19.0,0.00712440406391285
9057,-24.0,-18.0,0.01701459086824811
9058,-24.0,-17.0,0.0345125284134736
9059,-24.0,-16.0,0.017272554089828883
9060,-24.0,-15.0,0.014343406173214852
9061,-24.0,-14.0,0.026730080987475063
9062,-24.0,-13.0,0.013093011365684828
9063,-24.0,-12.0,0.004719396664494144
9064,-24.0,-11.0,0.010102880377065348
9065,-24.0,-10.0,0.019594787934978593
9066,-24.0,-9.0,0.009986537991896192
9067,-24.0,-8.0,0.008538665808591955
9068,-24.0,-7.0,0.01569943537040306
9069,-24.0,-6.0,0.007642166415537217
9070,-24.0,-5.0,0.0026870752132282082
9071,-24.0,-4.0,0.00596989069920805
9072,-24.0,-3.0,0.011776258830127246
9073,-24.0,-2.0,0.005596188457210774
9074,-24.0,-1.0,0.001585724525281328
9075,-24.0,0.0,0.0005512645169121821
9076,-24.0,1.0,0.0012189578528716812
9077,-24.0,2.0,0.0037827169268819963
9078,-24.0,3.0,0.0078632444861746
9079,-24.0,4.0,0.0035528961802539422
9080,-24.0,5.0,0.0009227384806093903
9081,-24.0,6.0,0.0027891377954644726
9082,-24.0,7.0,0.0060553539370700946
9083,-24.0,8.0,0.0027772488536109406
9084,-24.0,9.0,0.002401176286886144
9085,-24.0,10.0,0.005037906653064607
9086,-24.0,11.0,0.0021557905963081113
9087,-24.0,12.0,0.0004083445258507454
9088,-24.0,13.0,0.0017256305877814705
9089,-24.0,14.0,0.004005402407156275
9090,-24.0,15.0,0.0017688872474843234
9091,-24.0,16.0,0.0015461117648618422
9092,-24.0,17.0,0.003410549633847419
9093,-24.0,18.0,0.0014129411055257236
9094,-24.0,19.0,0.00020682448086287695
9095,-24.0,20.0,0.0011562942718567621
9096,-24.0,21.0,0.0027862607600620446
9097,-24.0,22.0,0.0012093809896325262
9098,-24.0,23.0,0.0010682690502938983
9099,-24.0,24.0,0.0024127852691501195
9100,-24.0,25.0,0.0009863369880837535
9101,-24.0,26.0,7.284901572994502e-05
9102,-24.0,27.0,5.9776632837121026e-06
9103,-24.0,28.0,3.9830340765788625e-06
9104,-24.0,29.0,3.010097521946336e-06
9105,-24.0,30.0,2.2635168315372003e-06
9106,-24.0,31.0,1.6930660109112212e-06
9107,-24.0,32.0,1.259652663212009e-06
9108,-24.0,33.0,9.32211241270658e-07
9109,-24.0,34.0,6.862215534099028e-07
9110,-24.0,35.0,5.024591683637299e-07
9111,-24.0,36.0,3.659514958047489e-07
9112,-24.0,37.0,2.6511393400049356e-07
9113,-24.0,38.0,1.9104154240116727e-07
9114,-24.0,39.0,1.3693336456630722e-07
9115,-24.0,40.0,9.762856822679328e-08
9116,-24.0,41.0,6.923580087949163e-08
9117,-24.0,42.0,4.883943886994603e-08
9118,-24.0,43.0,3.426863027676418e-08
9119,-24.0,44.0,2.3917123923742363e-08
9120,-24.0,45.0,1.66037919716541e-08
9121,-24.0,46.0,1.1465466532472012e-08
9122,-24.0,47.0,7.875212716154053e-09
9123,-24.0,48.0,5.380454563921501e-09
9124,-24.0,49.0,3.65646780998976e-09
9125,-24.0,50.0,2.4716709350425156e-09
9126,-24.0,51.0,1.661902940018005e-09
9127,-24.0,52.0,1.1114930983163791e-09
9128,-24.0,53.0,7.394247665899839e-10
9129,-24.0,54.0,4.892911083054692e-10
9130,-24.0,55.0,3.2205256474972957e-10
9131,-24.0,56.0,2.1084937035539098e-10
9132,-24.0,57.0,1.373105676222648e-10
9133,-24.0,58.0,8.894503781657506e-11
9134,-24.0,59.0,5.7309364593210064e-11
9135,-24.0,60.0,3.672954683578535e-11
9136,-24.0,61.0,2.341486479877088e-11
9137,-24.0,62.0,1.484751751592841e-11
9138,-24.0,63.0,9.364878466940761e-12
9139,-24.0,64.0,5.875388008904504e-12
9140,-24.0,65.0,3.666545400702264e-12
9141,-24.0,66.0,2.2759550939659686e-12
9142,-24.0,67.0,1.4052591388625683e-12
9143,-24.0,68.0,8.630486057159e-13
9144,-24.0,69.0,5.272301038858026e-13
9145,-24.0,70.0,3.203695651015411e-13
9146,-24.0,71.0,1.9363702925289777e-13
9147,-24.0,72.0,1.1641573330212558e-13
9148,-24.0,73.0,6.96179214479465e-14
9149,-24.0,74.0,4.1411077859187646e-14
9150,-23.9,-75.0,5.4470721001498875e-06
9151,-23.9,-74.0,7.13257067977551e-06
9152,-23.9,-73.0,9.289987969611702e-06
9153,-23.9,-72.0,1.2035671529562774e-05
9154,-23.9,-71.0,1.5509993269767484e-05
9155,-23.9,-70.0,1.9881035440985844e-05
9156,-23.9,-69.0,2.5348513550017834e-05
9157,-23.9,-68.0,3.214786251411856e-05
9158,-23.9,-67.0,4.055438455229711e-05
9159,-23.9,-66.0,5.088732655925476e-05
9160,-23.9,-65.0,6.351372186242518e-05
9161,-23.9,-64.0,7.885179752266284e-05
9162,-23.9,-63.0,9.737371527628767e-05
9163,-23.9,-62.0,0.0001196073837708993
9164,-23.9,-61.0,0.00014613705419700082
9165,-23.9,-60.0,0.0001776023933126021
9166,-23.9,-59.0,0.00021469571992353188
9167,-23.9,-58.0,0.0002581570958826384
9168,-23.9,-57.0,0.00030876698324125933
9169,-23.9,-56.0,0.0003673362176331808
9170,-23.9,-55.0,0.0004346931060544931
9171,-23.9,-54.0,0.0005116675359068358
9172,-23.9,-53.0,0.0005990720814846585
9173,-23.9,-52.0,0.0006976802128042445
9174,-23.9,-51.0,0.0008082018472427092
9175,-23.9,-50.0,0.000931256632894295
9176,-23.9,-49.0,0.0010673455084347632
9177,-23.9,-48.0,0.0012168212429927833
9178,-23.9,-47.0,0.0013798657874005576
9179,-23.9,-46.0,0.0015601950109812562
9180,-23.9,-45.0,0.0020828735689960077
9181,-23.9,-44.0,0.006938479553727845
9182,-23.9,-43.0,0.014791819660792925
9183,-23.9,-42.0,0.013084545583271169
9184,-23.9,-41.0,0.01698924745265148
9185,-23.9,-40.0,0.0090590632988763
9186,-23.9,-39.0,0.01058918371095895
9187,-23.9,-38.0,0.02078001377607389
9188,-23.9,-37.0,0.010715932474023302
9189,-23.9,-36.0,0.005008342676769985
9190,-23.9,-35.0,0.013881125006142019
9191,-23.9,-34.0,0.0283304605577667
9192,-23.9,-33.0,0.015210722183148366
9193,-23.9,-32.0,0.01830150614183631
9194,-23.9,-31.0,0.03655721685912152
9195,-23.9,-30.0,0.01922247006063451
9196,-23.9,-29.0,0.02401222846974418
9197,-23.9,-28.0,0.04921560085808481
9198,-23.9,-27.0,0.023411759338984057
9199,-23.9,-26.0,0.009387726768864051
9200,-23.9,-25.0,0.043251560911940296
9201,-23.9,-24.0,0.09792104562060668
9202,-23.9,-23.0,0.04681446733393861
9203,-23.9,-22.0,0.03044419034155532
9204,-23.9,-21.0,0.05954979628464671
9205,-23.9,-20.0,0.027616555013092278
9206,-23.9,-19.0,0.008025488311199392
9207,-23.9,-18.0,0.019213716932701665
9208,-23.9,-17.0,0.03901532627151872
9209,-23.9,-16.0,0.019512658726916553
9210,-23.9,-15.0,0.016189574034997278
9211,-23.9,-14.0,0.030187823109687508
9212,-23.9,-13.0,0.014782025702628158
9213,-23.9,-12.0,0.005322790851397031
9214,-23.9,-11.0,0.01140076705781221
9215,-23.9,-10.0,0.022116407286351173
9216,-23.9,-9.0,0.011273081737136351
9217,-23.9,-8.0,0.009637192351985353
9218,-23.9,-7.0,0.01771587439319063
9219,-23.9,-6.0,0.008627532733005585
9220,-23.9,-5.0,0.0030382680195353558
9221,-23.9,-4.0,0.006739477100662969
9222,-23.9,-3.0,0.013285874991968386
9223,-23.9,-2.0,0.00631816364795758
9224,-23.9,-1.0,0.0017964125782574602
9225,-23.9,0.0,0.0006175481645390777
9226,-23.9,1.0,0.0013823417426621217
9227,-23.9,2.0,0.004270844569384302
9228,-23.9,3.0,0.008868460436417461
9229,-23.9,4.0,0.00401052513456649
9230,-23.9,5.0,0.0010459873219949621
9231,-23.9,6.0,0.0031477501739504594
9232,-23.9,7.0,0.006826430450391625
9233,-23.9,8.0,0.0031330532730784078
9234,-23.9,9.0,0.0027084356847177035
9235,-23.9,10.0,0.005677423564246562
9236,-23.9,11.0,0.002431001808783492
9237,-23.9,12.0,0.00046252628012784756
9238,-23.9,13.0,0.0019452948090597445
9239,-23.9,14.0,0.0045118339454859845
9240,-23.9,15.0,0.0019933065919055743
9241,-23.9,16.0,0.0017419832161686879
9242,-23.9,17.0,0.003840641563063625
9243,-23.9,18.0,0.001591599350449169
9244,-23.9,19.0,0.00023361262946782635
9245,-23.9,20.0,0.0013021278130412274
9246,-23.9,21.0,0.0031366170886679176
9247,-23.9,22.0,0.001361640971106227
9248,-23.9,23.0,0.0012026028648763772
9249,-23.9,24.0,0.0027156604461012553
9250,-23.9,25.0,0.001110255855386258
9251,-23.9,26.0,8.215697451098122e-05
9252,-23.9,27.0,6.861739743933301e-06
9253,-23.9,28.0,4.58714646203931e-06
9254,-23.9,29.0,3.4685170095767965e-06
9255,-23.9,30.0,2.6096260937159784e-06
9256,-23.9,31.0,1.9529888513717277e-06
9257,-23.9,32.0,1.4538112119251026e-06
9258,-23.9,33.0,1.0764723649232974e-06
9259,-23.9,34.0,7.928376385193348e-07
9260,-23.9,35.0,5.808340169645933e-07
9261,-23.9,36.0,4.2325896368735976e-07
9262,-23.9,37.0,3.067937912436918e-07
9263,-23.9,38.0,2.2119393060554534e-07
9264,-23.9,39.0,1.5863026530087338e-07
9265,-23.9,40.0,1.1315795094239008e-07
9266,-23.9,41.0,8.029162720264534e-08
9267,-23.9,42.0,5.6668483515455766e-08
9268,-23.9,43.0,3.978313999634546e-08
9269,-23.9,44.0,2.7780666021331954e-08
9270,-23.9,45.0,1.9296225739376296e-08
9271,-23.9,46.0,1.333178210721414e-08
9272,-23.9,47.0,9.161997267963345e-09
9273,-23.9,48.0,6.262939576552772e-09
9274,-23.9,49.0,4.258458280042255e-09
9275,-23.9,50.0,2.880133920613074e-09
9276,-23.9,51.0,1.9375774734624936e-09
9277,-23.9,52.0,1.2965568978811996e-09
9278,-23.9,53.0,8.629987998978428e-10
9279,-23.9,54.0,5.713666817137144e-10
9280,-23.9,55.0,3.7627532488878544e-10
9281,-23.9,56.0,2.4648056166718865e-10
9282,-23.9,57.0,1.6060006555059295e-10
9283,-23.9,58.0,1.0408661116633455e-10
9284,-23.9,59.0,6.710117537710102e-11
9285,-23.9,60.0,4.302803305440271e-11
9286,-23.9,61.0,2.7444730289753628e-11
9287,-23.9,62.0,1.7412155951886553e-11
9288,-23.9,63.0,1.0988343745603788e-11
9289,-23.9,64.0,6.8976004371043725e-12
9290,-23.9,65.0,4.30675272014888e-12
9291,-23.9,66.0,2.6747792649275687e-12
9292,-23.9,67.0,1.6523881299915092e-12
9293,-23.9,68.0,1.0153652424287006e-12
9294,-23.9,69.0,6.206097960227222e-13
9295,-23.9,70.0,3.773123909121422e-13
9296,-23.9,71.0,2.2817581811481395e-13
9297,-23.9,72.0,1.372537669530582e-13
9298,-23.9,73.0,8.212304354647085e-14
9299,-23.9,74.0,4.887557813073415e-14
9300,-23.8,-75.0,5.398587232777965e-06
9301,-23.8,-74.0,7.0728504060168995e-06
9302,-23.8,-73.0,9.21711337439158e-06
9303,-23.8,-72.0,1.1947622550490188e-05
9304,-23.8,-71.0,1.540473266011036e-05
9305,-23.8,-70.0,1.9756633579665276e-05
9306,-23.8,-69.0,2.520332455620724e-05
9307,-23.8,-68.0,3.198076340781222e-05
9308,-23.8,-67.0,4.036509030520634e-05
9309,-23.8,-66.0,5.067679468120402e-05
9310,-23.8,-65.0,6.3284660526682e-05
9311,-23.8,-64.0,7.860929099378006e-05
9312,-23.8,-63.0,9.712597940132607e-05
9313,-23.8,-62.0,0.00011936666236385336
9314,-23.8,-61.0,0.00014592066413151574
9315,-23.8,-60.0,0.00017743392190753797
9316,-23.8,-59.0,0.0002146063726656518
9317,-23.8,-58.0,0.0002581871856409949
9318,-23.8,-57.0,0.00030896754391961513
9319,-23.8,-56.0,0.0003677707157966997
9320,-23.8,-55.0,0.00043543921367033596
9321,-23.8,-54.0,0.0005128189162780601
9322,-23.8,-53.0,0.0006007401291667234
9323,-23.8,-52.0,0.000699995677314275
9324,-23.8,-51.0,0.0008113162603396113
9325,-23.8,-50.0,0.0009353434508330565
9326,-23.8,-49.0,0.0010726008746350525
9327,-23.8,-48.0,0.0012234642737944973
9328,-23.8,-47.0,0.0013881383666428195
9329,-23.8,-46.0,0.0015704047608980152
9330,-23.8,-45.0,0.002099168234857464
9331,-23.8,-44.0,0.007011887403561811
9332,-23.8,-43.0,0.014957602138300028
9333,-23.8,-42.0,0.013229148155204982
9334,-23.8,-41.0,0.01717788094172714
9335,-23.8,-40.0,0.009157606321937392
9336,-23.8,-39.0,0.010702801472270623
9337,-23.8,-38.0,0.021005990233478808
9338,-23.8,-37.0,0.010834307029819024
9339,-23.8,-36.0,0.005066112906152928
9340,-23.8,-35.0,0.014028200804531946
9341,-23.8,-34.0,0.028622299635793744
9342,-23.8,-33.0,0.015375903598891462
9343,-23.8,-32.0,0.018484957227291505
9344,-23.8,-31.0,0.03689919290074009
9345,-23.8,-30.0,0.019417733061433125
9346,-23.8,-29.0,0.024212506415750113
9347,-23.8,-28.0,0.04957256475349126
9348,-23.8,-27.0,0.023613638217983294
9349,-23.8,-26.0,0.009423155762295032
9350,-23.8,-25.0,0.04231995761972629
9351,-23.8,-24.0,0.09548882673108801
9352,-23.8,-23.0,0.04487205211618183
9353,-23.8,-22.0,0.030513797106526817
9354,-23.8,-21.0,0.06007107235351426
9355,-23.8,-20.0,0.02782355974156379
9356,-23.8,-19.0,0.008036697085607074
9357,-23.8,-18.0,0.01928805505789585
9358,-23.8,-17.0,0.039209010363519536
9359,-23.8,-16.0,0.019595794398000126
9360,-23.8,-15.0,0.01624411057372838
9361,-23.8,-14.0,0.030307135666839926
9362,-23.8,-13.0,0.014835581372191346
9363,-23.8,-12.0,0.0053364118044191815
9364,-23.8,-11.0,0.011436498965114018
9365,-23.8,-10.0,0.02219036325952915
9366,-23.8,-9.0,0.01131206287459027
9367,-23.8,-8.0,0.00966897874945615
9368,-23.8,-7.0,0.01777114660818123
9369,-23.8,-6.0,0.00865819218142135
9370,-23.8,-5.0,0.0030537172510769852
9371,-23.8,-4.0,0.006763256539719851
9372,-23.8,-3.0,0.013324384593579942
9373,-23.8,-2.0,0.0063410508713062355
9374,-23.8,-1.0,0.0018090062652080933
9375,-23.8,0.0,0.0006149691673419842
9376,-23.8,1.0,0.001393473878176867
9377,-23.8,2.0,0.004286455808230276
9378,-23.8,3.0,0.008891414026966782
9379,-23.8,4.0,0.004024355354010484
9380,-23.8,5.0,0.001054005708033423
9381,-23.8,6.0,0.0031579703391004096
9382,-23.8,7.0,0.006841078507453803
9383,-23.8,8.0,0.003141947991639823
9384,-23.8,9.0,0.0027157616443496783
9385,-23.8,10.0,0.00568760283487727
9386,-23.8,11.0,0.002436929077284093
9387,-23.8,12.0,0.00046572588590641973
9388,-23.8,13.0,0.001949405348953475
9389,-23.8,14.0,0.004517897095187735
9390,-23.8,15.0,0.001996761840736015
9391,-23.8,16.0,0.0017447178611093499
9392,-23.8,17.0,0.0038446679338831773
9393,-23.8,18.0,0.0015937526146669952
9394,-23.8,19.0,0.00023457485248230838
9395,-23.8,20.0,0.0013035142310020773
9396,-23.8,21.0,0.003138889519873058
9397,-23.8,22.0,0.001362818220537315
9398,-23.8,23.0,0.0012034815092476965
9399,-23.8,24.0,0.0027171053113043894
9400,-23.8,25.0,0.0011109533574646987
9401,-23.8,26.0,8.236722007623712e-05
9402,-23.8,27.0,7.0018381445405086e-06
9403,-23.8,28.0,4.6959110656284985e-06
9404,-23.8,29.0,3.552676586840976e-06
9405,-23.8,30.0,2.674369586212565e-06
9406,-23.8,31.0,2.0025077968085097e-06
9407,-23.8,32.0,1.4914675045421338e-06
9408,-23.8,33.0,1.1049433450019636e-06
9409,-23.8,34.0,8.142405726543749e-07
9410,-23.8,35.0,5.968317046163592e-07
9411,-23.8,36.0,4.3514838455545185e-07
9412,-23.8,37.0,3.155797673444037e-07
9413,-23.8,38.0,2.2764974558895678e-07
9414,-23.8,39.0,1.6334708719983758e-07
9415,-23.8,40.0,1.165847650020802e-07
9416,-23.8,41.0,8.276722053419216e-08
9417,-23.8,42.0,5.844684710730295e-08
9418,-23.8,43.0,4.10534767169342e-08
9419,-23.8,44.0,2.8683023265287765e-08
9420,-23.8,45.0,1.993361338783593e-08
9421,-23.8,46.0,1.3779493525140044e-08
9422,-23.8,47.0,9.474724585654061e-09
9423,-23.8,48.0,6.480164747221878e-09
9424,-23.8,49.0,4.408507776692081e-09
9425,-23.8,50.0,2.983206286206186e-09
9426,-23.8,51.0,2.007987797022708e-09
9427,-23.8,52.0,1.3443890351065019e-09
9428,-23.8,53.0,8.953131486193127e-10
9429,-23.8,54.0,5.930769857908516e-10
9430,-23.8,55.0,3.9078086389944374e-10
9431,-23.8,56.0,2.5611889146095834e-10
9432,-23.8,57.0,1.669690768108851e-10
9433,-23.8,58.0,1.0827210642661563e-10
9434,-23.8,59.0,6.983662350783387e-11
9435,-23.8,60.0,4.4805980859352605e-11
9436,-23.8,61.0,2.859399598354046e-11
9437,-23.8,62.0,1.8150969298208948e-11
9438,-23.8,63.0,1.1460693551971979e-11
9439,-23.8,64.0,7.1979377340525784e-12
9440,-23.8,65.0,4.4966737426975944e-12
9441,-23.8,66.0,2.7942211705654266e-12
9442,-23.8,67.0,1.727095237949196e-12
9443,-23.8,68.0,1.0618371168056328e-12
9444,-23.8,69.0,6.493601377694756e-13
9445,-23.8,70.0,3.9500214641108376e-13
9446,-23.8,71.0,2.390008213898496e-13
9447,-23.8,72.0,1.438419092708102e-13
9448,-23.8,73.0,8.611079364909976e-14
9449,-23.8,74.0,5.1276202319661786e-14
9450,-23.7,-75.0,5.336880270438916e-06
9451,-23.7,-74.0,6.995732558908675e-06
9452,-23.7,-73.0,9.121474419567992e-06
9453,-23.7,-72.0,1.1829952426955499e-05
9454,-23.7,-71.0,1.5261142912062076e-05
9455,-23.7,-70.0,1.958290999868005e-05
9456,-23.7,-69.0,2.499502089206358e-05
9457,-23.7,-68.0,3.173334751518237e-05
9458,-23.7,-67.0,4.0074155488461024e-05
9459,-23.7,-66.0,5.0338350178431335e-05
9460,-23.7,-65.0,6.289551590148898e-05
9461,-23.7,-64.0,7.816754952540447e-05
9462,-23.7,-63.0,9.663165521198779e-05
9463,-23.7,-62.0,0.0001188224348224846
9464,-23.7,-61.0,0.00014533278085378294
9465,-23.7,-60.0,0.00017681325827786562
9466,-23.7,-59.0,0.0002139696511125834
9467,-23.7,-58.0,0.0002575583518238883
9468,-23.7,-57.0,0.0003083792895168374
9469,-23.7,-56.0,0.00036726612878742353
9470,-23.7,-55.0,0.00043507352703238
9471,-23.7,-54.0,0.0005126613151475299
9472,-23.7,-53.0,0.0006008755650982482
9473,-23.7,-52.0,0.0007005266268326967
9474,-23.7,-51.0,0.000812364354078585
9475,-23.7,-50.0,0.0009370508898945851
9476,-23.7,-49.0,0.0010751315431194177
9477,-23.7,-48.0,0.001227004451531431
9478,-23.7,-47.0,0.0013928970098881703
9479,-23.7,-46.0,0.0015766480490685849
9480,-23.7,-45.0,0.002110220932669031
9481,-23.7,-44.0,0.007068354837739729
9482,-23.7,-43.0,0.015087534491803436
9483,-23.7,-42.0,0.013341978848307613
9484,-23.7,-41.0,0.017325313411665228
9485,-23.7,-40.0,0.009234044182376906
9486,-23.7,-39.0,0.010790598160457266
9487,-23.7,-38.0,0.021181555089872964
9488,-23.7,-37.0,0.010926574130602409
9489,-23.7,-36.0,0.005111569432116331
9490,-23.7,-35.0,0.014141537636060337
9491,-23.7,-34.0,0.02884550136856905
9492,-23.7,-33.0,0.015504217587589674
9493,-23.7,-32.0,0.01862416888982593
9494,-23.7,-31.0,0.03715292676382497
9495,-23.7,-30.0,0.01956671202333497
9496,-23.7,-29.0,0.02435564969303185
9497,-23.7,-28.0,0.04981263102991698
9498,-23.7,-27.0,0.023760261689354002
9499,-23.7,-26.0,0.009459484629643947
9500,-23.7,-25.0,0.0416266400653307
9501,-23.7,-24.0,0.0936611861917205
9502,-23.7,-23.0,0.04329714800304349
9503,-23.7,-22.0,0.03058836933580958
9504,-23.7,-21.0,0.060551327648017995
9505,-23.7,-20.0,0.028010378339645457
9506,-23.7,-19.0,0.00804051759897812
9507,-23.7,-18.0,0.01934500325333174
9508,-23.7,-17.0,0.039368133064626165
9509,-23.7,-16.0,0.019661287161920088
9510,-23.7,-15.0,0.01628357262912152
9511,-23.7,-14.0,0.030398725960818718
9512,-23.7,-13.0,0.01487535029001763
9513,-23.7,-12.0,0.005344805989626161
9514,-23.7,-11.0,0.011461407246615627
9515,-23.7,-10.0,0.022243633663879627
9516,-23.7,-9.0,0.011340391982219028
9517,-23.7,-8.0,0.009691608286682052
9518,-23.7,-7.0,0.017809766180539494
9519,-23.7,-6.0,0.00868068283399279
9520,-23.7,-5.0,0.003066221941441765
9521,-23.7,-4.0,0.006780643239824
9522,-23.7,-3.0,0.013350388631572927
9523,-23.7,-2.0,0.006357977159776109
9524,-23.7,-1.0,0.001819890292185388
9525,-23.7,0.0,0.0006118192626575578
9526,-23.7,1.0,0.0014033125565112176
9527,-23.7,2.0,0.0042980662276883505
9528,-23.7,3.0,0.008906050323724383
9529,-23.7,4.0,0.004034440175039513
9530,-23.7,5.0,0.0010610690571854957
9531,-23.7,6.0,0.0031652562035615864
9532,-23.7,7.0,0.006849325808351154
9533,-23.7,8.0,0.003147922191969813
9534,-23.7,9.0,0.0027205641843865125
9535,-23.7,10.0,0.005692455003138655
9536,-23.7,11.0,0.00244059084916654
9537,-23.7,12.0,0.0004685155486253003
9538,-23.7,13.0,0.0019517024380966764
9539,-23.7,14.0,0.00451971906654036
9540,-23.7,15.0,0.0019983532406073687
9541,-23.7,16.0,0.0017458230556593652
9542,-23.7,17.0,0.0038450780220519076
9543,-23.7,18.0,0.0015944141998158767
9544,-23.7,19.0,0.0002353276567258523
9545,-23.7,20.0,0.0013036784467690217
9546,-23.7,21.0,0.003138202349368841
9547,-23.7,22.0,0.001362714008502134
9548,-23.7,23.0,0.0012032277261432881
9549,-23.7,24.0,0.002715984518701264
9550,-23.7,25.0,0.0011106039046241134
9551,-23.7,26.0,8.250293024607593e-05
9552,-23.7,27.0,7.138055807443677e-06
9553,-23.7,28.0,4.802433677528096e-06
9554,-23.7,29.0,3.6352282829556974e-06
9555,-23.7,30.0,2.737970283215576e-06
9556,-23.7,31.0,2.0512227868117627e-06
9557,-23.7,32.0,1.528564400637694e-06
9558,-23.7,33.0,1.1330297108607013e-06
9559,-23.7,34.0,8.353825131963214e-07
9560,-23.7,35.0,6.126548676767601e-07
9561,-23.7,36.0,4.46923042903982e-07
9562,-23.7,37.0,3.242917472799115e-07
9563,-23.7,38.0,2.3405897124664458e-07
9564,-23.7,39.0,1.6803544391282994e-07
9565,-23.7,40.0,1.1999487219456455e-07
9566,-23.7,41.0,8.523356258820532e-08
9567,-23.7,42.0,6.022055371007481e-08
9568,-23.7,43.0,4.232188328603269e-08
9569,-23.7,44.0,2.9584985137352787e-08
9570,-23.7,45.0,2.0571400008032163e-08
9571,-23.7,46.0,1.4227954300086922e-08
9572,-23.7,47.0,9.78829815612472e-09
9573,-23.7,48.0,6.698198768867129e-09
9574,-23.7,49.0,4.559266557918739e-09
9575,-23.7,50.0,3.0868679191331056e-09
9576,-23.7,51.0,2.0788694640742545e-09
9577,-23.7,52.0,1.392587529245402e-09
9578,-23.7,53.0,9.279058052539482e-10
9579,-23.7,54.0,6.149947240728225e-10
9580,-23.7,55.0,4.0543850915863663e-10
9581,-23.7,56.0,2.658671684593154e-10
9582,-23.7,57.0,1.7341654600168948e-10
9583,-23.7,58.0,1.1251293695390176e-10
9584,-23.7,59.0,7.26106790530425e-11
9585,-23.7,60.0,4.6610594562299914e-11
9586,-23.7,61.0,2.976150539363477e-11
9587,-23.7,62.0,1.8902152143010683e-11
9588,-23.7,63.0,1.1941358081867351e-11
9589,-23.7,64.0,7.503818073503405e-12
9590,-23.7,65.0,4.690260651410814e-12
9591,-23.7,66.0,2.916068812128991e-12
9592,-23.7,67.0,1.8033692714778835e-12
9593,-23.7,68.0,1.1093221122689312e-12
9594,-23.7,69.0,6.787608457305641e-13
9595,-23.7,70.0,4.131064747133384e-13
9596,-23.7,71.0,2.5008827387970696e-13
9597,-23.7,72.0,1.5059507314634633e-13
9598,-23.7,73.0,9.020161346804313e-14
9599,-23.7,74.0,5.374077878508244e-14
9600,-23.6,-75.0,5.268424097888335e-06
9601,-23.6,-74.0,6.909678736084698e-06
9602,-23.6,-73.0,9.01407341373686e-06
9603,-23.6,-72.0,1.1696890752590123e-05
9604,-23.6,-71.0,1.5097529402130764e-05
9605,-23.6,-70.0,1.9383287702341043e-05
9606,-23.6,-69.0,2.475341410840791e-05
9607,-23.6,-68.0,3.144335509335203e-05
9608,-23.6,-67.0,3.9729103089618986e-05
9609,-23.6,-66.0,4.993151559597235e-05
9610,-23.6,-65.0,6.242044264067071e-05
9611,-23.6,-64.0,7.761846449925907e-05
9612,-23.6,-63.0,9.600400644709348e-05
9613,-23.6,-62.0,0.0001181135643059338
9614,-23.6,-61.0,0.00014454274591063114
9615,-23.6,-60.0,0.00017594581197675991
9616,-23.6,-59.0,0.000213033388011782
9617,-23.6,-58.0,0.0002565680197876502
9618,-23.6,-57.0,0.0003073572613090763
9619,-23.6,-56.0,0.000366244018717392
9620,-23.6,-55.0,0.00043409392820957705
9621,-23.6,-54.0,0.0005117796221283935
9622,-23.6,-53.0,0.000600161835217226
9623,-23.6,-52.0,0.0007000674217622618
9624,-23.6,-51.0,0.0008122644917244199
9625,-23.6,-50.0,0.0009374350262675034
9626,-23.6,-49.0,0.0010761454950713831
9627,-23.6,-48.0,0.001228816164993074
9628,-23.6,-47.0,0.0013956971313317972
9629,-23.6,-46.0,0.0015806799472246247
9630,-23.6,-45.0,0.0021183640556989352
9631,-23.6,-44.0,0.007115577867515886
9632,-23.6,-43.0,0.015197987898059527
9633,-23.6,-42.0,0.013437526637629043
9634,-23.6,-41.0,0.01745035430341177
9635,-23.6,-40.0,0.009298412677689986
9636,-23.6,-39.0,0.010864310757284253
9637,-23.6,-38.0,0.021329732047647404
9638,-23.6,-37.0,0.01100459662577174
9639,-23.6,-36.0,0.005150243538550713
9640,-23.6,-35.0,0.014236526561348403
9641,-23.6,-34.0,0.02903151658759739
9642,-23.6,-33.0,0.015612512884162544
9643,-23.6,-32.0,0.018739470736311537
9644,-23.6,-31.0,0.0373591283669432
9645,-23.6,-30.0,0.01969074628946827
9646,-23.6,-29.0,0.02446844916785987
9647,-23.6,-28.0,0.049990910273912274
9648,-23.6,-27.0,0.02387760063314009
9649,-23.6,-26.0,0.009496349164539803
9650,-23.6,-25.0,0.04106185106851238
9651,-23.6,-24.0,0.09215961579741634
9652,-23.6,-23.0,0.04192778332294423
9653,-23.6,-22.0,0.030667593067136997
9654,-23.6,-21.0,0.06101356783210894
9655,-23.6,-20.0,0.02818775283447697
9656,-23.6,-19.0,0.00804007570412329
9657,-23.6,-18.0,0.019391925306162582
9658,-23.6,-17.0,0.03950758394314577
9659,-23.6,-16.0,0.019716601342087248
9660,-23.6,-15.0,0.016314163932511616
9661,-23.6,-14.0,0.03047413248705193
9662,-23.6,-13.0,0.01490698871050994
9663,-23.6,-12.0,0.005350016928992851
9664,-23.6,-11.0,0.011479858905416614
9665,-23.6,-10.0,0.022284683969641696
9666,-23.6,-9.0,0.011362380632619145
9667,-23.6,-8.0,0.009708768235855581
9668,-23.6,-7.0,0.017838518110800183
9669,-23.6,-6.0,0.008698301623583524
9670,-23.6,-5.0,0.0030769340227986323
9671,-23.6,-4.0,0.006794212166349822
9672,-23.6,-3.0,0.013368979079190648
9673,-23.6,-2.0,0.006371355588762597
9674,-23.6,-1.0,0.001829739559708414
9675,-23.6,0.0,0.0006083424144505191
9676,-23.6,1.0,0.0014123746650134396
9677,-23.6,2.0,0.004307306669489164
9678,-23.6,3.0,0.008915772805668009
9679,-23.6,4.0,0.004042312652924671
9680,-23.6,5.0,0.0010675694500283815
9681,-23.6,6.0,0.003170812141694198
9682,-23.6,7.0,0.006853797421077312
9683,-23.6,8.0,0.0031521769527216507
9684,-23.6,9.0,0.0027238822419846493
9685,-23.6,10.0,0.005694166784109195
9686,-23.6,11.0,0.0024429208230615784
9687,-23.6,12.0,0.0004710694574905697
9688,-23.6,13.0,0.0019529343385952399
9689,-23.6,14.0,0.004519041129310343
9690,-23.6,15.0,0.0019988488244453246
9691,-23.6,16.0,0.0017459704887749744
9692,-23.6,17.0,0.003843355987094577
9693,-23.6,18.0,0.0015941983979353704
9694,-23.6,19.0,0.000235960201042515
9695,-23.6,20.0,0.0013031236633991178
9696,-23.6,21.0,0.003135769372441262
9697,-23.6,22.0,0.001361854975283132
9698,-23.6,23.0,0.0012023069147729826
9699,-23.6,24.0,0.0027133498235633515
9700,-23.6,25.0,0.0011096373384337764
9701,-23.6,26.0,8.259568654759044e-05
9702,-23.6,27.0,7.272858623746456e-06
9703,-23.6,28.0,4.908343993140984e-06
9704,-23.6,29.0,3.7174036629312692e-06
9705,-23.6,30.0,2.8013543828382885e-06
9706,-23.6,31.0,2.0998267491902433e-06
9707,-23.6,32.0,1.5656176163326996e-06
9708,-23.6,33.0,1.161113295269806e-06
9709,-23.6,34.0,8.565446998520526e-07
9710,-23.6,35.0,6.285095796721825e-07
9711,-23.6,36.0,4.587331529645336e-07
9712,-23.6,37.0,3.330386602841225e-07
9713,-23.6,38.0,2.4050018965155004e-07
9714,-23.6,39.0,1.7275173157402932e-07
9715,-23.6,40.0,1.2342853709812676e-07
9716,-23.6,41.0,8.771925204963766e-08
9717,-23.6,42.0,6.200981112968777e-08
9718,-23.6,43.0,4.360256477846987e-08
9719,-23.6,44.0,3.049648554709161e-08
9720,-23.6,45.0,2.1216496748191517e-08
9721,-23.6,46.0,1.4681947808130163e-08
9722,-23.6,47.0,1.0106011604071151e-08
9723,-23.6,48.0,6.9192978013644745e-09
9724,-23.6,49.0,4.712272150491121e-09
9725,-23.6,50.0,3.19216121696213e-09
9726,-23.6,51.0,2.150925551434117e-09
9727,-23.6,52.0,1.4416241516911963e-09
9728,-23.6,53.0,9.610917045447722e-10
9729,-23.6,54.0,6.373290525721331e-10
9730,-23.6,55.0,4.2038645223911044e-10
9731,-23.6,56.0,2.758162279846207e-10
9732,-23.6,57.0,1.8000187367516468e-10
9733,-23.6,58.0,1.1684774738169106e-10
9734,-23.6,59.0,7.544835417957856e-11
9735,-23.6,60.0,4.845797977504694e-11
9736,-23.6,61.0,3.0957575848177705e-11
9737,-23.6,62.0,1.9672279878095853e-11
9738,-23.6,63.0,1.2434506419063626e-11
9739,-23.6,64.0,7.817871265420305e-12
9740,-23.6,65.0,4.889163784601704e-12
9741,-23.6,66.0,3.0413525437783974e-12
9742,-23.6,67.0,1.8818502085328666e-12
9743,-23.6,68.0,1.1582156941290537e-12
9744,-23.6,69.0,7.090550376013133e-13
9745,-23.6,70.0,4.317740684321594e-13
9746,-23.6,71.0,2.615286501831535e-13
9747,-23.6,72.0,1.575680267375413e-13
9748,-23.6,73.0,9.442848625709516e-14
9749,-23.6,74.0,5.6289069140593e-14
9750,-23.5,-75.0,5.195894921979153e-06
9751,-23.5,-74.0,6.818186504663831e-06
9752,-23.5,-73.0,8.899456843725141e-06
9753,-23.5,-72.0,1.1554315802337903e-05
9754,-23.5,-71.0,1.4921451551026623e-05
9755,-23.5,-70.0,1.916743593174414e-05
9756,-23.5,-69.0,2.4490805819678374e-05
9757,-23.5,-68.0,3.112635290430737e-05
9758,-23.5,-67.0,3.934952613501154e-05
9759,-23.5,-66.0,4.948081951571527e-05
9760,-23.5,-65.0,6.188998374239564e-05
9761,-23.5,-64.0,7.699986447749101e-05
9762,-23.5,-63.0,9.52896343590022e-05
9763,-23.5,-62.0,0.00011729715205956542
9764,-23.5,-61.0,0.00014362015212808287
9765,-23.5,-60.0,0.00017491594657184815
9766,-23.5,-59.0,0.00021189930601095316
9767,-23.5,-58.0,0.0002553381877035371
9768,-23.5,-57.0,0.000306046992682786
9769,-23.5,-56.0,0.00036487706728583874
9770,-23.5,-55.0,0.0004327042176252056
9771,-23.5,-54.0,0.0005104130804616035
9772,-23.5,-53.0,0.0005988782909217952
9773,-23.5,-52.0,0.0006989425058142424
9774,-23.5,-51.0,0.0008113914788033473
9775,-23.5,-50.0,0.0009369265367861062
9776,-23.5,-49.0,0.0010761349703084114
9777,-23.5,-48.0,0.0012294590203410095
9778,-23.5,-47.0,0.001397171538622521
9779,-23.5,-46.0,0.0015832139051375816
9780,-23.5,-45.0,0.0021245440927817666
9781,-23.5,-44.0,0.007156668547099921
9782,-23.5,-43.0,0.01529557706596643
9783,-23.5,-42.0,0.013521646635490133
9784,-23.5,-41.0,0.017560604020255825
9785,-23.5,-40.0,0.009354767612333306
9786,-23.5,-39.0,0.010928683183336754
9787,-23.5,-38.0,0.02145982598204789
9788,-23.5,-37.0,0.011073166784644465
9789,-23.5,-36.0,0.005184367038594496
9790,-23.5,-35.0,0.014319387553038588
9791,-23.5,-34.0,0.02919306189498361
9792,-23.5,-33.0,0.015707595610190365
9793,-23.5,-32.0,0.018839080271168054
9794,-23.5,-31.0,0.0375342677351802
9795,-23.5,-30.0,0.019798457642718613
9796,-23.5,-29.0,0.024561727481719694
9797,-23.5,-28.0,0.05012968553408069
9798,-23.5,-27.0,0.023976141322917387
9799,-23.5,-26.0,0.009533579210438741
9800,-23.5,-25.0,0.0405812107549467
9801,-23.5,-24.0,0.09087153994829278
9802,-23.5,-23.0,0.040697366033869996
9803,-23.5,-22.0,0.03075147916067046
9804,-23.5,-21.0,0.061467590006234245
9805,-23.5,-20.0,0.028360237929294017
9806,-23.5,-19.0,0.008036664231107677
9807,-23.5,-18.0,0.019431821009284964
9808,-23.5,-17.0,0.039633416537955664
9809,-23.5,-16.0,0.019764774117624204
9810,-23.5,-15.0,0.016338406377821354
9811,-23.5,-14.0,0.030538038546267472
9812,-23.5,-13.0,0.014932793534767596
9813,-23.5,-12.0,0.005352875516953055
9814,-23.5,-11.0,0.011493626835936188
9815,-23.5,-10.0,0.022316949478079676
9816,-23.5,-9.0,0.011379777514112904
9817,-23.5,-8.0,0.009721954029099327
9818,-23.5,-7.0,0.017860155733337178
9819,-23.5,-6.0,0.008712384586373925
9820,-23.5,-5.0,0.003086317974499204
9821,-23.5,-4.0,0.006805006419359818
9822,-23.5,-3.0,0.013382222552062964
9823,-23.5,-2.0,0.006382163422481882
9824,-23.5,-1.0,0.0018388245975473553
9825,-23.5,0.0,0.0006046391855470681
9826,-23.5,1.0,0.0014208667762641246
9827,-23.5,2.0,0.0043148374285420284
9828,-23.5,3.0,0.008921963669393624
9829,-23.5,4.0,0.004048593902163944
9830,-23.5,5.0,0.0010736638433906983
9831,-23.5,6.0,0.0031751263561313994
9832,-23.5,7.0,0.006855560638768526
9833,-23.5,8.0,0.003155199720709482
9834,-23.5,9.0,0.0027261376074899416
9835,-23.5,10.0,0.005693628066148519
9836,-23.5,11.0,0.002444298361014585
9837,-23.5,12.0,0.0004734575839376883
9838,-23.5,13.0,0.001953405334187474
9839,-23.5,14.0,0.004516572712167042
9840,-23.5,15.0,0.0019985612271985922
9841,-23.5,16.0,0.001745433691832721
9842,-23.5,17.0,0.003840106947584589
9843,-23.5,18.0,0.0015933555062102342
9844,-23.5,19.0,0.00023650860136974796
9845,-23.5,20.0,0.0013020550589150377
9846,-23.5,21.0,0.0031320858554595866
9847,-23.5,22.0,0.0013604559518676088
9848,-23.5,23.0,0.0012009089841681256
9849,-23.5,24.0,0.0027096305628991632
9850,-23.5,25.0,0.0011082290970577235
9851,-23.5,26.0,8.265833823307044e-05
9852,-23.5,27.0,7.407219783374152e-06
9853,-23.5,28.0,5.014282575388532e-06
9854,-23.5,29.0,3.799687418694703e-06
9855,-23.5,30.0,2.864886931620952e-06
9856,-23.5,31.0,2.1485932401857193e-06
9857,-23.5,32.0,1.6028311203969427e-06
9858,-23.5,33.0,1.1893454202309958e-06
9859,-23.5,34.0,8.778388355166808e-07
9860,-23.5,35.0,6.444778858098401e-07
9861,-23.5,36.0,4.7063867600362154e-07
9862,-23.5,37.0,3.4186410966069776e-07
9863,-23.5,38.0,2.470049509286863e-07
9864,-23.5,39.0,1.7751866544707317e-07
9865,-23.5,40.0,1.2690203284817971e-07
9866,-23.5,41.0,9.023588905316853e-08
9867,-23.5,42.0,6.382284737133651e-08
9868,-23.5,43.0,4.490132839747385e-08
9869,-23.5,44.0,3.142160281593325e-08
9870,-23.5,45.0,2.1871753567611018e-08
9871,-23.5,46.0,1.5143455755454804e-08
9872,-23.5,47.0,1.042923607546685e-08
9873,-23.5,48.0,7.144405845067783e-09
9874,-23.5,49.0,4.8681712571033566e-09
9875,-23.5,50.0,3.299527019740715e-09
9876,-23.5,51.0,2.224455079540763e-09
9877,-23.5,52.0,1.4917007221530778e-09
9878,-23.5,53.0,9.950063867643001e-10
9879,-23.5,54.0,6.601705475151646e-10
9880,-23.5,55.0,4.3568492135766636e-10
9881,-23.5,56.0,2.8600591967111123e-10
9882,-23.5,57.0,1.8675129511025633e-10
9883,-23.5,58.0,1.2129372400772187e-10
9884,-23.5,59.0,7.836085132147916e-11
9885,-23.5,60.0,5.0355402136997294e-11
9886,-23.5,61.0,3.2186896177039604e-11
9887,-23.5,62.0,2.0464363303886196e-11
9888,-23.5,63.0,1.2942062203795747e-11
9889,-23.5,64.0,8.141320200198234e-12
9890,-23.5,65.0,5.094156660055066e-12
9891,-23.5,66.0,3.1705591865575675e-12
9892,-23.5,67.0,1.9628428959820225e-12
9893,-23.5,68.0,1.2087077971581654e-12
9894,-23.5,69.0,7.403604562161953e-13
9895,-23.5,70.0,4.5107754963365843e-13
9896,-23.5,71.0,2.73366516294901e-13
9897,-23.5,72.0,1.6478798052595998e-13
9898,-23.5,73.0,9.880794164717849e-14
9899,-23.5,74.0,5.89310637439642e-14
9900,-23.4,-75.0,5.120733369558787e-06
9901,-23.4,-74.0,6.7231386790196565e-06
9902,-23.4,-73.0,8.780072124534256e-06
9903,-23.4,-72.0,1.140539169531234e-05
9904,-23.4,-71.0,1.4736977950500734e-05
9905,-23.4,-70.0,1.8940558030261405e-05
9906,-23.4,-69.0,2.4213814668747616e-05
9907,-23.4,-68.0,3.0790714399736086e-05
9908,-23.4,-67.0,3.8945960975622415e-05
9909,-23.4,-66.0,4.899944836430326e-05
9910,-23.4,-65.0,6.132055327580358e-05
9911,-23.4,-64.0,7.633207109799659e-05
9912,-23.4,-63.0,9.451356288039999e-05
9913,-23.4,-62.0,0.00011640384649200644
9914,-23.4,-61.0,0.00014260233457295842
9915,-23.4,-60.0,0.00017376889801354537
9916,-23.4,-59.0,0.00021062191928644946
9917,-23.4,-58.0,0.0002539341980084743
9918,-23.4,-57.0,0.00030452638455102715
9919,-23.4,-56.0,0.0003632576490461747
9920,-23.4,-55.0,0.00043101334496927103
9921,-23.4,-54.0,0.0005086895001296993
9922,-23.4,-53.0,0.0005971740639210744
9923,-23.4,-52.0,0.000697324957439459
9924,-23.4,-51.0,0.0008099451105653604
9925,-23.4,-50.0,0.0009357548238070419
9926,-23.4,-49.0,0.0010753619575426371
9927,-23.4,-48.0,0.0012292306229284011
9928,-23.4,-47.0,0.0013976564923513315
9929,-23.4,-46.0,0.0015846287149215807
9930,-23.4,-45.0,0.0021292626672205187
9931,-23.4,-44.0,0.007193270246795587
9932,-23.4,-43.0,0.015383792088482439
9933,-23.4,-42.0,0.013597428575476139
9934,-23.4,-41.0,0.017660072862662652
9935,-23.4,-40.0,0.009405249288935161
9936,-23.4,-39.0,0.010986219051928819
9937,-23.4,-38.0,0.021576746993276184
9938,-23.4,-37.0,0.011134812310867015
9939,-23.4,-36.0,0.005215115569253012
9940,-23.4,-35.0,0.014393402079457843
9941,-23.4,-34.0,0.029336849516914922
9942,-23.4,-33.0,0.01579305473222608
9943,-23.4,-32.0,0.018927332194278394
9944,-23.4,-31.0,0.03768703986410032
9945,-23.4,-30.0,0.019894391356711904
9946,-23.4,-29.0,0.024641182315287342
9947,-23.4,-28.0,0.05024069527101332
9948,-23.4,-27.0,0.02406140142269967
9949,-23.4,-26.0,0.00957107280862523
9950,-23.4,-25.0,0.040161305214253464
9951,-23.4,-24.0,0.08973758575347572
9952,-23.4,-23.0,0.03957020202758671
9953,-23.4,-22.0,0.03084016406792482
9954,-23.4,-21.0,0.0619189675662445
9955,-23.4,-20.0,0.02853040466245739
9956,-23.4,-19.0,0.008030980766115112
9957,-23.4,-18.0,0.019466271455421555
9958,-23.4,-17.0,0.03974881375524768
9959,-23.4,-16.0,0.019807403810444595
9960,-23.4,-15.0,0.016357624418281192
9961,-23.4,-14.0,0.030592898515378966
9962,-23.4,-13.0,0.01495396929291872
9963,-23.4,-12.0,0.005353818227556688
9964,-23.4,-11.0,0.011503640183419352
9965,-23.4,-10.0,0.022342229376359834
9966,-23.4,-9.0,0.011393497870093128
9967,-23.4,-8.0,0.009731948265431214
9968,-23.4,-7.0,0.017876120868979033
9969,-23.4,-6.0,0.008723630121705146
9970,-23.4,-5.0,0.0030946150368306655
9971,-23.4,-4.0,0.006813570966503634
9972,-23.4,-3.0,0.013391201350003655
9973,-23.4,-2.0,0.006390911028639018
9974,-23.4,-1.0,0.0018472847750824343
9975,-23.4,0.0,0.0006007632448394679
9976,-23.4,1.0,0.0014288948651256708
9977,-23.4,2.0,0.004321003174722026
9978,-23.4,3.0,0.008925347296126974
9979,-23.4,4.0,0.0040536084168108855
9980,-23.4,5.0,0.0010794329280367563
9981,-23.4,6.0,0.003178454066367865
9982,-23.4,7.0,0.00685517562382989
9983,-23.4,8.0,0.003157245718959425
9984,-23.4,9.0,0.0027275512243347196
9985,-23.4,10.0,0.005691306456187763
9986,-23.4,11.0,0.0024449223861677757
9987,-23.4,12.0,0.0004757160653916504
9988,-23.4,13.0,0.001953275159238341
9989,-23.4,14.0,0.004512687149804765
9990,-23.4,15.0,0.001997654782216959
9991,-23.4,16.0,0.0017443565207931199
9992,-23.4,17.0,0.0038356496448273742
9993,-23.4,18.0,0.0015920172575377152
9994,-23.4,19.0,0.00023699172152287577
9995,-23.4,20.0,0.0013005807175568765
9996,-23.4,21.0,0.003127412932314264
9997,-23.4,22.0,0.0013586301734733023
9998,-23.4,23.0,0.0011991340735052049
9999,-23.4,24.0,0.0027050532344696713
10000,-23.4,25.0,0.0011064717154117996
10001,-23.4,26.0,8.269763617834447e-05
10002,-23.4,27.0,7.54163112570685e-06
10003,-23.4,28.0,5.120571594805527e-06
10004,-23.4,29.0,3.882323891154284e-06
10005,-23.4,30.0,2.9287524380041478e-06
10006,-23.4,31.0,2.1976609280053535e-06
10007,-23.4,32.0,1.6403086375042733e-06
10008,-23.4,33.0,1.2178033067179184e-06
10009,-23.4,34.0,8.99322139088198e-07
10010,-23.4,35.0,6.606019846084542e-07
10011,-23.4,36.0,4.826705869533392e-07
10012,-23.4,37.0,3.507907251901425e-07
10013,-23.4,38.0,2.5358971045963453e-07
10014,-23.4,39.0,1.8234815502986267e-07
10015,-23.4,40.0,1.304239384412226e-07
10016,-23.4,41.0,9.27896244633379e-08
10017,-23.4,42.0,6.566405169181217e-08
10018,-23.4,43.0,4.622129158900224e-08
10019,-23.4,44.0,3.236254066893602e-08
10020,-23.4,45.0,2.253872093607396e-08
10021,-23.4,46.0,1.5613563849973786e-08
10022,-23.4,47.0,1.0758728233130216e-08
10023,-23.4,48.0,7.374047739962638e-09
10024,-23.4,49.0,5.027326188800178e-09
10025,-23.4,50.0,3.409214248147259e-09
10026,-23.4,51.0,2.2996282483184445e-09
10027,-23.4,52.0,1.5429330571850965e-09
10028,-23.4,53.0,1.0297282830315327e-09
10029,-23.4,54.0,6.835720663290395e-10
10030,-23.4,55.0,4.5136936654164776e-10
10031,-23.4,56.0,2.964599034233845e-10
10032,-23.4,57.0,1.9368052435277595e-10
10033,-23.4,58.0,1.2586125249614341e-10
10034,-23.4,59.0,8.135500084972803e-11
10035,-23.4,60.0,5.230733167908491e-11
10036,-23.4,61.0,3.3452377267612e-11
10037,-23.4,62.0,2.1280288592562973e-11
10038,-23.4,63.0,1.346524154015675e-11
10039,-23.4,64.0,8.47494504222551e-12
10040,-23.4,65.0,5.305737267044932e-12
10041,-23.4,66.0,3.3040050155442267e-12
10042,-23.4,67.0,2.0465471882624776e-12
10043,-23.4,68.0,1.2609240704341821e-12
10044,-23.4,69.0,7.727556964970179e-13
10045,-23.4,70.0,4.710658299850455e-13
10046,-23.4,71.0,2.8563215574779075e-13
10047,-23.4,72.0,1.7227358843386087e-13
10048,-23.4,73.0,1.0335141097403364e-13
10049,-23.4,74.0,6.167373176132588e-14
10050,-23.3,-75.0,5.043829555884225e-06
10051,-23.3,-74.0,6.625698930808761e-06
10052,-23.3,-73.0,8.657432236866662e-06
10053,-23.3,-72.0,1.1252074826487744e-05
10054,-23.3,-71.0,1.4546624547066196e-05
10055,-23.3,-70.0,1.8705871875259833e-05
10056,-23.3,-69.0,2.3926533849387095e-05
10057,-23.3,-68.0,3.044161781005672e-05
10058,-23.3,-67.0,3.852492281853324e-05
10059,-23.3,-66.0,4.849555489710696e-05
10060,-23.3,-65.0,6.0722297629697525e-05
10061,-23.3,-64.0,7.562764324562865e-05
10062,-23.3,-63.0,9.3691252554792e-05
10063,-23.3,-62.0,0.00011545257688661131
10064,-23.3,-61.0,0.00014151234377912913
10065,-23.3,-60.0,0.00017253258318323766
10066,-23.3,-59.0,0.00020923485526535906
10067,-23.3,-58.0,0.00025239633752064945
10068,-23.3,-57.0,0.0003028434408325112
10069,-23.3,-56.0,0.0003614426540927217
10070,-23.3,-55.0,0.00042908836733809554
10071,-23.3,-54.0,0.0005066874956762163
10072,-23.3,-53.0,0.0005951408212318521
10073,-23.3,-52.0,0.0006953210874369448
10074,-23.3,-51.0,0.0008080480173245586
10075,-23.3,-50.0,0.0009340605816681827
10076,-23.3,-49.0,0.0010739870088504761
10077,-23.3,-48.0,0.001228313201980872
10078,-23.3,-47.0,0.0013973577176584922
10079,-23.3,-46.0,0.0015851559187331037
10080,-23.3,-45.0,0.0021328258271414774
10081,-23.3,-44.0,0.007226381759121795
10082,-23.3,-43.0,0.015464752252211755
10083,-23.3,-42.0,0.013666748872040623
10084,-23.3,-41.0,0.017751195993025604
10085,-23.3,-40.0,0.00945115753393686
10086,-23.3,-39.0,0.011038438853348802
10087,-23.3,-38.0,0.021683476654092017
10088,-23.3,-37.0,0.01119106738408716
10089,-23.3,-36.0,0.005243201663301029
10090,-23.3,-35.0,0.014460561905155317
10091,-23.3,-34.0,0.02946695559096868
10092,-23.3,-33.0,0.015871067458079115
10093,-23.3,-32.0,0.019006856253828974
10094,-23.3,-31.0,0.03782272385359182
10095,-23.3,-30.0,0.01998130289359249
10096,-23.3,-29.0,0.024710259094766276
10097,-23.3,-28.0,0.05033104057121236
10098,-23.3,-27.0,0.02413671552875863
10099,-23.3,-26.0,0.009608760414906777
10100,-23.3,-25.0,0.03978792929564677
10101,-23.3,-24.0,0.08872174398294914
10102,-23.3,-23.0,0.03852429234470814
10103,-23.3,-22.0,0.030933857905380852
10104,-23.3,-21.0,0.06237144900638512
10105,-23.3,-20.0,0.028699962986130784
10106,-23.3,-19.0,0.008023458449876678
10107,-23.3,-18.0,0.01949622437060563
10108,-23.3,-17.0,0.039855677448299334
10109,-23.3,-16.0,0.01984544648310363
10110,-23.3,-15.0,0.016372607662465625
10111,-23.3,-14.0,0.030640171267589795
10112,-23.3,-13.0,0.014971232655080286
10113,-23.3,-12.0,0.005353105418486641
10114,-23.3,-11.0,0.011510451220923725
10115,-23.3,-10.0,0.022361591951233495
10116,-23.3,-9.0,0.011404084706899978
10117,-23.3,-8.0,0.009739215169239512
10118,-23.3,-7.0,0.017887269402731113
10119,-23.3,-6.0,0.00873245185817715
10120,-23.3,-5.0,0.003101966873540165
10121,-23.3,-4.0,0.0068202283068257335
10122,-23.3,-3.0,0.01339655796412491
10123,-23.3,-2.0,0.006397900245092546
10124,-23.3,-1.0,0.0018552009955454432
10125,-23.3,0.0,0.0005967472283154655
10126,-23.3,1.0,0.0014365200735355253
10127,-23.3,2.0,0.004326007590957634
10128,-23.3,3.0,0.008926354070995833
10129,-23.3,4.0,0.004057548171163304
10130,-23.3,5.0,0.0010849233824807786
10131,-23.3,6.0,0.0031809463880600884
10132,-23.3,7.0,0.006852975833857678
10133,-23.3,8.0,0.00315846638411943
10134,-23.3,9.0,0.0027282542654423468
10135,-23.3,10.0,0.005687480754833342
10136,-23.3,11.0,0.00244491116214724
10137,-23.3,12.0,0.000477865936383445
10138,-23.3,13.0,0.0019526389215084746
10139,-23.3,14.0,0.00450760747642042
10140,-23.3,15.0,0.0019962275095997996
10141,-23.3,16.0,0.0017428248426704343
10142,-23.3,17.0,0.003830174737535059
10143,-23.3,18.0,0.001590262360715592
10144,-23.3,19.0,0.00023742071494980307
10145,-23.3,20.0,0.00129876529633379
10146,-23.3,21.0,0.0031219070076651655
10147,-23.3,22.0,0.001356445432030874
10148,-23.3,23.0,0.0011970421660442497
10149,-23.3,24.0,0.00269975359771954
10150,-23.3,25.0,0.0011044206430848224
10151,-23.3,26.0,8.271760429424968e-05
10152,-23.3,27.0,7.676370035051902e-06
10153,-23.3,28.0,5.2273914573526935e-06
10154,-23.3,29.0,3.965450407885129e-06
10155,-23.3,30.0,2.9930550314545516e-06
10156,-23.3,31.0,2.2471084296176382e-06
10157,-23.3,32.0,1.6781092676812594e-06
10158,-23.3,33.0,1.2465311920055001e-06
10159,-23.3,34.0,9.210275804530286e-07
10160,-23.3,35.0,6.769063426072919e-07
10161,-23.3,36.0,4.948469637897728e-07
10162,-23.3,37.0,3.5983180663834404e-07
10163,-23.3,38.0,2.6026421025299704e-07
10164,-23.3,39.0,1.8724730518130177e-07
10165,-23.3,40.0,1.3399941276108641e-07
10166,-23.3,41.0,9.538418768188457e-08
10167,-23.3,42.0,6.753610816512629e-08
10168,-23.3,43.0,4.7564377487097353e-08
10169,-23.3,44.0,3.3320670844895173e-08
10170,-23.3,45.0,2.3218372870353153e-08
10171,-23.3,46.0,1.6092960554310415e-08
10172,-23.3,47.0,1.109497247079326e-08
10173,-23.3,48.0,7.608562725079845e-09
10174,-23.3,49.0,5.189973421512475e-09
10175,-23.3,50.0,3.5213869711427644e-09
10176,-23.3,51.0,2.376558352241194e-09
10177,-23.3,52.0,1.5953990174919676e-09
10178,-23.3,53.0,1.0653106458254745e-09
10179,-23.3,54.0,7.07569854839694e-10
10180,-23.3,55.0,4.674643381508349e-10
10181,-23.3,56.0,3.071947264497059e-10
10182,-23.3,57.0,2.0080065939175084e-10
10183,-23.3,58.0,1.3055773916921616e-10
10184,-23.3,59.0,8.443572073771615e-11
10185,-23.3,60.0,5.431701764257347e-11
10186,-23.3,61.0,3.475615500261733e-11
10187,-23.3,62.0,2.2121452628447845e-11
10188,-23.3,63.0,1.4004953335320554e-11
10189,-23.3,64.0,8.819334152173605e-12
10190,-23.3,65.0,5.524284503508187e-12
10191,-23.3,66.0,3.441932772976873e-12
10192,-23.3,67.0,2.1331177900675473e-12
10193,-23.3,68.0,1.3149625955871027e-12
10194,-23.3,69.0,8.063026155258676e-13
10195,-23.3,70.0,4.917777156543167e-13
10196,-23.3,71.0,2.983497851960353e-13
10197,-23.3,72.0,1.800398826599026e-13
10198,-23.3,73.0,1.0806817576036149e-13
10199,-23.3,74.0,6.452277349793493e-14
10200,-23.2,-75.0,4.9657827931437285e-06
10201,-23.2,-74.0,6.526651208668719e-06
10202,-23.2,-73.0,8.532556967394404e-06
10203,-23.2,-72.0,1.109568442562582e-05
10204,-23.2,-71.0,1.435208850187748e-05
10205,-23.2,-70.0,1.8465548764550257e-05
10206,-23.2,-69.0,2.363172592022965e-05
10207,-23.2,-68.0,3.0082558572760383e-05
10208,-23.2,-67.0,3.809081003245647e-05
10209,-23.2,-66.0,4.797464318381834e-05
10210,-23.2,-65.0,6.0102066646294225e-05
10211,-23.2,-64.0,7.489505873152861e-05
10212,-23.2,-63.0,9.283313845854308e-05
10213,-23.2,-62.0,0.00011445611699528952
10214,-23.2,-61.0,0.00014036573061104312
10215,-23.2,-60.0,0.00017122583016413655
10216,-23.2,-59.0,0.00020776078520169387
10217,-23.2,-58.0,0.0002507517559524606
10218,-23.2,-57.0,0.0003010304968821279
10219,-23.2,-56.0,0.00035947038387849266
10220,-23.2,-55.0,0.0004269744059341236
10221,-23.2,-54.0,0.0005044599331101126
10222,-23.2,-53.0,0.0005928401663780866
10223,-23.2,-52.0,0.0006930022912615033
10224,-23.2,-51.0,0.0008057824942694137
10225,-23.2,-50.0,0.000931938155650464
10226,-23.2,-49.0,0.0010721176991100856
10227,-23.2,-48.0,0.001226828754645759
10228,-23.2,-47.0,0.0013964128220123415
10229,-23.2,-46.0,0.0015849502510652648
10230,-23.2,-45.0,0.0021354376902729777
10231,-23.2,-44.0,0.007256666474575727
10232,-23.2,-43.0,0.015539863813293565
10233,-23.2,-42.0,0.013730852771605233
10234,-23.2,-41.0,0.017835589200974132
10235,-23.2,-40.0,0.009493354945061188
10236,-23.2,-39.0,0.011086351573761795
10237,-23.2,-38.0,0.021781993159317902
10238,-23.2,-37.0,0.011242949396314693
10239,-23.2,-36.0,0.005269097118675963
10240,-23.2,-35.0,0.014522187686723542
10241,-23.2,-34.0,0.02958608411932036
10242,-23.2,-33.0,0.015943076499662038
10243,-23.2,-32.0,0.019079394631034897
10244,-23.2,-31.0,0.0379448195928233
10245,-23.2,-30.0,0.0200610160966945
10246,-23.2,-29.0,0.024771230215381343
10247,-23.2,-28.0,0.05040540569895604
10248,-23.2,-27.0,0.024204281487092888
10249,-23.2,-26.0,0.009646590606080738
10250,-23.2,-25.0,0.0394516726281976
10251,-23.2,-24.0,0.0878001682068503
10252,-23.2,-23.0,0.037544829848221405
10253,-23.2,-22.0,0.0310328271380141
10254,-23.2,-21.0,0.06282787017380329
10255,-23.2,-20.0,0.02887018841442697
10256,-23.2,-19.0,0.00801439122825617
10257,-23.2,-18.0,0.019522290343764317
10258,-23.2,-17.0,0.03995522759249691
10259,-23.2,-16.0,0.019879516336396463
10260,-23.2,-15.0,0.01638386086569222
10261,-23.2,-14.0,0.030680785358388495
10262,-23.2,-13.0,0.014985040468248483
10263,-23.2,-12.0,0.005350903732729793
10264,-23.2,-11.0,0.011514411520918444
10265,-23.2,-10.0,0.02237571612324578
10266,-23.2,-9.0,0.011411882790622057
10267,-23.2,-8.0,0.009744049420324188
10268,-23.2,-7.0,0.017894145082616917
10269,-23.2,-6.0,0.008739111769314063
10270,-23.2,-5.0,0.0031084621736151468
10271,-23.2,-4.0,0.0068251824647018984
10272,-23.2,-3.0,0.013398700579305839
10273,-23.2,-2.0,0.0064033218432424256
10274,-23.2,-1.0,0.0018626230560646944
10275,-23.2,0.0,0.000592612544755503
10276,-23.2,1.0,0.0014437796844380688
10277,-23.2,2.0,0.004329979251259772
10278,-23.2,3.0,0.008925257721470757
10279,-23.2,4.0,0.004060534531493247
10280,-23.2,5.0,0.0010901637699076909
10281,-23.2,6.0,0.0031826989631270754
10282,-23.2,7.0,0.006849173910814378
10283,-23.2,8.0,0.003158957842817414
10284,-23.2,9.0,0.002728330060743569
10285,-23.2,10.0,0.005682329137223909
10286,-23.2,11.0,0.0024443399629051283
10287,-23.2,12.0,0.0004799201793859485
10288,-23.2,13.0,0.0019515572819424503
10289,-23.2,14.0,0.004501476618277616
10290,-23.2,15.0,0.001994342083557736
10291,-23.2,16.0,0.0017408936147264079
10292,-23.2,17.0,0.0038238046168303005
10293,-23.2,18.0,0.0015881412613624147
10294,-23.2,19.0,0.0002378026231385119
10295,-23.2,20.0,0.0012966503039098666
10296,-23.2,21.0,0.0031156686649625124
10297,-23.2,22.0,0.0013539452971425914
10298,-23.2,23.0,0.0011946718406979783
10299,-23.2,24.0,0.002693819047662602
10300,-23.2,25.0,0.0011021115623386657
10301,-23.2,26.0,8.272081225097765e-05
10302,-23.2,27.0,7.81159896493467e-06
10303,-23.2,28.0,5.334846507894807e-06
10304,-23.2,29.0,4.049146862371036e-06
10305,-23.2,30.0,3.0578556893569846e-06
10306,-23.2,31.0,2.2969821142740722e-06
10307,-23.2,32.0,1.716268141478346e-06
10308,-23.2,33.0,1.2755555928029476e-06
10309,-23.2,34.0,9.42975099235677e-07
10310,-23.2,35.0,6.934058965805553e-07
10311,-23.2,36.0,5.071789524403802e-07
10312,-23.2,37.0,3.6899563857259564e-07
10313,-23.2,38.0,2.670345835536111e-07
10314,-23.2,39.0,1.9222063808923407e-07
10315,-23.2,40.0,1.376317763912169e-07
10316,-23.2,41.0,9.802200675226967e-08
10317,-23.2,42.0,6.944078463122522e-08
10318,-23.2,43.0,4.893186766010664e-08
10319,-23.2,44.0,3.429691829943398e-08
10320,-23.2,45.0,2.3911373952451466e-08
10321,-23.2,46.0,1.658212119669667e-08
10322,-23.2,47.0,1.1438307184706476e-08
10323,-23.2,48.0,7.848190581455793e-09
10324,-23.2,49.0,5.356282051107843e-09
10325,-23.2,50.0,3.6361638619410895e-09
10326,-23.2,51.0,2.455328270954499e-09
10327,-23.2,52.0,1.6491561992649422e-09
10328,-23.2,53.0,1.101793301166727e-09
10329,-23.2,54.0,7.321913127123399e-10
10330,-23.2,55.0,4.839885907968111e-10
10331,-23.2,56.0,3.1822316007610876e-10
10332,-23.2,57.0,2.081203521163863e-10
10333,-23.2,58.0,1.353890146661208e-10
10334,-23.2,59.0,8.760691971931403e-11
10335,-23.2,60.0,5.6387066519497786e-11
10336,-23.2,61.0,3.609995825806686e-11
10337,-23.2,62.0,2.298899604551585e-11
10338,-23.2,63.0,1.4561946090747586e-11
10339,-23.2,64.0,9.174976061736834e-12
10340,-23.2,65.0,5.750115499452458e-12
10341,-23.2,66.0,3.58454720608796e-12
10342,-23.2,67.0,2.222686171576126e-12
10343,-23.2,68.0,1.3709073298510386e-12
10344,-23.2,69.0,8.4105453506321e-13
10345,-23.2,70.0,5.132468857662799e-13
10346,-23.2,71.0,3.115405600834487e-13
10347,-23.2,72.0,1.881000787200144e-13
10348,-23.2,73.0,1.1296644600057348e-13
10349,-23.2,74.0,6.748326113711071e-14
10350,-23.1,-75.0,4.8870209763368055e-06
10351,-23.1,-74.0,6.4265557185087535e-06
10352,-23.1,-73.0,8.406175618315385e-06
10353,-23.1,-72.0,1.0937164596609062e-05
10354,-23.1,-71.0,1.4154585126051553e-05
10355,-23.1,-70.0,1.822114435401025e-05
10356,-23.1,-69.0,2.333137104401439e-05
10357,-23.1,-68.0,2.971604309948489e-05
10358,-23.1,-67.0,3.7646777410860545e-05
10359,-23.1,-66.0,4.744066197163384e-05
10360,-23.1,-65.0,5.94647752905953e-05
10361,-23.1,-64.0,7.414040110558124e-05
10362,-23.1,-63.0,9.194670870000008e-05
10363,-23.1,-62.0,0.00011342363257733538
10364,-23.1,-61.0,0.00013917365210818194
10365,-23.1,-60.0,0.00016986214464193047
10366,-23.1,-59.0,0.00020621596737009672
10367,-23.1,-58.0,0.0002490199170075311
10368,-23.1,-57.0,0.0002991107251976922
10369,-23.1,-56.0,0.0003573682743383911
10370,-23.1,-55.0,0.00042470376574049897
10371,-23.1,-54.0,0.0005020446414875547
10372,-23.1,-53.0,0.0005903161539556904
10373,-23.1,-52.0,0.0006904195924172379
10374,-23.1,-51.0,0.0008032073128521619
10375,-23.1,-50.0,0.0009294548718637419
10376,-23.1,-49.0,0.0010698307336616882
10377,-23.1,-48.0,0.0012248641963442453
10378,-23.1,-47.0,0.0013949197552346293
10379,-23.1,-46.0,0.0015841217487399073
10380,-23.1,-45.0,0.002137243105219709
10381,-23.1,-44.0,0.007284593060372078
10382,-23.1,-43.0,0.015610119210602628
10383,-23.1,-42.0,0.0137906191835631
10384,-23.1,-41.0,0.017914392709214796
10385,-23.1,-40.0,0.009532450345271197
10386,-23.1,-39.0,0.011130669273714387
10387,-23.1,-38.0,0.021873692239821784
10388,-23.1,-37.0,0.011291175822866368
10389,-23.1,-36.0,0.005293134120185351
10390,-23.1,-35.0,0.014579210454598073
10391,-23.1,-34.0,0.0296961422204068
10392,-23.1,-33.0,0.016010098213582968
10393,-23.1,-32.0,0.0191461740125665
10394,-23.1,-31.0,0.03805579305879928
10395,-23.1,-30.0,0.020134813818293476
10396,-23.1,-29.0,0.024825686737073825
10397,-23.1,-28.0,0.050467070355810675
10398,-23.1,-27.0,0.024265637026551063
10399,-23.1,-26.0,0.009684523193378859
10400,-23.1,-25.0,0.03914590985280683
10401,-23.1,-24.0,0.08695607551474974
10402,-23.1,-23.0,0.03662121837823573
10403,-23.1,-22.0,0.031137389483780697
10404,-23.1,-21.0,0.06329057942826964
10405,-23.1,-20.0,0.029042120402098005
10406,-23.1,-19.0,0.008003991341519228
10407,-23.1,-18.0,0.019544877822790685
10408,-23.1,-17.0,0.040048275097933385
10409,-23.1,-16.0,0.019910022558905605
10410,-23.1,-15.0,0.01639171788736995
10411,-23.1,-14.0,0.030715350977715612
10412,-23.1,-13.0,0.014995693684493347
10413,-23.1,-12.0,0.0053473236860297835
10414,-23.1,-11.0,0.01151575227864571
10415,-23.1,-10.0,0.022385047138451568
10416,-23.1,-9.0,0.011417117958875546
10417,-23.1,-8.0,0.009746644003559868
10418,-23.1,-7.0,0.01789710435778653
10419,-23.1,-6.0,0.008743780847235982
10420,-23.1,-5.0,0.0031141578670999992
10421,-23.1,-4.0,0.006828566391540694
10422,-23.1,-3.0,0.013397896790362447
10423,-23.1,-2.0,0.0064072999496746635
10424,-23.1,-1.0,0.0018695820843823156
10425,-23.1,0.0,0.0005883738720979584
10426,-23.1,1.0,0.0014506966474814762
10427,-23.1,2.0,0.004333001645770694
10428,-23.1,3.0,0.008922237963973558
10429,-23.1,4.0,0.004062646477858202
10430,-23.1,5.0,0.001095171760131374
10431,-23.1,6.0,0.0031837741307952977
10432,-23.1,7.0,0.006843909998896019
10433,-23.1,8.0,0.0031587830196250226
10434,-23.1,9.0,0.002727833220511232
10435,-23.1,10.0,0.005675969401585091
10436,-23.1,11.0,0.002443258257655523
10437,-23.1,12.0,0.00048188692976139114
10438,-23.1,13.0,0.0019500702261483168
10439,-23.1,14.0,0.004494389443080112
10440,-23.1,15.0,0.0019920399674791304
10441,-23.1,16.0,0.0017385992463618124
10442,-23.1,17.0,0.003816620723627606
10443,-23.1,18.0,0.0015856874474173368
10444,-23.1,19.0,0.00023814201491550898
10445,-23.1,20.0,0.0012942633617603367
10446,-23.1,21.0,0.0031087650083141704
10447,-23.1,22.0,0.0013511588090129058
10448,-23.1,23.0,0.0011920488379386631
10449,-23.1,24.0,0.002687307974796699
10450,-23.1,25.0,0.0010995682997906437
10451,-23.1,26.0,8.27089559968866e-05
10452,-23.1,27.0,7.947410113912767e-06
10453,-23.1,28.0,5.442994427308519e-06
10454,-23.1,29.0,4.133457882978291e-06
10455,-23.1,30.0,3.123188872380249e-06
10456,-23.1,31.0,2.3473085200991236e-06
10457,-23.1,32.0,1.7548056383675014e-06
10458,-23.1,33.0,1.3048921128166467e-06
10459,-23.1,34.0,9.651766052717799e-07
10460,-23.1,35.0,7.101097070769931e-07
10461,-23.1,36.0,5.196734220009014e-07
10462,-23.1,37.0,3.7828740978085665e-07
10463,-23.1,38.0,2.7390473498388224e-07
10464,-23.1,39.0,1.9727108037103264e-07
10465,-23.1,40.0,1.4132321385166313e-07
10466,-23.1,41.0,1.0070470528456878e-07
10467,-23.1,42.0,7.137928246628675e-08
10468,-23.1,43.0,5.032464699479959e-08
10469,-23.1,44.0,3.529193174422269e-08
10470,-23.1,45.0,2.4618197463444822e-08
10471,-23.1,46.0,1.7081389368519753e-08
10472,-23.1,47.0,1.1788980560991745e-08
10473,-23.1,48.0,8.093109664049723e-09
10474,-23.1,49.0,5.526379583271045e-09
10475,-23.1,50.0,3.753635593621516e-09
10476,-23.1,51.0,2.5360021405990954e-09
10477,-23.1,52.0,1.704249723352685e-09
10478,-23.1,53.0,1.1392078193710603e-09
10479,-23.1,54.0,7.574584078073272e-10
10480,-23.1,55.0,5.009573259693086e-10
10481,-23.1,56.0,3.29555664953986e-10
10482,-23.1,57.0,2.1564676053427313e-10
10483,-23.1,58.0,1.4035994950226514e-10
10484,-23.1,59.0,9.087189311137711e-11
10485,-23.1,60.0,5.851969523263164e-11
10486,-23.1,61.0,3.748526998921012e-11
10487,-23.1,62.0,2.3883905177262984e-11
10488,-23.1,63.0,1.5136872084834858e-11
10489,-23.1,64.0,9.54229966677254e-12
10490,-23.1,65.0,5.98351065445597e-12
10491,-23.1,66.0,3.73203058154629e-12
10492,-23.1,67.0,2.315370131341249e-12
10493,-23.1,68.0,1.4288339694885563e-12
10494,-23.1,69.0,8.770598177702532e-13
10495,-23.1,70.0,5.35504062155931e-13
10496,-23.1,71.0,3.2522388415909705e-13
10497,-23.1,72.0,1.9646636163706414e-13
10498,-23.1,73.0,1.1805382968953456e-13
10499,-23.1,74.0,7.0559917684376e-14
10500,-23.0,-75.0,4.624776283218784e-06
10501,-23.0,-74.0,6.084938491252089e-06
10502,-23.0,-73.0,7.963569295440484e-06
10503,-23.0,-72.0,1.0366817229064711e-05
10504,-23.0,-71.0,1.3423606962355915e-05
10505,-23.0,-70.0,1.728936811332689e-05
10506,-23.0,-69.0,2.215007096656281e-05
10507,-23.0,-68.0,2.8226513005870633e-05
10508,-23.0,-67.0,3.577877329298975e-05
10509,-23.0,-66.0,4.5110721134834654e-05
10510,-23.0,-65.0,5.6574431775310314e-05
10511,-23.0,-64.0,7.05743259782039e-05
10512,-23.0,-63.0,8.757081367802537e-05
10513,-23.0,-62.0,0.00010808318611534972
10514,-23.0,-61.0,0.00013269146819044417
10515,-23.0,-60.0,0.00016203691567298476
10516,-23.0,-59.0,0.00019682082319372751
10517,-23.0,-58.0,0.00023780130158995995
10518,-23.0,-57.0,0.00028578769018051736
10519,-23.0,-56.0,0.0003416322937470507
10520,-23.0,-55.0,0.0004062191778554578
10521,-23.0,-54.0,0.0004804498215048732
10522,-23.0,-53.0,0.0005652255139139173
10523,-23.0,-52.0,0.0006614264924114378
10524,-23.0,-51.0,0.0007698879494418642
10525,-23.0,-50.0,0.0008913731856977396
10526,-23.0,-49.0,0.001026544348864407
10527,-23.0,-48.0,0.0011759313695594786
10528,-23.0,-47.0,0.0013399070259919386
10529,-23.0,-46.0,0.0015224801113955465
10530,-23.0,-45.0,0.002056919945620554
10531,-23.0,-44.0,0.007032119156195646
10532,-23.0,-43.0,0.01507928958316483
10533,-23.0,-42.0,0.013319406079370938
10534,-23.0,-41.0,0.0173034367361399
10535,-23.0,-40.0,0.009204503753905987
10536,-23.0,-39.0,0.010746483918134545
10537,-23.0,-38.0,0.021123368340433712
10538,-23.0,-37.0,0.010904583345991727
10539,-23.0,-36.0,0.005113137509794389
10540,-23.0,-35.0,0.014075108736320433
10541,-23.0,-34.0,0.028663789390480254
10542,-23.0,-33.0,0.015460815822236285
10543,-23.0,-32.0,0.018476640826446067
10544,-23.0,-31.0,0.036704400292962146
10545,-23.0,-30.0,0.01943427184040331
10546,-23.0,-29.0,0.023927544154955564
10547,-23.0,-28.0,0.048594658184752684
10548,-23.0,-27.0,0.023395711985884794
10549,-23.0,-26.0,0.009352285365022467
10550,-23.0,-25.0,0.03738572905526346
10551,-23.0,-24.0,0.08289543257765174
10552,-23.0,-23.0,0.03808065199467069
10553,-23.0,-22.0,0.0323723034478412
10554,-23.0,-21.0,0.06605599319988462
10555,-23.0,-20.0,0.0302679676536768
10556,-23.0,-19.0,0.00828000923118047
10557,-23.0,-18.0,0.020268240221043135
10558,-23.0,-17.0,0.04157954614440345
10559,-23.0,-16.0,0.02065463812942525
10560,-23.0,-15.0,0.016986389330759723
10561,-23.0,-14.0,0.031850534958207805
10562,-23.0,-13.0,0.015543255391935388
10563,-23.0,-12.0,0.005534675142483471
10564,-23.0,-11.0,0.011928954557257261
10565,-23.0,-10.0,0.023195527971945268
10566,-23.0,-9.0,0.011830859698040172
10567,-23.0,-8.0,0.010097854344998882
10568,-23.0,-7.0,0.01854034318684538
10569,-23.0,-6.0,0.009061296736349096
10570,-23.0,-5.0,0.0032313237339653402
10571,-23.0,-4.0,0.007076245915241677
10572,-23.0,-3.0,0.01387628755538784
10573,-23.0,-2.0,0.006640561824906358
10574,-23.0,-1.0,0.0019436042051452765
10575,-23.0,0.0,0.0006050569587702233
10576,-23.0,1.0,0.0015097216864460765
10577,-23.0,2.0,0.0044911188550739575
10578,-23.0,3.0,0.009238286580114424
10579,-23.0,4.0,0.004210167041901312
10580,-23.0,5.0,0.001139537432393881
10581,-23.0,6.0,0.0032987893323682366
10582,-23.0,7.0,0.007083301252795405
10583,-23.0,8.0,0.003271616208767728
10584,-23.0,9.0,0.0028249174646793377
10585,-23.0,10.0,0.005872447697775978
10586,-23.0,11.0,0.002529557804408296
10587,-23.0,12.0,0.0005011785757804886
10588,-23.0,13.0,0.0020183060733406266
10589,-23.0,14.0,0.004647843022250932
10590,-23.0,15.0,0.0020609311104087128
10591,-23.0,16.0,0.0017984309532252938
10592,-23.0,17.0,0.00394572466753869
10593,-23.0,18.0,0.0016398813496510455
10594,-23.0,19.0,0.00024702164264120126
10595,-23.0,20.0,0.001338099240734168
10596,-23.0,21.0,0.0032128326481821305
10597,-23.0,22.0,0.001396614139358943
10598,-23.0,23.0,0.0012319809272999744
10599,-23.0,24.0,0.0027767031076872447
10600,-23.0,25.0,0.0011362731338139405
10601,-23.0,26.0,8.565833123192759e-05
10602,-23.0,27.0,8.374727680651614e-06
10603,-23.0,28.0,5.751632653916973e-06
10604,-23.0,29.0,4.370194058047938e-06
10605,-23.0,30.0,3.3038226494512783e-06
10606,-23.0,31.0,2.484391010459771e-06
10607,-23.0,32.0,1.8582755467324352e-06
10608,-23.0,33.0,1.382569685019805e-06
10609,-23.0,34.0,1.0231764992494383e-06
10610,-23.0,35.0,7.531831152029636e-07
10611,-23.0,36.0,5.514891798573798e-07
10612,-23.0,37.0,4.016610761550404e-07
10613,-23.0,38.0,2.909837758694379e-07
10614,-23.0,39.0,2.0968339353943381e-07
10615,-23.0,40.0,1.5029533477458104e-07
10616,-23.0,41.0,1.0715517282206092e-07
10617,-23.0,42.0,7.599183664643412e-08
10618,-23.0,43.0,5.360519577101908e-08
10619,-23.0,44.0,3.761256634586403e-08
10620,-23.0,45.0,2.625095905843584e-08
10621,-23.0,46.0,1.822399150718941e-08
10622,-23.0,47.0,1.2584267802827617e-08
10623,-23.0,48.0,8.643676691536145e-09
10624,-23.0,49.0,5.9054798111853055e-09
10625,-23.0,50.0,4.013266272507178e-09
10626,-23.0,51.0,2.712856810400906e-09
10627,-23.0,52.0,1.8240715805381193e-09
10628,-23.0,53.0,1.2199526962634795e-09
10629,-23.0,54.0,8.115779027794545e-10
10630,-23.0,55.0,5.370361792971713e-10
10631,-23.0,56.0,3.534784834023038e-10
10632,-23.0,57.0,2.3142407115271038e-10
10633,-23.0,58.0,1.5070934533915524e-10
10634,-23.0,59.0,9.762430272212236e-11
10635,-23.0,60.0,6.2901617619161e-11
10636,-23.0,61.0,4.0313619367250184e-11
10637,-23.0,62.0,2.5699689442223173e-11
10638,-23.0,63.0,1.6296339629830328e-11
10639,-23.0,64.0,1.0278704162202739e-11
10640,-23.0,65.0,6.448708906887815e-12
10641,-23.0,66.0,4.024327235440894e-12
10642,-23.0,67.0,2.4980429996948627e-12
10643,-23.0,68.0,1.5423844538495801e-12
10644,-23.0,69.0,9.472649674068008e-13
10645,-23.0,70.0,5.786772655278135e-13
10646,-23.0,71.0,3.516312564948871e-13
10647,-23.0,72.0,2.1253214823497016e-13
10648,-23.0,73.0,1.2777559117959786e-13
10649,-23.0,74.0,7.641124457482373e-14
10650,-22.9,-75.0,4.37389583821868e-06
10651,-22.9,-74.0,5.757915524419569e-06
10652,-22.9,-73.0,7.539599015950083e-06
10653,-22.9,-72.0,9.820131800793738e-06
10654,-22.9,-71.0,1.2722500945962723e-05
10655,-22.9,-70.0,1.6395088845836976e-05
10656,-22.9,-69.0,2.101556955782503e-05
10657,-22.9,-68.0,2.6795055583455787e-05
10658,-22.9,-67.0,3.398241720388749e-05
10659,-22.9,-66.0,4.286866707538664e-05
10660,-22.9,-65.0,5.379127028329193e-05
10661,-22.9,-64.0,6.713820533333151e-05
10662,-22.9,-63.0,8.335156589383782e-05
10663,-22.9,-62.0,0.00010293045815279728
10664,-22.9,-61.0,0.00012643291647098257
10665,-22.9,-60.0,0.00015447653300397856
10666,-22.9,-59.0,0.00018773747782787055
10667,-22.9,-58.0,0.0002269475777161318
10668,-22.9,-57.0,0.00027288912700105654
10669,-22.9,-56.0,0.00032638712569714695
10670,-22.9,-55.0,0.000388298680704714
10671,-22.9,-54.0,0.0004594993673097249
10672,-22.9,-53.0,0.0005408664313913538
10673,-22.9,-52.0,0.0006332588177292425
10674,-22.9,-51.0,0.0007374941352943292
10675,-22.9,-50.0,0.000854322813714053
10676,-22.9,-49.0,0.0009843998620128048
10677,-22.9,-48.0,0.0011282548076380456
10678,-22.9,-47.0,0.0012862674665176336
10679,-22.9,-46.0,0.0014623320199373892
10680,-22.9,-45.0,0.0019784200191077274
10681,-22.9,-44.0,0.006784551200919114
10682,-22.9,-43.0,0.014558356128925781
10683,-22.9,-42.0,0.012857067841129013
10684,-22.9,-41.0,0.01670395935874457
10685,-22.9,-40.0,0.00888276852547699
10686,-22.9,-39.0,0.010369673854533438
10687,-22.9,-38.0,0.020387403684612115
10688,-22.9,-37.0,0.010525217102783695
10689,-22.9,-36.0,0.004936293986185736
10690,-22.9,-35.0,0.013580829098509935
10691,-22.9,-34.0,0.027652166287463597
10692,-22.9,-33.0,0.014922043478001136
10693,-22.9,-32.0,0.017820849537708183
10694,-22.9,-31.0,0.035382239007333595
10695,-22.9,-30.0,0.018748026770092487
10696,-22.9,-29.0,0.023050385694808734
10697,-22.9,-28.0,0.04676903693994275
10698,-22.9,-27.0,0.022545809387206683
10699,-22.9,-26.0,0.009028494027626123
10700,-22.9,-25.0,0.035711818289789324
10701,-22.9,-24.0,0.07904454007937944
10702,-22.9,-23.0,0.037501702198698285
10703,-22.9,-22.0,0.03371921057622564
10704,-22.9,-21.0,0.06906547618702533
10705,-22.9,-20.0,0.03160117241080206
10706,-22.9,-19.0,0.008578799694895304
10707,-22.9,-18.0,0.02105043327080506
10708,-22.9,-17.0,0.0432356901418056
10709,-22.9,-16.0,0.02145973231638279
10710,-22.9,-15.0,0.017628959247870637
10711,-22.9,-14.0,0.03307735570633814
10712,-22.9,-13.0,0.016134842923186964
10713,-22.9,-12.0,0.005736863285753513
10714,-22.9,-11.0,0.012375203217509508
10715,-22.9,-10.0,0.024071107521375115
10716,-22.9,-9.0,0.012277702632067549
10717,-22.9,-8.0,0.010477116742383746
10718,-22.9,-7.0,0.019235180553682944
10719,-22.9,-6.0,0.00940417817136843
10720,-22.9,-5.0,0.003357726914428999
10721,-22.9,-4.0,0.007343695304484241
10722,-22.9,-3.0,0.014393053596320492
10723,-22.9,-2.0,0.006892469763762427
10724,-22.9,-1.0,0.0020234620739312714
10725,-22.9,0.0,0.000623131583760723
10726,-22.9,1.0,0.0015734102764403844
10727,-22.9,2.0,0.004661901559721234
10728,-22.9,3.0,0.009579744040546224
10729,-22.9,4.0,0.004369525769517197
10730,-22.9,5.0,0.0011874379345614076
10731,-22.9,6.0,0.0034230462951725534
10732,-22.9,7.0,0.007341972125930878
10733,-22.9,8.0,0.00339353037932242
10734,-22.9,9.0,0.00292982042936354
10735,-22.9,10.0,0.0060847677087563275
10736,-22.9,11.0,0.0026228144882624754
10737,-22.9,12.0,0.0005220247839183741
10738,-22.9,13.0,0.002092049295142608
10739,-22.9,14.0,0.004813683636916931
10740,-22.9,15.0,0.002135385239246066
10741,-22.9,16.0,0.0018630966466235109
10742,-22.9,17.0,0.004085256341146165
10743,-22.9,18.0,0.0016984546620749073
10744,-22.9,19.0,0.000256621993279073
10745,-22.9,20.0,0.001385479764222904
10746,-22.9,21.0,0.0033253104396740434
10747,-22.9,22.0,0.0014457444895609438
10748,-22.9,23.0,0.001275142585537005
10749,-22.9,24.0,0.002873324880180301
10750,-22.9,25.0,0.0011759461973815434
10751,-22.9,26.0,8.884775532953365e-05
10752,-22.9,27.0,8.838019140483748e-06
10753,-22.9,28.0,6.086420584491059e-06
10754,-22.9,29.0,4.627063130011138e-06
10755,-22.9,30.0,3.499876326334811e-06
10756,-22.9,31.0,2.633220425809453e-06
10757,-22.9,32.0,1.9706463493914107e-06
10758,-22.9,33.0,1.4669555105100793e-06
10759,-22.9,34.0,1.0862050413994208e-06
10760,-22.9,35.0,8.000058970694298e-07
10761,-22.9,36.0,5.860854936932563e-07
10762,-22.9,37.0,4.2708576193450463e-07
10763,-22.9,38.0,3.0956759651018457e-07
10764,-22.9,39.0,2.2319380448546538e-07
10765,-22.9,40.0,1.600644842383981e-07
10766,-22.9,41.0,1.1418104244302678e-07
10767,-22.9,42.0,8.101756542156147e-08
10768,-22.9,43.0,5.718083853210104e-08
10769,-22.9,44.0,4.0142830076096225e-08
10770,-22.9,45.0,2.803183850237946e-08
10771,-22.9,46.0,1.9470688111519937e-08
10772,-22.9,47.0,1.345231833863791e-08
10773,-22.9,48.0,9.24483335200027e-09
10774,-22.9,49.0,6.319564499471663e-09
10775,-22.9,50.0,4.296960147881354e-09
10776,-22.9,51.0,2.9061739868243725e-09
10777,-22.9,52.0,1.955095633065205e-09
10778,-22.9,53.0,1.3082794178744211e-09
10779,-22.9,54.0,8.708014043978543e-10
10780,-22.9,55.0,5.76532561715429e-10
10781,-22.9,56.0,3.796773314078768e-10
10782,-22.9,57.0,2.4870905878660226e-10
10783,-22.9,58.0,1.6205209398251604e-10
10784,-22.9,59.0,1.0502768624172691e-10
10785,-22.9,60.0,6.770785516972114e-11
10786,-22.9,61.0,4.34170610859326e-11
10787,-22.9,62.0,2.7692865485406017e-11
10788,-22.9,63.0,1.7569583941822545e-11
10789,-22.9,64.0,1.1087692319862837e-11
10790,-22.9,65.0,6.959963499736907e-12
10791,-22.9,66.0,4.345691231023573e-12
10792,-22.9,67.0,2.6989626644079987e-12
10793,-22.9,68.0,1.6673278159567311e-12
10794,-22.9,69.0,1.024545432958128e-12
10795,-22.9,70.0,6.262208962789118e-13
10796,-22.9,71.0,3.8072377382436595e-13
10797,-22.9,72.0,2.302388171194791e-13
10798,-22.9,73.0,1.384947152137026e-13
10799,-22.9,74.0,8.286554009363428e-14
10800,-22.8,-75.0,4.301997223434834e-06
10801,-22.8,-74.0,5.666284386104807e-06
10802,-22.8,-73.0,7.423568443525211e-06
10803,-22.8,-72.0,9.674157950282545e-06
10804,-22.8,-71.0,1.2540063574017748e-05
10805,-22.8,-70.0,1.6168599742934275e-05
10806,-22.8,-69.0,2.0736296284101453e-05
10807,-22.8,-68.0,2.6453069711218357e-05
10808,-22.8,-67.0,3.356657816940591e-05
10809,-22.8,-66.0,4.236665465946506e-05
10810,-22.8,-65.0,5.318968056985279e-05
10811,-22.8,-64.0,6.642272660615348e-05
10812,-22.8,-63.0,8.250725216708648e-05
10813,-22.8,-62.0,0.00010194211871309882
10814,-22.8,-61.0,0.00012528563974425352
10815,-22.8,-60.0,0.00015315636204937051
10816,-22.8,-59.0,0.00018623225260966568
10817,-22.8,-58.0,0.00022524795583755739
10818,-22.8,-57.0,0.0002709897896633806
10819,-22.8,-56.0,0.00032428816918903523
10820,-22.8,-55.0,0.0003860071857194226
10821,-22.8,-54.0,0.0004570311289104358
10822,-22.8,-53.0,0.0005382478216824748
10823,-22.8,-52.0,0.0006305287415449251
10824,-22.8,-51.0,0.0007347060269072928
10825,-22.8,-50.0,0.0008515466102396784
10826,-22.8,-49.0,0.0009817238774845417
10827,-22.8,-48.0,0.0011257874214064805
10828,-22.8,-47.0,0.0012841385640401204
10829,-22.8,-46.0,0.001460711484839737
10830,-22.8,-45.0,0.0019790196819843733
10831,-22.8,-44.0,0.006807738332217676
10832,-22.8,-43.0,0.014618183199754102
10833,-22.8,-42.0,0.012907668405856517
10834,-22.8,-41.0,0.01677088751466037
10835,-22.8,-40.0,0.008915408704197115
10836,-22.8,-39.0,0.010406631173934451
10837,-22.8,-38.0,0.020464969083897257
10838,-22.8,-37.0,0.010565690458184665
10839,-22.8,-36.0,0.004956171049068896
10840,-22.8,-35.0,0.013628568040616261
10841,-22.8,-34.0,0.027744655167391833
10842,-22.8,-33.0,0.014978705649440049
10843,-22.8,-32.0,0.01787683386488838
10844,-22.8,-31.0,0.035474373970381896
10845,-22.8,-30.0,0.01881056515488943
10846,-22.8,-29.0,0.023095812598338282
10847,-22.8,-28.0,0.04681763752377851
10848,-22.8,-27.0,0.02259810628058385
10849,-22.8,-26.0,0.00906670264216135
10850,-22.8,-25.0,0.03550224865837433
10851,-22.8,-24.0,0.07844622980864603
10852,-22.8,-23.0,0.03734860495668528
10853,-22.8,-22.0,0.03379437590916512
10854,-22.8,-21.0,0.06947720604457878
10855,-22.8,-20.0,0.03174274774366541
10856,-22.8,-19.0,0.008549565181575533
10857,-22.8,-18.0,0.02102885244535336
10858,-22.8,-17.0,0.043243353966038574
10859,-22.8,-16.0,0.021445661818522758
10860,-22.8,-15.0,0.01759739845511436
10861,-22.8,-14.0,0.03304036118074542
10862,-22.8,-13.0,0.01610949673856729
10863,-22.8,-12.0,0.005719137341641572
10864,-22.8,-11.0,0.012347787265258455
10865,-22.8,-10.0,0.024025940857319645
10866,-22.8,-9.0,0.012254789176218691
10867,-22.8,-8.0,0.010455385097947734
10868,-22.8,-7.0,0.019193985369969822
10869,-22.8,-6.0,0.009387233399385225
10870,-22.8,-5.0,0.003355692454475178
10871,-22.8,-4.0,0.007330127826397773
10872,-22.8,-3.0,0.014358941576135369
10873,-22.8,-2.0,0.006880690093653082
10874,-22.8,-1.0,0.0020260634704432783
10875,-22.8,0.0,0.0006172352845122336
10876,-22.8,1.0,0.0015770978749780785
10877,-22.8,2.0,0.004654374003375003
10878,-22.8,3.0,0.009554502012888492
10879,-22.8,4.0,0.0043617498316165255
10880,-22.8,5.0,0.0011900792385515992
10881,-22.8,6.0,0.00341635986821568
10882,-22.8,7.0,0.007319513019499835
10883,-22.8,8.0,0.0033855932530225267
10884,-22.8,9.0,0.0029226065376014897
10885,-22.8,10.0,0.006064031358741288
10886,-22.8,11.0,0.0026156830186293313
10887,-22.8,12.0,0.000522983097516433
10888,-22.8,13.0,0.0020856996490717164
10889,-22.8,14.0,0.004795079915803839
10890,-22.8,15.0,0.0021280567498776688
10891,-22.8,16.0,0.0018563985204528496
10892,-22.8,17.0,0.004068211158409607
10893,-22.8,18.0,0.0016919560250287199
10894,-22.8,19.0,0.0002564244829365579
10895,-22.8,20.0,0.0013797650479735713
10896,-22.8,21.0,0.0033102976388537982
10897,-22.8,22.0,0.0014394567463477063
10898,-22.8,23.0,0.0012694197040229514
10899,-22.8,24.0,0.002859763864199433
10900,-22.8,25.0,0.001170531855482507
10901,-22.8,26.0,8.8640076607711e-05
10902,-22.8,27.0,8.970666886498949e-06
10903,-22.8,28.0,6.194370799192839e-06
10904,-22.8,29.0,4.71166580622312e-06
10905,-22.8,30.0,3.5657674676212225e-06
10906,-22.8,31.0,2.684224445847447e-06
10907,-22.8,32.0,2.0098868940753204e-06
10908,-22.8,33.0,1.4969634550716866e-06
10909,-22.8,34.0,1.1090149817916325e-06
10910,-22.8,35.0,8.172409906271666e-07
10911,-22.8,36.0,5.990309865404043e-07
10912,-22.8,37.0,4.36751875068821e-07
10913,-22.8,38.0,3.167426560993854e-07
10914,-22.8,39.0,2.2848861853524085e-07
10915,-22.8,40.0,1.639490094728089e-07
10916,-22.8,41.0,1.1701437147959289e-07
10917,-22.8,42.0,8.307221179155392e-08
10918,-22.8,43.0,5.866221953702859e-08
10919,-22.8,44.0,4.120475582721672e-08
10920,-22.8,45.0,2.8788718143938463e-08
10921,-22.8,46.0,2.0007067320101394e-08
10922,-22.8,47.0,1.3830269968143885e-08
10923,-22.8,48.0,9.509638264594644e-09
10924,-22.8,49.0,6.504043688442939e-09
10925,-22.8,50.0,4.424752810912447e-09
10926,-22.8,51.0,2.9941991869019838e-09
10927,-22.8,52.0,2.0153870876963397e-09
10928,-22.8,53.0,1.3493430120499601e-09
10929,-22.8,54.0,8.986123132060601e-10
10930,-22.8,55.0,5.952624318459592e-10
10931,-22.8,56.0,3.922208632888683e-10
10932,-22.8,57.0,2.570626711630749e-10
10933,-22.8,58.0,1.675843458551808e-10
10934,-22.8,59.0,1.0867108135489196e-10
10935,-22.8,60.0,7.009396644476088e-11
10936,-22.8,61.0,4.4971087677624647e-11
10937,-22.8,62.0,2.8699362803058273e-11
10938,-22.8,63.0,1.821785431516211e-11
10939,-22.8,64.0,1.1502925383778025e-11
10940,-22.8,65.0,7.224461617127925e-12
10941,-22.8,66.0,4.513243662164256e-12
10942,-22.8,67.0,2.804517674696619e-12
10943,-22.8,68.0,1.7334594597365888e-12
10944,-22.8,69.0,1.0657499102433943e-12
10945,-22.8,70.0,6.517529831933122e-13
10946,-22.8,71.0,3.9645770092308706e-13
10947,-22.8,72.0,2.3988152223440766e-13
10948,-22.8,73.0,1.4437195636538063e-13
10949,-22.8,74.0,8.642810573301356e-14
10950,-22.7,-75.0,4.230087442626832e-06
10951,-22.7,-74.0,5.5745392305423975e-06
10952,-22.7,-73.0,7.307262599093665e-06
10953,-22.7,-72.0,9.527666804503537e-06
10954,-22.7,-71.0,1.2356757236019106e-05
10955,-22.7,-70.0,1.594074357212579e-05
10956,-22.7,-69.0,2.045496516766431e-05
10957,-22.7,-68.0,2.610808514907456e-05
10958,-22.7,-67.0,3.3146479155559316e-05
10959,-22.7,-66.0,4.185871531326475e-05
10960,-22.7,-65.0,5.2579989366590796e-05
10961,-22.7,-64.0,6.569634375350497e-05
10962,-22.7,-63.0,8.16484630165586e-05
10963,-22.7,-62.0,0.00010093480190575287
10964,-22.7,-61.0,0.0001241137688726961
10965,-22.7,-60.0,0.00015180465877054515
10966,-22.7,-59.0,0.00018468700716587846
10967,-22.7,-58.0,0.00022349802765473493
10968,-22.7,-57.0,0.00026902779594829206
10969,-22.7,-56.0,0.00032211186314603645
10970,-22.7,-55.0,0.0003836210181283591
10971,-22.7,-54.0,0.00045444797741602444
10972,-22.7,-53.0,0.000535490861412248
10973,-22.7,-52.0,0.0006276334188848195
10974,-22.7,-51.0,0.0007317220858314737
10975,-22.7,-50.0,0.0008485401080457197
10976,-22.7,-49.0,0.0009787791147698008
10977,-22.7,-48.0,0.001123008700380543
10978,-22.7,-47.0,0.0012816517118178544
10979,-22.7,-46.0,0.0014586817181532832
10980,-22.7,-45.0,0.001979091379891203
10981,-22.7,-44.0,0.006829438649618246
10982,-22.7,-43.0,0.01467498347594501
10983,-22.7,-42.0,0.012955554561147525
10984,-22.7,-41.0,0.016834327475242914
10985,-22.7,-40.0,0.008946077807489055
10986,-22.7,-39.0,0.010441312885708577
10987,-22.7,-38.0,0.02053828505127772
10988,-22.7,-37.0,0.010603836902529013
10989,-22.7,-36.0,0.004974813293222996
10990,-22.7,-35.0,0.013673414608769653
10991,-22.7,-34.0,0.02783155675865344
10992,-22.7,-33.0,0.015032240706415416
10993,-22.7,-32.0,0.017929278649730415
10994,-22.7,-31.0,0.03555982375044917
10995,-22.7,-30.0,0.018869492547970018
10996,-22.7,-29.0,0.023137468101312075
10997,-22.7,-28.0,0.04685913238735747
10998,-22.7,-27.0,0.022646827600337528
10999,-22.7,-26.0,0.00910462079737556
11000,-22.7,-25.0,0.03530673846385133
11001,-22.7,-24.0,0.07788413741288888
11002,-22.7,-23.0,0.03721136199670573
11003,-22.7,-22.0,0.03387963899138674
11004,-22.7,-21.0,0.06990777783057021
11005,-22.7,-20.0,0.031891568030642456
11006,-22.7,-19.0,0.008520106853372298
11007,-22.7,-18.0,0.02100575467544646
11008,-22.7,-17.0,0.04324832451891957
11009,-22.7,-16.0,0.021429973568668305
11010,-22.7,-15.0,0.017564049414931258
11011,-22.7,-14.0,0.03300022342714772
11012,-22.7,-13.0,0.01608243514888512
11013,-22.7,-12.0,0.005700568369104791
11014,-22.7,-11.0,0.012318866001488368
11015,-22.7,-10.0,0.023978124107280497
11016,-22.7,-9.0,0.012230393571837793
11017,-22.7,-8.0,0.010432339915604303
11018,-22.7,-7.0,0.019150597469349644
11019,-22.7,-6.0,0.00936911367843871
11020,-22.7,-5.0,0.003353116325172422
11021,-22.7,-4.0,0.007315624695990783
11022,-22.7,-3.0,0.014323184371960831
11023,-22.7,-2.0,0.006868058779796623
11024,-22.7,-1.0,0.0020283343410395904
11025,-22.7,0.0,0.0006113178008797773
11026,-22.7,1.0,0.001580536927427032
11027,-22.7,2.0,0.00464629572058137
11028,-22.7,3.0,0.009528218302821145
11029,-22.7,4.0,0.0043534789099202555
11030,-22.7,5.0,0.0011925624652773478
11031,-22.7,6.0,0.0034092972806725797
11032,-22.7,7.0,0.007296287026024452
11033,-22.7,8.0,0.003377297121727209
11034,-22.7,9.0,0.002915087628462922
11035,-22.7,10.0,0.006042675949968275
11036,-22.7,11.0,0.0026082850433662274
11037,-22.7,12.0,0.0005238895159825456
11038,-22.7,13.0,0.002079143348850726
11039,-22.7,14.0,0.004775998964579237
11040,-22.7,15.0,0.002120519362081646
11041,-22.7,16.0,0.001849520391133696
11042,-22.7,17.0,0.004050766041768297
11043,-22.7,18.0,0.0016852938638107758
11044,-22.7,19.0,0.0002562062327727908
11045,-22.7,20.0,0.001373918785567415
11046,-22.7,21.0,0.00329496277101919
11047,-22.7,22.0,0.0014330308244807116
11048,-22.7,23.0,0.0012635758504194645
11049,-22.7,24.0,0.0028459261585897905
11050,-22.7,25.0,0.001165005475167145
11051,-22.7,26.0,8.842572191404765e-05
11052,-22.7,27.0,9.104108855242321e-06
11053,-22.7,28.0,6.303107261138928e-06
11054,-22.7,29.0,4.796955888477869e-06
11055,-22.7,30.0,3.6322482878072695e-06
11056,-22.7,31.0,2.7357261769175984e-06
11057,-22.7,32.0,2.049541555297686e-06
11058,-22.7,33.0,1.527311552503318e-06
11059,-22.7,34.0,1.132101052467995e-06
11060,-22.7,35.0,8.346978136032184e-07
11061,-22.7,36.0,6.121527210170153e-07
11062,-22.7,37.0,4.465567340325479e-07
11063,-22.7,38.0,3.240259499668224e-07
11064,-22.7,39.0,2.3386713088627896e-07
11065,-22.7,40.0,1.6789771802288548e-07
11066,-22.7,41.0,1.1989652151225052e-07
11067,-22.7,42.0,8.516370311101855e-08
11068,-22.7,43.0,6.017119549635789e-08
11069,-22.7,44.0,4.2287195252937014e-08
11070,-22.7,45.0,2.956073657221584e-08
11071,-22.7,46.0,2.0554539193982837e-08
11072,-22.7,47.0,1.4216292726656706e-08
11073,-22.7,48.0,9.78027543161373e-09
11074,-22.7,49.0,6.692708764109885e-09
11075,-22.7,50.0,4.55552967342841e-09
11076,-22.7,51.0,3.0843378479683326e-09
11077,-22.7,52.0,2.077165572678779e-09
11078,-22.7,53.0,1.3914461310241413e-09
11079,-22.7,54.0,9.271452713461166e-10
11080,-22.7,55.0,6.144906596105175e-10
11081,-22.7,56.0,4.0510620200848204e-10
11082,-22.7,57.0,2.6564925733574277e-10
11083,-22.7,58.0,1.7327440963109395e-10
11084,-22.7,59.0,1.124207186456008e-10
11085,-22.7,60.0,7.255116559469594e-11
11086,-22.7,61.0,4.6572391398327775e-11
11087,-22.7,62.0,2.973711214825167e-11
11088,-22.7,63.0,1.888665948464563e-11
11089,-22.7,64.0,1.1931570657674729e-11
11090,-22.7,65.0,7.497667763794396e-12
11091,-22.7,66.0,4.686416401011939e-12
11092,-22.7,67.0,2.91367873201888e-12
11093,-22.7,68.0,1.8018911866641723e-12
11094,-22.7,69.0,1.1084128851940375e-12
11095,-22.7,70.0,6.782045170218055e-13
11096,-22.7,71.0,4.127678827142526e-13
11097,-22.7,72.0,2.4988329551750723e-13
11098,-22.7,73.0,1.504716418036048e-13
11099,-22.7,74.0,9.012768205690728e-14
11100,-22.6,-75.0,4.158304289678389e-06
11101,-22.6,-74.0,5.482861640177544e-06
11102,-22.6,-73.0,7.190919292775626e-06
11103,-22.6,-72.0,9.38096789924933e-06
11104,-22.6,-71.0,1.2172982361543197e-05
11105,-22.6,-70.0,1.5712035189720954e-05
11106,-22.6,-69.0,2.0172234168902204e-05
11107,-22.6,-68.0,2.5760937646006486e-05
11108,-22.6,-67.0,3.272317533224432e-05
11109,-22.6,-66.0,4.134617321639699e-05
11110,-22.6,-65.0,5.196384846975661e-05
11111,-22.6,-64.0,6.49611049069896e-05
11112,-22.6,-63.0,8.07777228380391e-05
11113,-22.6,-62.0,9.991160059857489e-05
11114,-22.6,-61.0,0.00012292107068168946
11115,-22.6,-60.0,0.0001504259835947866
11116,-22.6,-59.0,0.00018310723003942087
11117,-22.6,-58.0,0.0002217043596917385
11118,-22.6,-57.0,0.0002670109557721175
11119,-22.6,-56.0,0.0003198674416771066
11120,-22.6,-55.0,0.0003811510318569301
11121,-22.6,-54.0,0.00045176259598543833
11122,-22.6,-53.0,0.0005326102846422371
11123,-22.6,-52.0,0.0006245898665466225
11124,-22.6,-51.0,0.0007285618509445317
11125,-22.6,-50.0,0.0008453256117211932
11126,-22.6,-49.0,0.0009755908883154691
11127,-22.6,-48.0,0.0011199472092466242
11128,-22.6,-47.0,0.0012788389568163543
11129,-22.6,-46.0,0.0014562785448076314
11130,-22.6,-45.0,0.0019786816945965313
11131,-22.6,-44.0,0.006849798666514932
11132,-22.6,-43.0,0.014729065089439856
11133,-22.6,-42.0,0.01300099940399687
11134,-22.6,-41.0,0.01689463304239237
11135,-22.6,-40.0,0.008974965108718959
11136,-22.6,-39.0,0.010473940100848317
11137,-22.6,-38.0,0.020607784050838622
11138,-22.6,-37.0,0.010639878291378128
11139,-22.6,-36.0,0.004992322656680432
11140,-22.6,-35.0,0.013715655785738289
11141,-22.6,-34.0,0.02791345999289277
11142,-22.6,-33.0,0.015082960509015572
11143,-22.6,-32.0,0.01797855879549421
11144,-22.6,-31.0,0.035639344548108284
11145,-22.6,-30.0,0.018925198564496176
11146,-22.6,-29.0,0.02317582361536482
11147,-22.6,-28.0,0.0468944935045827
11148,-22.6,-27.0,0.022692427096651913
11149,-22.6,-26.0,0.009142256493525774
11150,-22.6,-25.0,0.035123671976925425
11151,-22.6,-24.0,0.07735415052530843
11152,-22.6,-23.0,0.03708852173630065
11153,-22.6,-22.0,0.033975418925813836
11154,-22.6,-21.0,0.07035896405486285
11155,-22.6,-20.0,0.03204833713404078
11156,-22.6,-19.0,0.008490433961745284
11157,-22.6,-18.0,0.020980988087081664
11158,-22.6,-17.0,0.04325027482715947
11159,-22.6,-16.0,0.021412508065838543
11160,-22.6,-15.0,0.017528772442237515
11161,-22.6,-14.0,0.03295666766185657
11162,-22.6,-13.0,0.016053527094372112
11163,-22.6,-12.0,0.005681112979077619
11164,-22.6,-11.0,0.012288337953556437
11165,-22.6,-10.0,0.02392745464073581
11166,-22.6,-9.0,0.012204412643992985
11167,-22.6,-8.0,0.010407893144186478
11168,-22.6,-7.0,0.01910485445654166
11169,-22.6,-6.0,0.009349738363494321
11170,-22.6,-5.0,0.003349968068098084
11171,-22.6,-4.0,0.0073001223496404494
11172,-22.6,-3.0,0.014285660200671298
11173,-22.6,-2.0,0.006854515448401061
11174,-22.6,-1.0,0.002030254208349885
11175,-22.6,0.0,0.0006053751282927436
11176,-22.6,1.0,0.0015837105983192747
11177,-22.6,2.0,0.004637625176542034
11178,-22.6,3.0,0.009500812027283211
11179,-22.6,4.0,0.004344674361577541
11180,-22.6,5.0,0.001194874880152297
11181,-22.6,6.0,0.003401828418347358
11182,-22.6,7.0,0.007272233323002402
11183,-22.6,8.0,0.0033686127410073002
11184,-22.6,9.0,0.002907238578337707
11185,-22.6,10.0,0.0060206519471624545
11186,-22.6,11.0,0.0026005983975801662
11187,-22.6,12.0,0.0005247385602814792
11188,-22.6,13.0,0.002072362992465905
11189,-22.6,14.0,0.004756402521391636
11190,-22.6,15.0,0.002112755709135825
11191,-22.6,16.0,0.001842447229722196
11192,-22.6,17.0,0.004032889042019693
11193,-22.6,18.0,0.001678454660466304
11194,-22.6,19.0,0.0002559648883581262
11195,-22.6,20.0,0.0013679301188325062
11196,-22.6,21.0,0.0032792802857936725
11197,-22.6,22.0,0.001426455530235015
11198,-22.6,23.0,0.0012576012191819659
11199,-22.6,24.0,0.0028317899090011473
11200,-22.6,25.0,0.00115935806908313
11201,-22.6,26.0,8.820394847731815e-05
11202,-22.6,27.0,9.238224897219088e-06
11203,-22.6,28.0,6.412544207798297e-06
11204,-22.6,29.0,4.882869089459567e-06
11205,-22.6,30.0,3.6992709675388795e-06
11206,-22.6,31.0,2.7876903345976435e-06
11207,-22.6,32.0,2.0895845127480788e-06
11208,-22.6,33.0,1.5579810692648617e-06
11209,-22.6,34.0,1.1554497818819136e-06
11210,-22.6,35.0,8.523667678666876e-07
11211,-22.6,36.0,6.25443924982504e-07
11212,-22.6,37.0,4.564956095965705e-07
11213,-22.6,38.0,3.314142116460018e-07
11214,-22.6,39.0,2.3932711201181316e-07
11215,-22.6,40.0,1.7190910773315447e-07
11216,-22.6,41.0,1.228264949243346e-07
11217,-22.6,42.0,8.729138755064095e-08
11218,-22.6,43.0,6.170734848720115e-08
11219,-22.6,44.0,4.3389886385779584e-08
11220,-22.6,45.0,3.03477341247427e-08
11221,-22.6,46.0,2.1113009936123242e-08
11222,-22.6,47.0,1.4610334290043318e-08
11223,-22.6,48.0,1.0056717937164553e-08
11224,-22.6,49.0,6.885547834076626e-09
11225,-22.6,50.0,4.689287299210525e-09
11226,-22.6,51.0,3.176590946720435e-09
11227,-22.6,52.0,2.140434072517689e-09
11228,-22.6,53.0,1.4345924023204212e-09
11229,-22.6,54.0,9.564038280405103e-10
11230,-22.6,55.0,6.342203795111668e-10
11231,-22.6,56.0,4.183359509572424e-10
11232,-22.6,57.0,2.7447089079301973e-10
11233,-22.6,58.0,1.7912388612170366e-10
11234,-22.6,59.0,1.1627780404856656e-10
11235,-22.6,60.0,7.508034292199391e-11
11236,-22.6,61.0,4.822161832924812e-11
11237,-22.6,62.0,3.080657538509877e-11
11238,-22.6,63.0,1.9576325227577384e-11
11239,-22.6,64.0,1.237385515112699e-11
11240,-22.6,65.0,7.77973836421514e-12
11241,-22.6,66.0,4.865316116452098e-12
11242,-22.6,67.0,3.0265178666464067e-12
11243,-22.6,68.0,1.872671187076948e-12
11244,-22.6,69.0,1.1525663142481328e-12
11245,-22.6,70.0,7.055965097258966e-13
11246,-22.6,71.0,4.2966802225469135e-13
11247,-22.6,72.0,2.6025300290767767e-13
11248,-22.6,73.0,1.5679946381386512e-13
11249,-22.6,74.0,9.396789640914997e-14
11250,-22.5,-75.0,4.086761691758886e-06
11251,-22.5,-74.0,5.391402098857953e-06
11252,-22.5,-73.0,7.074736033662428e-06
11253,-22.5,-72.0,9.234318827925674e-06
11254,-22.5,-71.0,1.198907279746604e-05
11255,-22.5,-70.0,1.5482904565662224e-05
11256,-22.5,-69.0,1.9888653612873297e-05
11257,-22.5,-68.0,2.5412327208619083e-05
11258,-22.5,-67.0,3.229755160524961e-05
11259,-22.5,-66.0,4.083014013542791e-05
11260,-22.5,-65.0,5.13426461073666e-05
11261,-22.5,-64.0,6.421873291462516e-05
11262,-22.5,-63.0,7.989715673418474e-05
11263,-22.5,-62.0,9.887512014712615e-05
11264,-22.5,-61.0,0.00012171071996258102
11265,-22.5,-60.0,0.00014902418182981706
11266,-22.5,-59.0,0.00018149755059172293
11267,-22.5,-58.0,0.0002198724917129069
11268,-22.5,-57.0,0.0002649458585623335
11269,-22.5,-56.0,0.00031756269583500964
11270,-22.5,-55.0,0.00037860638367965405
11271,-22.5,-54.0,0.000448985682374156
11272,-22.5,-53.0,0.0005296185151175162
11273,-22.5,-52.0,0.0006214124271409169
11274,-22.5,-51.0,0.0007252417821014323
11275,-22.5,-50.0,0.000841921899403911
11276,-22.5,-49.0,0.0009721804949398029
11277,-22.5,-48.0,0.001116626959545188
11278,-22.5,-47.0,0.0012757272130377612
11279,-22.5,-46.0,0.0014535320201381318
11280,-22.5,-45.0,0.0019778295902999586
11281,-22.5,-44.0,0.006868940038383165
11282,-22.5,-43.0,0.014780683423191944
11283,-22.5,-42.0,0.013044229322862512
11284,-22.5,-41.0,0.01695209738213635
11285,-22.5,-40.0,0.009002227544404084
11286,-22.5,-39.0,0.010504696065934377
11287,-22.5,-38.0,0.02067382422159786
11288,-22.5,-37.0,0.010673998295157415
11289,-22.5,-36.0,0.005008783404176001
11290,-22.5,-35.0,0.013755528846064994
11291,-22.5,-34.0,0.027990851896182563
11292,-22.5,-33.0,0.015131122572398653
11293,-22.5,-32.0,0.01802498335663248
11294,-22.5,-31.0,0.035713560085194336
11295,-22.5,-30.0,0.018978003805995857
11296,-22.5,-29.0,0.02321126405837646
11297,-22.5,-28.0,0.046924514213694486
11298,-22.5,-27.0,0.022735274754588607
11299,-22.5,-26.0,0.009179614082736558
11300,-22.5,-25.0,0.03495170672094687
11301,-22.5,-24.0,0.07685285591256096
11302,-22.5,-23.0,0.03697892200602978
11303,-22.5,-22.0,0.03408228143149558
11304,-22.5,-21.0,0.07083280209193159
11305,-22.5,-20.0,0.03221386239382976
11306,-22.5,-19.0,0.008460554651899592
11307,-22.5,-18.0,0.02095437050549811
11308,-22.5,-17.0,0.04324881345125642
11309,-22.5,-16.0,0.02139307451277842
11310,-22.5,-15.0,0.017491402487067088
11311,-22.5,-14.0,0.032909370312266234
11312,-22.5,-13.0,0.016022618153300663
11313,-22.5,-12.0,0.005660720003756093
11314,-22.5,-11.0,0.012256084110909053
11315,-22.5,-10.0,0.023873695121479917
11316,-22.5,-9.0,0.012176725627257733
11317,-22.5,-8.0,0.010381941845756486
11318,-22.5,-7.0,0.019056566455027277
11319,-22.5,-6.0,0.009329013332618367
11320,-22.5,-5.0,0.003346212353893242
11321,-22.5,-4.0,0.007283546726071934
11322,-22.5,-3.0,0.014246226849737061
11323,-22.5,-2.0,0.006839989805217775
11324,-22.5,-1.0,0.0020317994954312107
11325,-22.5,0.0,0.0005994025311971994
11326,-22.5,1.0,0.0015865995588481981
11327,-22.5,2.0,0.004628314078463186
11328,-22.5,3.0,0.009472188758172222
11329,-22.5,4.0,0.004335291219804489
11330,-22.5,5.0,0.0011970018428164495
11331,-22.5,6.0,0.0033939182269408777
11332,-22.5,7.0,0.007247280811875461
11333,-22.5,8.0,0.0033595060127316542
11334,-22.5,9.0,0.0028990300840772082
11335,-22.5,10.0,0.005997901375887106
11336,-22.5,11.0,0.0025925971980567423
11337,-22.5,12.0,0.0005255239044828934
11338,-22.5,13.0,0.0020653382355207374
11339,-22.5,14.0,0.004736245733379834
11340,-22.5,15.0,0.002104745456692278
11341,-22.5,16.0,0.0018351614294241788
11342,-22.5,17.0,0.004014542667366984
11343,-22.5,18.0,0.0016714225639782368
11344,-22.5,19.0,0.00025569770418741914
11345,-22.5,20.0,0.0013617863031804623
11346,-22.5,21.0,0.0032632201687287496
11347,-22.5,22.0,0.0014197177167643998
11348,-22.5,23.0,0.0012514842891916953
11349,-22.5,24.0,0.0028173294285448397
11350,-22.5,25.0,0.0011535790743219436
11351,-22.5,26.0,8.79738840392982e-05
11352,-22.5,27.0,9.37287397460136e-06
11353,-22.5,28.0,6.522580581128971e-06
11354,-22.5,29.0,4.969329329356864e-06
11355,-22.5,30.0,3.7667786457722256e-06
11356,-22.5,31.0,2.8400747411684307e-06
11357,-22.5,32.0,2.1299847205821852e-06
11358,-22.5,33.0,1.5889493331106334e-06
11359,-22.5,34.0,1.179044746676876e-06
11360,-22.5,35.0,8.702360557657572e-07
11361,-22.5,36.0,6.38896196754959e-07
11362,-22.5,37.0,4.6656257222334647e-07
11363,-22.5,38.0,3.389032956418397e-07
11364,-22.5,39.0,2.4486569237310746e-07
11365,-22.5,40.0,1.7598121317170464e-07
11366,-22.5,41.0,1.2580296071027264e-07
11367,-22.5,42.0,8.945437476792251e-08
11368,-22.5,43.0,6.327009095181049e-08
11369,-22.5,44.0,4.451244732213505e-08
11370,-22.5,45.0,3.1149466842944617e-08
11371,-22.5,46.0,2.168232685462771e-08
11372,-22.5,47.0,1.501230143176985e-08
11373,-22.5,48.0,1.0338910628876768e-08
11374,-22.5,49.0,7.0825296305582135e-09
11375,-22.5,50.0,4.8260090373882205e-09
11376,-22.5,51.0,3.2709505018215174e-09
11377,-22.5,52.0,2.2051895363096784e-09
11378,-22.5,53.0,1.4787814121545081e-09
11379,-22.5,54.0,9.863888431979133e-10
11380,-22.5,55.0,6.544529475779845e-10
11381,-22.5,56.0,4.319115447834446e-10
11382,-22.5,57.0,2.83528881829148e-10
11383,-22.5,58.0,1.8513388094779523e-10
11384,-22.5,59.0,1.2024322426734838e-10
11385,-22.5,60.0,7.768218427054899e-11
11386,-22.5,61.0,4.991928446228603e-11
11387,-22.5,62.0,3.190813215726843e-11
11388,-22.5,63.0,2.0287125705539622e-11
11389,-22.5,64.0,1.2829973692240778e-11
11390,-22.5,65.0,8.070809917604707e-12
11391,-22.5,66.0,5.050037227721791e-12
11392,-22.5,67.0,3.1430996322437317e-12
11393,-22.5,68.0,1.945843121513133e-12
11394,-22.5,69.0,1.1982394300807295e-12
11395,-22.5,70.0,7.33948348142175e-13
11396,-22.5,71.0,4.4717086070432614e-13
11397,-22.5,72.0,2.709989456992756e-13
11398,-22.5,73.0,1.6336078606742256e-13
11399,-22.5,74.0,9.795218659557673e-14
11400,-22.4,-75.0,4.015554718057204e-06
11401,-22.4,-74.0,5.30028651967258e-06
11402,-22.4,-73.0,6.958878492313994e-06
11403,-22.4,-72.0,9.087936153846579e-06
11404,-22.4,-71.0,1.1805309804571655e-05
11405,-22.4,-70.0,1.5253714640971677e-05
11406,-22.4,-69.0,1.9604688851729965e-05
11407,-22.4,-68.0,2.5062846708941467e-05
11408,-22.4,-67.0,3.187035853774031e-05
11409,-22.4,-66.0,4.031156028976605e-05
11410,-22.4,-65.0,5.071756267971564e-05
11411,-22.4,-64.0,6.347069422491921e-05
11412,-22.4,-63.0,7.900857519052196e-05
11413,-22.4,-62.0,9.782758193176022e-05
11414,-22.4,-61.0,0.00012048542540163107
11415,-22.4,-60.0,0.00014760253601644075
11416,-22.4,-59.0,0.00017986192234783577
11417,-22.4,-58.0,0.00021800715619718392
11418,-22.4,-57.0,0.0002628381345901147
11419,-22.4,-56.0,0.00031520428314343375
11420,-22.4,-55.0,0.00037599489788965265
11421,-22.4,-54.0,0.00044612637629606785
11422,-22.4,-53.0,0.0005265261644483432
11423,-22.4,-52.0,0.00061811334675519
11424,-22.4,-51.0,0.0007217759264169768
11425,-22.4,-50.0,0.0008383449872091634
11426,-22.4,-49.0,0.0009685660862227177
11427,-22.4,-48.0,0.0011130684000004532
11428,-22.4,-47.0,0.0012723393797885584
11429,-22.4,-46.0,0.00145046768885382
11430,-22.4,-45.0,0.0019765680788036443
11431,-22.4,-44.0,0.006886965003853196
11432,-22.4,-43.0,0.014830052659765433
11433,-22.4,-42.0,0.013085434224767902
11434,-22.4,-41.0,0.017006966300321277
11435,-22.4,-40.0,0.009027996801264022
11436,-22.4,-39.0,0.010533734458960154
11437,-22.4,-38.0,0.02073670564781493
11438,-22.4,-37.0,0.010706350772805719
11439,-22.4,-36.0,0.005024266020133353
11440,-22.4,-35.0,0.013793232248950769
11441,-22.4,-34.0,0.028064139885292563
11442,-22.4,-33.0,0.015176941980374975
11443,-22.4,-32.0,0.01806880997575132
11444,-22.4,-31.0,0.035782990608275764
11445,-22.4,-30.0,0.019028175007067816
11446,-22.4,-29.0,0.023244107001085
11447,-22.4,-28.0,0.04694984878175965
11448,-22.4,-27.0,0.022775675343496424
11449,-22.4,-26.0,0.009216694973349282
11450,-22.4,-25.0,0.03478971146803418
11451,-22.4,-24.0,0.07637738109221652
11452,-22.4,-23.0,0.03688163340553391
11453,-22.4,-22.0,0.03420095399955912
11454,-22.4,-21.0,0.07133165788060138
11455,-22.4,-20.0,0.03238907978375115
11456,-22.4,-19.0,0.008430476038121894
11457,-22.4,-18.0,0.02092568317467679
11458,-22.4,-17.0,0.04324347102820989
11459,-22.4,-16.0,0.021371444320842724
11460,-22.4,-15.0,0.01745174400013805
11461,-22.4,-14.0,0.032857949152800096
11462,-22.4,-13.0,0.015989525817912364
11463,-22.4,-12.0,0.005639328923535772
11464,-22.4,-11.0,0.012221964398653928
11465,-22.4,-10.0,0.023816566542503106
11466,-22.4,-9.0,0.012147190627881103
11467,-22.4,-8.0,0.010354365203572906
11468,-22.4,-7.0,0.019005510600106308
11469,-22.4,-6.0,0.009306828278445563
11470,-22.4,-5.0,0.003341807994133911
11471,-22.4,-4.0,0.0072658111577322045
11472,-22.4,-3.0,0.014204717589475502
11473,-22.4,-2.0,0.006824399644981994
11474,-22.4,-1.0,0.0020329428969185046
11475,-22.4,0.0,0.0005933944007858651
11476,-22.4,1.0,0.0015891814820236333
11477,-22.4,2.0,0.00461830602279792
11478,-22.4,3.0,0.009442237819320258
11479,-22.4,4.0,0.00432527692982911
11480,-22.4,5.0,0.0011989264237932831
11481,-22.4,6.0,0.0033855257258721973
11482,-22.4,7.0,0.0072213460709272285
11483,-22.4,8.0,0.0033499370174013433
11484,-22.4,9.0,0.0028904278302510395
11485,-22.4,10.0,0.005974356143195413
11486,-22.4,11.0,0.00258425110298455
11487,-22.4,12.0,0.0005262382067462317
11488,-22.4,13.0,0.002058045206017028
11489,-22.4,14.0,0.004715475846523673
11490,-22.4,15.0,0.002096464712815519
11491,-22.4,16.0,0.0018276422933434719
11492,-22.4,17.0,0.003995682782315944
11493,-22.4,18.0,0.0016641789267501917
11494,-22.4,19.0,0.0002554014659594106
11495,-22.4,20.0,0.0013554723330362933
11496,-22.4,21.0,0.003246747054982814
11497,-22.4,22.0,0.0014128018963103913
11498,-22.4,23.0,0.001245211483233302
11499,-22.4,24.0,0.0028025144371394382
11500,-22.4,25.0,0.0011476560396967124
11501,-22.4,26.0,8.773450112658014e-05
11502,-22.4,27.0,9.507889986869458e-06
11503,-22.4,28.0,6.633096964380062e-06
11504,-22.4,29.0,5.056246369417355e-06
11505,-22.4,30.0,3.834703601098915e-06
11506,-22.4,31.0,2.8928289353814915e-06
11507,-22.4,32.0,2.170704850381972e-06
11508,-22.4,33.0,1.6201889336885441e-06
11509,-22.4,34.0,1.2028659703674496e-06
11510,-22.4,35.0,8.882912302338052e-07
11511,-22.4,36.0,6.524991703169758e-07
11512,-22.4,37.0,4.76750244264148e-07
11513,-22.4,38.0,3.4648799500220113e-07
11514,-22.4,39.0,2.504792288414146e-07
11515,-22.4,40.0,1.8011150834846274e-07
11516,-22.4,41.0,1.2882418400969633e-07
11517,-22.4,42.0,9.165148514084088e-08
11518,-22.4,43.0,6.485862932118433e-08
11519,-22.4,44.0,4.565435029790099e-08
11520,-22.4,45.0,3.196558809666024e-08
11521,-22.4,46.0,2.226226540858912e-08
11522,-22.4,47.0,1.5422050940154926e-08
11523,-22.4,48.0,1.0626763784162948e-08
11524,-22.4,49.0,7.283599117637004e-09
11525,-22.4,50.0,4.965661992446487e-09
11526,-22.4,51.0,3.3673974952821086e-09
11527,-22.4,52.0,2.271421459556515e-09
11528,-22.4,53.0,1.5240077431263383e-09
11529,-22.4,54.0,1.0170978380094325e-09
11530,-22.4,55.0,6.751875055233535e-10
11531,-22.4,56.0,4.45832958478755e-10
11532,-22.4,57.0,2.9282358443210403e-10
11533,-22.4,58.0,1.91304877053386e-10
11534,-22.4,59.0,1.2431746307493303e-10
11535,-22.4,60.0,8.0357116376282e-11
11536,-22.4,61.0,5.166574021470322e-11
11537,-22.4,62.0,3.304205697351147e-11
11538,-22.4,63.0,2.1019268749219925e-11
11539,-22.4,64.0,1.330007953015392e-11
11540,-22.4,65.0,8.37099302965573e-12
11541,-22.4,66.0,5.2406581350472844e-12
11542,-22.4,67.0,3.263478738477505e-12
11543,-22.4,68.0,2.0214446421127458e-12
11544,-22.4,69.0,1.2454578232589803e-12
11545,-22.4,70.0,7.632772267871386e-13
11546,-22.4,71.0,4.65287828967243e-13
11547,-22.4,72.0,2.8212864778441284e-13
11548,-22.4,73.0,1.7016051440906283e-13
11549,-22.4,74.0,1.0208372285108436e-13
11550,-22.3,-75.0,3.944763251099766e-06
11551,-22.3,-74.0,5.209621027548811e-06
11552,-22.3,-73.0,6.843486697896122e-06
11553,-22.3,-72.0,8.942003397625272e-06
11554,-22.3,-71.0,1.1621932297699698e-05
11555,-22.3,-70.0,1.5024774386328067e-05
11556,-22.3,-69.0,1.9320736829082572e-05
11557,-22.3,-68.0,2.4713002784304748e-05
11558,-22.3,-67.0,3.1442238580576676e-05
11559,-22.3,-66.0,3.9791243097416945e-05
11560,-22.3,-65.0,5.008961142231256e-05
11561,-22.3,-64.0,6.271824911365241e-05
11562,-22.3,-63.0,7.811353578686045e-05
11563,-22.3,-62.0,9.677089877817321e-05
11564,-22.3,-61.0,0.00011924752126715046
11565,-22.3,-60.0,0.00014616387680059615
11566,-22.3,-59.0,0.00017820375635812643
11567,-22.3,-58.0,0.0002161124379024451
11568,-22.3,-57.0,0.00026069264487534245
11569,-22.3,-56.0,0.0003127979524160786
11570,-22.3,-55.0,0.00037332333104273435
11571,-22.3,-54.0,0.00044319256953345823
11572,-22.3,-53.0,0.0005233423934382159
11573,-22.3,-52.0,0.000614703193732047
11574,-22.3,-51.0,0.0007181764010609165
11575,-22.3,-50.0,0.0008346086828830529
11576,-22.3,-49.0,0.0009647633000577344
11577,-22.3,-48.0,0.00110928913311925
11578,-22.3,-47.0,0.001268695150479018
11579,-22.3,-46.0,0.0014471074951703051
11580,-22.3,-45.0,0.001974925422038088
11581,-22.3,-44.0,0.006903960305252377
11582,-22.3,-43.0,0.014877354098302813
11583,-22.3,-42.0,0.013124774901575317
11584,-22.3,-41.0,0.01705944780440711
11585,-22.3,-40.0,0.009052384421465465
11586,-22.3,-39.0,0.010561185366310597
11587,-22.3,-38.0,0.020796682080440682
11588,-22.3,-37.0,0.010737065803128994
11589,-22.3,-36.0,0.00503883001120506
11590,-22.3,-35.0,0.013828933487752444
11591,-22.3,-34.0,0.0281336678393938
11592,-22.3,-33.0,0.015220599968486032
11593,-22.3,-32.0,0.018110255291746934
11594,-22.3,-31.0,0.03584807381069682
11595,-22.3,-30.0,0.019075935952733575
11596,-22.3,-29.0,0.023274616472037348
11597,-22.3,-28.0,0.04697104095022602
11598,-22.3,-27.0,0.02281388178677683
11599,-22.3,-26.0,0.00925349808025459
11600,-22.3,-25.0,0.03463672095040137
11601,-22.3,-24.0,0.07592527876501962
11602,-22.3,-23.0,0.03679592049276107
11603,-22.3,-22.0,0.03433235123322613
11604,-22.3,-21.0,0.07185830933554299
11605,-22.3,-20.0,0.03257508676914081
11606,-22.3,-19.0,0.008400204192700754
11607,-22.3,-18.0,0.020894662215318542
11608,-22.3,-17.0,0.04323368200684013
11609,-22.3,-16.0,0.02134734228300184
11610,-22.3,-15.0,0.017409563949578575
11611,-22.3,-14.0,0.03280194990997065
11612,-22.3,-13.0,0.015954033072277104
11613,-22.3,-12.0,0.005616867719779913
11614,-22.3,-11.0,0.012185812876161698
11615,-22.3,-10.0,0.023755738751864208
11616,-22.3,-9.0,0.012115639810215692
11617,-22.3,-8.0,0.010325020448744332
11618,-22.3,-7.0,0.01895142354301539
11619,-22.3,-6.0,0.00928305302273631
11620,-22.3,-5.0,0.0033367065985249232
11621,-22.3,-4.0,0.007246813500965735
11622,-22.3,-3.0,0.014160935605866846
11623,-22.3,-2.0,0.00680764814326963
11624,-22.3,-1.0,0.0020336525272408156
11625,-22.3,0.0,0.0005873440581164071
11626,-22.3,1.0,0.0015914303601367815
11627,-22.3,2.0,0.004607534655361951
11628,-22.3,3.0,0.00941082860358161
11629,-22.3,4.0,0.004314569629344184
11630,-22.3,5.0,0.0012006288864419485
11631,-22.3,6.0,0.0033766026663881953
11632,-22.3,7.0,0.007194330563900612
11633,-22.3,8.0,0.0033398586965993956
11634,-22.3,9.0,0.0028813913550688607
11635,-22.3,10.0,0.005949935746165383
11636,-22.3,11.0,0.002575524303357773
11637,-22.3,12.0,0.000526872880992696
11638,-22.3,13.0,0.0020504557065540666
11639,-22.3,14.0,0.0046940304162770025
11640,-22.3,15.0,0.0020878852230540707
11641,-22.3,16.0,0.0018198653353536753
11642,-22.3,17.0,0.003976257102815888
11643,-22.3,18.0,0.0016567016716745155
11644,-22.3,19.0,0.00025507238517716204
11645,-22.3,20.0,0.0013489704300354837
11646,-22.3,21.0,0.0032298190170618416
11647,-22.3,22.0,0.0014056897100432678
11648,-22.3,23.0,0.0012387667023148422
11649,-22.3,24.0,0.0027873090206328036
11650,-22.3,25.0,0.0011415741979538408
11651,-22.3,26.0,8.748458206277078e-05
11652,-22.3,27.0,9.643076240590763e-06
11653,-22.3,28.0,6.743951534653226e-06
11654,-22.3,29.0,5.143512687271669e-06
11655,-22.3,30.0,3.902964851943758e-06
11656,-22.3,31.0,2.9458923391878248e-06
11657,-22.3,32.0,2.2116998981376003e-06
11658,-22.3,33.0,1.651666669696904e-06
11659,-22.3,34.0,1.2268891318488898e-06
11660,-22.3,35.0,9.065146029542066e-07
11661,-22.3,36.0,6.662400751386919e-07
11662,-22.3,37.0,4.870494743298928e-07
11663,-22.3,38.0,3.541618017178246e-07
11664,-22.3,39.0,2.5616312934367997e-07
11665,-22.3,40.0,1.8429677906841966e-07
11666,-22.3,41.0,1.318879336875711e-07
11667,-22.3,42.0,9.388118321280048e-08
11668,-22.3,43.0,6.647191634399062e-08
11669,-22.3,44.0,4.681488772710973e-08
11670,-22.3,45.0,3.279562452002859e-08
11671,-22.3,46.0,2.285251224882763e-08
11672,-22.3,47.0,1.583937773076537e-08
11673,-22.3,48.0,1.0920144822592464e-08
11674,-22.3,49.0,7.488671744645637e-09
11675,-22.3,50.0,5.108193061092817e-09
11676,-22.3,51.0,3.465899154098564e-09
11677,-22.3,52.0,2.339110029712406e-09
11678,-22.3,53.0,1.5702597159836296e-09
11679,-22.3,54.0,1.0485241458766716e-09
11680,-22.3,55.0,6.96420410892443e-10
11681,-22.3,56.0,4.600983270073382e-10
11682,-22.3,57.0,3.023541437708154e-10
11683,-22.3,58.0,1.9763656798629293e-10
11684,-22.3,59.0,1.2850049183908958e-10
11685,-22.3,60.0,8.310523537422622e-11
11686,-22.3,61.0,5.346112399554279e-11
11687,-22.3,62.0,3.42084892147476e-11
11688,-22.3,63.0,2.1772876591148285e-11
11689,-22.3,64.0,1.3784272025725478e-11
11690,-22.3,65.0,8.680364591628924e-12
11691,-22.3,66.0,5.437236277811112e-12
11692,-22.3,67.0,3.38769694557407e-12
11693,-22.3,68.0,2.0995054519067725e-12
11694,-22.3,69.0,1.29424223610323e-12
11695,-22.3,70.0,7.935974023870683e-13
11696,-22.3,71.0,4.840285894900355e-13
11697,-22.3,72.0,2.9364857557840503e-13
11698,-22.3,73.0,1.7720292661060763e-13
11699,-22.3,74.0,1.0636530492735405e-13
11700,-22.2,-75.0,3.874454729110767e-06
11701,-22.2,-74.0,5.119495529773215e-06
11702,-22.2,-73.0,6.728679662207963e-06
11703,-22.2,-72.0,8.796676993690372e-06
11704,-22.2,-71.0,1.1439144477925122e-05
11705,-22.2,-70.0,1.479634852932333e-05
11706,-22.2,-69.0,1.9037138411580975e-05
11707,-22.2,-68.0,2.4363231387502983e-05
11708,-22.2,-67.0,3.101374557703699e-05
11709,-22.2,-66.0,3.9269887510151796e-05
11710,-22.2,-65.0,4.945966860675661e-05
11711,-22.2,-64.0,6.196248896562023e-05
11712,-22.2,-63.0,7.721338897616688e-05
11713,-22.2,-62.0,9.570673087222434e-05
11714,-22.2,-61.0,0.00011799903534274963
11715,-22.2,-60.0,0.00014471066503125393
11716,-22.2,-59.0,0.0001765260198890123
11717,-22.2,-58.0,0.00021419189187469145
11718,-22.2,-57.0,0.0002585136215490226
11719,-22.2,-56.0,0.00031034870982301087
11720,-22.2,-55.0,0.00037059756739515914
11721,-22.2,-54.0,0.0004401911347240942
11722,-22.2,-53.0,0.0005200751784940518
11723,-22.2,-52.0,0.0006111911672482163
11724,-22.2,-51.0,0.000714453748789486
11725,-22.2,-50.0,0.0008307249932633886
11726,-22.2,-49.0,0.000960785725156084
11727,-22.2,-48.0,0.0011053044419218254
11728,-22.2,-47.0,0.0012648116067581886
11729,-22.2,-46.0,0.0014434704509598713
11730,-22.2,-45.0,0.0019729260135628946
11731,-22.2,-44.0,0.006920000053144433
11732,-22.2,-43.0,0.014922742226663534
11733,-22.2,-42.0,0.013162388409113369
11734,-22.2,-41.0,0.017109719085478883
11735,-22.2,-40.0,0.009075485531489009
11736,-22.2,-39.0,0.010587159649258656
11737,-22.2,-38.0,0.02085396949883525
11738,-22.2,-37.0,0.01076625408934599
11739,-22.2,-36.0,0.005052525951661853
11740,-22.2,-35.0,0.013862774825622
11741,-22.2,-34.0,0.02819972784795041
11742,-22.2,-33.0,0.015262250193628885
11743,-22.2,-32.0,0.018149502549342843
11744,-22.2,-31.0,0.03590918014075409
11745,-22.2,-30.0,0.019121475457733145
11746,-22.2,-29.0,0.023303013052679917
11747,-22.2,-28.0,0.046988544828290874
11748,-22.2,-27.0,0.022850104933859156
11749,-22.2,-26.0,0.009290020082909323
11750,-22.2,-25.0,0.03449190195787632
11751,-22.2,-24.0,0.0754944404482126
11752,-22.2,-23.0,0.03672121613413742
11753,-22.2,-22.0,0.03447761289506292
11754,-22.2,-21.0,0.07241605804437205
11755,-22.2,-20.0,0.03277318624262561
11756,-22.2,-19.0,0.008369744045155536
11757,-22.2,-18.0,0.02086098694735848
11758,-22.2,-17.0,0.04321875971212869
11759,-22.2,-16.0,0.021320434512728408
11760,-22.2,-15.0,0.017364582276076457
11761,-22.2,-14.0,0.032740827973601984
11762,-22.2,-13.0,0.01591587961714161
11763,-22.2,-12.0,0.005593249932584035
11764,-22.2,-11.0,0.01214743116953403
11765,-22.2,-10.0,0.023690817502460795
11766,-22.2,-9.0,0.012081872815524959
11767,-22.2,-8.0,0.010293737288803709
11768,-22.2,-7.0,0.01889399119985636
11769,-22.2,-6.0,0.009257532477243438
11770,-22.2,-5.0,0.0033308507401045664
11771,-22.2,-4.0,0.007226432211409167
11772,-22.2,-3.0,0.01411464638426016
11773,-22.2,-2.0,0.006789620153938487
11774,-22.2,-1.0,0.0020338907592231136
11775,-22.2,0.0,0.0005812434820699823
11776,-22.2,1.0,0.0015933155753025364
11777,-22.2,2.0,0.00459592115637057
11778,-22.2,3.0,0.00937780553300178
11779,-22.2,4.0,0.004303095797813392
11780,-22.2,5.0,0.0012020859817652473
11781,-22.2,6.0,0.003367091696853825
11782,-22.2,7.0,0.007166116818298091
11783,-22.2,8.0,0.003329215050838213
11784,-22.2,9.0,0.002871872498982868
11785,-22.2,10.0,0.005924544133303112
11786,-22.2,11.0,0.002566374142853786
11787,-22.2,12.0,0.0005274177862133831
11788,-22.2,13.0,0.0020425361222536544
11789,-22.2,14.0,0.004671834855228926
11790,-22.2,15.0,0.002078973268025136
11791,-22.2,16.0,0.0018118013223893405
11792,-22.2,17.0,0.00395620313296076
11793,-22.2,18.0,0.0016489644248224183
11794,-22.2,19.0,0.00025470595537961183
11795,-22.2,20.0,0.0013422593414100536
11796,-22.2,21.0,0.003212385901871992
11797,-22.2,22.0,0.0013983592010220964
11798,-22.2,23.0,0.001232130686926355
11799,-22.2,24.0,0.0027716702025102273
11800,-22.2,25.0,0.0011353158788908768
11801,-22.2,26.0,8.722267115918483e-05
11802,-22.2,27.0,9.778198028431815e-06
11803,-22.2,28.0,6.854974642117304e-06
11804,-22.2,29.0,5.230999294268396e-06
11805,-22.2,30.0,3.971464945897172e-06
11806,-22.2,31.0,2.999191806290032e-06
11807,-22.2,32.0,2.252915322445566e-06
11808,-22.2,33.0,1.6833421424283598e-06
11809,-22.2,34.0,1.2510845085814238e-06
11810,-22.2,35.0,9.248844544982816e-07
11811,-22.2,36.0,6.801031489851823e-07
11812,-22.2,37.0,4.974489030951534e-07
11813,-22.2,38.0,3.6191658737339024e-07
11814,-22.2,39.0,2.619116192382412e-07
11815,-22.2,40.0,1.885329529343595e-07
11816,-22.2,41.0,1.3499135929718304e-07
11817,-22.2,42.0,9.61414891203203e-08
11818,-22.2,43.0,6.810858766646155e-08
11819,-22.2,44.0,4.799312703493665e-08
11820,-22.2,45.0,3.3638944016713856e-08
11821,-22.2,46.0,2.345264267555197e-08
11822,-22.2,47.0,1.6263999049245456e-08
11823,-22.2,48.0,1.1218867295102345e-08
11824,-22.2,49.0,7.697625812825561e-09
11825,-22.2,50.0,5.2535236688574314e-09
11826,-22.2,51.0,3.566405340547842e-09
11827,-22.2,52.0,2.4082236639510645e-09
11828,-22.2,53.0,1.6175177191592032e-09
11829,-22.2,54.0,1.0806557852327376e-09
11830,-22.2,55.0,7.181444805862079e-10
11831,-22.2,56.0,4.747034403616038e-10
11832,-22.2,57.0,3.121181609718754e-10
11833,-22.2,58.0,2.0412763655495643e-10
11834,-22.2,59.0,1.3279162416486996e-10
11835,-22.2,60.0,8.592621185919744e-11
11836,-22.2,61.0,5.530530053329632e-11
11837,-22.2,62.0,3.540739328958484e-11
11838,-22.2,63.0,2.2547960263483105e-11
11839,-22.2,64.0,1.4282580290286532e-11
11840,-22.2,65.0,8.9989573815601e-12
11841,-22.2,66.0,5.6398015613814514e-12
11842,-22.2,67.0,3.515778932034571e-12
11843,-22.2,68.0,2.1800447212077157e-12
11844,-22.2,69.0,1.3446069561801662e-12
11845,-22.2,70.0,8.249192004070389e-13
11846,-22.2,71.0,5.034004252600607e-13
11847,-22.2,72.0,3.055637643034466e-13
11848,-22.2,73.0,1.844914450435175e-13
11849,-22.2,74.0,1.1079922457182209e-13
11850,-22.1,-75.0,3.8046862224202816e-06
11851,-22.1,-74.0,5.0299864175916604e-06
11852,-22.1,-73.0,6.614558875952577e-06
11853,-22.1,-72.0,8.65209079084225e-06
11854,-22.1,-71.0,1.125712159499364e-05
11855,-22.1,-70.0,1.4568664893280672e-05
11856,-22.1,-69.0,1.875418768559262e-05
11857,-22.1,-68.0,2.401390950098834e-05
11858,-22.1,-67.0,3.058535944468515e-05
11859,-22.1,-66.0,3.874810031707024e-05
11860,-22.1,-65.0,4.882849623816096e-05
11861,-22.1,-64.0,6.12043642712248e-05
11862,-22.1,-63.0,7.630931243421983e-05
11863,-22.1,-62.0,9.463652768069953e-05
11864,-22.1,-61.0,0.0001167417398166258
11865,-22.1,-60.0,0.00014324505320939234
11866,-22.1,-59.0,0.00017483131022947673
11867,-22.1,-58.0,0.00021224863162744588
11868,-22.1,-57.0,0.0002563047726462959
11869,-22.1,-56.0,0.00030786094276766084
11870,-22.1,-55.0,0.0003678227645643715
11871,-22.1,-54.0,0.00043712809572919525
11872,-22.1,-53.0,0.0005167315098368909
11873,-22.1,-52.0,0.0006075853266968734
11874,-22.1,-51.0,0.0007106172019955204
11875,-22.1,-50.0,0.000826704426627006
11876,-22.1,-49.0,0.0009566452454116426
11877,-22.1,-48.0,0.0011011276800852801
11878,-22.1,-47.0,0.0012607036581808611
11879,-22.1,-46.0,0.0014395731297238991
11880,-22.1,-45.0,0.00197059102876738
11881,-22.1,-44.0,0.0069351478280787965
11882,-22.1,-43.0,0.014966349171066685
11883,-22.1,-42.0,0.01319839201027593
11884,-22.1,-41.0,0.017157931635812
11885,-22.1,-40.0,0.009097381576641904
11886,-22.1,-39.0,0.010611752147028945
11887,-22.1,-38.0,0.020908752389191855
11888,-22.1,-37.0,0.010794010188205043
11889,-22.1,-36.0,0.005065396981829773
11890,-22.1,-35.0,0.01389487750399012
11891,-22.1,-34.0,0.028262568834834963
11892,-22.1,-33.0,0.015302023331945582
11893,-22.1,-32.0,0.018186707186990173
11894,-22.1,-31.0,0.03596662405556011
11895,-22.1,-30.0,0.01916495322311759
11896,-22.1,-29.0,0.02332948129487692
11897,-22.1,-28.0,0.04700274026641796
11898,-22.1,-27.0,0.022884520734561094
11899,-22.1,-26.0,0.009326255520248955
11900,-22.1,-25.0,0.034354527337659035
11901,-22.1,-24.0,0.07508303043036939
11902,-22.1,-23.0,0.036657106467013645
11903,-22.1,-22.0,0.03463815923569738
11904,-22.1,-21.0,0.07300888240953089
11905,-22.1,-20.0,0.032984946708924316
11906,-22.1,-19.0,0.008339099172898653
11907,-22.1,-18.0,0.02082426369645838
11908,-22.1,-17.0,0.043197861799515166
11909,-22.1,-16.0,0.021290311724219586
11910,-22.1,-15.0,0.01731645865908953
11911,-22.1,-14.0,0.032673923060364665
11912,-22.1,-13.0,0.01587474970603607
11913,-22.1,-12.0,0.005568370573395063
11914,-22.1,-11.0,0.012106579360336111
11915,-22.1,-10.0,0.02362132649549832
11916,-22.1,-9.0,0.012045647634794461
11917,-22.1,-8.0,0.010260310178454852
11918,-22.1,-7.0,0.01883283453239955
11919,-22.1,-6.0,0.009230079654647916
11920,-22.1,-5.0,0.0033241714114008777
11921,-22.1,-4.0,0.007204520899968264
11922,-22.1,-3.0,0.014065567141905412
11923,-22.1,-2.0,0.006770177074124645
11924,-22.1,-1.0,0.002033612616351843
11925,-22.1,0.0,0.0005750829292770375
11926,-22.1,1.0,0.0015948006140099932
11927,-22.1,2.0,0.0045833707530512306
11928,-22.1,3.0,0.009342981064869211
11929,-22.1,4.0,0.004290766996697796
11930,-22.1,5.0,0.0012032699734700106
11931,-22.1,6.0,0.0033569238182409875
11932,-22.1,7.0,0.007136563120057375
11933,-22.1,8.0,0.0033179386395083186
11934,-22.1,9.0,0.0028618132523086258
11935,-22.1,10.0,0.005898065346198998
11936,-22.1,11.0,0.0025567492027120634
11937,-22.1,12.0,0.0005278607971014002
11938,-22.1,13.0,0.0020342459049600844
11939,-22.1,14.0,0.004648799026274223
11940,-22.1,15.0,0.0020696881326793706
11941,-22.1,16.0,0.0018034149444481748
11942,-22.1,17.0,0.00393544529774456
11943,-22.1,18.0,0.001640935310704658
11944,-22.1,19.0,0.00025429675311842417
11945,-22.1,20.0,0.0013353133651238436
11946,-22.1,21.0,0.003194387018991142
11947,-22.1,22.0,0.0013907838037345596
11948,-22.1,23.0,0.0012252801291748924
11949,-22.1,24.0,0.0027555459579279478
11950,-22.1,25.0,0.0011288596934607062
11951,-22.1,26.0,8.694700844717882e-05
11952,-22.1,27.0,9.91297248504822e-06
11953,-22.1,28.0,6.965961411475116e-06
11954,-22.1,29.0,5.318550029401826e-06
11955,-22.1,30.0,4.040085581632687e-06
11956,-22.1,31.0,3.0526382808192792e-06
11957,-22.1,32.0,2.2942845079816993e-06
11958,-22.1,33.0,1.7151658404305035e-06
11959,-22.1,34.0,1.2754155380036352e-06
11960,-22.1,35.0,9.433739595713227e-07
11961,-22.1,36.0,6.940688392531242e-07
11962,-22.1,37.0,5.079343729626797e-07
11963,-22.1,38.0,3.697421691240204e-07
11964,-22.1,39.0,2.677174239157181e-07
11965,-22.1,40.0,1.9281486847283306e-07
11966,-22.1,41.0,1.3813082404027716e-07
11967,-22.1,42.0,9.842985838329092e-08
11968,-22.1,43.0,6.976687578603255e-08
11969,-22.1,44.0,4.9187849394821265e-08
11970,-22.1,45.0,3.449471237555872e-08
11971,-22.1,46.0,2.406209007942028e-08
11972,-22.1,47.0,1.669553306156076e-08
11973,-22.1,48.0,1.1522675964571797e-08
11974,-22.1,49.0,7.9102921344324e-09
11975,-22.1,50.0,5.401542641096748e-09
11976,-22.1,51.0,3.6688436638447786e-09
11977,-22.1,52.0,2.4787156752360924e-09
11978,-22.1,53.0,1.6657519471939916e-09
11979,-22.1,54.0,1.1134739336456147e-09
11980,-22.1,55.0,7.403479668703495e-10
11981,-22.1,56.0,4.896410600864636e-10
11982,-22.1,57.0,3.221112393822047e-10
11983,-22.1,58.0,2.107754552304566e-10
11984,-22.1,59.0,1.3718931914009404e-10
11985,-22.1,60.0,8.881916236882118e-11
11986,-22.1,61.0,5.719777738393231e-11
11987,-22.1,62.0,3.6638504686262697e-11
11988,-22.1,63.0,2.3344384928140757e-11
11989,-22.1,64.0,1.4794941025507262e-11
11990,-22.1,65.0,9.326745976737082e-12
11991,-22.1,66.0,5.848347449990111e-12
11992,-22.1,67.0,3.6477266934616716e-12
11993,-22.1,68.0,2.2630675844671057e-12
11994,-22.1,69.0,1.3965576372283432e-12
11995,-22.1,70.0,8.572476669571202e-13
11996,-22.1,71.0,5.234074103363879e-13
11997,-22.1,72.0,3.178773104015922e-13
11998,-22.1,73.0,1.9202832775659664e-13
11999,-22.1,74.0,1.1538707853928443e-13
12000,-22.0,-75.0,3.5941378385182155e-06
12001,-22.0,-74.0,4.754163183745714e-06
12002,-22.0,-73.0,6.2551762028873345e-06
12003,-22.0,-72.0,8.186365271973935e-06
12004,-22.0,-71.0,1.0656848631116511e-05
12005,-22.0,-70.0,1.3799157863067185e-05
12006,-22.0,-69.0,1.7773071024615728e-05
12007,-22.0,-68.0,2.2769761272278626e-05
12008,-22.0,-67.0,2.901620331884093e-05
12009,-22.0,-66.0,3.677975243177172e-05
12010,-22.0,-65.0,4.6372779238996316e-05
12011,-22.0,-64.0,5.815720895807709e-05
12012,-22.0,-63.0,7.254877679179907e-05
12013,-22.0,-62.0,9.002077351706326e-05
12014,-22.0,-61.0,0.00011110701853320829
12015,-22.0,-60.0,0.00013640376403874845
12016,-22.0,-59.0,0.00016657020615147667
12017,-22.0,-58.0,0.00020232725955143845
12018,-22.0,-57.0,0.00024445424466650165
12019,-22.0,-56.0,0.00029378314362015314
12020,-22.0,-55.0,0.00035119010603912375
12021,-22.0,-54.0,0.0004175839309026549
12022,-22.0,-53.0,0.0004938913177970932
12023,-22.0,-52.0,0.0005810387712188011
12024,-22.0,-51.0,0.0006799311548077672
12025,-22.0,-50.0,0.0007914270271033651
12026,-22.0,-49.0,0.0009163110435848843
12027,-22.0,-48.0,0.0010552638789025261
12028,-22.0,-47.0,0.001208837188176125
12029,-22.0,-46.0,0.0013811069669572898
12030,-22.0,-45.0,0.0018934633317870314
12031,-22.0,-44.0,0.006686459767929063
12032,-22.0,-43.0,0.01444030748534858
12033,-22.0,-42.0,0.0127320947107561
12034,-22.0,-41.0,0.01655313086770191
12035,-22.0,-40.0,0.008773071204499919
12036,-22.0,-39.0,0.010232566587546227
12037,-22.0,-38.0,0.02016792361041492
12038,-22.0,-37.0,0.01041092217910777
12039,-22.0,-36.0,0.004885325448551719
12040,-22.0,-35.0,0.013398347753032903
12041,-22.0,-34.0,0.027250557005516773
12042,-22.0,-33.0,0.014759495366825737
12043,-22.0,-32.0,0.017532399257802138
12044,-22.0,-31.0,0.03465748961080155
12045,-22.0,-30.0,0.018479644465163987
12046,-22.0,-29.0,0.022470349158415944
12047,-22.0,-28.0,0.045234727119948644
12048,-22.0,-27.0,0.022049983720754333
12049,-22.0,-26.0,0.00900788952390996
12050,-22.0,-25.0,0.032928768691569375
12051,-22.0,-24.0,0.07186285335238406
12052,-22.0,-23.0,0.03521809275218274
12053,-22.0,-22.0,0.037844451660905436
12054,-22.0,-21.0,0.0754718514054464
12055,-22.0,-20.0,0.03403770389038067
12056,-22.0,-19.0,0.008514754907746228
12057,-22.0,-18.0,0.021300542667043745
12058,-22.0,-17.0,0.04424283350210599
12059,-22.0,-16.0,0.02178474736768948
12060,-22.0,-15.0,0.017693851032007445
12061,-22.0,-14.0,0.03341063381193919
12062,-22.0,-13.0,0.01622368042760986
12063,-22.0,-12.0,0.005679836808856531
12064,-22.0,-11.0,0.012362760985859606
12065,-22.0,-10.0,0.024131881953072847
12066,-22.0,-9.0,0.012305066494004884
12067,-22.0,-8.0,0.010478594084907292
12068,-22.0,-7.0,0.019233913288505405
12069,-22.0,-6.0,0.00942912272295248
12070,-22.0,-5.0,0.003399010693744086
12071,-22.0,-4.0,0.007359365809800845
12072,-22.0,-3.0,0.01436162230518844
12073,-22.0,-2.0,0.006916884555605743
12074,-22.0,-1.0,0.0020832832791596342
12075,-22.0,0.0,0.0005829878941889165
12076,-22.0,1.0,0.0016355023076021036
12077,-22.0,2.0,0.004683339115987594
12078,-22.0,3.0,0.009537408677797074
12079,-22.0,4.0,0.004383782312383665
12080,-22.0,5.0,0.0012340736416141017
12081,-22.0,6.0,0.003429172477559329
12082,-22.0,7.0,0.007282087169794621
12083,-22.0,8.0,0.0033881089426365716
12084,-22.0,9.0,0.0029220014670365397
12085,-22.0,10.0,0.006016251913904985
12086,-22.0,11.0,0.0026098762896310536
12087,-22.0,12.0,0.0005413141065297931
12088,-22.0,13.0,0.0020758755677973426
12089,-22.0,14.0,0.0047397517570368095
12090,-22.0,15.0,0.0021111761201591003
12091,-22.0,16.0,0.0018392652532992636
12092,-22.0,17.0,0.004011161860514015
12093,-22.0,18.0,0.001673149242162039
12094,-22.0,19.0,0.0002601467349114886
12095,-22.0,20.0,0.0013611079397486778
12096,-22.0,21.0,0.0032546739551136943
12097,-22.0,22.0,0.0014173005585248232
12098,-22.0,23.0,0.0012484617061929455
12099,-22.0,24.0,0.002806942253496307
12100,-22.0,25.0,0.001150781829465179
12101,-22.0,26.0,0.0001525103518101916
12102,-22.0,27.0,0.0009537213634443826
12103,-22.0,28.0,0.0023240490731953186
12104,-22.0,29.0,0.0009489270907570404
12105,-22.0,30.0,6.790683160737591e-05
12106,-22.0,31.0,3.896426094539801e-06
12107,-22.0,32.0,2.395098230035886e-06
12108,-22.0,33.0,1.7904965452512106e-06
12109,-22.0,34.0,1.3321413423456025e-06
12110,-22.0,35.0,9.858567925462775e-07
12111,-22.0,36.0,7.257112440509512e-07
12112,-22.0,37.0,5.313739656618407e-07
12113,-22.0,38.0,3.8701074596550016e-07
12114,-22.0,39.0,2.8037032923653357e-07
12115,-22.0,40.0,2.0203532621854097e-07
12116,-22.0,41.0,1.4481340881483186e-07
12117,-22.0,42.0,1.0324675660611055e-07
12118,-22.0,43.0,7.32200831341517e-08
12119,-22.0,44.0,5.164998062934267e-08
12120,-22.0,45.0,3.624067210727418e-08
12121,-22.0,46.0,2.5293472160079435e-08
12122,-22.0,47.0,1.7559283103010747e-08
12123,-22.0,48.0,1.2125264704320106e-08
12124,-22.0,49.0,8.328404126928076e-09
12125,-22.0,50.0,5.690081221932577e-09
12126,-22.0,51.0,3.86688495870499e-09
12127,-22.0,52.0,2.6139070978477906e-09
12128,-22.0,53.0,1.7575397393150363e-09
12129,-22.0,54.0,1.1754557039560124e-09
12130,-22.0,55.0,7.819761191959636e-10
12131,-22.0,56.0,5.174481290291494e-10
12132,-22.0,57.0,3.40585582386566e-10
12133,-22.0,58.0,2.2298302655697725e-10
12134,-22.0,59.0,1.452123186095455e-10
12135,-22.0,60.0,9.406351888144308e-11
12136,-22.0,61.0,6.0607321451859e-11
12137,-22.0,62.0,3.8843205951742413e-11
12138,-22.0,63.0,2.476230974961916e-11
12139,-22.0,64.0,1.570194109178093e-11
12140,-22.0,65.0,9.903795019055531e-12
12141,-22.0,66.0,6.213496384712357e-12
12142,-22.0,67.0,3.877542480108488e-12
12143,-22.0,68.0,2.406928483138937e-12
12144,-22.0,69.0,1.4861269699419589e-12
12145,-22.0,70.0,9.127140851496988e-13
12146,-22.0,71.0,5.575703833416733e-13
12147,-22.0,72.0,3.38805731896072e-13
12148,-22.0,73.0,2.0478017441330775e-13
12149,-22.0,74.0,1.2311505842679948e-13
12150,-21.9,-75.0,3.3765787443223566e-06
12151,-21.9,-74.0,4.4687661363043596e-06
12152,-21.9,-73.0,5.882805366875514e-06
12153,-21.9,-72.0,7.703133775932156e-06
12154,-21.9,-71.0,1.003313157619794e-05
12155,-21.9,-70.0,1.2998453438153388e-05
12156,-21.9,-69.0,1.675070018718506e-05
12157,-21.9,-68.0,2.147139965120996e-05
12158,-21.9,-67.0,2.7376243385920708e-05
12159,-21.9,-66.0,3.471949969717287e-05
12160,-21.9,-65.0,4.379849333883832e-05
12161,-21.9,-64.0,5.4958009052329834e-05
12162,-21.9,-63.0,6.859444064128176e-05
12163,-21.9,-62.0,8.515947083596306e-05
12164,-21.9,-61.0,0.00010516303149433081
12165,-21.9,-60.0,0.00012917526080589677
12166,-21.9,-59.0,0.00015782714657032682
12167,-21.9,-58.0,0.00019180952506954362
12168,-21.9,-57.0,0.00023187009648295293
12169,-21.9,-56.0,0.00027880812319587095
12170,-21.9,-55.0,0.0003334664995669251
12171,-21.9,-54.0,0.00039672092324255525
12172,-21.9,-53.0,0.00046946596083624294
12173,-21.9,-52.0,0.0005525978857900332
12174,-21.9,-51.0,0.0006469942734935082
12175,-21.9,-50.0,0.0007534904669491562
12176,-21.9,-49.0,0.0008728531726884709
12177,-21.9,-48.0,0.0010057516089972706
12178,-21.9,-47.0,0.001152733413249768
12179,-21.9,-46.0,0.0013177326146746363
12180,-21.9,-45.0,0.0018093838466561034
12181,-21.9,-44.0,0.006411598743206467
12182,-21.9,-43.0,0.013856992953677302
12183,-21.9,-42.0,0.012215461263726331
12184,-21.9,-41.0,0.01588280363220805
12185,-21.9,-40.0,0.008414227723080071
12186,-21.9,-39.0,0.009813197471467373
12187,-21.9,-38.0,0.019347575096579694
12188,-21.9,-37.0,0.009986708405793743
12189,-21.9,-36.0,0.004685837327919925
12190,-21.9,-35.0,0.012849264311053816
12191,-21.9,-34.0,0.0261321218687461
12192,-21.9,-33.0,0.014158753038938399
12193,-21.9,-32.0,0.01680989202780887
12194,-21.9,-31.0,0.03321514237022269
12195,-21.9,-30.0,0.017722184066965907
12196,-21.9,-29.0,0.021526043669268326
12197,-21.9,-28.0,0.04329884187382938
12198,-21.9,-27.0,0.021131261514331607
12199,-21.9,-26.0,0.00865364499740521
12200,-21.9,-25.0,0.031399359295652664
12201,-21.9,-24.0,0.06842763599846242
12202,-21.9,-23.0,0.03366469343124403
12203,-21.9,-22.0,0.03959362394282047
12204,-21.9,-21.0,0.0792013568980128
12205,-21.9,-20.0,0.03565488850544652
12206,-21.9,-19.0,0.008820860109950293
12207,-21.9,-18.0,0.02210163426903404
12208,-21.9,-17.0,0.04596643106518384
12209,-21.9,-16.0,0.022611738898210186
12210,-21.9,-15.0,0.018339183701233004
12211,-21.9,-14.0,0.034654982364705086
12212,-21.9,-13.0,0.01681836808473871
12213,-21.9,-12.0,0.00587642098913828
12214,-21.9,-11.0,0.012805365950380627
12215,-21.9,-10.0,0.02500726871428899
12216,-21.9,-9.0,0.01275032205273073
12217,-21.9,-8.0,0.010854905985129787
12218,-21.9,-7.0,0.019925306275869935
12219,-21.9,-6.0,0.00977053045893043
12220,-21.9,-5.0,0.0035252333214031905
12221,-21.9,-4.0,0.00762526803470315
12222,-21.9,-3.0,0.014874216974857513
12223,-21.9,-2.0,0.007168070877444784
12224,-21.9,-1.0,0.0021646776122632295
12225,-21.9,0.0,0.0005994743818318728
12226,-21.9,1.0,0.0017012235398324836
12227,-21.9,2.0,0.004854110875220435
12228,-21.9,3.0,0.009875550626769855
12229,-21.9,4.0,0.004543059690229369
12230,-21.9,5.0,0.0012837921285549746
12231,-21.9,6.0,0.003553233561332491
12232,-21.9,7.0,0.007537190735947599
12233,-21.9,8.0,0.0035094107631376916
12234,-21.9,9.0,0.0030262714507118807
12235,-21.9,10.0,0.006224859979751647
12236,-21.9,11.0,0.002702344284245134
12237,-21.9,12.0,0.0005630794780248007
12238,-21.9,13.0,0.0021487638676456907
12239,-21.9,14.0,0.004901819574150402
12240,-21.9,15.0,0.0021844038683785792
12241,-21.9,16.0,0.001902751405137456
12242,-21.9,17.0,0.004146988924668218
12243,-21.9,18.0,0.0017304789868661469
12244,-21.9,19.0,0.0002699585663867932
12245,-21.9,20.0,0.0014073105387261392
12246,-21.9,21.0,0.003363666680810093
12247,-21.9,22.0,0.0014650455686961124
12248,-21.9,23.0,0.0012903325973072487
12249,-21.9,24.0,0.0029003070078559828
12250,-21.9,25.0,0.0011892210571954678
12251,-21.9,26.0,0.00015781635810873838
12252,-21.9,27.0,0.0009853616709429712
12253,-21.9,28.0,0.0024007988895465944
12254,-21.9,29.0,0.0009803268073863662
12255,-21.9,30.0,7.024630808828235e-05
12256,-21.9,31.0,4.1036094290364675e-06
12257,-21.9,32.0,2.5346175729668005e-06
12258,-21.9,33.0,1.8958311457404607e-06
12259,-21.9,34.0,1.411262517852021e-06
12260,-21.9,35.0,1.0449672472156671e-06
12261,-21.9,36.0,7.696336586137557e-07
12262,-21.9,37.0,5.638347472486734e-07
12263,-21.9,38.0,4.1087144320258627e-07
12264,-21.9,39.0,2.9781485706938866e-07
12265,-21.9,40.0,2.1472024763232969e-07
12266,-21.9,41.0,1.5398763317844748e-07
12267,-21.9,42.0,1.0984615708668038e-07
12268,-21.9,43.0,7.794173207446268e-08
12269,-21.9,44.0,5.500996695558609e-08
12270,-21.9,45.0,3.8618806800989064e-08
12271,-21.9,46.0,2.6967609242990232e-08
12272,-21.9,47.0,1.8731483082675236e-08
12273,-21.9,48.0,1.294160082785525e-08
12274,-21.9,49.0,8.89385308538162e-09
12275,-21.9,50.0,6.079642118127881e-09
12276,-21.9,51.0,4.133825977590789e-09
12277,-21.9,52.0,2.7958410384738102e-09
12278,-21.9,53.0,1.8808703917405785e-09
12279,-21.9,54.0,1.2586105659423413e-09
12280,-21.9,55.0,8.377414132167992e-10
12281,-21.9,56.0,5.546444925074067e-10
12282,-21.9,57.0,3.6526287460452503e-10
12283,-21.9,58.0,2.3926681483912125e-10
12284,-21.9,59.0,1.558997832824224e-10
12285,-21.9,60.0,1.0104030822030638e-10
12286,-21.9,61.0,6.513732521479189e-11
12287,-21.9,62.0,4.1768731570891456e-11
12288,-21.9,63.0,2.6641505342781146e-11
12289,-21.9,64.0,1.6902554367412165e-11
12290,-21.9,65.0,1.0666747878958555e-11
12291,-21.9,66.0,6.695728358682126e-12
12292,-21.9,67.0,4.180706984273796e-12
12293,-21.9,68.0,2.5964964976876716e-12
12294,-21.9,69.0,1.6040276850507948e-12
12295,-21.9,70.0,9.8564854693208e-13
12296,-21.9,71.0,6.024464085440315e-13
12297,-21.9,72.0,3.662695888156095e-13
12298,-21.9,73.0,2.2149779623335647e-13
12299,-21.9,74.0,1.3323676082770368e-13
12300,-21.8,-75.0,3.306802928659332e-06
12301,-21.8,-74.0,4.378753000662127e-06
12302,-21.8,-73.0,5.767381629886635e-06
12303,-21.8,-72.0,7.556018962688455e-06
12304,-21.8,-71.0,9.846763248223826e-06
12305,-21.8,-70.0,1.2763802055497958e-05
12306,-21.8,-69.0,1.645707818108516e-05
12307,-21.8,-68.0,2.1106271078467034e-05
12308,-21.8,-67.0,2.6925042569469333e-05
12309,-21.8,-66.0,3.4165469489516134e-05
12310,-21.8,-65.0,4.312255600900409e-05
12311,-21.8,-64.0,5.413868519737106e-05
12312,-21.8,-63.0,6.76078338345911e-05
12313,-21.8,-62.0,8.397933779105545e-05
12314,-21.8,-61.0,0.00010376095916036749
12315,-21.8,-60.0,0.00012752097281271854
12316,-21.8,-59.0,0.00015588896158299319
12317,-21.8,-58.0,0.000189554988667229
12318,-21.8,-57.0,0.00022926680592536992
12319,-21.8,-56.0,0.000275824760688691
12320,-21.8,-55.0,0.00033007408423708034
12321,-21.8,-54.0,0.00039289428490066244
12322,-21.8,-53.0,0.00046518542973738485
12323,-21.8,-52.0,0.0005478511821098321
12324,-21.8,-51.0,0.000641778568336488
12325,-21.8,-50.0,0.0007478145737519186
12326,-21.8,-49.0,0.0008667398143539466
12327,-21.8,-48.0,0.0009992396926088133
12328,-21.8,-47.0,0.001145880238475501
12329,-21.8,-46.0,0.0013106196584698757
12330,-21.8,-45.0,0.00180244081231632
12331,-21.8,-44.0,0.006409277630986532
12332,-21.8,-43.0,0.013862340418763315
12333,-21.8,-42.0,0.012217829961309849
12334,-21.8,-41.0,0.015887259648985658
12335,-21.8,-40.0,0.008412929744695336
12336,-21.8,-39.0,0.00981088018724565
12337,-21.8,-38.0,0.01934938421004947
12338,-21.8,-37.0,0.009986776088795278
12339,-21.8,-36.0,0.004685301998667783
12340,-21.8,-35.0,0.012846317920624512
12341,-21.8,-34.0,0.026124764271509032
12342,-21.8,-33.0,0.014159640008390966
12343,-21.8,-32.0,0.01680225329280453
12344,-21.8,-31.0,0.03318634679442316
12345,-21.8,-30.0,0.017718270644391708
12346,-21.8,-29.0,0.021498620173737517
12347,-21.8,-28.0,0.04320941451877989
12348,-21.8,-27.0,0.02111229960752595
12349,-21.8,-26.0,0.008667130024368152
12350,-21.8,-25.0,0.031221545054307336
12351,-21.8,-24.0,0.06794493860377204
12352,-21.8,-23.0,0.03356032169737642
12353,-21.8,-22.0,0.04060269991437857
12354,-21.8,-21.0,0.08002437814541774
12355,-21.8,-20.0,0.03595773941378155
12356,-21.8,-19.0,0.008792265780816691
12357,-21.8,-18.0,0.022060693208445732
12358,-21.8,-17.0,0.04594138403839324
12359,-21.8,-16.0,0.022577431615638716
12360,-21.8,-15.0,0.018284352187637725
12361,-21.8,-14.0,0.03457734963216349
12362,-21.8,-13.0,0.016770955408766712
12363,-21.8,-12.0,0.005847988816407929
12364,-21.8,-11.0,0.012758460901828889
12365,-21.8,-10.0,0.02492738689420576
12366,-21.8,-9.0,0.012708344230028224
12367,-21.8,-8.0,0.010816252647032981
12368,-21.8,-7.0,0.01985523054033077
12369,-21.8,-6.0,0.009738524789611182
12370,-21.8,-5.0,0.0035167097759091384
12371,-21.8,-4.0,0.007599698801543569
12372,-21.8,-3.0,0.014818225947357738
12373,-21.8,-2.0,0.007145331996823691
12374,-21.8,-1.0,0.00216346562731617
12375,-21.8,0.0,0.0005929401803226238
12376,-21.8,1.0,0.0017020962725461553
12377,-21.8,2.0,0.004839430962837464
12378,-21.8,3.0,0.009836154773635471
12379,-21.8,4.0,0.004528771207545422
12380,-21.8,5.0,0.0012846089411873622
12381,-21.8,6.0,0.0035415373074881113
12382,-21.8,7.0,0.00750407424031438
12383,-21.8,8.0,0.0034965999338113707
12384,-21.8,9.0,0.00301488485026595
12385,-21.8,10.0,0.006195372577007987
12386,-21.8,11.0,0.002691519337597655
12387,-21.8,12.0,0.0005634136584640422
12388,-21.8,13.0,0.002139502007363843
12389,-21.8,14.0,0.004876330025445147
12390,-21.8,15.0,0.0021740897515165718
12391,-21.8,16.0,0.0018934588404917875
12392,-21.8,17.0,0.004124099118722423
12393,-21.8,18.0,0.001721605207158647
12394,-21.8,19.0,0.00026947849348719227
12395,-21.8,20.0,0.0013996597755976063
12396,-21.8,21.0,0.0033438830346440404
12397,-21.8,22.0,0.0014567140693462605
12398,-21.8,23.0,0.0012828086703511167
12399,-21.8,24.0,0.00288261401725895
12400,-21.8,25.0,0.0011821300786639937
12401,-21.8,26.0,0.0001570897303640092
12402,-21.8,27.0,0.00097926975266618
12403,-21.8,28.0,0.002385599936940961
12404,-21.8,29.0,0.0009741836312762444
12405,-21.8,30.0,6.989989059827142e-05
12406,-21.8,31.0,4.157304568824412e-06
12407,-21.8,32.0,2.579928879305694e-06
12408,-21.8,33.0,1.9307758085722115e-06
12409,-21.8,34.0,1.438041219080965e-06
12410,-21.8,35.0,1.065362852358109e-06
12411,-21.8,36.0,7.850734274409545e-07
12412,-21.8,37.0,5.75452424854151e-07
12413,-21.8,38.0,4.195608093989612e-07
12414,-21.8,39.0,3.042752939373057e-07
12415,-21.8,40.0,2.1949503872419615e-07
12416,-21.8,41.0,1.5749578431398983e-07
12417,-21.8,42.0,1.1240854867893273e-07
12418,-21.8,43.0,7.980239217595623e-08
12419,-21.8,44.0,5.635320582474199e-08
12420,-21.8,45.0,3.958288834645409e-08
12421,-21.8,46.0,2.765556045781394e-08
12422,-21.8,47.0,1.921956570237629e-08
12423,-21.8,48.0,1.328589433331281e-08
12424,-21.8,49.0,9.135327757335806e-09
12425,-21.8,50.0,6.248036906216666e-09
12426,-21.8,51.0,4.250589354525896e-09
12427,-21.8,52.0,2.876343997745527e-09
12428,-21.8,53.0,1.9360590899188465e-09
12429,-21.8,54.0,1.2962312896843445e-09
12430,-21.8,55.0,8.632418793970792e-10
12431,-21.8,56.0,5.718322048891732e-10
12432,-21.8,57.0,3.767825904323967e-10
12433,-21.8,58.0,2.469443831522046e-10
12434,-21.8,59.0,1.6098802959578764e-10
12435,-21.8,60.0,1.0439366023176054e-10
12436,-21.8,61.0,6.733498577633682e-11
12437,-21.8,62.0,4.320097296114118e-11
12438,-21.8,63.0,2.7569722247874018e-11
12439,-21.8,64.0,1.7500778218244284e-11
12440,-21.8,65.0,1.1050156759403221e-11
12441,-21.8,66.0,6.940098340908773e-12
12442,-21.8,67.0,4.335597102162382e-12
12443,-21.8,68.0,2.694128572164672e-12
12444,-21.8,69.0,1.6652284638108683e-12
12445,-21.8,70.0,1.023800744732074e-12
12446,-21.8,71.0,6.260992219293504e-13
12447,-21.8,72.0,3.8085266117181755e-13
12448,-21.8,73.0,2.304395043814383e-13
12449,-21.8,74.0,1.3868930696090516e-13
12450,-21.7,-75.0,3.237509245967366e-06
12451,-21.7,-74.0,4.289281417316228e-06
12452,-21.7,-73.0,5.652546869531739e-06
12453,-21.7,-72.0,7.409517203332038e-06
12454,-21.7,-71.0,9.660992764149555e-06
12455,-21.7,-70.0,1.2529672237184594e-05
12456,-21.7,-69.0,1.616381129456337e-05
12457,-21.7,-68.0,2.0741202912587927e-05
12458,-21.7,-67.0,2.647343015729577e-05
12459,-21.7,-66.0,3.3610316339728336e-05
12460,-21.7,-65.0,4.2444467680890836e-05
12461,-21.7,-64.0,5.3315770506330526e-05
12462,-21.7,-63.0,6.661566936132644e-05
12463,-21.7,-62.0,8.279101553321035e-05
12464,-21.7,-61.0,0.00010234723892752235
12465,-21.7,-60.0,0.00012585056211702057
12466,-21.7,-59.0,0.00015392894609341334
12467,-21.7,-58.0,0.00018727143554375818
12468,-21.7,-57.0,0.00022662556030543326
12469,-21.7,-56.0,0.0002727924520600386
12470,-21.7,-55.0,0.00032661935423997475
12471,-21.7,-54.0,0.00038898924116048374
12472,-21.7,-53.0,0.0004608073216228919
12473,-21.7,-52.0,0.00054298428393052
12474,-21.7,-51.0,0.0006364162436409472
12475,-21.7,-50.0,0.0007419614814032785
12476,-21.7,-49.0,0.0008604142034067002
12477,-21.7,-48.0,0.0009924757192925405
12478,-21.7,-47.0,0.0011387302309838916
12479,-21.7,-46.0,0.0013031591584078566
12480,-21.7,-45.0,0.001795022435202391
12481,-21.7,-44.0,0.0064054041301879
12482,-21.7,-43.0,0.013864401947021857
12483,-21.7,-42.0,0.012217278912981506
12484,-21.7,-41.0,0.015887941204736404
12485,-21.7,-40.0,0.00840954839066422
12486,-21.7,-39.0,0.009806157581267239
12487,-21.7,-38.0,0.019346614019303578
12488,-21.7,-37.0,0.009984354697107279
12489,-21.7,-36.0,0.0046834578453577745
12490,-21.7,-35.0,0.012840275384681226
12491,-21.7,-34.0,0.026111412467275864
12492,-21.7,-33.0,0.01415712203817174
12493,-21.7,-32.0,0.016790780907617476
12494,-21.7,-31.0,0.03315040247168078
12495,-21.7,-30.0,0.017710366403104364
12496,-21.7,-29.0,0.02146694573689303
12497,-21.7,-28.0,0.043112139888844124
12498,-21.7,-27.0,0.021089189951925
12499,-21.7,-26.0,0.008679026056754942
12500,-21.7,-25.0,0.031044932573728222
12501,-21.7,-24.0,0.06746759324618909
12502,-21.7,-23.0,0.033461350921669165
12503,-21.7,-22.0,0.04167197215097511
12504,-21.7,-21.0,0.08092121367196718
12505,-21.7,-20.0,0.036289723167715525
12506,-21.7,-19.0,0.008763945789961525
12507,-21.7,-18.0,0.02201458432802598
12508,-21.7,-17.0,0.0459058704839959
12509,-21.7,-16.0,0.022537701199017834
12510,-21.7,-15.0,0.018224507986717597
12511,-21.7,-14.0,0.0344903343011697
12512,-21.7,-13.0,0.016718829133094894
12513,-21.7,-12.0,0.005817697519006234
12514,-21.7,-11.0,0.012707751971265452
12515,-21.7,-10.0,0.02484031200980522
12516,-21.7,-9.0,0.012662567276561015
12517,-21.7,-8.0,0.010774312784746361
12518,-21.7,-7.0,0.019779337112470898
12519,-21.7,-6.0,0.009703550027131072
12520,-21.7,-5.0,0.0035069755236562345
12521,-21.7,-4.0,0.007571787196728339
12522,-21.7,-3.0,0.014757882131953752
12523,-21.7,-2.0,0.0071204114628174615
12524,-21.7,-1.0,0.0021614880329077083
12525,-21.7,0.0,0.0005862927557073621
12526,-21.7,1.0,0.001702368356625747
12527,-21.7,2.0,0.004823292294268048
12528,-21.7,3.0,0.009793923389047698
12529,-21.7,4.0,0.004513141584245045
12530,-21.7,5.0,0.001285002116051996
12531,-21.7,6.0,0.0035288052222804556
12532,-21.7,7.0,0.007468836285850446
12533,-21.7,8.0,0.0034827858929798853
12534,-21.7,9.0,0.0030026392990841477
12535,-21.7,10.0,0.006164158108631329
12536,-21.7,11.0,0.002679937155649632
12537,-21.7,12.0,0.0005635810244614689
12538,-21.7,13.0,0.0021296466944988055
12539,-21.7,14.0,0.004849502073764425
12540,-21.7,15.0,0.0021631782470225985
12541,-21.7,16.0,0.0018836494055066164
12542,-21.7,17.0,0.004100087245740552
12543,-21.7,18.0,0.001712263730341477
12544,-21.7,19.0,0.0002689264797925737
12545,-21.7,20.0,0.0013916321871263256
12546,-21.7,21.0,0.003323197237055837
12547,-21.7,22.0,0.0014479907014212207
12548,-21.7,23.0,0.0012749411846629823
12549,-21.7,24.0,0.0028641469599149146
12550,-21.7,25.0,0.001174722522665006
12551,-21.7,26.0,0.0001563223320779211
12552,-21.7,27.0,0.0009729170238527324
12553,-21.7,28.0,0.0023697636931745624
12554,-21.7,29.0,0.0009677806874263223
12555,-21.7,30.0,6.953554426277502e-05
12556,-21.7,31.0,4.2105356924505005e-06
12557,-21.7,32.0,2.625085399943244e-06
12558,-21.7,33.0,1.9656414693054577e-06
12559,-21.7,34.0,1.4647891778468292e-06
12560,-21.7,35.0,1.0857571051185511e-06
12561,-21.7,36.0,8.005284331914665e-07
12562,-21.7,37.0,5.870934973630972e-07
12563,-21.7,38.0,4.2827638553766023e-07
12564,-21.7,39.0,3.1076154964462544e-07
12565,-21.7,40.0,2.2429349258170225e-07
12566,-21.7,41.0,1.6102461867616053e-07
12567,-21.7,42.0,1.1498841011333255e-07
12568,-21.7,43.0,8.167742230202488e-08
12569,-21.7,44.0,5.7708013689435986e-08
12570,-21.7,45.0,4.0556116966166166e-08
12571,-21.7,46.0,2.8350631505775865e-08
12572,-21.7,47.0,1.971311388117937e-08
12573,-21.7,48.0,1.3634331319419972e-08
12574,-21.7,49.0,9.379907841920513e-09
12575,-21.7,50.0,6.41873450897347e-09
12576,-21.7,51.0,4.369043469856787e-09
12577,-21.7,52.0,2.9580766891057654e-09
12578,-21.7,53.0,1.9921342481990023e-09
12579,-21.7,54.0,1.3344855742830342e-09
12580,-21.7,55.0,8.891914406815479e-10
12581,-21.7,56.0,5.893357295681573e-10
12582,-21.7,57.0,3.88522681963265e-10
12583,-21.7,58.0,2.547745786411617e-10
12584,-21.7,59.0,1.6618120880821387e-10
12585,-21.7,60.0,1.0781863842092433e-10
12586,-21.7,61.0,6.958119450321828e-11
12587,-21.7,62.0,4.466589334305562e-11
12588,-21.7,63.0,2.85197869309323e-11
12589,-21.7,64.0,1.8113510876705405e-11
12590,-21.7,65.0,1.1443137155073528e-11
12591,-21.7,66.0,7.1907415231276135e-12
12592,-21.7,67.0,4.49457218845459e-12
12593,-21.7,68.0,2.7944037137194912e-12
12594,-21.7,69.0,1.728128557345751e-12
12595,-21.7,70.0,1.063038642072459e-12
12596,-21.7,71.0,6.504413819549364e-13
12597,-21.7,72.0,3.9587072235710193e-13
12598,-21.7,73.0,2.396540158381685e-13
12599,-21.7,74.0,1.4431190029455095e-13
12600,-21.6,-75.0,3.168658759814525e-06
12601,-21.6,-74.0,4.200300716243848e-06
12602,-21.6,-73.0,5.538235316609025e-06
12603,-21.6,-72.0,7.263543346471455e-06
12604,-21.6,-71.0,9.475710155238544e-06
12605,-21.6,-70.0,1.2295922320770837e-05
12606,-21.6,-69.0,1.5870717500122547e-05
12607,-21.6,-68.0,2.037596186459738e-05
12608,-21.6,-67.0,2.6021107958408408e-05
12609,-21.6,-66.0,3.305366014867307e-05
12610,-21.6,-65.0,4.176374523765459e-05
12611,-21.6,-64.0,5.248865276359715e-05
12612,-21.6,-63.0,6.56171738432166e-05
12613,-21.6,-62.0,8.159353030881828e-05
12614,-21.6,-61.0,0.00010092064897629716
12615,-21.6,-60.0,0.00012416250116840125
12616,-21.6,-59.0,0.000151945197517937
12617,-21.6,-58.0,0.00018495650532190626
12618,-21.6,-57.0,0.0002239434432730308
12619,-21.6,-56.0,0.0002697076093152674
12620,-21.6,-55.0,0.00032309791462696206
12621,-21.6,-54.0,0.0003850004330081303
12622,-21.6,-53.0,0.00045632513238625354
12623,-21.6,-52.0,0.0005379893351274328
12624,-21.6,-51.0,0.0006308978566879558
12625,-21.6,-50.0,0.000735919896950817
12626,-21.6,-49.0,0.0008538629030072359
12627,-21.6,-48.0,0.0009854437842930167
12628,-21.6,-47.0,0.0011312646639114615
12629,-21.6,-46.0,0.0012953291021186976
12630,-21.6,-45.0,0.0017870959470598642
12631,-21.6,-44.0,0.0063998415899353175
12632,-21.6,-43.0,0.013862872596652004
12633,-21.6,-42.0,0.012213541197973018
12634,-21.6,-41.0,0.015884499574894937
12635,-21.6,-40.0,0.008403902389818313
12636,-21.6,-39.0,0.009798818152284911
12637,-21.6,-38.0,0.01933884090426293
12638,-21.6,-37.0,0.009979226739004454
12639,-21.6,-36.0,0.004680203551480689
12640,-21.6,-35.0,0.012830856564321343
12641,-21.6,-34.0,0.026091495967273247
12642,-21.6,-33.0,0.01415088611551697
12643,-21.6,-32.0,0.016775105071240606
12644,-21.6,-31.0,0.0331065861841622
12645,-21.6,-30.0,0.01769807577820306
12646,-21.6,-29.0,0.021430537648573257
12647,-21.6,-28.0,0.043006062665603986
12648,-21.6,-27.0,0.02106145092108541
12649,-21.6,-26.0,0.008689086024566148
12650,-21.6,-25.0,0.030868351904632375
12651,-21.6,-24.0,0.06699296778364468
12652,-21.6,-23.0,0.03336738642540184
12653,-21.6,-22.0,0.042812814454477356
12654,-21.6,-21.0,0.08190784598878945
12655,-21.6,-20.0,0.03665717073372936
12656,-21.6,-19.0,0.008735982263998023
12657,-21.6,-18.0,0.021962007841609333
12658,-21.6,-17.0,0.04585711879894715
12659,-21.6,-16.0,0.022491201972495635
12660,-21.6,-15.0,0.018158562782324222
12661,-21.6,-14.0,0.03439184467788311
12662,-21.6,-13.0,0.016660985667897966
12663,-21.6,-12.0,0.0057852101258658185
12664,-21.6,-11.0,0.012652482394913291
12665,-21.6,-10.0,0.024744549536748622
12666,-21.6,-9.0,0.012612231605030808
12667,-21.6,-8.0,0.010728442231111671
12668,-21.6,-7.0,0.019696439857074134
12669,-21.6,-6.0,0.009665022636970997
12670,-21.6,-5.0,0.0034958174101299517
12671,-21.6,-4.0,0.007541077808783764
12672,-21.6,-3.0,0.014692302482188176
12673,-21.6,-2.0,0.00709287919937697
12674,-21.6,-1.0,0.002158608866261242
12675,-21.6,0.0,0.0005795005336873214
12676,-21.6,1.0,0.0017019305708321534
12677,-21.6,2.0,0.004805402081985931
12678,-21.6,3.0,0.009748271379548397
12679,-21.6,4.0,0.004495897250129048
12680,-21.6,5.0,0.0012848887457670413
12681,-21.6,6.0,0.0035148237520038635
12682,-21.6,7.0,0.00743103341309639
12683,-21.6,8.0,0.003467759113357014
12684,-21.6,9.0,0.002989354438242991
12685,-21.6,10.0,0.006130852621750685
12686,-21.6,11.0,0.002667437429057894
12687,-21.6,12.0,0.0005635451435856089
12688,-21.6,13.0,0.0021190711629513366
12689,-21.6,14.0,0.00482105162182218
12690,-21.6,15.0,0.002151541536569234
12691,-21.6,16.0,0.0018732120945273583
12692,-21.6,17.0,0.004074714428931327
12693,-21.6,18.0,0.0017023540977813404
12694,-21.6,19.0,0.000268285814419982
12695,-21.6,20.0,0.001383146554344967
12696,-21.6,21.0,0.003301416876950479
12697,-21.6,22.0,0.0014387913393118994
12698,-21.6,23.0,0.0012666562465727057
12699,-21.6,24.0,0.0028447406201949775
12700,-21.6,25.0,0.0011669304659437353
12701,-21.6,26.0,0.0001555049143289891
12702,-21.6,27.0,0.0009662474358539061
12703,-21.6,28.0,0.0023531539858143748
12704,-21.6,29.0,0.0009610623057654451
12705,-21.6,30.0,6.914918151638387e-05
12706,-21.6,31.0,4.26298729717575e-06
12707,-21.6,32.0,2.6698804572022505e-06
12708,-21.6,33.0,2.000273109053776e-06
12709,-21.6,34.0,1.491390740932257e-06
12710,-21.6,35.0,1.1060642136683138e-06
12711,-21.6,36.0,8.159353990460322e-07
12712,-21.6,37.0,5.98711561442916e-07
12713,-21.6,38.0,4.369843375184178e-07
12714,-21.6,39.0,3.1724909654290965e-07
12715,-21.6,40.0,2.2909793061340333e-07
12716,-21.6,41.0,1.6456146779274342e-07
12717,-21.6,42.0,1.1757671571398809e-07
12718,-21.6,43.0,8.356042940608134e-08
12719,-21.6,44.0,5.9069888585627955e-08
12720,-21.6,45.0,4.153534088541593e-08
12721,-21.6,46.0,2.9050628774733775e-08
12722,-21.6,47.0,2.0210609841593314e-08
12723,-21.6,48.0,1.3985867807796691e-08
12724,-21.6,49.0,9.626879498940217e-09
12725,-21.6,50.0,6.591249719541564e-09
12726,-21.6,51.0,4.4888604858434034e-09
12727,-21.6,52.0,3.0408189284588933e-09
12728,-21.6,53.0,2.048948873807566e-09
12729,-21.6,54.0,1.3732758812093828e-09
12730,-21.6,55.0,9.155257671934922e-10
12731,-21.6,56.0,6.071128978136153e-10
12732,-21.6,57.0,4.0045567700145794e-10
12733,-21.6,58.0,2.627396142698385e-10
12734,-21.6,59.0,1.7146787628427004e-10
12735,-21.6,60.0,1.1130792520691306e-10
12736,-21.6,61.0,7.187130220467649e-11
12737,-21.6,62.0,4.6160557728682237e-11
12738,-21.6,63.0,2.9489858506559696e-11
12739,-21.6,64.0,1.873960522463316e-11
12740,-21.6,65.0,1.1844978970428002e-11
12741,-21.6,66.0,7.447221273732732e-12
12742,-21.6,67.0,4.657365580896649e-12
12743,-21.6,68.0,2.8971601854242034e-12
12744,-21.6,69.0,1.7926305551938365e-12
12745,-21.6,70.0,1.1033039895452013e-12
12746,-21.6,71.0,6.754383106342918e-13
12747,-21.6,72.0,4.113033994428709e-13
12748,-21.6,73.0,2.491294191488425e-13
12749,-21.6,74.0,1.5009763155991529e-13
12750,-21.5,-75.0,3.100181507749025e-06
12751,-21.5,-74.0,4.111718969136983e-06
12752,-21.5,-73.0,5.424326631235111e-06
12753,-21.5,-72.0,7.117940449012845e-06
12754,-21.5,-71.0,9.290711510878304e-06
12755,-21.5,-70.0,1.2062288374463327e-05
12756,-21.5,-69.0,1.5577456480603344e-05
12757,-21.5,-68.0,2.0010110815991918e-05
12758,-21.5,-67.0,2.556751670749478e-05
12759,-21.5,-66.0,3.249478819863137e-05
12760,-21.5,-65.0,4.10794840437848e-05
12761,-21.5,-64.0,5.165618840732769e-05
12762,-21.5,-63.0,6.461090766106368e-05
12763,-21.5,-62.0,8.038507740407779e-05
12764,-21.5,-61.0,9.947893656350309e-05
12765,-21.5,-60.0,0.00012245399016698743
12766,-21.5,-59.0,0.0001499342514943807
12767,-21.5,-58.0,0.0001826059305402521
12768,-21.5,-57.0,0.0002212152220156201
12769,-21.5,-56.0,0.0002665638455606094
12770,-21.5,-55.0,0.0003195020064390198
12771,-21.5,-54.0,0.0003809184794775728
12772,-21.5,-53.0,0.00045172757462503074
12773,-21.5,-52.0,0.0005328528207079344
12774,-21.5,-51.0,0.0006252073052082204
12775,-21.5,-50.0,0.0007296707313985223
12776,-21.5,-49.0,0.0008470633977244311
12777,-21.5,-48.0,0.0009781174661825365
12778,-21.5,-47.0,0.0011234526916614584
12779,-21.5,-46.0,0.0012870935447388439
12780,-21.5,-45.0,0.0017786090732190166
12781,-21.5,-44.0,0.006392381046379855
12782,-21.5,-43.0,0.013857289641176813
12783,-21.5,-42.0,0.01220621116176651
12784,-21.5,-41.0,0.015876405433485737
12785,-21.5,-40.0,0.008395715437982754
12786,-21.5,-39.0,0.009788539640393895
12787,-21.5,-38.0,0.019325421729508154
12788,-21.5,-37.0,0.009971061763399281
12789,-21.5,-36.0,0.0046753851413932485
12790,-21.5,-35.0,0.012817636250781663
12791,-21.5,-34.0,0.026064148891363652
12792,-21.5,-33.0,0.014140458823196237
12793,-21.5,-32.0,0.016754666491622914
12794,-21.5,-31.0,0.03305380144419291
12795,-21.5,-30.0,0.017680802859943712
12796,-21.5,-29.0,0.021388672789490963
12797,-21.5,-28.0,0.04288974782421682
12798,-21.5,-27.0,0.021028363831702496
12799,-21.5,-26.0,0.008696966659182936
12800,-21.5,-25.0,0.030690350700836776
12801,-21.5,-24.0,0.06651784441053664
12802,-21.5,-23.0,0.033278059315419294
12803,-21.5,-22.0,0.04404111274714137
12804,-21.5,-21.0,0.0830069812164191
12805,-21.5,-20.0,0.03706907356023837
12806,-21.5,-19.0,0.008708487067528775
12807,-21.5,-18.0,0.021901104719542094
12808,-21.5,-17.0,0.045791167046141695
12809,-21.5,-16.0,0.022436010796319458
12810,-21.5,-15.0,0.018084969549893578
12811,-21.5,-14.0,0.034278912545321616
12812,-21.5,-13.0,0.016595999915875532
12813,-21.5,-12.0,0.00575004715299697
12814,-21.5,-11.0,0.012591578778202016
12815,-21.5,-10.0,0.024637981779874415
12816,-21.5,-9.0,0.012556260705932604
12817,-21.5,-8.0,0.010677728190403368
12818,-21.5,-7.0,0.019604858631457524
12819,-21.5,-6.0,0.009622116326224499
12820,-21.5,-5.0,0.0034829340006976312
12821,-21.5,-4.0,0.007506926053178018
12822,-21.5,-3.0,0.014620236525615423
12823,-21.5,-2.0,0.007062126778103604
12824,-21.5,-1.0,0.0021546365769236544
12825,-21.5,0.0,0.0005725185057922213
12826,-21.5,1.0,0.0017006293477285234
12827,-21.5,2.0,0.004785346449550103
12828,-21.5,3.0,0.009698370348154158
12829,-21.5,4.0,0.004476651433375255
12830,-21.5,5.0,0.001284152315433849
12831,-21.5,6.0,0.0034992909552406565
12832,-21.5,7.0,0.007390037444421464
12833,-21.5,8.0,0.003451223165570115
12834,-21.5,9.0,0.0029747750751419207
12835,-21.5,10.0,0.00609494030508013
12836,-21.5,11.0,0.0026537932329952314
12837,-21.5,12.0,0.0005632547957727485
12838,-21.5,13.0,0.0021075958883276917
12839,-21.5,14.0,0.0047905757459105296
12840,-21.5,15.0,0.0021389984751210606
12841,-21.5,16.0,0.0018619895522329678
12842,-21.5,17.0,0.004047641711745595
12843,-21.5,18.0,0.001691733843047808
12844,-21.5,19.0,0.0002675329041528782
12845,-21.5,20.0,0.0013740876420637533
12846,-21.5,21.0,0.0032782687840130042
12847,-21.5,22.0,0.0014289965767970271
12848,-21.5,23.0,0.0012578489518354865
12849,-21.5,24.0,0.002824160366445656
12850,-21.5,25.0,0.0011586574610389136
12851,-21.5,26.0,0.00015462436204962464
12852,-21.5,27.0,0.0009591813794465996
12853,-21.5,28.0,0.0023355773715722263
12854,-21.5,29.0,0.000953949406586622
12855,-21.5,30.0,6.873500163006705e-05
12856,-21.5,31.0,4.3142155276343585e-06
12857,-21.5,32.0,2.7140233592463535e-06
12858,-21.5,33.0,2.034452394645491e-06
12859,-21.5,34.0,1.517682776827119e-06
12860,-21.5,35.0,1.1261629731215377e-06
12861,-21.5,36.0,8.312047754259725e-07
12862,-21.5,37.0,6.102408262973168e-07
12863,-21.5,38.0,4.4563660112407245e-07
12864,-21.5,39.0,3.2370301813939363e-07
12865,-21.5,40.0,2.3388313031849307e-07
12866,-21.5,41.0,1.6808821446137644e-07
12867,-21.5,42.0,1.201605254255879e-07
12868,-21.5,43.0,8.544222340272239e-08
12869,-21.5,44.0,6.043234061878071e-08
12870,-21.5,45.0,4.2516003025752316e-08
12871,-21.5,46.0,2.9752370543927256e-08
12872,-21.5,47.0,2.0709844765113348e-08
12873,-21.5,48.0,1.4338979128187336e-08
12874,-21.5,49.0,9.875196310801798e-09
12875,-21.5,50.0,6.76486846529898e-09
12876,-21.5,51.0,4.6095559147985295e-09
12877,-21.5,52.0,3.124243886796455e-09
12878,-21.5,53.0,2.106283761923756e-09
12879,-21.5,54.0,1.4124560381635669e-09
12880,-21.5,55.0,9.421479510769634e-10
12881,-21.5,56.0,6.250998355150312e-10
12882,-21.5,57.0,4.1253971977718463e-10
12883,-21.5,58.0,2.708122227137528e-10
12884,-21.5,59.0,1.7683037253787622e-10
12885,-21.5,60.0,1.1485015078545422e-10
12886,-21.5,61.0,7.419803179079154e-11
12887,-21.5,62.0,4.768033610649254e-11
12888,-21.5,63.0,3.047700867864704e-11
12889,-21.5,64.0,1.9377220300615203e-11
12890,-21.5,65.0,1.225453178011124e-11
12891,-21.5,66.0,7.70882302637443e-12
12892,-21.5,67.0,4.823536133615647e-12
12893,-21.5,68.0,3.0021273040240866e-12
12894,-21.5,69.0,1.8585693894380004e-12
12895,-21.5,70.0,1.1444967486556176e-12
12896,-21.5,71.0,7.010297583624726e-13
12897,-21.5,72.0,4.2711463445594893e-13
12898,-21.5,73.0,2.5884427139993613e-13
12899,-21.5,74.0,1.5603383081743064e-13
12900,-21.4,-75.0,3.031956980091532e-06
12901,-21.4,-74.0,4.023376975157273e-06
12902,-21.4,-73.0,5.310611420407832e-06
12903,-21.4,-72.0,6.972434312248471e-06
12904,-21.4,-71.0,9.105639355046834e-06
12905,-21.4,-70.0,1.1828306420212847e-05
12906,-21.4,-69.0,1.528342871188602e-05
12907,-21.4,-68.0,1.9642878573283375e-05
12908,-21.4,-67.0,2.511166886288582e-05
12909,-21.4,-66.0,3.1932441650998e-05
12910,-21.4,-65.0,4.0390086772613744e-05
12911,-21.4,-64.0,5.081635994251613e-05
12912,-21.4,-63.0,6.359433444984621e-05
12913,-21.4,-62.0,7.916248303928599e-05
12914,-21.4,-61.0,9.801814900183581e-05
12915,-21.4,-60.0,0.00012072012970538884
12916,-21.4,-59.0,0.00014789006415798266
12917,-21.4,-58.0,0.00018021229142456402
12918,-21.4,-57.0,0.00021843183177631647
12919,-21.4,-56.0,0.0002633501404296121
12920,-21.4,-55.0,0.00031581829767315825
12921,-21.4,-54.0,0.00037672733187850643
12922,-21.4,-53.0,0.0004469954256452942
12923,-21.4,-52.0,0.0005275518317141153
12924,-21.4,-51.0,0.0006193174248601554
12925,-21.4,-50.0,0.0007231819381043998
12926,-21.4,-49.0,0.0008399780741646059
12927,-21.4,-48.0,0.0009704528445155758
12928,-21.4,-47.0,0.0011152432935578323
12929,-21.4,-46.0,0.0012783933355434217
12930,-21.4,-45.0,0.0017694770320706478
12931,-21.4,-44.0,0.0063826929867592756
12932,-21.4,-43.0,0.013846927307702147
12933,-21.4,-42.0,0.012194651857798266
12934,-21.4,-41.0,0.015862828367097247
12935,-21.4,-40.0,0.008384552756345049
12936,-21.4,-39.0,0.009774815103021929
12937,-21.4,-38.0,0.019305347412890562
12938,-21.4,-37.0,0.009959340921955537
12939,-21.4,-36.0,0.0046687607109283154
12940,-21.4,-35.0,0.01279994734342079
12941,-21.4,-34.0,0.02602801303281497
12942,-21.4,-33.0,0.014125099258691017
12943,-21.4,-32.0,0.016728589978063264
12944,-21.4,-31.0,0.032990329801903466
12945,-21.4,-30.0,0.01765761771117472
12946,-21.4,-29.0,0.021340227097352272
12947,-21.4,-28.0,0.042760960605469425
12948,-21.4,-27.0,0.020988814584924312
12949,-21.4,-26.0,0.00870216110769418
12950,-21.4,-25.0,0.030508962285477562
12951,-21.4,-24.0,0.06603792259791107
12952,-21.4,-23.0,0.033193012787002346
12953,-21.4,-22.0,0.04538045893991237
12954,-21.4,-21.0,0.08425290207793805
12955,-21.4,-20.0,0.03753900325299791
12956,-21.4,-19.0,0.008681622306419286
12957,-21.4,-18.0,0.0218290531117477
12958,-21.4,-17.0,0.04570200550047191
12959,-21.4,-16.0,0.022369210565145552
12960,-21.4,-15.0,0.018001391654708144
12961,-21.4,-14.0,0.03414706193919893
12962,-21.4,-13.0,0.016521721326557215
12963,-21.4,-12.0,0.005711483344219805
12964,-21.4,-11.0,0.012523422406075487
12965,-21.4,-10.0,0.024517418347374077
12966,-21.4,-9.0,0.012493032401845674
12967,-21.4,-8.0,0.010620795225338183
12968,-21.4,-7.0,0.0195020626835793
12969,-21.4,-6.0,0.009573586805627475
12970,-21.4,-5.0,0.0034678718601903946
12971,-21.4,-4.0,0.007468361580847455
12972,-21.4,-3.0,0.014539801009372872
12973,-21.4,-2.0,0.007027238701469262
12974,-21.4,-1.0,0.002149284030941592
12975,-21.4,0.0,0.0005652784141409789
12976,-21.4,1.0,0.0016982349322918974
12977,-21.4,2.0,0.004762503084766466
12978,-21.4,3.0,0.009642972847780849
12979,-21.4,4.0,0.0044548225023299665
12980,-21.4,5.0,0.0012826186005385019
12981,-21.4,6.0,0.0034817527361463933
12982,-21.4,7.0,0.007344901978928725
12983,-21.4,8.0,0.0034327319933492736
12984,-21.4,9.0,0.0029585171621146615
12985,-21.4,10.0,0.006055643674745557
12986,-21.4,11.0,0.0026386629221610163
12987,-21.4,12.0,0.0005626333822551789
12988,-21.4,13.0,0.0020949504725096576
12989,-21.4,14.0,0.0047574667015729865
12990,-21.4,15.0,0.0021252760365043062
12991,-21.4,16.0,0.0018497445548066403
12992,-21.4,17.0,0.004018357589149538
12993,-21.4,18.0,0.0016801880991987744
12994,-21.4,19.0,0.00026663232815550255
12995,-21.4,20.0,0.0013642815746199735
12996,-21.4,21.0,0.0032533405108215183
12997,-21.4,22.0,0.0014184261741768758
12998,-21.4,23.0,0.0012483609196675186
12999,-21.4,24.0,0.0028020518314373073
13000,-21.4,25.0,0.0011497578657774453
13001,-21.4,26.0,0.0001536609011543566
13002,-21.4,27.0,0.0009515986042956024
13003,-21.4,28.0,0.0023167416025959265
13004,-21.4,29.0,0.0009463225261495026
13005,-21.4,30.0,6.828425239933639e-05
13006,-21.4,31.0,4.363558433007298e-06
13007,-21.4,32.0,2.7570810570497586e-06
13008,-21.4,33.0,2.067853749028487e-06
13009,-21.4,34.0,1.5434217610472885e-06
13010,-21.4,35.0,1.1458722348120591e-06
13011,-21.4,36.0,8.462025547543146e-07
13012,-21.4,37.0,6.215827040777675e-07
13013,-21.4,38.0,4.541610464508135e-07
13014,-21.4,39.0,3.300708332844741e-07
13015,-21.4,40.0,2.3861111777801413e-07
13016,-21.4,41.0,1.7157753371606122e-07
13017,-21.4,42.0,1.2272028577210233e-07
13018,-21.4,43.0,8.730888951002407e-08
13019,-21.4,44.0,6.178552254197477e-08
13020,-21.4,45.0,4.349117332562627e-08
13021,-21.4,46.0,3.0451006821826214e-08
13022,-21.4,47.0,2.1207443259806023e-08
13023,-21.4,48.0,1.4691329218318823e-08
13024,-21.4,49.0,1.0123250525126138e-08
13025,-21.4,50.0,6.938490408746294e-09
13026,-21.4,51.0,4.730380894280167e-09
13027,-21.4,52.0,3.2078447545080337e-09
13028,-21.4,53.0,2.1637978363183765e-09
13029,-21.4,54.0,1.4517977908657576e-09
13030,-21.4,55.0,9.68906097082751e-10
13031,-21.4,56.0,6.431960292590889e-10
13032,-21.4,57.0,4.247086716809053e-10
13033,-21.4,58.0,2.789491293002435e-10
13034,-21.4,59.0,1.822405425042038e-10
13035,-21.4,60.0,1.184271005657622e-10
13036,-21.4,61.0,7.654966620845944e-11
13037,-21.4,62.0,4.9217733863529445e-11
13038,-21.4,63.0,3.147647086188575e-11
13039,-21.4,64.0,2.0023341792956644e-11
13040,-21.4,65.0,1.2669900246442284e-11
13041,-21.4,66.0,7.974361838133639e-12
13042,-21.4,67.0,4.992347274782569e-12
13043,-21.4,68.0,3.108849836510473e-12
13044,-21.4,69.0,1.9256653248732353e-12
13045,-21.4,70.0,1.1864460168126386e-12
13046,-21.4,71.0,7.271119170264265e-13
13047,-21.4,72.0,4.432417389334546e-13
13048,-21.4,73.0,2.687609360521465e-13
13049,-21.4,74.0,1.6209803396725864e-13
13050,-21.3,-75.0,2.9637704658554717e-06
13051,-21.3,-74.0,3.9349901225335714e-06
13052,-21.3,-73.0,5.196714221020133e-06
13053,-21.3,-72.0,6.8265319984421216e-06
13054,-21.3,-71.0,8.919849634957772e-06
13055,-21.3,-70.0,1.1593139026392133e-05
13056,-21.3,-69.0,1.498755059305867e-05
13057,-21.3,-68.0,1.927286981324288e-05
13058,-21.3,-67.0,2.465177646016466e-05
13059,-21.3,-66.0,3.1364340612942934e-05
13060,-21.3,-65.0,3.96926605184773e-05
13061,-21.3,-64.0,4.9965514694296115e-05
13062,-21.3,-63.0,6.256286500742918e-05
13063,-21.3,-62.0,7.792000994527992e-05
13064,-21.3,-61.0,9.65311494256711e-05
13065,-21.3,-60.0,0.0001189520862099974
13066,-21.3,-59.0,0.00014580175662537207
13067,-21.3,-58.0,0.00017776225756314012
13068,-21.3,-57.0,0.00021557702056408253
13069,-21.3,-56.0,0.00026004678032721837
13070,-21.3,-55.0,0.00031202299726424467
13071,-21.3,-54.0,0.0003723984246088633
13072,-21.3,-53.0,0.0004420945624577674
13073,-21.3,-52.0,0.0005220458156286894
13074,-21.3,-51.0,0.0006131802700583084
13075,-21.3,-50.0,0.0007163971231032803
13076,-21.3,-49.0,0.0008325409446081151
13077,-21.3,-48.0,0.0009623731065033521
13078,-21.3,-47.0,0.0011065475207473283
13079,-21.3,-46.0,0.0012691256924232043
13080,-21.3,-45.0,0.0017595539395485
13081,-21.3,-44.0,0.006370221565889851
13082,-21.3,-43.0,0.013830566073692504
13083,-21.3,-42.0,0.012177792153745443
13084,-21.3,-41.0,0.015842372780535286
13085,-21.3,-40.0,0.008369681978859508
13086,-21.3,-39.0,0.009756790806957632
13087,-21.3,-38.0,0.01927692191179398
13088,-21.3,-37.0,0.009943191568807661
13089,-21.3,-36.0,0.004659923078241478
13090,-21.3,-35.0,0.012776668528781994
13091,-21.3,-34.0,0.02598080600540031
13092,-21.3,-33.0,0.014103564269991695
13093,-21.3,-32.0,0.01669540720525063
13094,-21.3,-31.0,0.0329132852702937
13095,-21.3,-30.0,0.017626963235130567
13096,-21.3,-29.0,0.021283323333905608
13097,-21.3,-28.0,0.04261596395065152
13098,-21.3,-27.0,0.020940946321124376
13099,-21.3,-26.0,0.008703852112573704
13100,-21.3,-25.0,0.03032120602739511
13101,-21.3,-24.0,0.0655467505145844
13102,-21.3,-23.0,0.033111878655362595
13103,-21.3,-22.0,0.046869118620249145
13104,-21.3,-21.0,0.08570212684194739
13105,-21.3,-20.0,0.03808932741445913
13106,-21.3,-19.0,0.008655644718504127
13107,-21.3,-18.0,0.021741182702199064
13108,-21.3,-17.0,0.04557969631217876
13109,-21.3,-16.0,0.02228597633463815
13110,-21.3,-15.0,0.017903976134399636
13111,-21.3,-14.0,0.03398892347199303
13112,-21.3,-13.0,0.016434606412575856
13113,-21.3,-12.0,0.005668320587063544
13114,-21.3,-11.0,0.012445346721580878
13115,-21.3,-10.0,0.024377608689752743
13116,-21.3,-9.0,0.012419876301078969
13117,-21.3,-8.0,0.010555378935029074
13118,-21.3,-7.0,0.019383887140717218
13119,-21.3,-6.0,0.00951738677973048
13120,-21.3,-5.0,0.0034498855779781655
13121,-21.3,-4.0,0.007423788154418958
13122,-21.3,-3.0,0.014447896785405817
13123,-21.3,-2.0,0.006986709615271898
13124,-21.3,-1.0,0.002142080731002771
13125,-21.3,0.0,0.0005576671063394678
13126,-21.3,1.0,0.0016943715373676277
13127,-21.3,2.0,0.00473584936061532
13128,-21.3,3.0,0.009580026144315482
13129,-21.3,4.0,0.004429454578331603
13130,-21.3,5.0,0.0012800028106873275
13131,-21.3,6.0,0.003461462753778798
13132,-21.3,7.0,0.007294068934952514
13133,-21.3,8.0,0.0034115520906650783
13134,-21.3,9.0,0.0029399490916470696
13135,-21.3,10.0,0.006011682152268406
13136,-21.3,11.0,0.002621484415245542
13137,-21.3,12.0,0.0005615557045526934
13138,-21.3,13.0,0.00208068986947965
13139,-21.3,14.0,0.004720722824958947
13140,-21.3,15.0,0.002109924556494051
13141,-21.3,16.0,0.0018360863173846709
13142,-21.3,17.0,0.003986018624962755
13143,-21.3,18.0,0.0016673627705451068
13144,-21.3,19.0,0.00026552598468182074
13145,-21.3,20.0,0.0013534416829080167
13146,-21.3,21.0,0.003225951607878202
13147,-21.3,22.0,0.0014067828550505933
13148,-21.3,23.0,0.00123793087543323
13149,-21.3,24.0,0.00277783020857846
13150,-21.3,25.0,0.0011399913718420991
13151,-21.3,26.0,0.00015258195999999797
13152,-21.3,27.0,0.0009433006403785925
13153,-21.3,28.0,0.002296164240197401
13154,-21.3,29.0,0.0009379844696557097
13155,-21.3,30.0,6.778250799176477e-05
13156,-21.3,31.0,4.409940545625932e-06
13157,-21.3,32.0,2.7983513572929445e-06
13158,-21.3,33.0,2.099948916778309e-06
13159,-21.3,34.0,1.5682122933075273e-06
13160,-21.3,35.0,1.1648976481548228e-06
13161,-21.3,36.0,8.607108022939276e-07
13162,-21.3,37.0,6.325767149522222e-07
13163,-21.3,38.0,4.624401443078511e-07
13164,-21.3,39.0,3.362669365777558e-07
13165,-21.3,40.0,2.4321987958826053e-07
13166,-21.3,41.0,1.749847471350435e-07
13167,-21.3,42.0,1.2522398298624217e-07
13168,-21.3,43.0,8.91376137351365e-08
13169,-21.3,44.0,6.311326509247769e-08
13170,-21.3,45.0,4.4449454474961445e-08
13171,-21.3,46.0,3.1138547796554525e-08
13172,-21.3,47.0,2.169783485894254e-08
13173,-21.3,48.0,1.503905559828287e-08
13174,-21.3,49.0,1.0368378601722583e-08
13175,-21.3,50.0,7.110288840846634e-09
13176,-21.3,51.0,4.850089489520969e-09
13177,-21.3,52.0,3.2907763778679206e-09
13178,-21.3,53.0,2.2209209468512457e-09
13179,-21.3,54.0,1.490918619015759e-09
13180,-21.3,55.0,9.95544976198971e-10
13181,-21.3,56.0,6.612321176511498e-10
13182,-21.3,57.0,4.3685076763466635e-10
13183,-21.3,58.0,2.8707698344162054e-10
13184,-21.3,59.0,1.876505115744878e-10
13185,-21.3,60.0,1.220076996725162e-10
13186,-21.3,61.0,7.890614622276452e-11
13187,-21.3,62.0,5.075987389037488e-11
13188,-21.3,63.0,3.2480024151112264e-11
13189,-21.3,64.0,2.067275035387443e-11
13190,-21.3,65.0,1.3087788983912542e-11
13191,-21.3,66.0,8.2417685799179e-12
13192,-21.3,67.0,5.162507017190169e-12
13193,-21.3,68.0,3.2165255214328204e-12
13194,-21.3,69.0,1.9934229587059825e-12
13195,-21.3,70.0,1.2288475770482113e-12
13196,-21.3,71.0,7.534990111366753e-13
13197,-21.3,72.0,4.595718968403777e-13
13198,-21.3,73.0,2.788112847326363e-13
13199,-21.3,74.0,1.682493284000112e-13
13200,-21.2,-75.0,2.8951956517698143e-06
13201,-21.2,-74.0,3.845992098801223e-06
13202,-21.2,-73.0,5.081886545071324e-06
13203,-21.2,-72.0,6.679249242939462e-06
13204,-21.2,-71.0,8.73205459319033e-06
13205,-21.2,-70.0,1.1355109907102464e-05
13206,-21.2,-69.0,1.4687651169935693e-05
13207,-21.2,-68.0,1.8897287240088572e-05
13208,-21.2,-67.0,2.4184253519232074e-05
13209,-21.2,-66.0,3.078591151093188e-05
13210,-21.2,-65.0,3.8981401937691556e-05
13211,-21.2,-64.0,4.90963265725319e-05
13212,-21.2,-63.0,6.150729835434875e-05
13213,-21.2,-62.0,7.664616176639636e-05
13214,-21.2,-61.0,9.500364734450008e-05
13215,-21.2,-60.0,0.0001171321874493909
13216,-21.2,-59.0,0.00014364758739875876
13217,-21.2,-58.0,0.00017522921938535295
13218,-21.2,-57.0,0.00021261838926336262
13219,-21.2,-56.0,0.0002566145213776238
13220,-21.2,-55.0,0.00030806881724138724
13221,-21.2,-54.0,0.0003678750729302914
13222,-21.2,-53.0,0.00043695739000150047
13223,-21.2,-52.0,0.0005162545873209441
13224,-21.2,-51.0,0.0006067012171886276
13225,-21.2,-50.0,0.000709205208195561
13226,-21.2,-49.0,0.0008246222975229801
13227,-21.2,-48.0,0.000953727575585335
13228,-21.2,-47.0,0.001097191260746802
13229,-21.2,-46.0,0.0012590898759677854
13230,-21.2,-45.0,0.0017485568405925672
13231,-21.2,-44.0,0.006353904282291223
13232,-21.2,-43.0,0.01380588162560612
13233,-21.2,-42.0,0.01215358927229963
13234,-21.2,-41.0,0.01581237836286978
13235,-21.2,-40.0,0.008349704542779574
13236,-21.2,-39.0,0.009732836668439332
13237,-21.2,-38.0,0.019236911815159814
13238,-21.2,-37.0,0.00992094903411644
13239,-21.2,-36.0,0.00464809479225496
13240,-21.2,-35.0,0.012745661671892554
13241,-21.2,-34.0,0.02591817695897484
13242,-21.2,-33.0,0.014073486495516877
13243,-21.2,-32.0,0.016652322030723452
13244,-21.2,-31.0,0.03281716825339483
13245,-21.2,-30.0,0.017585878500279237
13246,-21.2,-29.0,0.021214397342114184
13247,-21.2,-28.0,0.042447655256976864
13248,-21.2,-27.0,0.020881238880665697
13249,-21.2,-26.0,0.008700524296119378
13250,-21.2,-25.0,0.030121772036119817
13251,-21.2,-24.0,0.0650329132650414
13252,-21.2,-23.0,0.03303422167890997
13253,-21.2,-22.0,0.048578461461831264
13254,-21.2,-21.0,0.08746180149900266
13255,-21.2,-20.0,0.03876243807253377
13256,-21.2,-19.0,0.008631022151911201
13257,-21.2,-18.0,0.021628617809984325
13258,-21.2,-17.0,0.045405373243053236
13259,-21.2,-16.0,0.022177143672726385
13260,-21.2,-15.0,0.017785418081491276
13261,-21.2,-14.0,0.033790545189416155
13262,-21.2,-13.0,0.01632794098681034
13263,-21.2,-12.0,0.005618282235978207
13264,-21.2,-11.0,0.012352298094831852
13265,-21.2,-10.0,0.024208611366239398
13266,-21.2,-9.0,0.012331734769982235
13267,-21.2,-8.0,0.010477189805581577
13268,-21.2,-7.0,0.019242445160023217
13269,-21.2,-6.0,0.00944964004963608
13270,-21.2,-5.0,0.0034275648637725974
13271,-21.2,-4.0,0.00737018387860745
13272,-21.2,-3.0,0.014338654725696362
13273,-21.2,-2.0,0.006937690827631516
13274,-21.2,-1.0,0.0021321391823881652
13275,-21.2,0.0,0.0005494686368034856
13276,-21.2,1.0,0.0016883315516422845
13277,-21.2,2.0,0.004703451131281145
13278,-21.2,3.0,0.00950564274219552
13279,-21.2,4.0,0.004398739598400083
13280,-21.2,5.0,0.0012757690186692274
13281,-21.2,6.0,0.003437009160034763
13282,-21.2,7.0,0.00723458621849129
13283,-21.2,8.0,0.003386295222775872
13284,-21.2,9.0,0.0029178753487426037
13285,-21.2,10.0,0.005960628345421182
13286,-21.2,11.0,0.002601193432088917
13287,-21.2,12.0,0.0005597862215475338
13288,-21.2,13.0,0.0020639710700863173
13289,-21.2,14.0,0.004678444206416288
13290,-21.2,15.0,0.002092091748713413
13291,-21.2,16.0,0.0018202739944986972
13292,-21.2,17.0,0.003949024305438031
13293,-21.2,18.0,0.0016525863130419428
13294,-21.2,19.0,0.00026410420300286043
13295,-21.2,20.0,0.0013410240639392618
13296,-21.2,21.0,0.0031948101871091894
13297,-21.2,22.0,0.0013935023752905005
13298,-21.2,23.0,0.0012260628119425679
13299,-21.2,24.0,0.002750384859656056
13300,-21.2,25.0,0.0011289016835935532
13301,-21.2,26.0,0.00015132580556010571
13302,-21.2,27.0,0.0009339105233751825
13303,-21.2,28.0,0.002272928776293465
13304,-21.2,29.0,0.0009285606491806099
13305,-21.2,30.0,6.720241117407094e-05
13306,-21.2,31.0,4.451356854067982e-06
13307,-21.2,32.0,2.8365288307843098e-06
13308,-21.2,33.0,2.129755568425655e-06
13309,-21.2,34.0,1.5913188548657495e-06
13310,-21.2,35.0,1.1826914548926097e-06
13311,-21.2,36.0,8.743237835615317e-07
13312,-21.2,37.0,6.429239409753119e-07
13313,-21.2,38.0,4.702548572065943e-07
13314,-21.2,39.0,3.4213168841467233e-07
13315,-21.2,40.0,2.475936932201208e-07
13316,-21.2,41.0,1.7822641945584095e-07
13317,-21.2,42.0,1.2761178483949372e-07
13318,-21.2,43.0,9.088572103908626e-08
13319,-21.2,44.0,6.438529458674515e-08
13320,-21.2,45.0,4.5369486112616905e-08
13321,-21.2,46.0,3.1800003410871964e-08
13322,-21.2,47.0,2.2170556742386402e-08
13323,-21.2,48.0,1.5374894794065178e-08
13324,-21.2,49.0,1.0605565325508273e-08
13325,-21.2,50.0,7.276819598791365e-09
13326,-21.2,51.0,4.966329219661485e-09
13327,-21.2,52.0,3.3714406117392855e-09
13328,-21.2,53.0,2.2765732684633656e-09
13329,-21.2,54.0,1.5290928562100955e-09
13330,-21.2,55.0,1.0215795608597298e-09
13331,-21.2,56.0,6.788856665891025e-10
13332,-21.2,57.0,4.4875282099079174e-10
13333,-21.2,58.0,2.950555932602761e-10
13334,-21.2,59.0,1.9296858829681445e-10
13335,-21.2,60.0,1.2553230265729992e-10
13336,-21.2,61.0,8.122888247764667e-11
13337,-21.2,62.0,5.2281924923811204e-11
13338,-21.2,63.0,3.3471776843513293e-11
13339,-21.2,64.0,2.1315330615928574e-11
13340,-21.2,65.0,1.3501794281101609e-11
13341,-21.2,66.0,8.507011257122628e-12
13342,-21.2,67.0,5.331490453429853e-12
13343,-21.2,68.0,3.3235817977823943e-12
13344,-21.2,69.0,2.0608681870576474e-12
13345,-21.2,70.0,1.271101309588269e-12
13346,-21.2,71.0,7.798233313627132e-13
13347,-21.2,72.0,4.758810274291166e-13
13348,-21.2,73.0,2.888595058828399e-13
13349,-21.2,74.0,1.744058487313264e-13
13350,-21.1,-75.0,2.8251486289248758e-06
13351,-21.1,-74.0,3.75494136546842e-06
13352,-21.1,-73.0,4.9642212164198985e-06
13353,-21.1,-72.0,6.528075979374942e-06
13354,-21.1,-71.0,8.538967922473046e-06
13355,-21.1,-70.0,1.110993891797476e-05
13356,-21.1,-69.0,1.4378185019585638e-05
13357,-21.1,-68.0,1.85089836584719e-05
13358,-21.1,-67.0,2.3699936567834945e-05
13359,-21.1,-66.0,3.018546724820613e-05
13360,-21.1,-65.0,3.824148332035957e-05
13361,-21.1,-64.0,4.819008181485625e-05
13362,-21.1,-63.0,6.040413997741565e-05
13363,-21.1,-62.0,7.531159656247039e-05
13364,-21.1,-61.0,9.339919028762995e-05
13365,-21.1,-60.0,0.00011521538499838399
13366,-21.1,-59.0,0.0001413721774282116
13367,-21.1,-58.0,0.0001725454558883691
13368,-21.1,-57.0,0.00020947355972892305
13369,-21.1,-56.0,0.0002529536830935657
13370,-21.1,-55.0,0.00030383577547034285
13371,-21.1,-54.0,0.0003630136187538522
13372,-21.1,-53.0,0.0004314128084964269
13373,-21.1,-52.0,0.0005099754375784528
13374,-21.1,-51.0,0.0005996413745821155
13375,-21.1,-50.0,0.0007013261464407966
13376,-21.1,-49.0,0.0008158955737966997
13377,-21.1,-48.0,0.0009441374667552832
13378,-21.1,-47.0,0.0010867374693639396
13379,-21.1,-46.0,0.0012477828069201184
13380,-21.1,-45.0,0.001735780214670885
13381,-21.1,-44.0,0.006331121044443918
13382,-21.1,-43.0,0.013767155208995062
13383,-21.1,-42.0,0.012117014595358695
13384,-21.1,-41.0,0.015766298657755008
13385,-21.1,-40.0,0.008321173896152952
13386,-21.1,-39.0,0.00969893591571639
13387,-21.1,-38.0,0.01917735916129651
13388,-21.1,-37.0,0.009888513998900226
13389,-21.1,-36.0,0.004631359535833323
13390,-21.1,-35.0,0.01270166274744004
13391,-21.1,-34.0,0.02582941715315355
13392,-21.1,-33.0,0.014029043230407772
13393,-21.1,-32.0,0.016592456180204163
13394,-21.1,-31.0,0.03268844328610654
13395,-21.1,-30.0,0.017527087472166986
13396,-21.1,-29.0,0.021124696317526174
13397,-21.1,-28.0,0.04223857602395935
13398,-21.1,-27.0,0.020801057454111083
13399,-21.1,-26.0,0.008688513734394963
13400,-21.1,-25.0,0.02989809569507265
13401,-21.1,-24.0,0.06446950052591266
13402,-21.1,-23.0,0.03295933601273998
13403,-21.1,-22.0,0.05068204283989822
13404,-21.1,-21.0,0.08979694632536304
13405,-21.1,-20.0,0.03966315993750324
13406,-21.1,-19.0,0.008608866372271038
13407,-21.1,-18.0,0.0214693836592637
13408,-21.1,-17.0,0.04513238845249713
13409,-21.1,-16.0,0.02202003437571278
13410,-21.1,-15.0,0.01762764962386341
13411,-21.1,-14.0,0.0335174647462188
13412,-21.1,-13.0,0.016185125714880007
13413,-21.1,-12.0,0.005555722080450344
13414,-21.1,-11.0,0.01223177438709409
13415,-21.1,-10.0,0.023985855021876955
13416,-21.1,-9.0,0.012216103361917622
13417,-21.1,-8.0,0.010375619352507552
13418,-21.1,-7.0,0.01905823809854763
13419,-21.1,-6.0,0.00936076496380475
13420,-21.1,-5.0,0.003397425792554596
13421,-21.1,-4.0,0.007300078888333903
13422,-21.1,-3.0,0.014197561998528705
13423,-21.1,-2.0,0.006873143284208098
13424,-21.1,-1.0,0.002117273162677222
13425,-21.1,0.0,0.0005401445684192949
13426,-21.1,1.0,0.001678374791499913
13427,-21.1,2.0,0.004660531363933849
13428,-21.1,3.0,0.00941020904274907
13429,-21.1,4.0,0.004358211566676084
13430,-21.1,5.0,0.0012686000886949985
13431,-21.1,6.0,0.0034049042461242168
13432,-21.1,7.0,0.007159149943275059
13433,-21.1,8.0,0.003353530434027697
13434,-21.1,9.0,0.0028893409292965323
13435,-21.1,10.0,0.00589647387447248
13436,-21.1,11.0,0.00257515848914028
13437,-21.1,12.0,0.0005567462738441432
13438,-21.1,13.0,0.0020427088833405885
13439,-21.1,14.0,0.004625925127235075
13440,-21.1,15.0,0.0020696681960512063
13441,-21.1,16.0,0.0018004735954158552
13442,-21.1,17.0,0.0039034086704768834
13443,-21.1,18.0,0.00163419568125101
13444,-21.1,19.0,0.00026209670908862323
13445,-21.1,20.0,0.0013256811893406256
13446,-21.1,21.0,0.003156713392301671
13447,-21.1,22.0,0.0013771862727783963
13448,-21.1,23.0,0.0012115271483978428
13449,-21.1,24.0,0.002716961433646574
13450,-21.1,25.0,0.001115357433908069
13451,-21.1,26.0,0.00014973967901758491
13452,-21.1,27.0,0.0009224933021335928
13453,-21.1,28.0,0.0022447615728220217
13454,-21.1,29.0,0.0009171218879853761
13455,-21.1,30.0,6.64762299890291e-05
13456,-21.1,31.0,4.482941520497967e-06
13457,-21.1,32.0,2.8684572451522325e-06
13458,-21.1,33.0,2.15489884760428e-06
13459,-21.1,34.0,1.6109633332762312e-06
13460,-21.1,35.0,1.1979294467952552e-06
13461,-21.1,36.0,8.860605911068201e-07
13462,-21.1,37.0,6.519016554759507e-07
13463,-21.1,38.0,4.770755289400774e-07
13464,-21.1,39.0,3.472789996026793e-07
13465,-21.1,40.0,2.514526254171234e-07
13466,-21.1,41.0,1.811006702059658e-07
13467,-21.1,42.0,1.2973887858301307e-07
13468,-21.1,43.0,9.244988969304444e-08
13469,-21.1,44.0,6.552828660517467e-08
13470,-21.1,45.0,4.619951024496506e-08
13471,-21.1,46.0,3.239903426148845e-08
13472,-21.1,47.0,2.260023137454938e-08
13473,-21.1,48.0,1.5681219248506887e-08
13474,-21.1,49.0,1.0822631865883017e-08
13475,-21.1,50.0,7.429713374373564e-09
13476,-21.1,51.0,5.073379455623008e-09
13477,-21.1,52.0,3.4459481868060212e-09
13478,-21.1,53.0,2.3281247633583687e-09
13479,-21.1,54.0,1.5645515121476668e-09
13480,-21.1,55.0,1.045826378625494e-09
13481,-21.1,56.0,6.95369159275886e-10
13482,-21.1,57.0,4.5989360075990215e-10
13483,-21.1,58.0,3.0254182052983484e-10
13484,-21.1,59.0,1.9797008657857458e-10
13485,-21.1,60.0,1.2885457349919957e-10
13486,-21.1,61.0,8.342307810350405e-11
13487,-21.1,62.0,5.3722806236705016e-11
13488,-21.1,63.0,3.4412583461951626e-11
13489,-21.1,64.0,2.1926129398200453e-11
13490,-21.1,65.0,1.3896095029386278e-11
13491,-21.1,66.0,8.760112540106658e-12
13492,-21.1,67.0,5.49303926185438e-12
13493,-21.1,68.0,3.4261141484904594e-12
13494,-21.1,69.0,2.125578071413795e-12
13495,-21.1,70.0,1.3117117268316275e-12
13496,-21.1,71.0,8.051667812138096e-13
13497,-21.1,72.0,4.916085235202922e-13
13498,-21.1,73.0,2.9856511799612213e-13
13499,-21.1,74.0,1.8036191467335104e-13
13500,-21.0,-75.0,2.4523464442333573e-06
13501,-21.0,-74.0,3.261182262411003e-06
13502,-21.0,-73.0,4.313744587444922e-06
13503,-21.0,-72.0,5.675705996162282e-06
13504,-21.0,-71.0,7.427992586279191e-06
13505,-21.0,-70.0,9.669614046667844e-06
13506,-21.0,-69.0,1.2520824431652067e-05
13507,-21.0,-68.0,1.612660019682047e-05
13508,-21.0,-67.0,2.066040450221083e-05
13509,-21.0,-66.0,2.6328185461281033e-05
13510,-21.0,-65.0,3.3372530947731485e-05
13511,-21.0,-64.0,4.207687403977385e-05
13512,-21.0,-63.0,5.2769611741881465e-05
13513,-21.0,-62.0,6.582796616686604e-05
13514,-21.0,-61.0,8.168138313899475e-05
13515,-21.0,-60.0,0.00010081422982354354
13516,-21.0,-59.0,0.00012376752250343827
13517,-21.0,-58.0,0.00015113939034995267
13518,-21.0,-57.0,0.00018358396358093213
13519,-21.0,-56.0,0.00022180836754055787
13520,-21.0,-55.0,0.0002665675107675846
13521,-21.0,-54.0,0.0003186563776922951
13522,-21.0,-53.0,0.0003788995775100955
13523,-21.0,-52.0,0.0004481379617379171
13524,-21.0,-51.0,0.0005272122048755521
13525,-21.0,-50.0,0.0006169433453431204
13526,-21.0,-49.0,0.0007181104060957726
13527,-21.0,-48.0,0.0008314253551082164
13528,-21.0,-47.0,0.000957511685461554
13529,-21.0,-46.0,0.0011000148369445333
13530,-21.0,-45.0,0.0015328325602223549
13531,-21.0,-44.0,0.005612050299525889
13532,-21.0,-43.0,0.012213138227561317
13533,-21.0,-42.0,0.010747041217313876
13534,-21.0,-41.0,0.013985081360940576
13535,-21.0,-40.0,0.007377285106582781
13536,-21.0,-39.0,0.008598210443191014
13537,-21.0,-38.0,0.01700768149677837
13538,-21.0,-37.0,0.008768117230665722
13539,-21.0,-36.0,0.00410512518461242
13540,-21.0,-35.0,0.011260540120415339
13541,-21.0,-34.0,0.022899715533628948
13542,-21.0,-33.0,0.012440989725130669
13543,-21.0,-32.0,0.014707929671754178
13544,-21.0,-31.0,0.028966599609826147
13545,-21.0,-30.0,0.015540371522045371
13546,-21.0,-29.0,0.018713945285195183
13547,-21.0,-28.0,0.03739259202246721
13548,-21.0,-27.0,0.018434455080874813
13549,-21.0,-26.0,0.007718934161343494
13550,-21.0,-25.0,0.026404547131971056
13551,-21.0,-24.0,0.0568677332775414
13552,-21.0,-23.0,0.029385154978721937
13553,-21.0,-22.0,0.048808825373998325
13554,-21.0,-21.0,0.10636469135161221
13555,-21.0,-20.0,0.04598231889228697
13556,-21.0,-19.0,0.009485010812833901
13557,-21.0,-18.0,0.023250845760388744
13558,-21.0,-17.0,0.04894159423654889
13559,-21.0,-16.0,0.023852405404827165
13560,-21.0,-15.0,0.019059120434662898
13561,-21.0,-14.0,0.036268329056867485
13562,-21.0,-13.0,0.01750150975594754
13563,-21.0,-12.0,0.005992764791038128
13564,-21.0,-11.0,0.013212774607127628
13565,-21.0,-10.0,0.025924417293179656
13566,-21.0,-9.0,0.013200936649413504
13567,-21.0,-8.0,0.011208392220887287
13568,-21.0,-7.0,0.020590655745115996
13569,-21.0,-6.0,0.010115043436812611
13570,-21.0,-5.0,0.003673324826713912
13571,-21.0,-4.0,0.007887420700543383
13572,-21.0,-3.0,0.015334954715535688
13573,-21.0,-2.0,0.007427724595664765
13574,-21.0,-1.0,0.0022934093319536206
13575,-21.0,0.0,0.0005792127337024349
13576,-21.0,1.0,0.0018199689446740039
13577,-21.0,2.0,0.005037510424155405
13578,-21.0,3.0,0.010162060490366092
13579,-21.0,4.0,0.004710338404443091
13580,-21.0,5.0,0.001376038507829838
13581,-21.0,6.0,0.003679543868283617
13582,-21.0,7.0,0.007728138338697204
13583,-21.0,8.0,0.0036228138093799584
13584,-21.0,9.0,0.0031210281153721113
13585,-21.0,10.0,0.006362953753108917
13586,-21.0,11.0,0.002781012556157882
13587,-21.0,12.0,0.0006040316713329069
13588,-21.0,13.0,0.002205350948603215
13589,-21.0,14.0,0.004989553731617367
13590,-21.0,15.0,0.0022335140576863854
13591,-21.0,16.0,0.0019426959865336579
13592,-21.0,17.0,0.004208852898791705
13593,-21.0,18.0,0.0017628347598412687
13594,-21.0,19.0,0.00028374452072368504
13595,-21.0,20.0,0.001429581470832427
13596,-21.0,21.0,0.0034024355282818563
13597,-21.0,22.0,0.0014847173244358605
13598,-21.0,23.0,0.0013059287477509211
13599,-21.0,24.0,0.0029277735968122644
13600,-21.0,25.0,0.0012020905791991705
13601,-21.0,26.0,0.00016163551457727636
13602,-21.0,27.0,0.000993998611435083
13603,-21.0,28.0,0.0024183430030889235
13604,-21.0,29.0,0.0009881156582958956
13605,-21.0,30.0,7.173385258768963e-05
13606,-21.0,31.0,4.924994617580334e-06
13607,-21.0,32.0,3.16408057161038e-06
13608,-21.0,33.0,2.3782738868565075e-06
13609,-21.0,34.0,1.7789017113298164e-06
13610,-21.0,35.0,1.3235150099290874e-06
13611,-21.0,36.0,9.794728390445873e-07
13612,-21.0,37.0,7.210118730340827e-07
13613,-21.0,38.0,5.279330331507078e-07
13614,-21.0,39.0,3.845046430248115e-07
13615,-21.0,40.0,2.785547804077056e-07
13616,-21.0,41.0,2.0072703870860084e-07
13617,-21.0,42.0,1.4387566402747045e-07
13618,-21.0,43.0,1.025781782706392e-07
13619,-21.0,44.0,7.274594367530494e-08
13620,-21.0,45.0,5.131551919722201e-08
13621,-21.0,46.0,3.600599424396579e-08
13622,-21.0,47.0,2.5129683310231186e-08
13623,-21.0,48.0,1.744557729127403e-08
13624,-21.0,49.0,1.204674708730584e-08
13625,-21.0,50.0,8.27447322632306e-09
13626,-21.0,51.0,5.653234882569396e-09
13627,-21.0,52.0,3.8418447967267e-09
13628,-21.0,53.0,2.596980642102329e-09
13629,-21.0,54.0,1.7461587232709308e-09
13630,-21.0,55.0,1.1678439954258416e-09
13631,-21.0,56.0,7.769124028203981e-10
13632,-21.0,57.0,5.140973738076668e-10
13633,-21.0,58.0,3.383801073746364e-10
13634,-21.0,59.0,2.2153909140942994e-10
13635,-21.0,60.0,1.442719906664965e-10
13636,-21.0,61.0,9.345440695435121e-11
13637,-21.0,62.0,6.021485641541967e-11
13638,-21.0,63.0,3.8591675280627366e-11
13639,-21.0,64.0,2.4601960462348217e-11
13640,-21.0,65.0,1.560026256953096e-11
13641,-21.0,66.0,9.839662614258056e-12
13642,-21.0,67.0,6.1732606503716e-12
13643,-21.0,68.0,3.852433304941265e-12
13644,-21.0,69.0,2.3913423253577798e-12
13645,-21.0,70.0,1.4765034977039548e-12
13646,-21.0,71.0,9.068037700572969e-13
13647,-21.0,72.0,5.539598149223199e-13
13648,-21.0,73.0,3.366117823743122e-13
13649,-21.0,74.0,2.0345411253352299e-13
13650,-20.9,-75.0,2.211500512175416e-06
13651,-20.9,-74.0,2.9424675486947053e-06
13652,-20.9,-73.0,3.894237432161619e-06
13653,-20.9,-72.0,5.126480143969565e-06
13654,-20.9,-71.0,6.712777303667873e-06
13655,-20.9,-70.0,8.743218005618104e-06
13656,-20.9,-69.0,1.132730207737576e-05
13657,-20.9,-68.0,1.459713972362816e-05
13658,-20.9,-67.0,1.8710920574553184e-05
13659,-20.9,-66.0,2.385660571479017e-05
13660,-20.9,-65.0,3.0255773343840508e-05
13661,-20.9,-64.0,3.8167522539776255e-05
13662,-20.9,-63.0,4.789231065594601e-05
13663,-20.9,-62.0,5.9775568968211144e-05
13664,-20.9,-61.0,7.421090943612008e-05
13665,-20.9,-60.0,9.164270432453034e-05
13666,-20.9,-59.0,0.0001125677917787779
13667,-20.9,-58.0,0.0001375360363999063
13668,-20.9,-57.0,0.0001671494568271777
13669,-20.9,-56.0,0.00020205962486763318
13670,-20.9,-55.0,0.00024296304541861596
13671,-20.9,-54.0,0.000290594245788695
13672,-20.9,-53.0,0.0003457163392064456
13673,-20.9,-52.0,0.00040910888197119604
13674,-20.9,-51.0,0.0004815529177717419
13675,-20.9,-50.0,0.0005638131961670034
13676,-20.9,-49.0,0.0006566176639526152
13677,-20.9,-48.0,0.0007606344573981696
13678,-20.9,-47.0,0.0008764521752710122
13679,-20.9,-46.0,0.0010074486747397916
13680,-20.9,-45.0,0.0014062655918980875
13681,-20.9,-44.0,0.00516834032734858
13682,-20.9,-43.0,0.01125643620053274
13683,-20.9,-42.0,0.009903118750600733
13684,-20.9,-41.0,0.01288814781316073
13685,-20.9,-40.0,0.006795080564939131
13686,-20.9,-39.0,0.007919156801386254
13687,-20.9,-38.0,0.01567082370722712
13688,-20.9,-37.0,0.008077309317338487
13689,-20.9,-36.0,0.0037802128089379867
13690,-20.9,-35.0,0.01037160087397945
13691,-20.9,-34.0,0.021092999753677816
13692,-20.9,-33.0,0.011462247428918543
13693,-20.9,-32.0,0.01354517890419
13694,-20.9,-31.0,0.026668480377878175
13695,-20.9,-30.0,0.014315492577843324
13696,-20.9,-29.0,0.01722433227447525
13697,-20.9,-28.0,0.034392967276763
13698,-20.9,-27.0,0.016973755722090755
13699,-20.9,-26.0,0.0071247092417036475
13700,-20.9,-25.0,0.024230916228001345
13701,-20.9,-24.0,0.0521194628872927
13702,-20.9,-23.0,0.026779973857606644
13703,-20.9,-22.0,0.04198129308191102
13704,-20.9,-21.0,0.09215741568443482
13705,-20.9,-20.0,0.0476416060135001
13706,-20.9,-19.0,0.010385529623399017
13707,-20.9,-18.0,0.026295631374728796
13708,-20.9,-17.0,0.055436508739304335
13709,-20.9,-16.0,0.026987796102338136
13710,-20.9,-15.0,0.021523236996104676
13711,-20.9,-14.0,0.04099042346155567
13712,-20.9,-13.0,0.01976640877974533
13713,-20.9,-12.0,0.006751207354942275
13714,-20.9,-11.0,0.014906619794709492
13715,-20.9,-10.0,0.029265030796779702
13716,-20.9,-9.0,0.014899030590225964
13717,-20.9,-8.0,0.012645916163961171
13718,-20.9,-7.0,0.023234865407775484
13719,-20.9,-6.0,0.011415688017305203
13720,-20.9,-5.0,0.004147928664865891
13721,-20.9,-4.0,0.008900577957022126
13722,-20.9,-3.0,0.01729944331407682
13723,-20.9,-2.0,0.008383659687197785
13724,-20.9,-1.0,0.002594460706222289
13725,-20.9,0.0,0.0006487012127832159
13726,-20.9,1.0,0.002061105882087223
13727,-20.9,2.0,0.005686900989307079
13728,-20.9,3.0,0.011461633413374943
13729,-20.9,4.0,0.005317128091817793
13730,-20.9,5.0,0.001558859558799967
13731,-20.9,6.0,0.004153033150382815
13732,-20.9,7.0,0.008713076024403904
13733,-20.9,8.0,0.004087648947010303
13734,-20.9,9.0,0.003521120561327946
13735,-20.9,10.0,0.00717147914150309
13736,-20.9,11.0,0.003136802065729373
13737,-20.9,12.0,0.0006844578110062814
13738,-20.9,13.0,0.0024867654642166453
13739,-20.9,14.0,0.005620931812396025
13740,-20.9,15.0,0.0025174575979371515
13741,-20.9,16.0,0.0021893166288345775
13742,-20.9,17.0,0.00473987117347998
13743,-20.9,18.0,0.001986114843720097
13744,-20.9,19.0,0.00032084149180583335
13745,-20.9,20.0,0.0016101398391031654
13746,-20.9,21.0,0.0038302478439860457
13747,-20.9,22.0,0.0016717778262327924
13748,-20.9,23.0,0.0014702435807402053
13749,-20.9,24.0,0.0032951339658254535
13750,-20.9,25.0,0.0013531410724531058
13751,-20.9,26.0,0.00018223439201444383
13752,-20.9,27.0,0.001118640424280642
13753,-20.9,28.0,0.0027211120083920036
13754,-20.9,29.0,0.0011119109541411322
13755,-20.9,30.0,8.084923278070061e-05
13756,-20.9,31.0,5.651156113784314e-06
13757,-20.9,32.0,3.6450391423539515e-06
13758,-20.9,33.0,2.741272670651716e-06
13759,-20.9,34.0,2.051510002296825e-06
13760,-20.9,35.0,1.5271506750207064e-06
13761,-20.9,36.0,1.1307764620668243e-06
13762,-20.9,37.0,8.328334001794739e-07
13763,-20.9,38.0,6.101349706251713e-07
13764,-20.9,39.0,4.4461083172401365e-07
13765,-20.9,40.0,3.222704169199259e-07
13766,-20.9,41.0,2.3235235611330837e-07
13767,-20.9,42.0,1.6663258251541317e-07
13768,-20.9,43.0,1.1886635606338532e-07
13769,-20.9,44.0,8.434204639174825e-08
13770,-20.9,45.0,5.952720142970425e-08
13771,-20.9,46.0,4.179005403281495e-08
13772,-20.9,47.0,2.9182099105442557e-08
13773,-20.9,48.0,2.0269649815273665e-08
13774,-20.9,49.0,1.4004321797258183e-08
13775,-20.9,50.0,9.624186550178373e-09
13776,-20.9,51.0,6.5788819920307535e-09
13777,-20.9,52.0,4.473281938926939e-09
13778,-20.9,53.0,3.0254261522650066e-09
13779,-20.9,54.0,2.035321176664307e-09
13780,-20.9,55.0,1.361963455475149e-09
13781,-20.9,56.0,9.065339357652081e-10
13782,-20.9,57.0,6.001900429066114e-10
13783,-20.9,58.0,3.952570400366042e-10
13784,-20.9,59.0,2.5891460530909845e-10
13785,-20.9,60.0,1.6870175198964765e-10
13786,-20.9,61.0,1.0933740034429908e-10
13787,-20.9,62.0,7.048618447241819e-11
13788,-20.9,63.0,4.5198640088098057e-11
13789,-20.9,64.0,2.8829216643789173e-11
13790,-20.9,65.0,1.829053559181058e-11
13791,-20.9,66.0,1.1542665533743937e-11
13792,-20.9,67.0,7.245559173806768e-12
13793,-20.9,68.0,4.524012657058434e-12
13794,-20.9,69.0,2.8097121046112594e-12
13795,-20.9,70.0,1.7357450729598161e-12
13796,-20.9,71.0,1.066586708541245e-12
13797,-20.9,72.0,6.519172923873351e-13
13798,-20.9,73.0,3.963464222511718e-13
13799,-20.9,74.0,2.3968645433406657e-13
13800,-20.8,-75.0,2.1876120610739397e-06
13801,-20.8,-74.0,2.912234456440532e-06
13802,-20.8,-73.0,3.856279203774809e-06
13803,-20.8,-72.0,5.0792163513679834e-06
13804,-20.8,-71.0,6.654433073694158e-06
13805,-20.8,-70.0,8.671845233763533e-06
13806,-20.8,-69.0,1.124082231180249e-05
13807,-20.8,-68.0,1.4493415896036699e-05
13808,-20.8,-67.0,1.8587866046981552e-05
13809,-20.8,-66.0,2.3712340409631573e-05
13810,-20.8,-65.0,3.0088837954481838e-05
13811,-20.8,-64.0,3.797716288769684e-05
13812,-20.8,-63.0,4.767884505354919e-05
13813,-20.8,-62.0,5.954085183365516e-05
13814,-20.8,-61.0,7.395890424087792e-05
13815,-20.8,-60.0,9.138017808114484e-05
13816,-20.8,-59.0,0.00011230514153880322
13817,-20.8,-58.0,0.00013728825548270124
13818,-20.8,-57.0,0.00016693724461248929
13819,-20.8,-56.0,0.00020191063886731883
13820,-20.8,-55.0,0.00024291328795415573
13821,-20.8,-54.0,0.0002906895699656944
13822,-20.8,-53.0,0.00034601405009949054
13823,-20.8,-52.0,0.0004096793992088765
13824,-20.8,-51.0,0.00048248145533993995
13825,-20.8,-50.0,0.000565201404630527
13826,-20.8,-49.0,0.0006585851699338961
13827,-20.8,-48.0,0.0007633202256601338
13828,-20.8,-47.0,0.0008800156746112025
13829,-20.8,-46.0,0.0010121048484928966
13830,-20.8,-45.0,0.00141522687968664
13831,-20.8,-44.0,0.005221348379535073
13832,-20.8,-43.0,0.01138094954358938
13833,-20.8,-42.0,0.010010556378415006
13834,-20.8,-41.0,0.01302925653446901
13835,-20.8,-40.0,0.00686581513822573
13836,-20.8,-39.0,0.008001106632088854
13837,-20.8,-38.0,0.015839528726990997
13838,-20.8,-37.0,0.008162542794248686
13839,-20.8,-36.0,0.003818487422176704
13840,-20.8,-35.0,0.010479331069341041
13841,-20.8,-34.0,0.021313394779793216
13842,-20.8,-33.0,0.011584727720661148
13843,-20.8,-32.0,0.01368432636986166
13844,-20.8,-31.0,0.026934543730428116
13845,-20.8,-30.0,0.014466302507738315
13846,-20.8,-29.0,0.017391396173263362
13847,-20.8,-28.0,0.03470358418416848
13848,-20.8,-27.0,0.01714514490411818
13849,-20.8,-26.0,0.0072141802543162084
13850,-20.8,-25.0,0.024396474198834533
13851,-20.8,-24.0,0.05241041165968665
13852,-20.8,-23.0,0.026887550140998466
13853,-20.8,-22.0,0.04109729628254103
13854,-20.8,-21.0,0.0898390503833294
13855,-20.8,-20.0,0.04561680838542048
13856,-20.8,-19.0,0.010246773159785337
13857,-20.8,-18.0,0.026464993396872697
13858,-20.8,-17.0,0.055877437176458065
13859,-20.8,-16.0,0.02717179751151759
13860,-20.8,-15.0,0.02162729136872682
13861,-20.8,-14.0,0.041222005773909914
13862,-20.8,-13.0,0.01986397810021486
13863,-20.8,-12.0,0.0067670006608826485
13864,-20.8,-11.0,0.014963664044916404
13865,-20.8,-10.0,0.029394642693662106
13866,-20.8,-9.0,0.01496185739375402
13867,-20.8,-8.0,0.012694859763273773
13868,-20.8,-7.0,0.023328436764361193
13869,-20.8,-6.0,0.011463237065705921
13870,-20.8,-5.0,0.00416733745877533
13871,-20.8,-4.0,0.008936552500555492
13872,-20.8,-3.0,0.017364230243317326
13873,-20.8,-2.0,0.008419412339263958
13874,-20.8,-1.0,0.002611357189860576
13875,-20.8,0.0,0.0006464317801757307
13876,-20.8,1.0,0.0020767811052042574
13877,-20.8,2.0,0.005712251849880214
13878,-20.8,3.0,0.011502343139694256
13879,-20.8,4.0,0.005340428932224678
13880,-20.8,5.0,0.001571254943608911
13881,-20.8,6.0,0.004170728543661368
13882,-20.8,7.0,0.008740658368963436
13883,-20.8,8.0,0.004103720628074641
13884,-20.8,9.0,0.003534607866997131
13885,-20.8,10.0,0.007191759400067724
13886,-20.8,11.0,0.003148105562303621
13887,-20.8,12.0,0.0006900981528824097
13888,-20.8,13.0,0.002495000686615199
13889,-20.8,14.0,0.005634187656663966
13890,-20.8,15.0,0.002524724613621855
13891,-20.8,16.0,0.0021952845848423963
13892,-20.8,17.0,0.004749471355940605
13893,-20.8,18.0,0.0019910180599945547
13894,-20.8,19.0,0.0003228073996904291
13895,-20.8,20.0,0.001613600594851102
13896,-20.8,21.0,0.0038365331137338414
13897,-20.8,22.0,0.0016749040564617277
13898,-20.8,23.0,0.001472771859264425
13899,-20.8,24.0,0.0032997657589946675
13900,-20.8,25.0,0.0013552662093282905
13901,-20.8,26.0,0.000182814460438184
13902,-20.8,27.0,0.0011201348516995994
13903,-20.8,28.0,0.002724260637361389
13904,-20.8,29.0,0.0011132856893304997
13905,-20.8,30.0,8.108017345370816e-05
13906,-20.8,31.0,5.769655375036717e-06
13907,-20.8,32.0,3.735985866157924e-06
13908,-20.8,33.0,2.8111942479610185e-06
13909,-20.8,34.0,2.104958668930829e-06
13910,-20.8,35.0,1.5677728986033424e-06
13911,-20.8,36.0,1.1614736663793426e-06
13912,-20.8,37.0,8.558981666467358e-07
13913,-20.8,38.0,6.273663815505072e-07
13914,-20.8,39.0,4.574111350729667e-07
13915,-20.8,40.0,3.317252337602822e-07
13916,-20.8,41.0,2.392965991021561e-07
13917,-20.8,42.0,1.7170413408123146e-07
13918,-20.8,43.0,1.2254939139046947e-07
13919,-20.8,44.0,8.700169789221632e-08
13920,-20.8,45.0,6.143706290924029e-08
13921,-20.8,46.0,4.3153825339299916e-08
13922,-20.8,47.0,3.015048359309188e-08
13923,-20.8,48.0,2.0953442663358456e-08
13924,-20.8,49.0,1.4484470120471542e-08
13925,-20.8,50.0,9.959463670433316e-09
13926,-20.8,51.0,6.8116983026714235e-09
13927,-20.8,52.0,4.634052699459715e-09
13928,-20.8,53.0,3.13583095321475e-09
13929,-20.8,54.0,2.1107190329734053e-09
13930,-20.8,55.0,1.4131697056762318e-09
13931,-20.8,56.0,9.411185197759244e-10
13932,-20.8,57.0,6.234195664850903e-10
13933,-20.8,58.0,4.107737150481387e-10
13934,-20.8,59.0,2.692222630596898e-10
13935,-20.8,60.0,1.7551142933502005e-10
13936,-20.8,61.0,1.1381144652055637e-10
13937,-20.8,62.0,7.340955490623228e-11
13938,-20.8,63.0,4.709831241559488e-11
13939,-20.8,64.0,3.005690156121074e-11
13940,-20.8,65.0,1.9079596211416763e-11
13941,-20.8,66.0,1.2047037361028977e-11
13942,-20.8,67.0,7.566193477843345e-12
13943,-20.8,68.0,4.726729349578928e-12
13944,-20.8,69.0,2.9371771162128112e-12
13945,-20.8,70.0,1.8154556496320552e-12
13946,-20.8,71.0,1.1161620681571843e-12
13947,-20.8,72.0,6.825822368425302e-13
13948,-20.8,73.0,4.1521096379740276e-13
13949,-20.8,74.0,2.5122841052710237e-13
13950,-20.7,-75.0,2.158746695497231e-06
13951,-20.7,-74.0,2.875339310385965e-06
13952,-20.7,-73.0,3.8094530503285843e-06
13953,-20.7,-72.0,5.020214301475253e-06
13954,-20.7,-71.0,6.580637912388665e-06
13955,-20.7,-70.0,8.580248012176205e-06
13956,-20.7,-69.0,1.112801737159631e-05
13957,-20.7,-68.0,1.4355616768912602e-05
13958,-20.7,-67.0,1.8420950041622547e-05
13959,-20.7,-66.0,2.351193112632646e-05
13960,-20.7,-65.0,2.9850436389179272e-05
13961,-20.7,-64.0,3.7696339117266636e-05
13962,-20.7,-63.0,4.73515036262275e-05
13963,-20.7,-62.0,5.916358479620742e-05
13964,-20.7,-61.0,7.352944607214083e-05
13965,-20.7,-60.0,9.089797651213753e-05
13966,-20.7,-59.0,0.00011177205715782147
13967,-20.7,-58.0,0.00013670940098780331
13968,-20.7,-57.0,0.00016632197143594103
13969,-20.7,-56.0,0.00020127367453733774
13970,-20.7,-55.0,0.00024227602190227514
13971,-20.7,-54.0,0.00029008147851589014
13972,-20.7,-53.0,0.00034547424314513274
13973,-20.7,-52.0,0.0004092582617412933
13974,-20.7,-51.0,0.0004822423467830725
13975,-20.7,-50.0,0.000565222368210476
13976,-20.7,-49.0,0.0006589605935268542
13977,-20.7,-48.0,0.0007641623852883517
13978,-20.7,-47.0,0.0008814561341600526
13979,-20.7,-46.0,0.0010143231544831217
13980,-20.7,-45.0,0.0014208264364078608
13981,-20.7,-44.0,0.005262430698429976
13982,-20.7,-43.0,0.01147968869657538
13983,-20.7,-42.0,0.010095264292846542
13984,-20.7,-41.0,0.013140819623277043
13985,-20.7,-40.0,0.006920845579973405
13986,-20.7,-39.0,0.008064760905397653
13987,-20.7,-38.0,0.0159722630160142
13988,-20.7,-37.0,0.00822910647779034
13989,-20.7,-36.0,0.003847882576596008
13990,-20.7,-35.0,0.010563127168119598
13991,-20.7,-34.0,0.021485373151814115
13992,-20.7,-33.0,0.011680812357897334
13993,-20.7,-32.0,0.013792323917823247
13994,-20.7,-31.0,0.02713947426641277
13995,-20.7,-30.0,0.014584278787233316
13996,-20.7,-29.0,0.017519072496660928
13997,-20.7,-28.0,0.034935679928250536
13998,-20.7,-27.0,0.017277841947819114
13999,-20.7,-26.0,0.007287620494813077
14000,-20.7,-25.0,0.024508534231326106
14001,-20.7,-24.0,0.05258687466598001
14002,-20.7,-23.0,0.026957742363111246
14003,-20.7,-22.0,0.04044038997965859
14004,-20.7,-21.0,0.08810250140679231
14005,-20.7,-20.0,0.043975926012977826
14006,-20.7,-19.0,0.010127009729512861
14007,-20.7,-18.0,0.026612907362952583
14008,-20.7,-17.0,0.05627415706304002
14009,-20.7,-16.0,0.027333420987857914
14010,-20.7,-15.0,0.02171171964495799
14011,-20.7,-14.0,0.04141668029556593
14012,-20.7,-13.0,0.01994336619713442
14013,-20.7,-12.0,0.0067760844268207575
14014,-20.7,-11.0,0.015006436960385155
14015,-20.7,-10.0,0.02949672730833563
14016,-20.7,-9.0,0.015010475735562027
14017,-20.7,-8.0,0.012731608732698445
14018,-20.7,-7.0,0.02339988587878309
14019,-20.7,-6.0,0.011499803200806083
14020,-20.7,-5.0,0.004182621389833916
14021,-20.7,-4.0,0.008963909356230062
14022,-20.7,-3.0,0.01741244605305289
14023,-20.7,-2.0,0.008447092246111034
14024,-20.7,-1.0,0.002625706230456315
14025,-20.7,0.0,0.0006435452941286534
14026,-20.7,1.0,0.002090461780883327
14027,-20.7,2.0,0.0057321556170926505
14028,-20.7,3.0,0.011532095119376785
14029,-20.7,4.0,0.005358659250800955
14030,-20.7,5.0,0.0015821821879943875
14031,-20.7,6.0,0.004184470758951401
14032,-20.7,7.0,0.008759914061027831
14033,-20.7,8.0,0.004115907437775988
14034,-20.7,9.0,0.0035447508098194547
14035,-20.7,10.0,0.00720518338841689
14036,-20.7,11.0,0.0031564323076760307
14037,-20.7,12.0,0.0006951188563349279
14038,-20.7,13.0,0.0025008766317520187
14039,-20.7,14.0,0.005642060461825568
14040,-20.7,15.0,0.0025295967471106644
14041,-20.7,16.0,0.0021991692856085806
14042,-20.7,17.0,0.004754523732444259
14043,-20.7,18.0,0.0019940277921559604
14044,-20.7,19.0,0.0003244840225657723
14045,-20.7,20.0,0.0016155237419510906
14046,-20.7,21.0,0.0038391333672566554
14047,-20.7,22.0,0.001676428298397328
14048,-20.7,23.0,0.0014738901847142433
14049,-20.7,24.0,0.0033012215219847757
14050,-20.7,25.0,0.001356091144908041
14051,-20.7,26.0,0.00018322493610370787
14052,-20.7,27.0,0.0011205526409557307
14053,-20.7,28.0,0.002724781446427193
14054,-20.7,29.0,0.001113588432849562
14055,-20.7,30.0,8.12358428787428e-05
14056,-20.7,31.0,5.885045600653662e-06
14057,-20.7,32.0,3.825283836724476e-06
14058,-20.7,33.0,2.8799488521208923e-06
14059,-20.7,34.0,2.157589425908488e-06
14060,-20.7,35.0,1.607828466416825e-06
14061,-20.7,36.0,1.191783232461692e-06
14062,-20.7,37.0,8.787014694987871e-07
14063,-20.7,38.0,6.444242296422595e-07
14064,-20.7,39.0,4.700983421953771e-07
14065,-20.7,40.0,3.411079719527487e-07
14066,-20.7,41.0,2.461961541388733e-07
14067,-20.7,42.0,1.7674896129814613e-07
14068,-20.7,43.0,1.2621723445736513e-07
14069,-20.7,44.0,8.965336898220658e-08
14070,-20.7,45.0,6.334330465765654e-08
14071,-20.7,46.0,4.4516494477606494e-08
14072,-20.7,47.0,3.111912148582684e-08
14073,-20.7,48.0,2.1638134783959967e-08
14074,-20.7,49.0,1.496574820989803e-08
14075,-20.7,50.0,1.0295872654516239e-08
14076,-20.7,51.0,7.045535438225439e-09
14077,-20.7,52.0,4.795688395428952e-09
14078,-20.7,53.0,3.2469381796282337e-09
14079,-20.7,54.0,2.1866697280852867e-09
14080,-20.7,55.0,1.4648004824420452e-09
14081,-20.7,56.0,9.760225785830944e-10
14082,-20.7,57.0,6.468854198409498e-10
14083,-20.7,58.0,4.264626182154326e-10
14084,-20.7,59.0,2.7965377288401536e-10
14085,-20.7,60.0,1.8240910169887374e-10
14086,-20.7,61.0,1.1834732170864073e-10
14087,-20.7,62.0,7.637592285848938e-11
14088,-20.7,63.0,4.9027597883749265e-11
14089,-20.7,64.0,3.13047952414311e-11
14090,-20.7,65.0,1.988232767909257e-11
14091,-20.7,66.0,1.2560580008073674e-11
14092,-20.7,67.0,7.89293032099829e-12
14093,-20.7,68.0,4.9334752183859436e-12
14094,-20.7,69.0,3.067282244840518e-12
14095,-20.7,70.0,1.896883408336529e-12
14096,-20.7,71.0,1.166846270780307e-12
14097,-20.7,72.0,7.139581487044138e-13
14098,-20.7,73.0,4.345282079237954e-13
14099,-20.7,74.0,2.630566600223651e-13
14100,-20.6,-75.0,2.1273951970092153e-06
14101,-20.6,-74.0,2.8350908461045287e-06
14102,-20.6,-73.0,3.7581308099601956e-06
14103,-20.6,-72.0,4.955219681216204e-06
14104,-20.6,-71.0,6.4989027890999715e-06
14105,-20.6,-70.0,8.478192559627029e-06
14106,-20.6,-69.0,1.1001518136989372e-05
14107,-20.6,-68.0,1.4199991010815606e-05
14108,-20.6,-67.0,1.8230963742614047e-05
14109,-20.6,-66.0,2.3281839595343356e-05
14110,-20.6,-65.0,2.9574067900968395e-05
14111,-20.6,-64.0,3.736723351972644e-05
14112,-20.6,-63.0,4.6963119178899514e-05
14113,-20.6,-62.0,5.870958756096604e-05
14114,-20.6,-61.0,7.300409681647876e-05
14115,-20.6,-60.0,9.029663014655962e-05
14116,-20.6,-59.0,0.000111091789042182
14117,-20.6,-58.0,0.000135949772836335
14118,-20.6,-57.0,0.00016548594686677888
14119,-20.6,-56.0,0.00020036869041261537
14120,-20.6,-55.0,0.0002413152163911803
14121,-20.6,-54.0,0.0002890850702421427
14122,-20.6,-53.0,0.00034447104788005664
14123,-20.6,-52.0,0.00040828732398796755
14124,-20.6,-51.0,0.000481354653478346
14125,-20.6,-50.0,0.0005644826009688994
14126,-20.6,-49.0,0.0006584488647915667
14127,-20.6,-48.0,0.0007639758929844514
14128,-20.6,-47.0,0.000881710704452951
14129,-20.6,-46.0,0.0010151785539813556
14130,-20.6,-45.0,0.0014245553371834516
14131,-20.6,-44.0,0.00529699207302823
14132,-20.6,-43.0,0.011564391176705208
14133,-20.6,-42.0,0.010167576367474332
14134,-20.6,-41.0,0.013236280884926859
14135,-20.6,-40.0,0.006967272683322332
14136,-20.6,-39.0,0.008118396676157725
14137,-20.6,-38.0,0.016085382630001123
14138,-20.6,-37.0,0.00828543554995066
14139,-20.6,-36.0,0.0038723497974483168
14140,-20.6,-35.0,0.010633826298072477
14141,-20.6,-34.0,0.02163097349118109
14142,-20.6,-33.0,0.01176246447165887
14143,-20.6,-32.0,0.013883329361812495
14144,-20.6,-31.0,0.02731118113022001
14145,-20.6,-30.0,0.014684369403425794
14146,-20.6,-29.0,0.017625397493187353
14147,-20.6,-28.0,0.035125359379234077
14148,-20.6,-27.0,0.017389594779435108
14149,-20.6,-26.0,0.0073524031671575825
14150,-20.6,-25.0,0.0245926175183754
14151,-20.6,-24.0,0.05270384684389735
14152,-20.6,-23.0,0.027008680510241568
14153,-20.6,-22.0,0.03990575591051523
14154,-20.6,-21.0,0.0866790789575782
14155,-20.6,-20.0,0.04254961955400715
14156,-20.6,-19.0,0.010017754175244642
14157,-20.6,-18.0,0.026749866633781223
14158,-20.6,-17.0,0.05664901149191983
14159,-20.6,-16.0,0.027483564588339365
14160,-20.6,-15.0,0.021785188673414897
14161,-20.6,-14.0,0.041590889856206
14162,-20.6,-13.0,0.020012520074342788
14163,-20.6,-12.0,0.006781194194197015
14164,-20.6,-11.0,0.015040941860594645
14165,-20.6,-10.0,0.029583044095455726
14166,-20.6,-9.0,0.015050875527702406
14167,-20.6,-8.0,0.012761251317976808
14168,-20.6,-7.0,0.023458557213238387
14169,-20.6,-6.0,0.0115299733364142
14170,-20.6,-5.0,0.0041954415844783054
14171,-20.6,-4.0,0.008986224941260133
14172,-20.6,-3.0,0.017451052867641374
14173,-20.6,-2.0,0.008470064955520256
14174,-20.6,-1.0,0.0026385381148904025
14175,-20.6,0.0,0.00064031063674547
14176,-20.6,1.0,0.0021029624429634896
14177,-20.6,2.0,0.005748892869813975
14178,-20.6,3.0,0.01155550487767645
14179,-20.6,4.0,0.005373952291639138
14180,-20.6,5.0,0.001592256735342017
14181,-20.6,6.0,0.004195926842422109
14182,-20.6,7.0,0.008774357586418818
14183,-20.6,8.0,0.004125852710794549
14184,-20.6,9.0,0.003552965583956421
14185,-20.6,10.0,0.007214648008353609
14186,-20.6,11.0,0.0031630452731656795
14187,-20.6,12.0,0.0006997901290938547
14188,-20.6,13.0,0.0025053958432675093
14189,-20.6,14.0,0.005646825375219065
14190,-20.6,15.0,0.0025330907946741967
14191,-20.6,16.0,0.0022018556077222457
14192,-20.6,17.0,0.004756949532118428
14193,-20.6,18.0,0.0019959476790353072
14194,-20.6,19.0,0.0003259993229651417
14195,-20.6,20.0,0.0016165616714156927
14196,-20.6,21.0,0.0038396036110116207
14197,-20.6,22.0,0.0016770286830544827
14198,-20.6,23.0,0.0014741953123183786
14199,-20.6,24.0,0.0033008402973998255
14200,-20.6,25.0,0.0013561654298282488
14201,-20.6,26.0,0.00018353940567738335
14202,-20.6,27.0,0.0011203485380631255
14203,-20.6,28.0,0.002723781316907089
14204,-20.6,29.0,0.0011132713621962698
14205,-20.6,30.0,8.134894094367058e-05
14206,-20.6,31.0,5.9994751441643874e-06
14207,-20.6,32.0,3.914301405020852e-06
14208,-20.6,33.0,2.948565242522946e-06
14209,-20.6,34.0,2.210172052623411e-06
14210,-20.6,35.0,1.6478903804848135e-06
14211,-20.6,36.0,1.2221294714414695e-06
14212,-20.6,37.0,9.015558822388095e-07
14213,-20.6,38.0,6.615375808113348e-07
14214,-20.6,39.0,4.828394507660437e-07
14215,-20.6,40.0,3.505397479477074e-07
14216,-20.6,41.0,2.5313840678408886e-07
14217,-20.6,42.0,1.8182978634320806e-07
14218,-20.6,43.0,1.2991467190932106e-07
14219,-20.6,44.0,9.232887400342258e-08
14220,-20.6,45.0,6.526840921453825e-08
14221,-20.6,46.0,4.589386725937142e-08
14222,-20.6,47.0,3.2099067260985045e-08
14223,-20.6,48.0,2.233141766814564e-08
14224,-20.6,49.0,1.5453480024369125e-08
14225,-20.6,50.0,1.0637079663440498e-08
14226,-20.6,51.0,7.282904949221787e-09
14227,-20.6,52.0,4.959900722891869e-09
14228,-20.6,53.0,3.359908388556831e-09
14229,-20.6,54.0,2.2639560824883152e-09
14230,-20.6,55.0,1.51738109424905e-09
14231,-20.6,56.0,1.0115968025404004e-09
14232,-20.6,57.0,6.708205145246246e-10
14233,-20.6,58.0,4.424776417332776e-10
14234,-20.6,59.0,2.903102929705898e-10
14235,-20.6,60.0,1.8946092136683828e-10
14236,-20.6,61.0,1.2298806354941407e-10
14237,-20.6,62.0,7.941314391132778e-11
14238,-20.6,63.0,5.100443294453728e-11
14239,-20.6,64.0,3.258438772734159e-11
14240,-20.6,65.0,2.0706052637076495e-11
14241,-20.6,66.0,1.3087936224203328e-11
14242,-20.6,67.0,8.22869819536897e-12
14243,-20.6,68.0,5.146087962482258e-12
14244,-20.6,69.0,3.2011747621332384e-12
14245,-20.6,70.0,1.9807409062109446e-12
14246,-20.6,71.0,1.219079602178046e-12
14247,-20.6,72.0,7.463156798366037e-13
14248,-20.6,73.0,4.544636739453671e-13
14249,-20.6,74.0,2.7527190698550083e-13
14250,-20.5,-75.0,2.094588686937818e-06
14251,-20.5,-74.0,2.7928585988777908e-06
14252,-20.5,-73.0,3.7041217265569175e-06
14253,-20.5,-72.0,4.886609779879119e-06
14254,-20.5,-71.0,6.412334613194816e-06
14255,-20.5,-70.0,8.369717536857824e-06
14256,-20.5,-69.0,1.0866546273035425e-05
14257,-20.5,-68.0,1.4033253592331153e-05
14258,-20.5,-67.0,1.8026496163935156e-05
14259,-20.5,-66.0,2.303299297476458e-05
14260,-20.5,-65.0,2.9273559761716728e-05
14261,-20.5,-64.0,3.700724940213251e-05
14262,-20.5,-63.0,4.653547852538692e-05
14263,-20.5,-62.0,5.8205988453082814e-05
14264,-20.5,-61.0,7.241645500054708e-05
14265,-20.5,-60.0,8.961752810090293e-05
14266,-20.5,-59.0,0.00011031505044138001
14267,-20.5,-58.0,0.00013507117647973722
14268,-20.5,-57.0,0.00016450409178968305
14269,-20.5,-56.0,0.00019928602033936137
14270,-20.5,-55.0,0.0002401392068054837
14271,-20.5,-54.0,0.00028782957507859615
14272,-20.5,-53.0,0.0003431577951875572
14273,-20.5,-52.0,0.00040694754097083644
14274,-20.5,-51.0,0.00048003079127163035
14275,-20.5,-50.0,0.0005632301186454745
14276,-20.5,-49.0,0.0006573380208359914
14277,-20.5,-48.0,0.000763093481328536
14278,-20.5,-47.0,0.000881161702233756
14279,-20.5,-46.0,0.0010151092175644488
14280,-20.5,-45.0,0.001427019886832103
14281,-20.5,-44.0,0.005327218556318476
14282,-20.5,-43.0,0.011639799092242244
14283,-20.5,-42.0,0.010231668681986937
14284,-20.5,-41.0,0.013321072302128803
14285,-20.5,-40.0,0.007007967355433218
14286,-20.5,-39.0,0.008165360495823915
14287,-20.5,-38.0,0.01618549716429378
14288,-20.5,-37.0,0.008334939150456397
14289,-20.5,-36.0,0.0038934862907011028
14290,-20.5,-35.0,0.010695808733641635
14291,-20.5,-34.0,0.021759103912382918
14292,-20.5,-33.0,0.011834517063223367
14293,-20.5,-32.0,0.013963064699881043
14294,-20.5,-31.0,0.0274609497636628
14295,-20.5,-30.0,0.014772612909655276
14296,-20.5,-29.0,0.01771766201703791
14297,-20.5,-28.0,0.03528723062136973
14298,-20.5,-27.0,0.01748757346238103
14299,-20.5,-26.0,0.007411491659607986
14300,-20.5,-25.0,0.02465900766618354
14301,-20.5,-24.0,0.052783503692726455
14302,-20.5,-23.0,0.027047659806226095
14303,-20.5,-22.0,0.03945104240072968
14304,-20.5,-21.0,0.0854602530469109
14305,-20.5,-20.0,0.04126831631762165
14306,-20.5,-19.0,0.009915532582147946
14307,-20.5,-18.0,0.026880241043009744
14308,-20.5,-17.0,0.05701131087364713
14309,-20.5,-16.0,0.027626760970571963
14310,-20.5,-15.0,0.02185125685581129
14311,-20.5,-14.0,0.041751368704146585
14312,-20.5,-13.0,0.020074696338446493
14313,-20.5,-12.0,0.0067834526738006955
14314,-20.5,-11.0,0.015069634381369268
14315,-20.5,-10.0,0.02965839826322493
14316,-20.5,-9.0,0.015085504552820959
14317,-20.5,-8.0,0.012785866605353769
14318,-20.5,-7.0,0.023508268120700553
14319,-20.5,-6.0,0.011555620143671758
14320,-20.5,-5.0,0.004206474676917421
14321,-20.5,-4.0,0.009004958795546136
14322,-20.5,-3.0,0.01748289451829937
14323,-20.5,-2.0,0.008489703214638798
14324,-20.5,-1.0,0.0026502704345524085
14325,-20.5,0.0,0.0006368391097620389
14326,-20.5,1.0,0.0021146123110701897
14327,-20.5,2.0,0.005763393052017141
14328,-20.5,3.0,0.011574457825028497
14329,-20.5,4.0,0.005387177693560372
14330,-20.5,5.0,0.0016017272344225836
14331,-20.5,6.0,0.004205776521889933
14332,-20.5,7.0,0.008785425749308825
14333,-20.5,8.0,0.004134227095297527
14334,-20.5,9.0,0.0035598302622061153
14335,-20.5,10.0,0.0072213384704892455
14336,-20.5,11.0,0.0031684603060578736
14337,-20.5,12.0,0.0007042211991752751
14338,-20.5,13.0,0.002508968080315449
14339,-20.5,14.0,0.0056494141978663415
14340,-20.5,15.0,0.0025356227543610484
14341,-20.5,16.0,0.0022037057077210313
14342,-20.5,17.0,0.0047575361699669074
14343,-20.5,18.0,0.0019971068240500554
14344,-20.5,19.0,0.0003274053498880435
14345,-20.5,20.0,0.0016169817323151326
14346,-20.5,21.0,0.0038385816675214285
14347,-20.5,22.0,0.0016769832614070457
14348,-20.5,23.0,0.001473932002307007
14349,-20.5,24.0,0.003299171577605908
14350,-20.5,25.0,0.0013557145270594228
14351,-20.5,26.0,0.00018378799296840944
14352,-20.5,27.0,0.0011197091950741933
14353,-20.5,28.0,0.002721714682199249
14354,-20.5,29.0,0.0011125201040596594
14355,-20.5,30.0,8.143286769286508e-05
14356,-20.5,31.0,6.113807022185367e-06
14357,-20.5,32.0,4.003586829199673e-06
14358,-20.5,33.0,3.017456319203013e-06
14359,-20.5,34.0,2.2630160913194744e-06
14360,-20.5,35.0,1.6881895322231323e-06
14361,-20.5,36.0,1.2526837438333776e-06
14362,-20.5,37.0,9.24587945816273e-07
14363,-20.5,38.0,6.787994110720926e-07
14364,-20.5,39.0,4.957024331371247e-07
14365,-20.5,40.0,3.600700061457777e-07
14366,-20.5,41.0,2.6015914419095404e-07
14367,-20.5,42.0,1.8697238216073056e-07
14368,-20.5,43.0,1.33660172145321e-07
14369,-20.5,44.0,9.504138108616275e-08
14370,-20.5,45.0,6.722171879360674e-08
14371,-20.5,46.0,4.729253857059887e-08
14372,-20.5,47.0,3.309495322650998e-08
14373,-20.5,48.0,2.3036528898353735e-08
14374,-20.5,49.0,1.594991709526562e-08
14375,-20.5,50.0,1.098464270354741e-08
14376,-20.5,51.0,7.524879575965712e-09
14377,-20.5,52.0,5.1274246255439055e-09
14378,-20.5,53.0,3.47524259114347e-09
14379,-20.5,54.0,2.3429179358903925e-09
14380,-20.5,55.0,1.5711409095456418e-09
14381,-20.5,56.0,1.0479952287266913e-09
14382,-20.5,57.0,6.953277819569097e-10
14383,-20.5,58.0,4.5888722412709264e-10
14384,-20.5,59.0,3.01237100776435e-10
14385,-20.5,60.0,1.9669669344588866e-10
14386,-20.5,61.0,1.2775319407542258e-10
14387,-20.5,62.0,8.253394088346193e-11
14388,-20.5,63.0,5.303706778385516e-11
14389,-20.5,64.0,3.390100211391843e-11
14390,-20.5,65.0,2.1554188381790398e-11
14391,-20.5,66.0,1.3631288823751924e-11
14392,-20.5,67.0,8.574884381485962e-12
14393,-20.5,68.0,5.365444830444732e-12
14394,-20.5,69.0,3.33940660492967e-12
14395,-20.5,70.0,2.0673736541718507e-12
14396,-20.5,71.0,1.2730772598011182e-12
14397,-20.5,72.0,7.797881862604415e-13
14398,-20.5,73.0,4.750995833695913e-13
14399,-20.5,74.0,2.879245888082499e-13
14400,-20.4,-75.0,2.0608827153383356e-06
14401,-20.4,-74.0,2.749380579474191e-06
14402,-20.4,-73.0,3.6484008816863476e-06
14403,-20.4,-72.0,4.815665921474372e-06
14404,-20.4,-71.0,6.322608010479328e-06
14405,-20.4,-70.0,8.256999743349223e-06
14406,-20.4,-69.0,1.072591602497649e-05
14407,-20.4,-68.0,1.3859023186723817e-05
14408,-20.4,-67.0,1.7812175182223276e-05
14409,-20.4,-66.0,2.277127780609892e-05
14410,-20.4,-65.0,2.8956359046953307e-05
14411,-20.4,-64.0,3.66257571941371e-05
14412,-20.4,-63.0,4.608030854755275e-05
14413,-20.4,-62.0,5.766738421721117e-05
14414,-20.4,-61.0,7.178459157576745e-05
14415,-20.4,-60.0,8.888292184591592e-05
14416,-20.4,-59.0,0.00010946909284761076
14417,-20.4,-58.0,0.00013410680724133315
14418,-20.4,-57.0,0.00016341662414032067
14419,-20.4,-56.0,0.00019807412841545258
14420,-20.4,-55.0,0.00023880608018294442
14421,-20.4,-54.0,0.0002863842396071751
14422,-20.4,-53.0,0.00034161659180026525
14423,-20.4,-52.0,0.0004053357453461857
14424,-20.4,-51.0,0.00047838434723999207
14425,-20.4,-50.0,0.000561597447332209
14426,-20.4,-49.0,0.0006557818561103025
14427,-20.4,-48.0,0.0007616926706884027
14428,-20.4,-47.0,0.0008800129386821032
14429,-20.4,-46.0,0.001014348533642674
14430,-20.4,-45.0,0.0014285422233787659
14431,-20.4,-44.0,0.005354265263023225
14432,-20.4,-43.0,0.011708415260518591
14433,-20.4,-42.0,0.010289745863306218
14434,-20.4,-41.0,0.01339806100129881
14435,-20.4,-40.0,0.007044445910529697
14436,-20.4,-39.0,0.00820741986456144
14437,-20.4,-38.0,0.01627609561234641
14438,-20.4,-37.0,0.008379417060136318
14439,-20.4,-36.0,0.003912135303218055
14440,-20.4,-35.0,0.010751386904924146
14441,-20.4,-34.0,0.021874467309849252
14442,-20.4,-33.0,0.011899520178332389
14443,-20.4,-32.0,0.014034549942330584
14444,-20.4,-31.0,0.027594739484669836
14445,-20.4,-30.0,0.014852194705864488
14446,-20.4,-29.0,0.01779971342382101
14447,-20.4,-28.0,0.03542900890333673
14448,-20.4,-27.0,0.017575559236679437
14449,-20.4,-26.0,0.0074664396710139485
14450,-20.4,-25.0,0.02471309791584201
14451,-20.4,-24.0,0.05283747859315374
14452,-20.4,-23.0,0.02707849716867649
14453,-20.4,-22.0,0.03905392420261351
14454,-20.4,-21.0,0.08438883224081851
14455,-20.4,-20.0,0.04009475242273357
14456,-20.4,-19.0,0.009818491769156574
14457,-20.4,-18.0,0.02700642470350703
14458,-20.4,-17.0,0.05736616739348887
14459,-20.4,-16.0,0.027765489314317604
14460,-20.4,-15.0,0.02191182752128033
14461,-20.4,-14.0,0.041901706669590165
14462,-20.4,-13.0,0.020131631730267184
14463,-20.4,-12.0,0.006783459033290915
14464,-20.4,-11.0,0.015093819451770912
14465,-20.4,-10.0,0.029725340138628455
14466,-20.4,-9.0,0.015115662008028838
14467,-20.4,-8.0,0.012806557694774975
14468,-20.4,-7.0,0.023551043304034965
14469,-20.4,-6.0,0.011577736144681355
14470,-20.4,-5.0,0.00421607828973933
14471,-20.4,-4.0,0.009020883971134406
14472,-20.4,-3.0,0.01750947884423564
14473,-20.4,-2.0,0.00850673359881754
14474,-20.4,-1.0,0.0026611225105930975
14475,-20.4,0.0,0.0006331906009185675
14476,-20.4,1.0,0.002125583669576928
14477,-20.4,2.0,0.005776147532609159
14478,-20.4,3.0,0.011589953536349942
14479,-20.4,4.0,0.005398795356485073
14480,-20.4,5.0,0.0016107237240311884
14481,-20.4,6.0,0.004214379336399508
14482,-20.4,7.0,0.008793880997374605
14483,-20.4,8.0,0.004141385707917344
14484,-20.4,9.0,0.0035656510132864696
14485,-20.4,10.0,0.007225884270747915
14486,-20.4,11.0,0.0031729508252205953
14487,-20.4,12.0,0.0007084692308077036
14488,-20.4,13.0,0.0025118107086181877
14489,-20.4,14.0,0.005650322446696689
14490,-20.4,15.0,0.0025374135695394864
14491,-20.4,16.0,0.0022049120150194616
14492,-20.4,17.0,0.004756702737344087
14493,-20.4,18.0,0.0019976802207590317
14494,-20.4,19.0,0.0003287295580972875
14495,-20.4,20.0,0.0016169261982345693
14496,-20.4,21.0,0.0038364073262600554
14497,-20.4,22.0,0.0016764400997717813
14498,-20.4,23.0,0.0014732306402269494
14499,-20.4,24.0,0.003296508252637695
14500,-20.4,25.0,0.001354858582542658
14501,-20.4,26.0,0.00018398671206416249
14502,-20.4,27.0,0.0011187341282521254
14503,-20.4,28.0,0.0027188238936943737
14504,-20.4,29.0,0.0011114336454585837
14505,-20.4,30.0,8.149475623699797e-05
14506,-20.4,31.0,6.22849180728751e-06
14507,-20.4,32.0,4.093425938312753e-06
14508,-20.4,33.0,3.0868379816463055e-06
14509,-20.4,34.0,2.316283919808379e-06
14510,-20.4,35.0,1.7288474632811186e-06
14511,-20.4,36.0,1.2835365915026746e-06
14512,-20.4,37.0,9.478647879345388e-07
14513,-20.4,38.0,6.96259252201751e-07
14514,-20.4,39.0,5.087236638126371e-07
14515,-20.4,40.0,3.6972533188038023e-07
14516,-20.4,41.0,2.672777047064658e-07
14517,-20.4,42.0,1.9219074877092994e-07
14518,-20.4,43.0,1.3746382233791843e-07
14519,-20.4,44.0,9.779812359967007e-08
14520,-20.4,45.0,6.920839566441285e-08
14521,-20.4,46.0,4.871617504545099e-08
14522,-20.4,47.0,3.4109371286338965e-08
14523,-20.4,48.0,2.3755291915806292e-08
14524,-20.4,49.0,1.6456336105060977e-08
14525,-20.4,50.0,1.1339451362201136e-08
14526,-20.4,51.0,7.772076204357033e-09
14527,-20.4,52.0,5.298685826478358e-09
14528,-20.4,53.0,3.5932331696179822e-09
14529,-20.4,54.0,2.4237551230870638e-09
14530,-20.4,55.0,1.6262158480038396e-09
14531,-20.4,56.0,1.0853098552821887e-09
14532,-20.4,57.0,7.204691884332735e-10
14533,-20.4,58.0,4.757328995935986e-10
14534,-20.4,59.0,3.124618991081478e-10
14535,-20.4,60.0,2.0413480460830726e-10
14536,-20.4,61.0,1.3265485660943182e-10
14537,-20.4,62.0,8.574629409882572e-11
14538,-20.4,63.0,5.5130720900172325e-11
14539,-20.4,64.0,3.525803391965817e-11
14540,-20.4,65.0,2.2428933256804097e-11
14541,-20.4,66.0,1.4192053950643718e-11
14542,-20.4,67.0,8.932396564094963e-12
14543,-20.4,68.0,5.5921246802206306e-12
14544,-20.4,69.0,3.482345065549804e-12
14545,-20.4,70.0,2.1570135241718936e-12
14546,-20.4,71.0,1.328984881697033e-12
14547,-20.4,72.0,8.144666772331269e-13
14548,-20.4,73.0,4.964925176808006e-13
14549,-20.4,74.0,3.0104970284581513e-13
14550,-20.3,-75.0,2.026620669590724e-06
14551,-20.3,-74.0,2.7051131826302526e-06
14552,-20.3,-73.0,3.5915715392328496e-06
14553,-20.3,-72.0,4.743181129442157e-06
14554,-20.3,-71.0,6.230759741140341e-06
14555,-20.3,-70.0,8.141387166309855e-06
14556,-20.3,-69.0,1.058137044337762e-05
14557,-20.3,-68.0,1.3679541365197593e-05
14558,-20.3,-67.0,1.7590867713796275e-05
14559,-20.3,-66.0,2.2500340780741653e-05
14560,-20.3,-65.0,2.8627078997525436e-05
14561,-20.3,-64.0,3.6228561037100356e-05
14562,-20.3,-63.0,4.560487191353138e-05
14563,-20.3,-62.0,5.710281306344814e-05
14564,-20.3,-61.0,7.111969314830735e-05
14565,-20.3,-60.0,8.810658175259903e-05
14566,-20.3,-59.0,0.00010857077503643827
14567,-20.3,-58.0,0.00013307719286692398
14568,-20.3,-57.0,0.00016224840346040957
14569,-20.3,-56.0,0.00019676295682085742
14570,-20.3,-55.0,0.00023735170508916727
14571,-20.3,-54.0,0.0002847917991313407
14572,-20.3,-53.0,0.0003398980788849318
14573,-20.3,-52.0,0.000403511622324122
14574,-20.3,-51.0,0.000476485285909788
14575,-20.3,-50.0,0.0005596661586897654
14576,-20.3,-49.0,0.0006538749623263976
14577,-20.3,-48.0,0.0007598825602331951
14578,-20.3,-47.0,0.0008783895690746351
14579,-20.3,-46.0,0.0010130396957410406
14580,-20.3,-45.0,0.0014293194762890879
14581,-20.3,-44.0,0.005378834951048943
14582,-20.3,-43.0,0.011771760468081493
14583,-20.3,-42.0,0.010343147849985327
14584,-20.3,-41.0,0.013468989221567456
14585,-20.3,-40.0,0.0070776303889599
14586,-20.3,-39.0,0.00824564949717324
14587,-20.3,-38.0,0.01635929816668828
14588,-20.3,-37.0,0.008419963105203699
14589,-20.3,-36.0,0.0039288093349146205
14590,-20.3,-35.0,0.010801966023492319
14591,-20.3,-34.0,0.02197992155191802
14592,-20.3,-33.0,0.011959022481978691
14593,-20.3,-32.0,0.014099619503226154
14594,-20.3,-31.0,0.027716171880221067
14595,-20.3,-30.0,0.014925048488646606
14596,-20.3,-29.0,0.01787388739660723
14597,-20.3,-28.0,0.035555381897855766
14598,-20.3,-27.0,0.01765584608002567
14599,-20.3,-26.0,0.007518183644762477
14600,-20.3,-25.0,0.024758133431750165
14601,-20.3,-24.0,0.05287277110179301
14602,-20.3,-23.0,0.02710348162393201
14603,-20.3,-22.0,0.03870086884762006
14604,-20.3,-21.0,0.08343016246702575
14605,-20.3,-20.0,0.039005981562757565
14606,-20.3,-19.0,0.009725495931439574
14607,-20.3,-18.0,0.027129941932643564
14608,-20.3,-17.0,0.05771684892556646
14609,-20.3,-16.0,0.02790132476368831
14610,-20.3,-15.0,0.021968069835574783
14611,-20.3,-14.0,0.042044098717540807
14612,-20.3,-13.0,0.0201843884886858
14613,-20.3,-12.0,0.00678157972823007
14614,-20.3,-11.0,0.015114290753759523
14615,-20.3,-10.0,0.029785418452158166
14616,-20.3,-9.0,0.015142136904109142
14617,-20.3,-8.0,0.012823994081293496
14618,-20.3,-7.0,0.023588110982010198
14619,-20.3,-6.0,0.011596922901832627
14620,-20.3,-5.0,0.004224468459331051
14621,-20.3,-4.0,0.00903446856896069
14622,-20.3,-3.0,0.01753171998899961
14623,-20.3,-2.0,0.008521595663146773
14624,-20.3,-1.0,0.002671225764730227
14625,-20.3,0.0,0.0006294020324707814
14626,-20.3,1.0,0.002135979266769929
14627,-20.3,2.0,0.005787453097707658
14628,-20.3,3.0,0.011602597852247808
14629,-20.3,4.0,0.005409083161306881
14630,-20.3,5.0,0.0016193236787487202
14631,-20.3,6.0,0.004221952568964675
14632,-20.3,7.0,0.008800185953680944
14633,-20.3,8.0,0.0041475434419570665
14634,-20.3,9.0,0.0035706131603556453
14635,-20.3,10.0,0.007228667770603953
14636,-20.3,11.0,0.003176682485382624
14637,-20.3,12.0,0.0007125683062446087
14638,-20.3,13.0,0.0025140555529536736
14639,-20.3,14.0,0.00564985155658985
14640,-20.3,15.0,0.0025385974369403173
14641,-20.3,16.0,0.002205591467974516
14642,-20.3,17.0,0.004754704441926485
14643,-20.3,18.0,0.001997774307525557
14644,-20.3,19.0,0.00032998848179444405
14645,-20.3,20.0,0.0016164816922794585
14646,-20.3,21.0,0.0038332877378694638
14647,-20.3,22.0,0.001675489421316659
14648,-20.3,23.0,0.0014721707101169855
14649,-20.3,24.0,0.003293028996498353
14650,-20.3,25.0,0.0013536708681999212
14651,-20.3,26.0,0.0001841453017575941
14652,-20.3,27.0,0.0011174840663955396
14653,-20.3,28.0,0.00271525688924699
14654,-20.3,29.0,0.0011100724049996763
14655,-20.3,30.0,8.153895195105706e-05
14656,-20.3,31.0,6.343798206738292e-06
14657,-20.3,32.0,4.183989084865795e-06
14658,-20.3,33.0,3.1568394696802648e-06
14659,-20.3,34.0,2.37007319965359e-06
14660,-20.3,35.0,1.7699376447347072e-06
14661,-20.3,36.0,1.3147430412056001e-06
14662,-20.3,37.0,9.714274379374758e-07
14663,-20.3,38.0,7.139475603968232e-07
14664,-20.3,39.0,5.219256495760861e-07
14665,-20.3,40.0,3.7952228296916495e-07
14666,-20.3,41.0,2.7450621492630027e-07
14667,-20.3,42.0,1.9749372743376292e-07
14668,-20.3,43.0,1.4133203932894278e-07
14669,-20.3,44.0,1.0060373763615642e-07
14670,-20.3,45.0,7.123177407005209e-08
14671,-20.3,46.0,5.0167163655028396e-08
14672,-20.3,47.0,3.5144022389962746e-08
14673,-20.3,48.0,2.448891319783277e-08
14674,-20.3,49.0,1.6973588817408812e-08
14675,-20.3,50.0,1.170210416064645e-08
14676,-20.3,51.0,8.024913424172788e-09
14677,-20.3,52.0,5.473975688484367e-09
14678,-20.3,53.0,3.7140819623241224e-09
14679,-20.3,54.0,2.5066067946532142e-09
14680,-20.3,55.0,1.6827013793526964e-09
14681,-20.3,56.0,1.1236058650629467e-09
14682,-20.3,57.0,7.462890209114315e-10
14683,-20.3,58.0,4.930446101447255e-10
14684,-20.3,59.0,3.2400483155581287e-10
14685,-20.3,60.0,2.1178873926135614e-10
14686,-20.3,61.0,1.377020327683107e-10
14687,-20.3,62.0,8.905615597993145e-11
14688,-20.3,63.0,5.728931728513071e-11
14689,-20.3,64.0,3.6658058155156635e-11
14690,-20.3,65.0,2.3331968017437953e-11
14691,-20.3,66.0,1.4771323058830134e-11
14692,-20.3,67.0,9.301939878441466e-12
14693,-20.3,68.0,5.826580718724024e-12
14694,-20.3,69.0,3.630279924474502e-12
14695,-20.3,70.0,2.249844840265178e-12
14696,-20.3,71.0,1.3869191024512837e-12
14697,-20.3,72.0,8.504245699323274e-13
14698,-20.3,73.0,5.186884480895094e-13
14699,-20.3,74.0,3.146758833211309e-13
14700,-20.2,-75.0,1.99203369815486e-06
14701,-20.2,-74.0,2.66036388285531e-06
14702,-20.2,-73.0,3.53404042560753e-06
14703,-20.2,-72.0,4.669690427661294e-06
14704,-20.2,-71.0,6.137489685590887e-06
14705,-20.2,-70.0,8.023790257022443e-06
14706,-20.2,-69.0,1.0434087335079243e-05
14707,-20.2,-68.0,1.3496323356450356e-05
14708,-20.2,-67.0,1.7364512283217256e-05
14709,-20.2,-66.0,2.222264825420399e-05
14710,-20.2,-65.0,2.828884018059254e-05
14711,-20.2,-64.0,3.581958744470571e-05
14712,-20.2,-63.0,4.5114081984265814e-05
14713,-20.2,-62.0,5.651838934404596e-05
14714,-20.2,-61.0,7.042932673588386e-05
14715,-20.2,-60.0,8.729782112664125e-05
14716,-20.2,-59.0,0.00010763149662086216
14717,-20.2,-58.0,0.00013199621004589124
14718,-20.2,-57.0,0.00016101622914111306
14719,-20.2,-56.0,0.00019537273181567116
14720,-20.2,-55.0,0.00023580030042940606
14721,-20.2,-54.0,0.0002830810948206346
14722,-20.2,-53.0,0.0003380364145090674
14723,-20.2,-52.0,0.0004015154063926927
14724,-20.2,-51.0,0.0004743807409448984
14725,-20.2,-50.0,0.0005574911681379201
14726,-20.2,-49.0,0.00065168097370665
14727,-20.2,-48.0,0.000757736487029545
14728,-20.2,-47.0,0.0008763756551398129
14729,-20.2,-46.0,0.0010112787963839711
14730,-20.2,-45.0,0.0014294835714303456
14731,-20.2,-44.0,0.005401395022388348
14732,-20.2,-43.0,0.011830844830309844
14733,-20.2,-42.0,0.010392764871484128
14734,-20.2,-41.0,0.013535014203568093
14735,-20.2,-40.0,0.007108133692482664
14736,-20.2,-39.0,0.008280763703922249
14737,-20.2,-38.0,0.016436513085616954
14738,-20.2,-37.0,0.008457303925873733
14739,-20.2,-36.0,0.003943848857655083
14740,-20.2,-35.0,0.010848479354238813
14741,-20.2,-34.0,0.02207736463568059
14742,-20.2,-33.0,0.012014051817925085
14743,-20.2,-32.0,0.014159490950015483
14744,-20.2,-31.0,0.027827651870598217
14745,-20.2,-30.0,0.014992456828474783
14746,-20.2,-29.0,0.017941732777637536
14747,-20.2,-28.0,0.03566946052569168
14748,-20.2,-27.0,0.01772995404270595
14749,-20.2,-26.0,0.007567339626959029
14750,-20.2,-25.0,0.02479624172937629
14751,-20.2,-24.0,0.05289396844813228
14752,-20.2,-23.0,0.027124107420954408
14753,-20.2,-22.0,0.03838292004051369
14754,-20.2,-21.0,0.08256131743482457
14755,-20.2,-20.0,0.037986575732062426
14756,-20.2,-19.0,0.009635785567677675
14757,-20.2,-18.0,0.027251865483087657
14758,-20.2,-17.0,0.05806566881093717
14759,-20.2,-16.0,0.028035373008005432
14760,-20.2,-15.0,0.02202076671851321
14761,-20.2,-14.0,0.04218000553282115
14762,-20.2,-13.0,0.02023367365104323
14763,-20.2,-12.0,0.006778058490122951
14764,-20.2,-11.0,0.015131572367174302
14765,-20.2,-10.0,0.029839653794891993
14766,-20.2,-9.0,0.015165449256945154
14767,-20.2,-8.0,0.012838616606586683
14768,-20.2,-7.0,0.023620279292268745
14769,-20.2,-6.0,0.011613575838639206
14770,-20.2,-5.0,0.0042317866427360636
14771,-20.2,-4.0,0.00904601989628112
14772,-20.2,-3.0,0.017550218922438788
14773,-20.2,-2.0,0.00853457762628699
14774,-20.2,-1.0,0.002680665358226162
14775,-20.2,0.0,0.0006254981580550244
14776,-20.2,1.0,0.0021458652671010933
14777,-20.2,2.0,0.005797503930797878
14778,-20.2,3.0,0.011612788872648442
14779,-20.2,4.0,0.005418222996794265
14780,-20.2,5.0,0.001627576906848744
14781,-20.2,6.0,0.004228638470394618
14782,-20.2,7.0,0.00880464500665962
14783,-20.2,8.0,0.004152841212785595
14784,-20.2,9.0,0.003574838266494039
14785,-20.2,10.0,0.007229940877492452
14786,-20.2,11.0,0.0031797640740755754
14787,-20.2,12.0,0.0007165403503933249
14788,-20.2,13.0,0.0025157892895027747
14789,-20.2,14.0,0.00564820048675578
14790,-20.2,15.0,0.002539262759181306
14791,-20.2,16.0,0.0022058211489837574
14792,-20.2,17.0,0.004751709946354229
14793,-20.2,18.0,0.0019974593244897797
14794,-20.2,19.0,0.00033119289545299974
14795,-20.2,20.0,0.0016157054485925332
14796,-20.2,21.0,0.003829359995670264
14797,-20.2,22.0,0.0016741908993937859
14798,-20.2,23.0,0.001470804810420626
14799,-20.2,24.0,0.0032888521501745014
14800,-20.2,25.0,0.0013521998964433506
14801,-20.2,26.0,0.00018427018744422276
14802,-20.2,27.0,0.0011159992480204587
14803,-20.2,28.0,0.0027111117285450394
14804,-20.2,29.0,0.001108476426193229
14805,-20.2,30.0,8.156832807420246e-05
14806,-20.2,31.0,6.459899345251625e-06
14807,-20.2,32.0,4.275386000302305e-06
14808,-20.2,33.0,3.227544538955034e-06
14809,-20.2,34.0,2.4244476332692094e-06
14810,-20.2,35.0,1.8115083298922295e-06
14811,-20.2,36.0,1.346339494254554e-06
14812,-20.2,37.0,9.953032430439325e-07
14813,-20.2,38.0,7.318847954434944e-07
14814,-20.2,39.0,5.353236332292285e-07
14815,-20.2,40.0,3.8947216743904876e-07
14816,-20.2,41.0,2.818530279656608e-07
14817,-20.2,42.0,2.0288746184842024e-07
14818,-20.2,43.0,1.4526932206280758e-07
14819,-20.2,44.0,1.034615031608854e-07
14820,-20.2,45.0,7.329423459749276e-08
14821,-20.2,46.0,5.1647224417458975e-08
14822,-20.2,47.0,3.620014360666367e-08
14823,-20.2,48.0,2.523827835941941e-08
14824,-20.2,49.0,1.7502306282527653e-08
14825,-20.2,50.0,1.2073048636277646e-08
14826,-20.2,51.0,8.28370711387949e-09
14827,-20.2,52.0,5.653516090135099e-09
14828,-20.2,53.0,3.837944063382527e-09
14829,-20.2,54.0,2.5915808305004753e-09
14830,-20.2,55.0,1.7406721712427385e-09
14831,-20.2,56.0,1.1629346805702306e-09
14832,-20.2,57.0,7.728225153154859e-10
14833,-20.2,58.0,5.108463780292614e-10
14834,-20.2,59.0,3.3588219189686134e-10
14835,-20.2,60.0,2.1966949241054496e-10
14836,-20.2,61.0,1.4290210364932848e-10
14837,-20.2,62.0,9.246845582709285e-11
14838,-20.2,63.0,5.951613167524746e-11
14839,-20.2,64.0,3.8103238947802246e-11
14840,-20.2,65.0,2.426471530051233e-11
14841,-20.2,66.0,1.537002639931813e-11
14842,-20.2,67.0,9.684119375473343e-12
14843,-20.2,68.0,6.069204382089246e-12
14844,-20.2,69.0,3.7834630648839e-12
14845,-20.2,70.0,2.346028815216589e-12
14846,-20.2,71.0,1.4469825474918678e-12
14847,-20.2,72.0,8.877268413595752e-13
14848,-20.2,73.0,5.417282919765672e-13
14849,-20.2,74.0,3.2882875702880273e-13
14850,-20.1,-75.0,1.957286677910269e-06
14851,-20.1,-74.0,2.6153522584743387e-06
14852,-20.1,-73.0,3.4760983121634167e-06
14853,-20.1,-72.0,4.59557668471086e-06
14854,-20.1,-71.0,6.043299131715996e-06
14855,-20.1,-70.0,7.904861646014895e-06
14856,-20.1,-69.0,1.0284911577092777e-05
14857,-20.1,-68.0,1.3310456759241583e-05
14858,-20.1,-67.0,1.7134501072841194e-05
14859,-20.1,-66.0,2.1939972288103614e-05
14860,-20.1,-65.0,2.794388554726844e-05
14861,-20.1,-64.0,3.5401659489813225e-05
14862,-20.1,-63.0,4.461147212580824e-05
14863,-20.1,-62.0,5.591851072672713e-05
14864,-20.1,-61.0,6.97189351888795e-05
14865,-20.1,-60.0,8.646333886914345e-05
14866,-20.1,-59.0,0.0001066594565260753
14867,-20.1,-58.0,0.00013087383783521992
14868,-20.1,-57.0,0.00015973217944248918
14869,-20.1,-56.0,0.0001939179914000433
14870,-20.1,-55.0,0.0002341692679793347
14871,-20.1,-54.0,0.0002812728411687376
14872,-20.1,-53.0,0.0003360561203557393
14873,-20.1,-52.0,0.000399375966093956
14874,-20.1,-51.0,0.0004721045111686095
14875,-20.1,-50.0,0.0005551118292437616
14876,-20.1,-49.0,0.0006492454599527804
14877,-20.1,-48.0,0.0007553069296152533
14878,-20.1,-47.0,0.0008740313014110485
14879,-20.1,-46.0,0.0010091344813738566
14880,-20.1,-45.0,0.001429128484529898
14881,-20.1,-44.0,0.005422276234925002
14882,-20.1,-43.0,0.011886382128382325
14883,-20.1,-42.0,0.010439226166114679
14884,-20.1,-41.0,0.013596953701099814
14885,-20.1,-40.0,0.0071363892772439135
14886,-20.1,-39.0,0.008313267578962013
14887,-20.1,-38.0,0.016508735427772685
14888,-20.1,-37.0,0.008491953052521014
14889,-20.1,-36.0,0.003957494509099921
14890,-20.1,-35.0,0.010891586204406457
14891,-20.1,-34.0,0.022168137317080224
14892,-20.1,-33.0,0.012065333765803857
14893,-20.1,-32.0,0.014215023732470631
14894,-20.1,-31.0,0.027930877789272897
14895,-20.1,-30.0,0.015055324344559237
14896,-20.1,-29.0,0.01800434142060439
14897,-20.1,-28.0,0.03577343943892868
14898,-20.1,-27.0,0.017798953805950705
14899,-20.1,-26.0,0.007614338142799917
14900,-20.1,-25.0,0.024828902144638045
14901,-20.1,-24.0,0.052904258260123134
14902,-20.1,-23.0,0.02714140812498078
14903,-20.1,-22.0,0.038093778203084655
14904,-20.1,-21.0,0.08176617845272231
14905,-20.1,-20.0,0.03702550990261704
14906,-20.1,-19.0,0.00954882135660405
14907,-20.1,-18.0,0.027373008633972233
14908,-20.1,-17.0,0.05841439448706596
14909,-20.1,-16.0,0.02816846981616172
14910,-20.1,-15.0,0.02207047413769074
14911,-20.1,-14.0,0.042310455728195896
14912,-20.1,-13.0,0.020279985180938476
14913,-20.1,-12.0,0.006773066726481144
14914,-20.1,-11.0,0.015146029406322028
14915,-20.1,-10.0,0.029888755319141966
14916,-20.1,-9.0,0.015185960491357304
14917,-20.1,-8.0,0.012850731291846032
14918,-20.1,-7.0,0.02364810860853227
14919,-20.1,-6.0,0.011627968841627161
14920,-20.1,-5.0,0.004238130378239286
14921,-20.1,-4.0,0.009055750459507485
14922,-20.1,-3.0,0.017565391885379058
14923,-20.1,-2.0,0.008545878476686026
14924,-20.1,-1.0,0.0026894992240149174
14925,-20.1,0.0,0.0006214965282077178
14926,-20.1,1.0,0.0021552863031157232
14927,-20.1,2.0,0.005806433710471107
14928,-20.1,3.0,0.01162080213029173
14929,-20.1,4.0,0.005426340134809672
14930,-20.1,5.0,0.0016355169213585837
14931,-20.1,6.0,0.004234535030686181
14932,-20.1,7.0,0.008807469164998829
14933,-20.1,8.0,0.00415737628752798
14934,-20.1,9.0,0.003578410272314912
14935,-20.1,10.0,0.007229878500922916
14936,-20.1,11.0,0.0031822708189464598
14937,-20.1,12.0,0.0007204001195884101
14938,-20.1,13.0,0.0025170719460845823
14939,-20.1,14.0,0.005645507701238867
14940,-20.1,15.0,0.0025394709063020393
14941,-20.1,16.0,0.0022056546115439943
14942,-20.1,17.0,0.0047478368172779286
14943,-20.1,18.0,0.001996784140924105
14944,-20.1,19.0,0.0003323501736219688
14945,-20.1,20.0,0.0016146373488055267
14946,-20.1,21.0,0.003824719827149654
14947,-20.1,22.0,0.001672586168941175
14948,-20.1,23.0,0.0014691696639919927
14949,-20.1,24.0,0.003284060428604402
14950,-20.1,25.0,0.0013504795593689953
14951,-20.1,26.0,0.0001843658378370608
14952,-20.1,27.0,0.0011143078115339138
14953,-20.1,28.0,0.0027064570169168124
14954,-20.1,29.0,0.0011066737204793143
14955,-20.1,30.0,8.158488844475734e-05
14956,-20.1,31.0,6.5769118485524835e-06
14957,-20.1,32.0,4.367690575520287e-06
14958,-20.1,33.0,3.2990100544950462e-06
14959,-20.1,34.0,2.4794508476157233e-06
14960,-20.1,35.0,1.8535928661073435e-06
14961,-20.1,36.0,1.378351344714638e-06
14962,-20.1,37.0,1.0195114666544069e-06
14963,-20.1,38.0,7.500855128411846e-07
14964,-20.1,39.0,5.489285688770563e-07
14965,-20.1,40.0,3.99583195299247e-07
14966,-20.1,41.0,2.8932427139422007e-07
14967,-20.1,42.0,2.0837650579081158e-07
14968,-20.1,43.0,1.4927903995937866e-07
14969,-20.1,44.0,1.0637390216763516e-07
14970,-20.1,45.0,7.539759724641446e-08
14971,-20.1,46.0,5.3157685739892366e-08
14972,-20.1,47.0,3.727869997790518e-08
14973,-20.1,48.0,2.600408512313355e-08
14974,-20.1,49.0,1.8042990508136953e-08
14975,-20.1,50.0,1.24526442067176e-08
14976,-20.1,51.0,8.548713321814219e-09
14977,-20.1,52.0,5.8374885212257314e-09
14978,-20.1,53.0,3.964947459808834e-09
14979,-20.1,54.0,2.6787670232359854e-09
14980,-20.1,55.0,1.8001908930556887e-09
14981,-20.1,56.0,1.2033398120172163e-09
14982,-20.1,57.0,8.000997206681249e-10
14983,-20.1,58.0,5.291588454803305e-10
14984,-20.1,59.0,3.481080845581601e-10
14985,-20.1,60.0,2.277866495216807e-10
14986,-20.1,61.0,1.4826154839952666e-10
14987,-20.1,62.0,9.59875493434231e-11
14988,-20.1,63.0,6.181407629331148e-11
14989,-20.1,64.0,3.959551275476137e-11
14990,-20.1,65.0,2.522845566677363e-11
14991,-20.1,66.0,1.5989006131602877e-11
14992,-20.1,67.0,1.007948584268444e-11
14993,-20.1,68.0,6.320353901811505e-12
14994,-20.1,69.0,3.942126188108307e-12
14995,-20.1,70.0,2.4457144791515414e-12
14996,-20.1,71.0,1.5092705395907592e-12
14997,-20.1,72.0,9.26434122288751e-13
14998,-20.1,73.0,5.65650398928032e-13
14999,-20.1,74.0,3.4353244506658835e-13
15000,-20.0,-75.0,1.8525933305598358e-06
15001,-20.0,-74.0,2.4767788878134006e-06
15002,-20.0,-73.0,3.293673043563869e-06
15003,-20.0,-72.0,4.356721925128714e-06
15004,-20.0,-71.0,5.732252397611488e-06
15005,-20.0,-70.0,7.501996816066544e-06
15006,-20.0,-69.0,9.76595129142849e-06
15007,-20.0,-68.0,1.2645567955235905e-05
15008,-20.0,-67.0,1.628726764671249e-05
15009,-20.0,-66.0,2.0866241719268038e-05
15010,-20.0,-65.0,2.659049012356082e-05
15011,-20.0,-64.0,3.3705017608179085e-05
15012,-20.0,-63.0,4.249608106226399e-05
15013,-20.0,-62.0,5.3295349271607754e-05
15014,-20.0,-61.0,6.648380256924014e-05
15015,-20.0,-60.0,8.249516529843481e-05
15016,-20.0,-59.0,0.00010181863031843335
15017,-20.0,-58.0,0.00012500060399472503
15018,-20.0,-57.0,0.00015264517459023842
15019,-20.0,-56.0,0.00018541298934641448
15020,-20.0,-55.0,0.0002240182186153355
15021,-20.0,-54.0,0.0002692232920020902
15022,-20.0,-53.0,0.000321831114274761
15023,-20.0,-52.0,0.00038267451011465733
15024,-20.0,-51.0,0.00045260270834498144
15025,-20.0,-50.0,0.0005324647590081957
15026,-20.0,-49.0,0.0006230898804351907
15027,-20.0,-48.0,0.0007252648586145939
15028,-20.0,-47.0,0.0008397143302959281
15029,-20.0,-46.0,0.0009700525243479997
15030,-20.0,-45.0,0.001376385484480766
15031,-20.0,-44.0,0.00524384362584512
15032,-20.0,-43.0,0.011504760394980376
15033,-20.0,-42.0,0.010101799063034473
15034,-20.0,-41.0,0.013158854293511841
15035,-20.0,-40.0,0.006902256709281275
15036,-20.0,-39.0,0.00804013503569493
15037,-20.0,-38.0,0.015973914614126613
15038,-20.0,-37.0,0.008214317526781584
15039,-20.0,-36.0,0.003825564074094268
15040,-20.0,-35.0,0.01053425672531168
15041,-20.0,-34.0,0.021444025931925882
15042,-20.0,-33.0,0.011672918848355734
15043,-20.0,-32.0,0.013748060271997296
15044,-20.0,-31.0,0.02700794157243848
15045,-20.0,-30.0,0.014564709420121518
15046,-20.0,-29.0,0.01740570242480758
15047,-20.0,-28.0,0.03456461866560671
15048,-20.0,-27.0,0.017214050276250902
15049,-20.0,-26.0,0.007380967854381301
15050,-20.0,-25.0,0.023953294490806416
15051,-20.0,-24.0,0.050982107493510884
15052,-20.0,-23.0,0.026168637866241743
15053,-20.0,-22.0,0.03645322220891621
15054,-20.0,-21.0,0.07808625612736593
15055,-20.0,-20.0,0.03636348090976057
15056,-20.0,-19.0,0.009830068619272268
15057,-20.0,-18.0,0.028556884789883104
15058,-20.0,-17.0,0.061036167367681
15059,-20.0,-16.0,0.029395351377175926
15060,-20.0,-15.0,0.02297262221207258
15061,-20.0,-14.0,0.04407669374477081
15062,-20.0,-13.0,0.02110935728832989
15063,-20.0,-12.0,0.007028316737385309
15064,-20.0,-11.0,0.01574389782678453
15065,-20.0,-10.0,0.031090386769880816
15066,-20.0,-9.0,0.015791681577167805
15067,-20.0,-8.0,0.01335771920128574
15068,-20.0,-7.0,0.024587108966845784
15069,-20.0,-6.0,0.012090286735641234
15070,-20.0,-5.0,0.004407616332080079
15071,-20.0,-4.0,0.009414199450878027
15072,-20.0,-3.0,0.018257046359738537
15073,-20.0,-2.0,0.008886382614671517
15074,-20.0,-1.0,0.00280205775984762
15075,-20.0,0.0,0.0006412778090139438
15076,-20.0,1.0,0.002247939359329279
15077,-20.0,2.0,0.006039107074426189
15078,-20.0,3.0,0.012076302918138958
15079,-20.0,4.0,0.0056435718510902495
15080,-20.0,5.0,0.0017066880768650276
15081,-20.0,6.0,0.004403609976237408
15082,-20.0,7.0,0.00914933913382495
15083,-20.0,8.0,0.004322081652469859
15084,-20.0,9.0,0.0037198377636585233
15085,-20.0,10.0,0.007508048493236745
15086,-20.0,11.0,0.0033073529077304897
15087,-20.0,12.0,0.0007521521461857544
15088,-20.0,13.0,0.0026152848358946858
15089,-20.0,14.0,0.005859975501093858
15090,-20.0,15.0,0.002637428451406528
15091,-20.0,16.0,0.002290375897878391
15092,-20.0,17.0,0.004926530566214152
15093,-20.0,18.0,0.002072936619169247
15094,-20.0,19.0,0.00034635656439554265
15095,-20.0,20.0,0.0016756730793598428
15096,-20.0,21.0,0.003967087604025657
15097,-20.0,22.0,0.001735291157975534
15098,-20.0,23.0,0.0015240141474419714
15099,-20.0,24.0,0.003405461698070259
15100,-20.0,25.0,0.0014006658019622006
15101,-20.0,26.0,0.00019156534299896244
15102,-20.0,27.0,0.0011554342841856502
15103,-20.0,28.0,0.00280577054313478
15104,-20.0,29.0,0.0011473893057681213
15105,-20.0,30.0,8.474417534875037e-05
15106,-20.0,31.0,6.953726742758527e-06
15107,-20.0,32.0,4.633404268722896e-06
15108,-20.0,33.0,3.5016016532396396e-06
15109,-20.0,34.0,2.6331154461472344e-06
15110,-20.0,35.0,1.969518495539383e-06
15111,-20.0,36.0,1.465335197897127e-06
15112,-20.0,37.0,1.0844274644933273e-06
15113,-20.0,38.0,7.982713212411419e-07
15114,-20.0,39.0,5.845032733325567e-07
15115,-20.0,40.0,4.257059292507111e-07
15116,-20.0,41.0,3.0840309419368476e-07
15117,-20.0,42.0,2.222357833366251e-07
15118,-20.0,43.0,1.5929254525913524e-07
15119,-20.0,44.0,1.1356986058222897e-07
15120,-20.0,45.0,8.054097684723467e-08
15121,-20.0,46.0,5.681419244507394e-08
15122,-20.0,47.0,3.986418764060053e-08
15123,-20.0,48.0,2.782243434357628e-08
15124,-20.0,49.0,1.9314944115298188e-08
15125,-20.0,50.0,1.3337606596648832e-08
15126,-20.0,51.0,9.161117759622702e-09
15127,-20.0,52.0,6.259002726272525e-09
15128,-20.0,53.0,4.2535145905169545e-09
15129,-20.0,54.0,2.8752580171598623e-09
15130,-20.0,55.0,1.9332669589150306e-09
15131,-20.0,56.0,1.2929833808548841e-09
15132,-20.0,57.0,8.601618274027407e-10
15133,-20.0,58.0,5.69185065024093e-10
15134,-20.0,59.0,3.7463895602576544e-10
15135,-20.0,60.0,2.452779348303575e-10
15136,-20.0,61.0,1.597313399608744e-10
15137,-20.0,62.0,1.034684388778863e-10
15138,-20.0,63.0,6.666713099578945e-11
15139,-20.0,64.0,4.272693525217341e-11
15140,-20.0,65.0,2.7238163777745026e-11
15141,-20.0,66.0,1.727189617652737e-11
15142,-20.0,67.0,1.0894023759411168e-11
15143,-20.0,68.0,6.834751437588521e-12
15144,-20.0,69.0,4.265237701825573e-12
15145,-20.0,70.0,2.6475846917336164e-12
15146,-20.0,71.0,1.634717044213761e-12
15147,-20.0,72.0,1.0039715997795628e-12
15148,-20.0,73.0,6.133189340026792e-13
15149,-20.0,74.0,3.726811475801813e-13
15150,-19.9,-75.0,1.7597334867933626e-06
15151,-19.9,-74.0,2.353886014629438e-06
15152,-19.9,-73.0,3.1319157166100825e-06
15153,-19.9,-72.0,4.144964461344243e-06
15154,-19.9,-71.0,5.456544029146625e-06
15155,-19.9,-70.0,7.1449735269934105e-06
15156,-19.9,-69.0,9.306142355823385e-06
15157,-19.9,-68.0,1.2056600392640047e-05
15158,-19.9,-67.0,1.553696364069154e-05
15159,-19.9,-66.0,1.9915606629436508e-05
15160,-19.9,-65.0,2.5392592151531483e-05
15161,-19.9,-64.0,3.220376452267142e-05
15162,-19.9,-63.0,4.062490468566843e-05
15163,-19.9,-62.0,5.097581467454697e-05
15164,-19.9,-61.0,6.362416605202621e-05
15165,-19.9,-60.0,7.898891313517314e-05
15166,-19.9,-59.0,9.754303870367908e-05
15167,-19.9,-58.0,0.00011981536938697595
15168,-19.9,-57.0,0.0001463911723316053
15169,-19.9,-56.0,0.00017791122661390196
15170,-19.9,-55.0,0.00021506905491481336
15171,-19.9,-54.0,0.00025860600598282544
15172,-19.9,-53.0,0.00030930389901693227
15173,-19.9,-52.0,0.00036797497961528415
15174,-19.9,-51.0,0.000435448995119337
15175,-19.9,-50.0,0.0005125572760242674
15176,-19.9,-49.0,0.0006001138096123364
15177,-19.9,-48.0,0.0006988934125592405
15178,-19.9,-47.0,0.0008096126586618751
15179,-19.9,-46.0,0.0009357994074336098
15180,-19.9,-45.0,0.0013303286545535242
15181,-19.9,-44.0,0.0050895986585143965
15182,-19.9,-43.0,0.011175647641801503
15183,-19.9,-42.0,0.009810601513520223
15184,-19.9,-41.0,0.012780897650021047
15185,-19.9,-40.0,0.006699873598901107
15186,-19.9,-39.0,0.007804020710494365
15187,-19.9,-38.0,0.015512278051980325
15188,-19.9,-37.0,0.007974379551442486
15189,-19.9,-36.0,0.0037112396036490906
15190,-19.9,-35.0,0.010225401158880102
15191,-19.9,-34.0,0.020818611587048414
15192,-19.9,-33.0,0.011333995737391156
15193,-19.9,-32.0,0.013344498172161625
15194,-19.9,-31.0,0.026210200171985783
15195,-19.9,-30.0,0.0141410279848712
15196,-19.9,-29.0,0.016888077217611083
15197,-19.9,-28.0,0.03351834921095671
15198,-19.9,-27.0,0.01670883723149956
15199,-19.9,-26.0,0.007180574838486914
15200,-19.9,-25.0,0.023194257330832073
15201,-19.9,-24.0,0.04931271559604654
15202,-19.9,-23.0,0.02532606417577873
15203,-19.9,-22.0,0.035035267957069446
15204,-19.9,-21.0,0.07490243500472409
15205,-19.9,-20.0,0.03391316319832612
15206,-19.9,-19.0,0.01009313528057544
15207,-19.9,-18.0,0.029709853177089827
15208,-19.9,-17.0,0.06360059275525187
15209,-19.9,-16.0,0.03059087491169585
15210,-19.9,-15.0,0.023843293150326034
15211,-19.9,-14.0,0.045785438071964495
15212,-19.9,-13.0,0.021909561203831057
15213,-19.9,-12.0,0.007271761169934544
15214,-19.9,-11.0,0.01631776937130584
15215,-19.9,-10.0,0.03224667826006921
15216,-19.9,-9.0,0.01637381659406298
15217,-19.9,-8.0,0.013844199255218903
15218,-19.9,-7.0,0.025489093732567976
15219,-19.9,-6.0,0.012534308087917483
15220,-19.9,-5.0,0.004570337633211559
15221,-19.9,-4.0,0.009758217411307864
15222,-19.9,-3.0,0.018920677609950816
15223,-19.9,-2.0,0.009213465419363328
15224,-19.9,-1.0,0.002910687974710136
15225,-19.9,0.0,0.0006597579751974937
15226,-19.9,1.0,0.0023376385757139023
15227,-19.9,2.0,0.006262775627757056
15228,-19.9,3.0,0.012513139321225199
15229,-19.9,4.0,0.005852400575856685
15230,-19.9,5.0,0.0017757213769668428
15231,-19.9,6.0,0.004566105353463023
15232,-19.9,7.0,0.009476843535288925
15233,-19.9,8.0,0.004480250165166623
15234,-19.9,9.0,0.003855618358420755
15235,-19.9,10.0,0.007774259698695737
15236,-19.9,11.0,0.003427371353283158
15237,-19.9,12.0,0.0007830189785332053
15238,-19.9,13.0,0.002709445597408284
15239,-19.9,14.0,0.006064913317934637
15240,-19.9,15.0,0.0027312161810079632
15241,-19.9,16.0,0.002371451118310524
15242,-19.9,17.0,0.005097089174091015
15243,-19.9,18.0,0.002145748308463181
15244,-19.9,19.0,0.00035991466231013374
15245,-19.9,20.0,0.0017339685528861848
15246,-19.9,21.0,0.004102785469322539
15247,-19.9,22.0,0.0017951166272808135
15248,-19.9,23.0,0.0015763124949989388
15249,-19.9,24.0,0.0035210731835063846
15250,-19.9,25.0,0.0014484935465593355
15251,-19.9,26.0,0.000198472695618473
15252,-19.9,27.0,0.0011945938147015882
15253,-19.9,28.0,0.0029002576678438096
15254,-19.9,29.0,0.0011861406544082733
15255,-19.9,30.0,8.777245550006636e-05
15256,-19.9,31.0,7.330744028929474e-06
15257,-19.9,32.0,4.900680846470063e-06
15258,-19.9,33.0,3.7055923579409277e-06
15259,-19.9,34.0,2.7879957005420756e-06
15260,-19.9,35.0,2.0864768841568716e-06
15261,-19.9,36.0,1.5531801348887747e-06
15262,-19.9,37.0,1.1500499371865768e-06
15263,-19.9,38.0,8.470285964501135e-07
15264,-19.9,39.0,6.205343922354702e-07
15265,-19.9,40.0,4.521889836317236e-07
15266,-19.9,41.0,3.277633424190874e-07
15267,-19.9,42.0,2.363126767467786e-07
15268,-19.9,43.0,1.694727450417721e-07
15269,-19.9,44.0,1.2089236901379278e-07
15270,-19.9,45.0,8.577961109813521e-08
15271,-19.9,46.0,6.054181048303286e-08
15272,-19.9,47.0,4.250234297202969e-08
15273,-19.9,48.0,2.9679492250700353e-08
15274,-19.9,49.0,2.061513506766981e-08
15275,-19.9,50.0,1.4243017911638846e-08
15276,-19.9,51.0,9.788225620892384e-09
15277,-19.9,52.0,6.691015488475694e-09
15278,-19.9,53.0,4.549526617734599e-09
15279,-19.9,54.0,3.0769929098235682e-09
15280,-19.9,55.0,2.0700121287446543e-09
15281,-19.9,56.0,1.3851773882493892e-09
15282,-19.9,57.0,9.219853179280865e-10
15283,-19.9,58.0,6.10419958585914e-10
15284,-19.9,59.0,4.019939831748867e-10
15285,-19.9,60.0,2.6332766515865035e-10
15286,-19.9,61.0,1.7157718239406913e-10
15287,-19.9,62.0,1.1120099738216326e-10
15288,-19.9,63.0,7.168758348299926e-11
15289,-19.9,64.0,4.5969026538831517e-11
15290,-19.9,65.0,2.9320595097750295e-11
15291,-19.9,66.0,1.8602287909338812e-11
15292,-19.9,67.0,1.173940404435426e-11
15293,-19.9,68.0,7.369055823365438e-12
15294,-19.9,69.0,4.601122013604368e-12
15295,-19.9,70.0,2.8576021325332347e-12
15296,-19.9,71.0,1.765329911873758e-12
15297,-19.9,72.0,1.0847661039210837e-12
15298,-19.9,73.0,6.630288711444646e-13
15299,-19.9,74.0,4.0310193332194387e-13
15300,-19.8,-75.0,1.7281816966724191e-06
15301,-19.8,-74.0,2.3129131244861297e-06
15302,-19.8,-73.0,3.0790401167267898e-06
15303,-19.8,-72.0,4.077157436092694e-06
15304,-19.8,-71.0,5.370141429653828e-06
15305,-19.8,-70.0,7.035582709580604e-06
15306,-19.8,-69.0,9.16854729939535e-06
15307,-19.8,-68.0,1.1884669095406742e-05
15308,-19.8,-67.0,1.532356327754136e-05
15309,-19.8,-66.0,1.9652533509596816e-05
15310,-19.8,-65.0,2.5070525218623745e-05
15311,-19.8,-64.0,3.1812252932676275e-05
15312,-19.8,-63.0,4.0152401806826904e-05
15313,-19.8,-62.0,5.040977257665944e-05
15314,-19.8,-61.0,6.29512060660057e-05
15315,-19.8,-60.0,7.819508921858962e-05
15316,-19.8,-59.0,9.661421097578051e-05
15317,-19.8,-58.0,0.00011873770511433972
15318,-19.8,-57.0,0.00014515179066431927
15319,-19.8,-56.0,0.0001764990013084078
15320,-19.8,-55.0,0.00021347558596853823
15321,-19.8,-54.0,0.0002568267664173641
15322,-19.8,-53.0,0.00030733955690243335
15323,-19.8,-52.0,0.00036583288781962117
15324,-19.8,-51.0,0.0004331448322682183
15325,-19.8,-50.0,0.0005101168119493182
15326,-19.8,-49.0,0.0005975747574304237
15327,-19.8,-48.0,0.0006963073178784859
15328,-19.8,-47.0,0.0008070467926298553
15329,-19.8,-46.0,0.0009333534771820202
15330,-19.8,-45.0,0.0013294209519979932
15331,-19.8,-44.0,0.005107609375087989
15332,-19.8,-43.0,0.011224567895518747
15333,-19.8,-42.0,0.009851301713408226
15334,-19.8,-41.0,0.012835300011788264
15335,-19.8,-40.0,0.006724184761986494
15336,-19.8,-39.0,0.007831979599044707
15337,-19.8,-38.0,0.015575464853990395
15338,-19.8,-37.0,0.00800420858591241
15339,-19.8,-36.0,0.0037224204153775394
15340,-19.8,-35.0,0.0102625433562286
15341,-19.8,-34.0,0.020897772475703468
15342,-19.8,-33.0,0.011378487869826806
15343,-19.8,-32.0,0.013392586099286565
15344,-19.8,-31.0,0.026299986429881975
15345,-19.8,-30.0,0.01419586785894213
15346,-19.8,-29.0,0.016942495911634346
15347,-19.8,-28.0,0.033608368520380516
15348,-19.8,-27.0,0.016769423056204047
15349,-19.8,-26.0,0.0072227689651894085
15350,-19.8,-25.0,0.023223943941478867
15351,-19.8,-24.0,0.049322690420619326
15352,-19.8,-23.0,0.02534666136113045
15353,-19.8,-22.0,0.03483828131807394
15354,-19.8,-21.0,0.07434089306598071
15355,-19.8,-20.0,0.033724526113302525
15356,-19.8,-19.0,0.009988418261514819
15357,-19.8,-18.0,0.029788381108648128
15358,-19.8,-17.0,0.06387003557765529
15359,-19.8,-16.0,0.030680205805446635
15360,-19.8,-15.0,0.02384687437811335
15361,-19.8,-14.0,0.04583057540429956
15362,-19.8,-13.0,0.021912712508610835
15363,-19.8,-12.0,0.007249403246427997
15364,-19.8,-11.0,0.01629657661668281
15365,-19.8,-10.0,0.03222822598059207
15366,-19.8,-9.0,0.01635907978643297
15367,-19.8,-8.0,0.013825674159121924
15368,-19.8,-7.0,0.025461797949772883
15369,-19.8,-6.0,0.012521230283271045
15370,-19.8,-5.0,0.004566249029781025
15371,-19.8,-4.0,0.00974624904853541
15372,-19.8,-3.0,0.018894183817809856
15373,-19.8,-2.0,0.00920454820590054
15374,-19.8,-1.0,0.0029132574466427972
15375,-19.8,0.0,0.0006540422193681445
15376,-19.8,1.0,0.0023422594802111948
15377,-19.8,2.0,0.006258114958830023
15378,-19.8,3.0,0.012493516446971085
15379,-19.8,4.0,0.005847882909966143
15380,-19.8,5.0,0.0017801995257577638
15381,-19.8,6.0,0.004562140529207754
15382,-19.8,7.0,0.0094585557694365
15383,-19.8,8.0,0.004475060725386173
15384,-19.8,9.0,0.00385080882691212
15385,-19.8,10.0,0.007756730070216296
15386,-19.8,11.0,0.0034223997283566138
15387,-19.8,12.0,0.0007854618201807424
15388,-19.8,13.0,0.002704778376445605
15389,-19.8,14.0,0.006048409254428187
15390,-19.8,15.0,0.002725343038581215
15391,-19.8,16.0,0.0023659824219318913
15392,-19.8,17.0,0.005081485793233868
15393,-19.8,18.0,0.002140233562346524
15394,-19.8,19.0,0.0003603926370598952
15395,-19.8,20.0,0.0017289505222501556
15396,-19.8,21.0,0.004088579701795268
15397,-19.8,22.0,0.0017893745212869464
15398,-19.8,23.0,0.0015710272379629278
15399,-19.8,24.0,0.003508004016812625
15400,-19.8,25.0,0.0014433974574888412
15401,-19.8,26.0,0.00019814531865979015
15402,-19.8,27.0,0.0011900960472808933
15403,-19.8,28.0,0.002888725091182634
15404,-19.8,29.0,0.0011815376713833683
15405,-19.8,30.0,8.76005528814637e-05
15406,-19.8,31.0,7.446711157060163e-06
15407,-19.8,32.0,4.994273304129944e-06
15408,-19.8,33.0,3.7784015897866355e-06
15409,-19.8,34.0,2.844289945685082e-06
15410,-19.8,35.0,2.1297403402963026e-06
15411,-19.8,36.0,1.586230283710695e-06
15412,-19.8,37.0,1.17514769198057e-06
15413,-19.8,38.0,8.659746529085849e-07
15414,-19.8,39.0,6.347523638684818e-07
15415,-19.8,40.0,4.62796234840895e-07
15416,-19.8,41.0,3.3563063383116915e-07
15417,-19.8,42.0,2.42113837165426e-07
15418,-19.8,43.0,1.7372560627920424e-07
15419,-19.8,44.0,1.2399216496665557e-07
15420,-19.8,45.0,8.802596859138502e-08
15421,-19.8,46.0,6.21603612460024e-08
15422,-19.8,47.0,4.36618751811185e-08
15423,-19.8,48.0,3.050544513589338e-08
15424,-19.8,49.0,2.1200127473962707e-08
15425,-19.8,50.0,1.4654995738899859e-08
15426,-19.8,51.0,1.0076716403014443e-08
15427,-19.8,52.0,6.891892404074446e-09
15428,-19.8,53.0,4.688609386437716e-09
15429,-19.8,54.0,3.1727490805701875e-09
15430,-19.8,55.0,2.1355685211101855e-09
15431,-19.8,56.0,1.4298069479087943e-09
15432,-19.8,57.0,9.521983049709871e-10
15433,-19.8,58.0,6.307590829624609e-10
15434,-19.8,59.0,4.156097526256321e-10
15435,-19.8,60.0,2.723918158649415e-10
15436,-19.8,61.0,1.7757772480731985e-10
15437,-19.8,62.0,1.1515134830092659e-10
15438,-19.8,63.0,7.427380535135144e-11
15439,-19.8,64.0,4.7652800690609377e-11
15440,-19.8,65.0,3.041076136306296e-11
15441,-19.8,66.0,1.9304220233990842e-11
15442,-19.8,67.0,1.2188867091708253e-11
15443,-19.8,68.0,7.655270248427723e-12
15444,-19.8,69.0,4.7823771184497425e-12
15445,-19.8,70.0,2.9717564926076576e-12
15446,-19.8,71.0,1.836829002941345e-12
15447,-19.8,72.0,1.1293026404636382e-12
15448,-19.8,73.0,6.906182752407349e-13
15449,-19.8,74.0,4.2009924108962475e-13
15450,-19.7,-75.0,1.6967306318854663e-06
15451,-19.7,-74.0,2.272030771645559e-06
15452,-19.7,-73.0,3.02622785977875e-06
15453,-19.7,-72.0,4.009360881264489e-06
15454,-19.7,-71.0,5.283658984631215e-06
15455,-19.7,-70.0,6.92596860261117e-06
15456,-19.7,-69.0,9.030511802369999e-06
15457,-19.7,-68.0,1.1711979894820217e-05
15458,-19.7,-67.0,1.5108953316733527e-05
15459,-19.7,-66.0,1.938762219060252e-05
15460,-19.7,-65.0,2.474576157140122e-05
15461,-19.7,-64.0,3.141689118261381e-05
15462,-19.7,-63.0,3.967452162472846e-05
15463,-19.7,-62.0,4.9836358080768245e-05
15464,-19.7,-61.0,6.226829923965808e-05
15465,-19.7,-60.0,7.738803466215703e-05
15466,-19.7,-59.0,9.566800965887416e-05
15467,-19.7,-58.0,0.00011763749484939162
15468,-19.7,-57.0,0.00014388347019379116
15469,-19.7,-56.0,0.0001750500129966251
15470,-19.7,-55.0,0.00021183586894416682
15471,-19.7,-54.0,0.0002549898874851798
15472,-19.7,-53.0,0.0003053040205445391
15473,-19.7,-52.0,0.00036360361911563066
15474,-19.7,-51.0,0.0004307348176448354
15475,-19.7,-50.0,0.0005075488724856348
15476,-19.7,-49.0,0.000594883418270141
15477,-19.7,-48.0,0.0006935407255330632
15478,-19.7,-47.0,0.0008042686469642449
15479,-19.7,-46.0,0.0009306592552410435
15480,-19.7,-45.0,0.001328177766775432
15481,-19.7,-44.0,0.005124570957022317
15482,-19.7,-43.0,0.011271291707970848
15483,-19.7,-42.0,0.00989003899468889
15484,-19.7,-41.0,0.012887165065367802
15485,-19.7,-40.0,0.006747075005365304
15486,-19.7,-39.0,0.007858290256759553
15487,-19.7,-38.0,0.01563554250909622
15488,-19.7,-37.0,0.008032325143248593
15489,-19.7,-36.0,0.0037326740308338225
15490,-19.7,-35.0,0.01029753064353057
15491,-19.7,-34.0,0.02097279184317513
15492,-19.7,-33.0,0.011420607421067992
15493,-19.7,-32.0,0.013437954807322728
15494,-19.7,-31.0,0.026384700847491425
15495,-19.7,-30.0,0.014247866288667718
15496,-19.7,-29.0,0.0169937040949412
15497,-19.7,-28.0,0.03369233647848068
15498,-19.7,-27.0,0.01682688240109607
15499,-19.7,-26.0,0.007263592797460001
15500,-19.7,-25.0,0.02325066645741354
15501,-19.7,-24.0,0.04932701902468763
15502,-19.7,-23.0,0.02536533607613145
15503,-19.7,-22.0,0.03465473126763373
15504,-19.7,-21.0,0.07381415791012283
15505,-19.7,-20.0,0.03354957917242369
15506,-19.7,-19.0,0.00988652287728774
15507,-19.7,-18.0,0.029870297666343446
15508,-19.7,-17.0,0.06414827667655904
15509,-19.7,-16.0,0.03077281491440748
15510,-19.7,-15.0,0.02385025237350299
15511,-19.7,-14.0,0.04587533425819287
15512,-19.7,-13.0,0.02191536971157963
15513,-19.7,-12.0,0.007226453764920774
15514,-19.7,-11.0,0.016274397779019695
15515,-19.7,-10.0,0.03220818469466947
15516,-19.7,-9.0,0.016343350162207892
15517,-19.7,-8.0,0.01380617899840189
15518,-19.7,-7.0,0.025432979318680486
15519,-19.7,-6.0,0.012507261952789546
15520,-19.7,-5.0,0.004561664760967613
15521,-19.7,-4.0,0.009733523786383282
15522,-19.7,-3.0,0.018866465257793234
15523,-19.7,-2.0,0.009194943110448809
15524,-19.7,-1.0,0.0029154952681212497
15525,-19.7,0.0,0.0006483287201701172
15526,-19.7,1.0,0.002346621827119422
15527,-19.7,2.0,0.006252998957170132
15528,-19.7,3.0,0.012473112994254874
15529,-19.7,4.0,0.005842968000267495
15530,-19.7,5.0,0.0017845192728793596
15531,-19.7,6.0,0.00455787704783821
15532,-19.7,7.0,0.009439711098410467
15533,-19.7,8.0,0.0044695989626782565
15534,-19.7,9.0,0.003845770290937604
15535,-19.7,10.0,0.007738764035551233
15536,-19.7,11.0,0.0034172350408415075
15537,-19.7,12.0,0.0007878607901003938
15538,-19.7,13.0,0.002699966417641394
15539,-19.7,14.0,0.006031580988984328
15540,-19.7,15.0,0.002719328171040651
15541,-19.7,16.0,0.002360393570600193
15542,-19.7,17.0,0.005065616341037846
15543,-19.7,18.0,0.0021346115826080545
15544,-19.7,19.0,0.0003608594304813722
15545,-19.7,20.0,0.0017238481760077453
15546,-19.7,21.0,0.004074163333800137
15547,-19.7,22.0,0.001783543771304712
15548,-19.7,23.0,0.0015656651012331158
15549,-19.7,24.0,0.0034947551763748435
15550,-19.7,25.0,0.0014382299246472655
15551,-19.7,26.0,0.00019781164184222387
15552,-19.7,27.0,0.001185539924208268
15553,-19.7,28.0,0.0028770453197982937
15554,-19.7,29.0,0.001176875755760633
15555,-19.7,30.0,8.742617646592682e-05
15556,-19.7,31.0,7.564009289316835e-06
15557,-19.7,32.0,5.089012180377118e-06
15558,-19.7,33.0,3.852155438809746e-06
15559,-19.7,34.0,2.901354824740969e-06
15560,-19.7,35.0,2.1736266334291486e-06
15561,-19.7,36.0,1.6197793401573874e-06
15562,-19.7,37.0,1.200641671800691e-06
15563,-19.7,38.0,8.852327945356113e-07
15564,-19.7,39.0,6.49214188748393e-07
15565,-19.7,40.0,4.7359254947592434e-07
15566,-19.7,41.0,3.43643403057406e-07
15567,-19.7,42.0,2.4802611250506823e-07
15568,-19.7,43.0,1.780627236579812e-07
15569,-19.7,44.0,1.2715539811374355e-07
15570,-19.7,45.0,9.031975604743265e-08
15571,-19.7,46.0,6.381413090068277e-08
15572,-19.7,47.0,4.4847382390083845e-08
15573,-19.7,48.0,3.135042768518973e-08
15574,-19.7,49.0,2.1798969488771907e-08
15575,-19.7,50.0,1.5076987543586487e-08
15576,-19.7,51.0,1.037240113794162e-08
15577,-19.7,52.0,7.097904398108665e-09
15578,-19.7,53.0,4.831334403513745e-09
15579,-19.7,54.0,3.2710724383745203e-09
15580,-19.7,55.0,2.2029230874320682e-09
15581,-19.7,56.0,1.4756882394300733e-09
15582,-19.7,57.0,9.832772844476943e-10
15583,-19.7,58.0,6.516936727974103e-10
15584,-19.7,59.0,4.2963248428747737e-10
15585,-19.7,60.0,2.8173241933207646e-10
15586,-19.7,61.0,1.8376493547658443e-10
15587,-19.7,62.0,1.1922698886767897e-10
15588,-19.7,63.0,7.694361961841484e-11
15589,-19.7,64.0,4.9392016504485304e-11
15590,-19.7,65.0,3.1537481540510174e-11
15591,-19.7,66.0,2.003011159555156e-11
15592,-19.7,67.0,1.2653941898922178e-11
15593,-19.7,68.0,7.951597906303286e-12
15594,-19.7,69.0,4.970145386049115e-12
15595,-19.7,70.0,3.0900811339013963e-12
15596,-19.7,71.0,1.9109828067407118e-12
15597,-19.7,72.0,1.1755193554706279e-12
15598,-19.7,73.0,7.192649484466945e-13
15599,-19.7,74.0,4.3775802494599513e-13
15600,-19.6,-75.0,1.6654334692052074e-06
15601,-19.6,-74.0,2.231310381173523e-06
15602,-19.6,-73.0,2.973574277772358e-06
15603,-19.6,-72.0,3.9417012419041954e-06
15604,-19.6,-71.0,5.197263362837787e-06
15605,-19.6,-70.0,6.816349533900689e-06
15606,-19.6,-69.0,8.892320100411493e-06
15607,-19.6,-68.0,1.1538900558882314e-05
15608,-19.6,-67.0,1.4893606697780994e-05
15609,-19.6,-66.0,1.9121477154259374e-05
15610,-19.6,-65.0,2.4419069129674913e-05
15611,-19.6,-64.0,3.101864891569349e-05
15612,-19.6,-63.0,3.919248110812562e-05
15613,-19.6,-62.0,4.925708937553549e-05
15614,-19.6,-61.0,6.15773281726705e-05
15615,-19.6,-60.0,7.657006997280552e-05
15616,-19.6,-59.0,9.470727794922807e-05
15617,-19.6,-58.0,0.00011651820146131784
15618,-19.6,-57.0,0.00014259040345411785
15619,-19.6,-56.0,0.00017356930752747873
15620,-19.6,-55.0,0.00021015594075249563
15621,-19.6,-54.0,0.00025310254917645345
15622,-19.6,-53.0,0.0003032057791520792
15623,-19.6,-52.0,0.00036129715166653286
15624,-19.6,-51.0,0.0004282306107471969
15625,-19.6,-50.0,0.0005048670020701212
15626,-19.6,-49.0,0.000592055434413235
15627,-19.6,-48.0,0.0006906115954164898
15628,-19.6,-47.0,0.0008012987229457066
15629,-19.6,-46.0,0.0009277400667579909
15630,-19.6,-45.0,0.0013266305852100012
15631,-19.6,-44.0,0.005140590435773936
15632,-19.6,-43.0,0.011316048253249316
15633,-19.6,-42.0,0.009927015686214022
15634,-19.6,-41.0,0.01293675535131399
15635,-19.6,-40.0,0.006768684165394565
15636,-19.6,-39.0,0.007883115434743673
15637,-19.6,-38.0,0.01569283023294776
15638,-19.6,-37.0,0.008058894231890065
15639,-19.6,-36.0,0.0037420779115344607
15640,-19.6,-35.0,0.010330574238444426
15641,-19.6,-34.0,0.021044098773626636
15642,-19.6,-33.0,0.011460585862214948
15643,-19.6,-32.0,0.013480878078865756
15644,-19.6,-31.0,0.026464885341487495
15645,-19.6,-30.0,0.014297310123919571
15646,-19.6,-29.0,0.0170420464822554
15647,-19.6,-28.0,0.033770948181916775
15648,-19.6,-27.0,0.016881551725489156
15649,-19.6,-26.0,0.007303176285953018
15650,-19.6,-25.0,0.02327486070265597
15651,-19.6,-24.0,0.04932663812027934
15652,-19.6,-23.0,0.02538241370580971
15653,-19.6,-22.0,0.03448308694052014
15654,-19.6,-21.0,0.07331827906083709
15655,-19.6,-20.0,0.03338676742050967
15656,-19.6,-19.0,0.009787169943314324
15657,-19.6,-18.0,0.029955833843662256
15658,-19.6,-17.0,0.0644358945619116
15659,-19.6,-16.0,0.030868933899283496
15660,-19.6,-15.0,0.023853419897925845
15661,-19.6,-14.0,0.045919663932481466
15662,-19.6,-13.0,0.0219175081397306
15663,-19.6,-12.0,0.0072029028407330775
15664,-19.6,-11.0,0.016251198465106854
15665,-19.6,-10.0,0.03218648022508691
15666,-19.6,-9.0,0.016326590884403597
15667,-19.6,-8.0,0.013785681210427949
15668,-19.6,-7.0,0.025402574792956163
15669,-19.6,-6.0,0.012492371942768412
15670,-19.6,-5.0,0.0045565730638404195
15671,-19.6,-4.0,0.00972001628171521
15672,-19.6,-3.0,0.018837473172394988
15673,-19.6,-2.0,0.00918462518590304
15674,-19.6,-1.0,0.0029173919034184213
15675,-19.6,0.0,0.0006426163952912943
15676,-19.6,1.0,0.0023507169512733536
15677,-19.6,2.0,0.006247409360131034
15678,-19.6,3.0,0.012451895533925525
15679,-19.6,4.0,0.005837638770676358
15680,-19.6,5.0,0.001788673615303509
15681,-19.6,6.0,0.004553301515730082
15682,-19.6,7.0,0.009420284764061437
15683,-19.6,8.0,0.004463852131136853
15684,-19.6,9.0,0.003840491814831481
15685,-19.6,10.0,0.0077203418640318525
15686,-19.6,11.0,0.0034118678010051787
15687,-19.6,12.0,0.0007902126967958313
15688,-19.6,13.0,0.0026950024008940954
15689,-19.6,14.0,0.006014413845973398
15690,-19.6,15.0,0.0027131645600063942
15691,-19.6,16.0,0.002354678560734127
15692,-19.6,17.0,0.005049468927654219
15693,-19.6,18.0,0.0021288771140124904
15694,-19.6,19.0,0.0003613138318694097
15695,-19.6,20.0,0.0017186574116268463
15696,-19.6,21.0,0.004059527197442935
15697,-19.6,22.0,0.0017776202741628887
15698,-19.6,23.0,0.0015602225377071043
15699,-19.6,24.0,0.003481318991794797
15700,-19.6,25.0,0.0014329877485826095
15701,-19.6,26.0,0.0001974711701753806
15702,-19.6,27.0,0.0011809228697219913
15703,-19.6,28.0,0.0028652121918558023
15704,-19.6,29.0,0.0011721523764042076
15705,-19.6,30.0,8.72491227705248e-05
15706,-19.6,31.0,7.682611110485678e-06
15707,-19.6,32.0,5.184879845293919e-06
15708,-19.6,33.0,3.926841997155945e-06
15709,-19.6,34.0,2.959182546985522e-06
15710,-19.6,35.0,2.218130881963394e-06
15711,-19.6,36.0,1.6538244335979976e-06
15712,-19.6,37.0,1.226530359559154e-06
15713,-19.6,38.0,9.048023848903602e-07
15714,-19.6,39.0,6.639197775808476e-07
15715,-19.6,40.0,4.845781555851977e-07
15716,-19.6,41.0,3.5180204154880975e-07
15717,-19.6,42.0,2.5404995816434624e-07
15718,-19.6,43.0,1.8248455538761632e-07
15719,-19.6,44.0,1.3038249463128214e-07
15720,-19.6,45.0,9.266135027047599e-08
15721,-19.6,46.0,6.550344075029986e-08
15722,-19.6,47.0,4.6059131071280093e-08
15723,-19.6,48.0,3.22146559993296e-08
15724,-19.6,49.0,2.2411833101177356e-08
15725,-19.6,50.0,1.55091280045589e-08
15726,-19.6,51.0,1.0675383786360046e-08
15727,-19.6,52.0,7.3091306892945216e-09
15728,-19.6,53.0,4.977761324952732e-09
15729,-19.6,54.0,3.3720074183644235e-09
15730,-19.6,55.0,2.27210858813948e-09
15731,-19.6,56.0,1.522845183434137e-09
15732,-19.6,57.0,1.0152395625361449e-09
15733,-19.6,58.0,6.732361391376111e-10
15734,-19.6,59.0,4.4407100368170373e-10
15735,-19.6,60.0,2.9135570030969015e-10
15736,-19.6,61.0,1.9014317012778618e-10
15737,-19.6,62.0,1.2343094355528876e-10
15738,-19.6,63.0,7.969911063547127e-11
15739,-19.6,64.0,5.118809990302253e-11
15740,-19.6,65.0,3.270172410464222e-11
15741,-19.6,66.0,2.0780615130776258e-11
15742,-19.6,67.0,1.3135065881379644e-11
15743,-19.6,68.0,8.258329736836745e-12
15744,-19.6,69.0,5.164619024776284e-12
15745,-19.6,70.0,3.2127021921662336e-12
15746,-19.6,71.0,1.9878735540375886e-12
15747,-19.6,72.0,1.2234695077167846e-12
15748,-19.6,73.0,7.490031625331468e-13
15749,-19.6,74.0,4.561001975947201e-13
15750,-19.5,-75.0,1.6343339754926706e-06
15751,-19.5,-74.0,2.190810916309014e-06
15752,-19.5,-73.0,2.921158289589581e-06
15753,-19.5,-72.0,3.874283464092442e-06
15754,-19.5,-71.0,5.111093226208847e-06
15755,-19.5,-70.0,6.70690754572494e-06
15756,-19.5,-69.0,8.754209673966157e-06
15757,-19.5,-68.0,1.136573893767516e-05
15758,-19.5,-67.0,1.4677919991231427e-05
15759,-19.5,-66.0,1.8854606073752813e-05
15760,-19.5,-65.0,2.4091093759393113e-05
15761,-19.5,-64.0,3.061834272529766e-05
15762,-19.5,-63.0,3.870730634532882e-05
15763,-19.5,-62.0,4.8673247871937913e-05
15764,-19.5,-61.0,6.0879883335947714e-05
15765,-19.5,-60.0,7.574315717685765e-05
15766,-19.5,-59.0,9.373442150263871e-05
15767,-19.5,-58.0,0.0001153827566468326
15768,-19.5,-57.0,0.00014127614159089292
15769,-19.5,-56.0,0.00017206116041675962
15770,-19.5,-55.0,0.0002084409180427386
15771,-19.5,-54.0,0.00025117083797123553
15772,-19.5,-53.0,0.00030105202947536665
15773,-19.5,-52.0,0.0003589219441514877
15774,-19.5,-51.0,0.0004256420941657104
15775,-19.5,-50.0,0.0005020826782082024
15776,-19.5,-49.0,0.0005891040565709598
15777,-19.5,-48.0,0.0006875351348455078
15778,-19.5,-47.0,0.0007981543704765618
15779,-19.5,-46.0,0.0009246156382047824
15780,-19.5,-45.0,0.001324805955339773
15781,-19.5,-44.0,0.005155757326791225
15782,-19.5,-43.0,0.011359028838751175
15783,-19.5,-42.0,0.009962400744420785
15784,-19.5,-41.0,0.012984290016883627
15785,-19.5,-40.0,0.00678912911487732
15786,-19.5,-39.0,0.007906591102111312
15787,-19.5,-38.0,0.015747594394902035
15788,-19.5,-37.0,0.008084053621364154
15789,-19.5,-36.0,0.003750696784452031
15790,-19.5,-35.0,0.010361850307414393
15791,-19.5,-34.0,0.021112050982332386
15792,-19.5,-33.0,0.011498616045576403
15793,-19.5,-32.0,0.013521583848755972
15794,-19.5,-31.0,0.02654099114650933
15795,-19.5,-30.0,0.014344437885265487
15796,-19.5,-29.0,0.017087809199946614
15797,-19.5,-28.0,0.033844780845688725
15798,-19.5,-27.0,0.016933709968646408
15799,-19.5,-26.0,0.007341626113256126
15800,-19.5,-25.0,0.02329688124896829
15801,-19.5,-24.0,0.049322308794047
15802,-19.5,-23.0,0.025398157188052536
15803,-19.5,-22.0,0.03432208028567316
15804,-19.5,-21.0,0.0728499867370248
15805,-19.5,-20.0,0.03323480322737042
15806,-19.5,-19.0,0.009690126153925447
15807,-19.5,-18.0,0.030045239198200117
15808,-19.5,-17.0,0.06473351479578139
15809,-19.5,-16.0,0.03096881212831096
15810,-19.5,-15.0,0.02385636373500301
15811,-19.5,-14.0,0.04596349842887139
15812,-19.5,-13.0,0.021919095874546844
15813,-19.5,-12.0,0.00717873824766697
15814,-19.5,-11.0,0.01622693835745278
15815,-19.5,-10.0,0.03216302627779652
15816,-19.5,-9.0,0.016308759096743324
15817,-19.5,-8.0,0.01376414320155003
15818,-19.5,-7.0,0.025370511835497433
15819,-19.5,-6.0,0.012476524499570747
15820,-19.5,-5.0,0.00455096057425558
15821,-19.5,-4.0,0.009705697643166585
15822,-19.5,-3.0,0.01880715183208236
15823,-19.5,-2.0,0.00917356608839549
15824,-19.5,-1.0,0.002918936735793998
15825,-19.5,0.0,0.0006369039638340683
15826,-19.5,1.0,0.002354535277326699
15827,-19.5,2.0,0.006241325559728751
15828,-19.5,3.0,0.012429826016031582
15829,-19.5,4.0,0.005831875938189667
15830,-19.5,5.0,0.0017926548211743938
15831,-19.5,6.0,0.004548398814564077
15832,-19.5,7.0,0.009400248530940332
15833,-19.5,8.0,0.004457805797774001
15834,-19.5,9.0,0.003834961011931995
15835,-19.5,10.0,0.007701440993693549
15836,-19.5,11.0,0.0034062872324853687
15837,-19.5,12.0,0.0007925140042612947
15838,-19.5,13.0,0.0026898779942030444
15839,-19.5,14.0,0.0059968909700713596
15840,-19.5,15.0,0.002706844181075
15841,-19.5,16.0,0.0023488305186684746
15842,-19.5,17.0,0.005033029851827256
15843,-19.5,18.0,0.0021230241212947944
15844,-19.5,19.0,0.0003617544762054022
15845,-19.5,20.0,0.0017133735028794536
15846,-19.5,21.0,0.004044660687954245
15847,-19.5,22.0,0.001771599289576129
15848,-19.5,23.0,0.001554695443752981
15849,-19.5,24.0,0.003467686571335399
15850,-19.5,25.0,0.00142766722233024
15851,-19.5,26.0,0.00019712333231708238
15852,-19.5,27.0,0.001176241893389098
15853,-19.5,28.0,0.0028532185498734873
15854,-19.5,29.0,0.0011673645928870536
15855,-19.5,30.0,8.7069154920265e-05
15856,-19.5,31.0,7.802484115770481e-06
15857,-19.5,32.0,5.281854905185351e-06
15858,-19.5,33.0,4.002446477410301e-06
15859,-19.5,34.0,3.01776313262741e-06
15860,-19.5,35.0,2.2632465510868588e-06
15861,-19.5,36.0,1.6883614531429432e-06
15862,-19.5,37.0,1.2528113139535337e-06
15863,-19.5,38.0,9.246821034964724e-07
15864,-19.5,39.0,6.788685382742767e-07
15865,-19.5,40.0,4.957529142096766e-07
15866,-19.5,41.0,3.60106674757608e-07
15867,-19.5,42.0,2.6018563813521384e-07
15868,-19.5,43.0,1.8699142295165296e-07
15869,-19.5,44.0,1.3367378375663523e-07
15870,-19.5,45.0,9.50510598582109e-08
15871,-19.5,46.0,6.722856448214213e-08
15872,-19.5,47.0,4.7297354722207486e-08
15873,-19.5,48.0,3.309832353220801e-08
15874,-19.5,49.0,2.303887487975089e-08
15875,-19.5,50.0,1.5951541394176135e-08
15876,-19.5,51.0,1.0985761351567283e-08
15877,-19.5,52.0,7.525645890525467e-09
15878,-19.5,53.0,5.127946789401139e-09
15879,-19.5,54.0,3.4755965009927094e-09
15880,-19.5,55.0,2.3431565326823363e-09
15881,-19.5,56.0,1.5713009105320042e-09
15882,-19.5,57.0,1.0481019538900935e-09
15883,-19.5,58.0,6.953985923662642e-10
15884,-19.5,59.0,4.5893395603257827e-10
15885,-19.5,60.0,3.012677779951111e-10
15886,-19.5,61.0,1.9671672453589107e-10
15887,-19.5,62.0,1.277662041351434e-10
15888,-19.5,63.0,8.254234592967356e-11
15889,-19.5,64.0,5.304246894367961e-11
15890,-19.5,65.0,3.390445450558104e-11
15891,-19.5,66.0,2.1556383405406912e-11
15892,-19.5,67.0,1.3632676999468016e-11
15893,-19.5,68.0,8.5757576258593e-12
15894,-19.5,69.0,5.3659912336730664e-12
15895,-19.5,70.0,3.3397466815882354e-12
15896,-19.5,71.0,2.0675841902363356e-12
15897,-19.5,72.0,1.27320690674497e-12
15898,-19.5,73.0,7.798675979021329e-13
15899,-19.5,74.0,4.751479663004267e-13
15900,-19.4,-75.0,1.6034684883535679e-06
15901,-19.4,-74.0,2.1505815015229415e-06
15902,-19.4,-73.0,2.869045856349433e-06
15903,-19.4,-72.0,3.8071955225295483e-06
15904,-19.4,-71.0,5.025265130886882e-06
15905,-19.4,-70.0,6.597796045121054e-06
15906,-19.4,-69.0,8.616381113765265e-06
15907,-19.4,-68.0,1.1192755618029437e-05
15908,-19.4,-67.0,1.4462229544999936e-05
15909,-19.4,-66.0,1.8587440305882043e-05
15910,-19.4,-65.0,2.3762385142716182e-05
15911,-19.4,-64.0,3.021666864123846e-05
15912,-19.4,-63.0,3.821987312269291e-05
15913,-19.4,-62.0,4.80859286214001e-05
15914,-19.4,-61.0,6.017732538379324e-05
15915,-19.4,-60.0,7.490897642463884e-05
15916,-19.4,-59.0,9.275150211144111e-05
15917,-19.4,-58.0,0.0001142336748784463
15918,-19.4,-57.0,0.00013994373223425572
15919,-19.4,-56.0,0.00017052924278604804
15920,-19.4,-55.0,0.00020669519586446702
15921,-19.4,-54.0,0.00024919998341988684
15922,-19.4,-53.0,0.00029884895605318
15923,-19.4,-52.0,0.00035648526598387845
15924,-19.4,-51.0,0.00042297776062642756
15925,-19.4,-50.0,0.0004992057627226764
15926,-19.4,-49.0,0.000586040667208495
15927,-19.4,-48.0,0.0006843244022642087
15928,-19.4,-47.0,0.000794850480833171
15929,-19.4,-46.0,0.0009213028902928494
15930,-19.4,-45.0,0.00132272658040081
15931,-19.4,-44.0,0.0051701475443058555
15932,-19.4,-43.0,0.011400395384765675
15933,-19.4,-42.0,0.009996337224040908
15934,-19.4,-41.0,0.013029954532449527
15935,-19.4,-40.0,0.006808508902626489
15936,-19.4,-39.0,0.007928832439359637
15937,-19.4,-38.0,0.015800060348698092
15938,-19.4,-37.0,0.008107919944890747
15939,-19.4,-36.0,0.003758585501528053
15940,-19.4,-35.0,0.010391507814816679
15941,-19.4,-34.0,0.021176950782910757
15942,-19.4,-33.0,0.01153486086086815
15943,-19.4,-32.0,0.01356026447007607
15944,-19.4,-31.0,0.02661339908537854
15945,-19.4,-30.0,0.014389450594587308
15946,-19.4,-29.0,0.017131232907214303
15947,-19.4,-28.0,0.03391432014826521
15948,-19.4,-27.0,0.01698359144379848
15949,-19.4,-26.0,0.00737903098721709
15950,-19.4,-25.0,0.023317020066053056
15951,-19.4,-24.0,0.04931465686457672
15952,-19.4,-23.0,0.0254127814282879
15953,-19.4,-22.0,0.03417064685891026
15954,-19.4,-21.0,0.07240653838512441
15955,-19.4,-20.0,0.03309260606510594
15956,-19.4,-19.0,0.009595194114891807
15957,-19.4,-18.0,0.030138785240284557
15958,-19.4,-17.0,0.0650418186202948
15959,-19.4,-16.0,0.03107272014939965
15960,-19.4,-15.0,0.02385906457770427
15961,-19.4,-14.0,0.04600675564008481
15962,-19.4,-13.0,0.021920093393852775
15963,-19.4,-12.0,0.007153945337435583
15964,-19.4,-11.0,0.016201570955816702
15965,-19.4,-10.0,0.03213772387479638
15966,-19.4,-9.0,0.016289805652047074
15967,-19.4,-8.0,0.013741522132997157
15968,-19.4,-7.0,0.02533670800237263
15969,-19.4,-6.0,0.012459679069314458
15970,-19.4,-5.0,0.004544812258570696
15971,-19.4,-4.0,0.00969053528169703
15972,-19.4,-3.0,0.018775438243671116
15973,-19.4,-2.0,0.009161733930897463
15974,-19.4,-1.0,0.0029201180149914653
15975,-19.4,0.0,0.0006311899445042436
15976,-19.4,1.0,0.002358066272542813
15977,-19.4,2.0,0.00623472450064544
15978,-19.4,3.0,0.012406861581321909
15979,-19.4,4.0,0.005825657916883168
15980,-19.4,5.0,0.0017964543907526905
15981,-19.4,6.0,0.00454315202702593
15982,-19.4,7.0,0.00937957054932234
15983,-19.4,8.0,0.004451443771356169
15984,-19.4,9.0,0.0038291639838641377
15985,-19.4,10.0,0.007682035923214998
15986,-19.4,11.0,0.003400481219248164
15987,-19.4,12.0,0.0007947608128022532
15988,-19.4,13.0,0.0026845838129031887
15989,-19.4,14.0,0.005978993246973619
15990,-19.4,15.0,0.0027003579648380953
15991,-19.4,16.0,0.002342841667433851
15992,-19.4,17.0,0.0050162835374695566
15993,-19.4,18.0,0.0021170457601444354
15994,-19.4,19.0,0.000362179836186836
15995,-19.4,20.0,0.0017079910774242535
15996,-19.4,21.0,0.004029551715806155
15997,-19.4,22.0,0.0017654754180814747
15998,-19.4,23.0,0.001549079140290008
15999,-19.4,24.0,0.003453847762567106
16000,-19.4,25.0,0.0014222641145401934
16001,-19.4,26.0,0.00019676747734713733
16002,-19.4,27.0,0.0011714935767713729
16003,-19.4,28.0,0.002841056209853034
16004,-19.4,29.0,0.0011625090425732049
16005,-19.4,30.0,8.68860012572247e-05
16006,-19.4,31.0,7.92359015398959e-06
16007,-19.4,32.0,5.379911851329979e-06
16008,-19.4,33.0,4.078950938584757e-06
16009,-19.4,34.0,3.077084200290045e-06
16010,-19.4,35.0,2.308965288909289e-06
16011,-19.4,36.0,1.7233849220466415e-06
16012,-19.4,37.0,1.2794810737627018e-06
16013,-19.4,38.0,9.448698733461954e-07
16014,-19.4,39.0,6.940593213484993e-07
16015,-19.4,40.0,5.071162785172006e-07
16016,-19.4,41.0,3.6855713172754877e-07
16017,-19.4,42.0,2.664332025083109e-07
16018,-19.4,43.0,1.9158349456699125e-07
16019,-19.4,44.0,1.3702948569821015e-07
16020,-19.4,45.0,9.748911641762303e-08
16021,-19.4,46.0,6.898972182353429e-08
16022,-19.4,47.0,4.856224931132826e-08
16023,-19.4,48.0,3.4001597841260077e-08
16024,-19.4,49.0,2.368023366782133e-08
16025,-19.4,50.0,1.6404339953606588e-08
16026,-19.4,51.0,1.1303622741135396e-08
16027,-19.4,52.0,7.747519216163741e-09
16028,-19.4,53.0,5.28194386952124e-09
16029,-19.4,54.0,3.5818798346529206e-09
16030,-19.4,55.0,2.4160969215491388e-09
16031,-19.4,56.0,1.62107758606081e-09
16032,-19.4,57.0,1.0818806633132155e-09
16033,-19.4,58.0,7.18192762818189e-10
16034,-19.4,59.0,4.742297533439606e-10
16035,-19.4,60.0,3.114746309747048e-10
16036,-19.4,61.0,2.0348981144884804e-10
16037,-19.4,62.0,1.322357145858739e-10
16038,-19.4,63.0,8.547536639862859e-11
16039,-19.4,64.0,5.4956527489475424e-11
16040,-19.4,65.0,3.51466311104322e-11
16041,-19.4,66.0,2.235806582901605e-11
16042,-19.4,67.0,1.4147212123036683e-11
16043,-19.4,68.0,8.904173377497886e-12
16044,-19.4,69.0,5.57445556116714e-12
16045,-19.4,70.0,3.4713420974353463e-12
16046,-19.4,71.0,2.150198130929073e-12
16047,-19.4,72.0,1.324785763573281e-12
16048,-19.4,73.0,8.118932530861235e-13
16049,-19.4,74.0,4.949237784437985e-13
16050,-19.3,-75.0,1.5728673758303726e-06
16051,-19.3,-74.0,2.110663354924844e-06
16052,-19.3,-73.0,2.817292526013189e-06
16053,-19.3,-72.0,3.7405117534800904e-06
16054,-19.3,-71.0,4.939877869550382e-06
16055,-19.3,-70.0,6.489145431257137e-06
16056,-19.3,-69.0,8.479005374822255e-06
16057,-19.3,-68.0,1.1020173224736865e-05
16058,-19.3,-67.0,1.4246823347327263e-05
16059,-19.3,-66.0,1.832034994113548e-05
16060,-19.3,-65.0,2.343341577031443e-05
16061,-19.3,-64.0,2.9814225969982742e-05
16062,-19.3,-63.0,3.77309366918221e-05
16063,-19.3,-62.0,4.7496077286812117e-05
16064,-19.3,-61.0,5.9470830829177156e-05
16065,-19.3,-60.0,7.406898212083592e-05
16066,-19.3,-59.0,9.176030631842713e-05
16067,-19.3,-58.0,0.00011307313683496451
16068,-19.3,-57.0,0.0001385958204093548
16069,-19.3,-56.0,0.0001689767427705679
16070,-19.3,-55.0,0.00020492259296472738
16071,-19.3,-54.0,0.00024719453111163856
16072,-19.3,-53.0,0.0002966019360352374
16073,-19.3,-52.0,0.00035399343857312013
16074,-19.3,-51.0,0.0004202449956743973
16075,-19.3,-50.0,0.0004962448312213147
16076,-19.3,-49.0,0.0005828751625121711
16077,-19.3,-48.0,0.000680990747738455
16078,-19.3,-47.0,0.0007913999919762253
16079,-19.3,-46.0,0.0009178165161619658
16080,-19.3,-45.0,0.0013204121155749348
16081,-19.3,-44.0,0.005183826249276807
16082,-19.3,-43.0,0.011440286591180527
16083,-19.3,-42.0,0.01002894771156084
16084,-19.3,-41.0,0.013073907758037845
16085,-19.3,-40.0,0.006826908491936031
16086,-19.3,-39.0,0.007949938198142475
16087,-19.3,-38.0,0.01585042103752018
16088,-19.3,-37.0,0.00813059313801804
16089,-19.3,-36.0,0.003765791119297715
16090,-19.3,-35.0,0.010419674232816256
16091,-19.3,-34.0,0.021239056703656035
16092,-19.3,-33.0,0.011569459531314507
16093,-19.3,-32.0,0.013597084183218618
16094,-19.3,-31.0,0.026682434320469052
16095,-19.3,-30.0,0.014432519654057072
16096,-19.3,-29.0,0.017172522345498337
16097,-19.3,-28.0,0.03397997941284637
16098,-19.3,-27.0,0.017031395220529863
16099,-19.3,-26.0,0.00741546548403416
16100,-19.3,-25.0,0.02333552006542732
16101,-19.3,-24.0,0.04930420219401908
16102,-19.3,-23.0,0.025426463762134227
16103,-19.3,-22.0,0.03402788276161082
16104,-19.3,-21.0,0.07198560707766588
16105,-19.3,-20.0,0.03295925871098638
16106,-19.3,-19.0,0.009502205048221237
16107,-19.3,-18.0,0.03023676923581676
16108,-19.3,-17.0,0.06536155263220005
16109,-19.3,-16.0,0.031180953533291547
16110,-19.3,-15.0,0.023861496664916187
16111,-19.3,-14.0,0.04604933594846737
16112,-19.3,-13.0,0.02192045293575902
16113,-19.3,-12.0,0.007128506872553835
16114,-19.3,-11.0,0.016175043116410496
16115,-19.3,-10.0,0.032110460380629716
16116,-19.3,-9.0,0.016269674636465302
16117,-19.3,-8.0,0.013717769536263682
16118,-19.3,-7.0,0.02530107020998652
16119,-19.3,-6.0,0.01244178994263636
16120,-19.3,-5.0,0.004538111289862031
16121,-19.3,-4.0,0.009674492641394578
16122,-19.3,-3.0,0.018742261625595245
16123,-19.3,-2.0,0.009149093023187942
16124,-19.3,-1.0,0.002920922768614985
16125,-19.3,0.0,0.0006254726462942997
16126,-19.3,1.0,0.0023612983700980025
16127,-19.3,2.0,0.006227580500750751
16128,-19.3,3.0,0.012382954218939472
16129,-19.3,4.0,0.005818960649358505
16130,-19.3,5.0,0.0018000629945604842
16131,-19.3,6.0,0.004537542305927751
16132,-19.3,7.0,0.009358215102178087
16133,-19.3,8.0,0.004444747975823712
16134,-19.3,9.0,0.0038230852121652397
16135,-19.3,10.0,0.007662098008988163
16136,-19.3,11.0,0.0033944362102365966
16137,-19.3,12.0,0.000796948829552923
16138,-19.3,13.0,0.002679109345536686
16139,-19.3,14.0,0.00596069915050689
16140,-19.3,15.0,0.002693695724448406
16141,-19.3,16.0,0.0023367032645387614
16142,-19.3,17.0,0.004999212408652255
16143,-19.3,18.0,0.0021109343220413863
16144,-19.3,19.0,0.00036258820957154496
16145,-19.3,20.0,0.0017025040733449073
16146,-19.3,21.0,0.004014186609532557
16147,-19.3,22.0,0.0017592425572952363
16148,-19.3,23.0,0.0015433683348702795
16149,-19.3,24.0,0.0034397910708609375
16150,-19.3,25.0,0.0014167736351942948
16151,-19.3,26.0,0.00019640286906238695
16152,-19.3,27.0,0.001166674045783437
16153,-19.3,28.0,0.0028287158958250486
16154,-19.3,29.0,0.0011575819135252379
16155,-19.3,30.0,8.66993528553943e-05
16156,-19.3,31.0,8.045884843561659e-06
16157,-19.3,32.0,5.479020618623072e-06
16158,-19.3,33.0,4.156333942882667e-06
16159,-19.3,34.0,3.137130701575191e-06
16160,-19.3,35.0,2.3552767223581706e-06
16161,-19.3,36.0,1.758887841658677e-06
16162,-19.3,37.0,1.3065350392208294e-06
16163,-19.3,38.0,9.653627712393049e-07
16164,-19.3,39.0,7.094903525553688e-07
16165,-19.3,40.0,5.186672434591806e-07
16166,-19.3,41.0,3.771529076963976e-07
16167,-19.3,42.0,2.727924598530041e-07
16168,-19.3,43.0,1.9626076490348052e-07
16169,-19.3,44.0,1.404496968308529e-07
16170,-19.3,45.0,9.997566382073185e-08
16171,-19.3,46.0,7.078707078992704e-08
16172,-19.3,47.0,4.985396771791723e-08
16173,-19.3,48.0,3.492461662283648e-08
16174,-19.3,49.0,2.4336027773203814e-08
16175,-19.3,50.0,1.6867621912595065e-08
16176,-19.3,51.0,1.1629047379841208e-08
16177,-19.3,52.0,7.974813516244906e-09
16178,-19.3,53.0,5.439801403542372e-09
16179,-19.3,54.0,3.690894775807126e-09
16180,-19.3,55.0,2.4909579317950493e-09
16181,-19.3,56.0,1.6721961963407843e-09
16182,-19.3,57.0,1.1165911413629609e-09
16183,-19.3,58.0,7.416299038270494e-10
16184,-19.3,59.0,4.899665097009024e-10
16185,-19.3,60.0,3.2198205431559517e-10
16186,-19.3,61.0,2.1046653230704876e-10
16187,-19.3,62.0,1.3684235257009278e-10
16188,-19.3,63.0,8.850017425412667e-11
16189,-19.3,64.0,5.693165741149387e-11
16190,-19.3,65.0,3.642920019229611e-11
16191,-19.3,66.0,2.3186305455405966e-11
16192,-19.3,67.0,1.4679105001624533e-11
16193,-19.3,68.0,9.243867434936115e-12
16194,-19.3,69.0,5.790205104170585e-12
16195,-19.3,70.0,3.6076159179793352e-12
16196,-19.3,71.0,2.2357989542360812e-12
16197,-19.3,72.0,1.3782605019576105e-12
16198,-19.3,73.0,8.451153297697012e-13
16199,-19.3,74.0,5.154502519721205e-13
16200,-19.2,-75.0,1.5425561361392016e-06
16201,-19.2,-74.0,2.071091243602031e-06
16202,-19.2,-73.0,2.7659453490572414e-06
16203,-19.2,-72.0,3.674295362970485e-06
16204,-19.2,-71.0,4.855015737946458e-06
16205,-19.2,-70.0,6.381067326972946e-06
16206,-19.2,-69.0,8.342229228958852e-06
16207,-19.2,-68.0,1.0848183409084837e-05
16208,-19.2,-67.0,1.4031949936518049e-05
16209,-19.2,-66.0,1.805365510257316e-05
16210,-19.2,-65.0,2.3104595194128017e-05
16211,-19.2,-64.0,2.941153517832098e-05
16212,-19.2,-63.0,3.724115409035619e-05
16213,-19.2,-62.0,4.6904517853941156e-05
16214,-19.2,-61.0,5.876142626571376e-05
16215,-19.2,-60.0,7.322444496324775e-05
16216,-19.2,-59.0,9.076239678495017e-05
16217,-19.2,-58.0,0.0001119030518377907
16218,-19.2,-57.0,0.0001372347240249585
16219,-19.2,-56.0,0.0001674064563068716
16220,-19.2,-55.0,0.00020312646039915948
16221,-19.2,-54.0,0.0002451584719226501
16222,-19.2,-53.0,0.0002943156921769678
16223,-19.2,-52.0,0.0003514520154738517
16224,-19.2,-51.0,0.00041745028867808354
16225,-19.2,-50.0,0.0004932074189379724
16226,-19.2,-49.0,0.000579616237308416
16227,-19.2,-48.0,0.0006775441414231468
16228,-19.2,-47.0,0.0007878142652279745
16229,-19.2,-46.0,0.0009141694122440746
16230,-19.2,-45.0,0.0013178797612643882
16231,-19.2,-44.0,0.005196849966715889
16232,-19.2,-43.0,0.011478822520659716
16233,-19.2,-42.0,0.010060338363770448
16234,-19.2,-41.0,0.013116287195538593
16235,-19.2,-40.0,0.006844401539605629
16236,-19.2,-39.0,0.007969993942340306
16237,-19.2,-38.0,0.01589884339037502
16238,-19.2,-37.0,0.008152159737863238
16239,-19.2,-36.0,0.0037723544444839244
16240,-19.2,-35.0,0.01044645978620557
16241,-19.2,-34.0,0.021298592124206928
16242,-19.2,-33.0,0.011602532293689616
16243,-19.2,-32.0,0.013632184669380893
16244,-19.2,-31.0,0.026748377324675048
16245,-19.2,-30.0,0.01447379270375248
16246,-19.2,-29.0,0.017211853440893852
16247,-19.2,-28.0,0.034042113879217815
16248,-19.2,-27.0,0.017077292101711012
16249,-19.2,-26.0,0.00745099289928748
16250,-19.2,-25.0,0.023352585146484067
16251,-19.2,-24.0,0.049291380431128094
16252,-19.2,-23.0,0.025439351711111016
16253,-19.2,-22.0,0.033893012639571174
16254,-19.2,-21.0,0.0715851985878767
16255,-19.2,-20.0,0.032833974703064706
16256,-19.2,-19.0,0.009411013337628739
16257,-19.2,-18.0,0.03033951859272087
16258,-19.2,-17.0,0.06569353993652723
16259,-19.2,-16.0,0.03129383726578437
16260,-19.2,-15.0,0.023863627179545224
16261,-19.2,-14.0,0.04609112023058749
16262,-19.2,-13.0,0.021920117584378396
16263,-19.2,-12.0,0.0071024027750002106
16264,-19.2,-11.0,0.01614729439110731
16265,-19.2,-10.0,0.03208110812475156
16266,-19.2,-9.0,0.016248302691346278
16267,-19.2,-8.0,0.013692830760200333
16268,-19.2,-7.0,0.025263493688746013
16269,-19.2,-6.0,0.012422805746242124
16270,-19.2,-5.0,0.0045308388693673755
16271,-19.2,-4.0,0.009657528812104207
16272,-19.2,-3.0,0.01870754265319615
16273,-19.2,-2.0,0.009135603499449694
16274,-19.2,-1.0,0.002921336677423032
16275,-19.2,0.0,0.0006197501521556356
16276,-19.2,1.0,0.0023642188627042166
16277,-19.2,2.0,0.0062198649948825065
16278,-19.2,3.0,0.012358050272563917
16279,-19.2,4.0,0.00581175736632289
16280,-19.2,5.0,0.00180347038846535
16281,-19.2,6.0,0.004531548687315324
16282,-19.2,7.0,0.009336142238073747
16283,-19.2,8.0,0.004437698268940901
16284,-19.2,9.0,0.0038167074028366598
16285,-19.2,10.0,0.007641595169147395
16286,-19.2,11.0,0.0033881370822787557
16287,-19.2,12.0,0.0007990733285115262
16288,-19.2,13.0,0.0026734428468682455
16289,-19.2,14.0,0.005941984517797042
16290,-19.2,15.0,0.0026868460503408154
16291,-19.2,16.0,0.00233040551131108
16292,-19.2,17.0,0.004981796704548144
16293,-19.2,18.0,0.0021046811534953273
16294,-19.2,19.0,0.00036297770180081983
16295,-19.2,20.0,0.0016969056751363466
16296,-19.2,21.0,0.003998549970631266
16297,-19.2,22.0,0.001752893837048496
16298,-19.2,23.0,0.0015375570652718426
16299,-19.2,24.0,0.003425503536986441
16300,-19.2,25.0,0.0014111903844037
16301,-19.2,26.0,0.00019602867782425167
16302,-19.2,27.0,0.0011617789291728387
16303,-19.2,28.0,0.0028161871409132233
16304,-19.2,29.0,0.001152578903676763
16305,-19.2,30.0,8.650885995694159e-05
16306,-19.2,31.0,8.169316849472514e-06
16307,-19.2,32.0,5.579146044501726e-06
16308,-19.2,33.0,4.234570135686721e-06
16309,-19.2,34.0,3.1978845968082566e-06
16310,-19.2,35.0,2.402168208247182e-06
16311,-19.2,36.0,1.7948615013877454e-06
16312,-19.2,37.0,1.3339673277567039e-06
16313,-19.2,38.0,9.861569188877005e-07
16314,-19.2,39.0,7.251591511426968e-07
16315,-19.2,40.0,5.304042847671133e-07
16316,-19.2,41.0,3.8589311882434374e-07
16317,-19.2,42.0,2.7926294381170443e-07
16318,-19.2,43.0,2.0102303057456483e-07
16319,-19.2,44.0,1.4393437181640928e-07
16320,-19.2,45.0,1.0251074523638952e-07
16321,-19.2,46.0,7.262069833294549e-08
16322,-19.2,47.0,5.11726130268168e-08
16323,-19.2,48.0,3.586748293239911e-08
16324,-19.2,49.0,2.5006351580687634e-08
16325,-19.2,50.0,1.734146910264258e-08
16326,-19.2,51.0,1.1962103537732963e-08
16327,-19.2,52.0,8.207584112162834e-09
16328,-19.2,53.0,5.601563189203411e-09
16329,-19.2,54.0,3.802675334236395e-09
16330,-19.2,55.0,2.5677655375046017e-09
16331,-19.2,56.0,1.7246762905509123e-09
16332,-19.2,57.0,1.152247909844467e-09
16333,-19.2,58.0,7.657206744547121e-10
16334,-19.2,59.0,5.0615196293502e-10
16335,-19.2,60.0,3.327956075549887e-10
16336,-19.2,61.0,2.1765084291968507e-10
16337,-19.2,62.0,1.4158890692087523e-10
16338,-19.2,63.0,9.161871834544427e-11
16339,-19.2,64.0,5.89692090799166e-11
16340,-19.2,65.0,3.775308980757325e-11
16341,-19.2,66.0,2.404173506484221e-11
16342,-19.2,67.0,1.5228783773293848e-11
16343,-19.2,68.0,9.595127306378058e-12
16344,-19.2,69.0,6.013431519861606e-12
16345,-19.2,70.0,3.748694988052633e-12
16346,-19.2,71.0,2.3244700187655612e-12
16347,-19.2,72.0,1.4336855231726304e-12
16348,-19.2,73.0,8.795690889258235e-13
16349,-19.2,74.0,5.367500879993889e-13
16350,-19.1,-75.0,1.5125562423297493e-06
16351,-19.1,-74.0,2.031894600988187e-06
16352,-19.1,-73.0,2.7150443487154275e-06
16353,-19.1,-72.0,3.6086003510379985e-06
16354,-19.1,-71.0,4.770751039934923e-06
16355,-19.1,-70.0,6.2736578225733315e-06
16356,-19.1,-69.0,8.206179442883127e-06
16357,-19.1,-68.0,1.0676952201732487e-05
16358,-19.1,-67.0,1.381782522255004e-05
16359,-19.1,-66.0,1.7787634593060068e-05
16360,-19.1,-65.0,2.277628093071398e-05
16361,-19.1,-64.0,2.9009051568647925e-05
16362,-19.1,-63.0,3.6751101203107155e-05
16363,-19.1,-62.0,4.6311973804136e-05
16364,-19.1,-61.0,5.805001450387727e-05
16365,-19.1,-60.0,7.237648403563292e-05
16366,-19.1,-59.0,8.975915148985589e-05
16367,-19.1,-58.0,0.00011072510547665521
16368,-19.1,-57.0,0.00013586249143222236
16369,-19.1,-56.0,0.00016582085632943204
16370,-19.1,-55.0,0.00020130976428087933
16371,-19.1,-54.0,0.00024309534044985679
16372,-19.1,-53.0,0.0002919944093144063
16373,-19.1,-52.0,0.000348865919482423
16374,-19.1,-51.0,0.0004145993933485265
16375,-19.1,-50.0,0.0004901002076864092
16376,-19.1,-49.0,0.0005762716016590381
16377,-19.1,-48.0,0.000673993423177407
16378,-19.1,-47.0,0.0007841033714282938
16379,-19.1,-46.0,0.0009103730054746511
16380,-19.1,-45.0,0.001315144713293872
16381,-19.1,-44.0,0.005209268189918656
16382,-19.1,-43.0,0.011516108070043265
16383,-19.1,-42.0,0.010090601966893058
16384,-19.1,-41.0,0.013157212967046158
16385,-19.1,-40.0,0.006861052501224956
16386,-19.1,-39.0,0.007989074503527325
16387,-19.1,-38.0,0.01594547316759751
16388,-19.1,-37.0,0.008172695382294851
16389,-19.1,-36.0,0.0037783112046066106
16390,-19.1,-35.0,0.01047196066843075
16391,-19.1,-34.0,0.021355751819659992
16392,-19.1,-33.0,0.011634183943595739
16393,-19.1,-32.0,0.013665689258703982
16394,-19.1,-31.0,0.02681147219685078
16395,-19.1,-30.0,0.014513398059739058
16396,-19.1,-29.0,0.01724937868745584
16397,-19.1,-28.0,0.03410103152549206
16398,-19.1,-27.0,0.017121429910743405
16399,-19.1,-26.0,0.0074856674031083485
16400,-19.1,-25.0,0.02336838778627197
16401,-19.1,-24.0,0.04927655943793628
16402,-19.1,-23.0,0.025451568837683992
16403,-19.1,-22.0,0.033765365450372495
16404,-19.1,-21.0,0.07120358860398743
16405,-19.1,-20.0,0.032716073700579724
16406,-19.1,-19.0,0.009321492374175639
16407,-19.1,-18.0,0.03044739602436893
16408,-19.1,-17.0,0.06603869327212382
16409,-19.1,-16.0,0.03141173088666415
16410,-19.1,-15.0,0.023865415397395024
16411,-19.1,-14.0,0.04613196721186168
16412,-19.1,-13.0,0.021919020052614098
16413,-19.1,-12.0,0.007075609785247966
16414,-19.1,-11.0,0.01611825615133003
16415,-19.1,-10.0,0.03204952258677002
16416,-19.1,-9.0,0.016225618116750336
16417,-19.1,-8.0,0.013666644237110476
16418,-19.1,-7.0,0.025223860598883815
16419,-19.1,-6.0,0.012402668769422328
16420,-19.1,-5.0,0.004522973989004648
16421,-19.1,-4.0,0.009639598014966184
16422,-19.1,-3.0,0.018671192456759085
16423,-19.1,-2.0,0.009121220824822867
16424,-19.1,-1.0,0.002921343911438047
16425,-19.1,0.0,0.0006140202954674922
16426,-19.1,1.0,0.0023668137638151125
16427,-19.1,2.0,0.0062115461958654455
16428,-19.1,3.0,0.012332089783781246
16429,-19.1,4.0,0.005804018268655609
16430,-19.1,5.0,0.0018066653034888836
16431,-19.1,6.0,0.004525147843188073
16432,-19.1,7.0,0.009313307281791059
16433,-19.1,8.0,0.004430272201981695
16434,-19.1,9.0,0.0038100112802387683
16435,-19.1,10.0,0.007620491488039704
16436,-19.1,11.0,0.003381566958122437
16437,-19.1,12.0,0.0008011290990393471
16438,-19.1,13.0,0.002667571195627884
16439,-19.1,14.0,0.005922822247656716
16440,-19.1,15.0,0.0026797961697772638
16441,-19.1,16.0,0.0023239374318064126
16442,-19.1,17.0,0.004964014230420089
16443,-19.1,18.0,0.0020982765479363942
16444,-19.1,19.0,0.0003633462034650355
16445,-19.1,20.0,0.0016911882277739212
16446,-19.1,21.0,0.003982624477554651
16447,-19.1,22.0,0.001746421532041554
16448,-19.1,23.0,0.0015316386234313698
16449,-19.1,24.0,0.003410970571328381
16450,-19.1,25.0,0.00140550828323374
16451,-19.1,26.0,0.00019564396977397728
16452,-19.1,27.0,0.0011568033022811611
16453,-19.1,28.0,0.002803458152941947
16454,-19.1,29.0,0.001147495165449352
16455,-19.1,30.0,8.631412725014743e-05
16456,-19.1,31.0,8.293826999708533e-06
16457,-19.1,32.0,5.6802472118059354e-06
16458,-19.1,33.0,4.3136297360706205e-06
16459,-19.1,34.0,3.259324462151552e-06
16460,-19.1,35.0,2.4496245319755884e-06
16461,-19.1,36.0,1.8312952489145265e-06
16462,-19.1,37.0,1.3617705997173863e-06
16463,-19.1,38.0,1.0072473514742017e-06
16464,-19.1,39.0,7.410624312718569e-07
16465,-19.1,40.0,5.423252854274789e-07
16466,-19.1,41.0,3.947764476642196e-07
16467,-19.1,42.0,2.8584387288487164e-07
16468,-19.1,43.0,2.0586986064609984e-07
16469,-19.1,44.0,1.4748330209871482e-07
16470,-19.1,45.0,1.0509428753747037e-07
16471,-19.1,46.0,7.449060909847811e-08
16472,-19.1,47.0,5.2518230469451376e-08
16473,-19.1,48.0,3.683025944020565e-08
16474,-19.1,49.0,2.569127148097559e-08
16475,-19.1,50.0,1.782594408833229e-08
16476,-19.1,51.0,1.2302846320333387e-08
16477,-19.1,52.0,8.445877396716357e-09
16478,-19.1,53.0,5.767267014230455e-09
16479,-19.1,54.0,3.917251505500317e-09
16480,-19.1,55.0,2.6465430528458243e-09
16481,-19.1,56.0,1.7785356697640458e-09
16482,-19.1,57.0,1.1888643514282985e-09
16483,-19.1,58.0,7.904749979937207e-10
16484,-19.1,59.0,5.227933800178463e-10
16485,-19.1,60.0,3.4392055181937523e-10
16486,-19.1,61.0,2.2504651191889894e-10
16487,-19.1,62.0,1.464780503557683e-10
16488,-19.1,63.0,9.483287634609388e-11
16489,-19.1,64.0,6.107048980486628e-11
16490,-19.1,65.0,3.9119202340483025e-11
16491,-19.1,66.0,2.4924972384597962e-11
16492,-19.1,67.0,1.5796667919401627e-11
16493,-19.1,68.0,9.958235636703351e-12
16494,-19.1,69.0,6.244323812139398e-12
16495,-19.1,70.0,3.894704760093852e-12
16496,-19.1,71.0,2.4162939919365827e-12
16497,-19.1,72.0,1.4911149147242995e-12
16498,-19.1,73.0,9.152896720748598e-13
16499,-19.1,74.0,5.588459618313634e-13
16500,-19.0,-75.0,1.468816082209386e-06
16501,-19.0,-74.0,1.9741877481739942e-06
16502,-19.0,-73.0,2.6393415406389426e-06
16503,-19.0,-72.0,3.5098523037054217e-06
16504,-19.0,-71.0,4.642674085516107e-06
16505,-19.0,-70.0,6.108487095430626e-06
16506,-19.0,-69.0,7.994388167555014e-06
16507,-19.0,-68.0,1.04069366281136e-05
16508,-19.0,-67.0,1.3475556083527676e-05
16509,-19.0,-66.0,1.735627766167862e-05
16510,-19.0,-65.0,2.223579134885886e-05
16511,-19.0,-64.0,2.8335749111226693e-05
16512,-19.0,-63.0,3.591723651188366e-05
16513,-19.0,-62.0,4.528529882657957e-05
16514,-19.0,-61.0,5.679337382417697e-05
16515,-19.0,-60.0,7.084744736965542e-05
16516,-19.0,-59.0,8.790971117581614e-05
16517,-19.0,-58.0,0.00010850146613113698
16518,-19.0,-57.0,0.00013320498182197517
16519,-19.0,-56.0,0.0001626639956664768
16520,-19.0,-55.0,0.00019758251629319696
16521,-19.0,-54.0,0.00023872158841493497
16522,-19.0,-53.0,0.0002868936834793542
16523,-19.0,-52.0,0.0003429544046725137
16524,-19.0,-51.0,0.0004077912388783919
16525,-19.0,-50.0,0.000482309153803882
16526,-19.0,-49.0,0.0005674129266410039
16527,-19.0,-48.0,0.0006639862029436776
16528,-19.0,-47.0,0.0007728729980016473
16529,-19.0,-46.0,0.0008978371661164429
16530,-19.0,-45.0,0.0012997700740775113
16531,-19.0,-44.0,0.005171586235866364
16532,-19.0,-43.0,0.011442627257350818
16533,-19.0,-42.0,0.010023802759174036
16534,-19.0,-41.0,0.013071578842080512
16535,-19.0,-40.0,0.006811669591283742
16536,-19.0,-39.0,0.007931272586689958
16537,-19.0,-38.0,0.01583872033853912
16538,-19.0,-37.0,0.008114537958694507
16539,-19.0,-36.0,0.0037477930169992494
16540,-19.0,-35.0,0.010396672285902516
16541,-19.0,-34.0,0.021207560778617372
16542,-19.0,-33.0,0.011553832945703939
16543,-19.0,-32.0,0.013567741417797317
16544,-19.0,-31.0,0.026616970367408174
16545,-19.0,-30.0,0.014413383017395188
16546,-19.0,-29.0,0.017121227862234665
16547,-19.0,-28.0,0.03383291749141124
16548,-19.0,-27.0,0.017001084974885096
16549,-19.0,-26.0,0.007448189837492832
16550,-19.0,-25.0,0.023161214684197524
16551,-19.0,-24.0,0.04879266922461223
16552,-19.0,-23.0,0.02522162250492982
16553,-19.0,-22.0,0.033325135903873704
16554,-19.0,-21.0,0.07016714661493452
16555,-19.0,-20.0,0.03229560444965465
16556,-19.0,-19.0,0.009488067059528083
16557,-19.0,-18.0,0.03055889924468874
16558,-19.0,-17.0,0.06639388858739924
16559,-19.0,-16.0,0.031533067355639016
16560,-19.0,-15.0,0.023865322666966407
16561,-19.0,-14.0,0.04616882972538061
16562,-19.0,-13.0,0.021915713855808195
16563,-19.0,-12.0,0.0070476613358971185
16564,-19.0,-11.0,0.016086846852728928
16565,-19.0,-10.0,0.0320135428456102
16566,-19.0,-9.0,0.016200529019590775
16567,-19.0,-8.0,0.013638289687612421
16568,-19.0,-7.0,0.02518046732139329
16569,-19.0,-6.0,0.012380541714710964
16570,-19.0,-5.0,0.004514211497611736
16571,-19.0,-4.0,0.009620048775022729
16572,-19.0,-3.0,0.0186319489423589
16573,-19.0,-2.0,0.009105327107816395
16574,-19.0,-1.0,0.00292074470394334
16575,-19.0,0.0,0.0006082426820033384
16576,-19.0,1.0,0.002368919841155221
16577,-19.0,2.0,0.006202201722900461
16578,-19.0,3.0,0.012304238022931057
16579,-19.0,4.0,0.005795348565272
16580,-19.0,5.0,0.0018095224153479661
16581,-19.0,6.0,0.004518031897831734
16582,-19.0,7.0,0.009289080686005322
16583,-19.0,8.0,0.00442216882535079
16584,-19.0,9.0,0.003802738080976155
16585,-19.0,10.0,0.007598272672542754
16586,-19.0,11.0,0.003374496447894998
16587,-19.0,12.0,0.0008030602803005496
16588,-19.0,13.0,0.002661313680147952
16589,-19.0,14.0,0.005902813651827371
16590,-19.0,15.0,0.0026723650450009707
16591,-19.0,16.0,0.0023171421571043346
16592,-19.0,17.0,0.004945531498276633
16593,-19.0,18.0,0.002091579118781524
16594,-19.0,19.0,0.0003636686735498801
16595,-19.0,20.0,0.001685237988645726
16596,-19.0,21.0,0.003966143195544174
16597,-19.0,22.0,0.0017397084134999751
16598,-19.0,23.0,0.0015255102848094654
16599,-19.0,24.0,0.003395963874412207
16600,-19.0,25.0,0.001399633165008485
16601,-19.0,26.0,0.00019523551327292282
16602,-19.0,27.0,0.0011516711461127518
16603,-19.0,28.0,0.002791085654394225
16604,-19.0,29.0,0.0012087147740068003
16605,-19.0,30.0,0.0010704027009935267
16606,-19.0,31.0,0.002425578000605284
16607,-19.0,32.0,0.000990035793429174
16608,-19.0,33.0,7.084852718095382e-05
16609,-19.0,34.0,4.06521761705263e-06
16610,-19.0,35.0,2.4988528674772134e-06
16611,-19.0,36.0,1.8680600946550714e-06
16612,-19.0,37.0,1.3898491391542537e-06
16613,-19.0,38.0,1.0285636898237957e-06
16614,-19.0,39.0,7.571487467259345e-07
16615,-19.0,40.0,5.5439286002768e-07
16616,-19.0,41.0,4.0377588700647804e-07
16617,-19.0,42.0,2.9251585274552395e-07
16618,-19.0,43.0,2.107874106880915e-07
16619,-19.0,44.0,1.510866641409821e-07
16620,-19.0,45.0,1.077193622238348e-07
16621,-19.0,46.0,7.639194601799423e-08
16622,-19.0,47.0,5.3887435839673946e-08
16623,-19.0,48.0,3.7810602621173775e-08
16624,-19.0,49.0,2.638917462467606e-08
16625,-19.0,50.0,1.8319943784579203e-08
16626,-19.0,51.0,1.2650526018240414e-08
16627,-19.0,52.0,8.689187054249318e-09
16628,-19.0,53.0,5.9365731222603866e-09
16629,-19.0,54.0,4.034396771743132e-09
16630,-19.0,55.0,2.727140442451968e-09
16631,-19.0,56.0,1.8336756138919316e-09
16632,-19.0,57.0,1.2263759454988692e-09
16633,-19.0,58.0,8.158509923504302e-10
16634,-19.0,59.0,5.398637620703496e-10
16635,-19.0,60.0,3.553396050713608e-10
16636,-19.0,61.0,2.3264255650270411e-10
16637,-19.0,62.0,1.5150285453847155e-10
16638,-19.0,63.0,9.813831054368456e-11
16639,-19.0,64.0,6.323280485987495e-11
16640,-19.0,65.0,4.052587712574326e-11
16641,-19.0,66.0,2.5835002484331376e-11
16642,-19.0,67.0,1.6382142506767738e-11
16643,-19.0,68.0,1.033282321030426e-11
16644,-19.0,69.0,6.482662407447537e-12
16645,-19.0,70.0,4.045515972444529e-12
16646,-19.0,71.0,2.5111956021169934e-12
16647,-19.0,72.0,1.5505053586963089e-12
16648,-19.0,73.0,9.522524714274426e-13
16649,-19.0,74.0,5.817240953882854e-13
16650,-18.9,-75.0,1.425198809133053e-06
16651,-18.9,-74.0,1.916584066700445e-06
16652,-18.9,-73.0,2.5636952779074707e-06
16653,-18.9,-72.0,3.411073214070425e-06
16654,-18.9,-71.0,4.514418179384694e-06
16655,-18.9,-70.0,5.9429029588841925e-06
16656,-18.9,-69.0,7.78182748785758e-06
16657,-18.9,-68.0,1.0135628091114257e-05
16658,-18.9,-67.0,1.313124310273562e-05
16659,-18.9,-66.0,1.6921822072566053e-05
16660,-18.9,-65.0,2.1690747281400057e-05
16661,-18.9,-64.0,2.7655913747786035e-05
16662,-18.9,-63.0,3.507418733298944e-05
16663,-18.9,-62.0,4.4245930202565515e-05
16664,-18.9,-61.0,5.551944935158461e-05
16665,-18.9,-60.0,6.929518806545039e-05
16666,-18.9,-59.0,8.602944337708979e-05
16667,-18.9,-58.0,0.0001062373565088432
16668,-18.9,-57.0,0.0001304948900707437
16669,-18.9,-56.0,0.00015943947791072525
16670,-18.9,-55.0,0.0001937690137593981
16671,-18.9,-54.0,0.00023423883615533928
16672,-18.9,-53.0,0.0002816563725924731
16673,-18.9,-52.0,0.00033687312827376255
16674,-18.9,-51.0,0.0004007737468019722
16675,-18.9,-50.0,0.00047426193350859466
16676,-18.9,-49.0,0.0005582431179904008
16677,-18.9,-48.0,0.000653603842487265
16678,-18.9,-47.0,0.0007611935390102039
16679,-18.9,-46.0,0.0008847653880457889
16680,-18.9,-45.0,0.0012835763029982136
16681,-18.9,-44.0,0.005130364522685602
16682,-18.9,-43.0,0.011361200815195708
16683,-18.9,-42.0,0.009950061011670792
16684,-18.9,-41.0,0.012976876647805802
16685,-18.9,-40.0,0.006757574499020501
16686,-18.9,-39.0,0.00786799460181051
16687,-18.9,-38.0,0.01572100774903381
16688,-18.9,-37.0,0.008050724609615615
16689,-18.9,-36.0,0.0037146075451813926
16690,-18.9,-35.0,0.01031418638410771
16691,-18.9,-34.0,0.021044820063975813
16692,-18.9,-33.0,0.011465421268858638
16693,-18.9,-32.0,0.013460469455270675
16694,-18.9,-31.0,0.026404502928479644
16695,-18.9,-30.0,0.014303406168035918
16696,-18.9,-29.0,0.016981596854662905
16697,-18.9,-28.0,0.03354276354449988
16698,-18.9,-27.0,0.016869232712281367
16699,-18.9,-26.0,0.00740527430064411
16700,-18.9,-25.0,0.022940263923166265
16701,-18.9,-24.0,0.048281332860441784
16702,-18.9,-23.0,0.024977345088333203
16703,-18.9,-22.0,0.032875256060437334
16704,-18.9,-21.0,0.0691155466424636
16705,-18.9,-20.0,0.03186599122112148
16706,-18.9,-19.0,0.009755796322466901
16707,-18.9,-18.0,0.03096814492596044
16708,-18.9,-17.0,0.06739937901220938
16709,-18.9,-16.0,0.03196137593756014
16710,-18.9,-15.0,0.02409176234202241
16711,-18.9,-14.0,0.046643849995351795
16712,-18.9,-13.0,0.02211987985705298
16713,-18.9,-12.0,0.007085729025084374
16714,-18.9,-11.0,0.016206679556605236
16715,-18.9,-10.0,0.03227910830838684
16716,-18.9,-9.0,0.01632779238325786
16717,-18.9,-8.0,0.013737977912421305
16718,-18.9,-7.0,0.025373804376159548
16719,-18.9,-6.0,0.01247465882090634
16720,-18.9,-5.0,0.0045476542770039475
16721,-18.9,-4.0,0.009690729022518916
16722,-18.9,-3.0,0.018767690480683694
16723,-18.9,-2.0,0.009174879269034621
16724,-18.9,-1.0,0.0029474719801175333
16725,-18.9,0.0,0.0006081833141047808
16726,-18.9,1.0,0.002393215637799191
16727,-18.9,2.0,0.006251075695567347
16728,-18.9,3.0,0.012391943743166472
16729,-18.9,4.0,0.005841106768670116
16730,-18.9,5.0,0.0018293762972070161
16731,-18.9,6.0,0.004553354785605734
16732,-18.9,7.0,0.009352101345368936
16733,-18.9,8.0,0.004455616375206441
16734,-18.9,9.0,0.0038311981877032285
16735,-18.9,10.0,0.007647421860973725
16736,-18.9,11.0,0.0033991414430210648
16737,-18.9,12.0,0.00081256608144332
16738,-18.9,13.0,0.0026800714240789057
16739,-18.9,14.0,0.005938243476980725
16740,-18.9,15.0,0.0026900490209304196
16741,-18.9,16.0,0.002332123782879299
16742,-18.9,17.0,0.004973489874608831
16743,-18.9,18.0,0.002104536190765469
16744,-18.9,19.0,0.00036742690692182547
16745,-18.9,20.0,0.001695122040069622
16746,-18.9,21.0,0.00398689689113556
16747,-18.9,22.0,0.0017493357330786031
16748,-18.9,23.0,0.0015337095871089676
16749,-18.9,24.0,0.0034128332560666805
16750,-18.9,25.0,0.0014069007216027825
16751,-18.9,26.0,0.00019666728737416505
16752,-18.9,27.0,0.0011573500939938864
16753,-18.9,28.0,0.002804158310749927
16754,-18.9,29.0,0.001214491049070546
16755,-18.9,30.0,0.0010753868348671648
16756,-18.9,31.0,0.002436532763299975
16757,-18.9,32.0,0.0009945702081994323
16758,-18.9,33.0,7.126681980966723e-05
16759,-18.9,34.0,4.163225081831723e-06
16760,-18.9,35.0,2.5714395180735077e-06
16761,-18.9,36.0,1.923373048363005e-06
16762,-18.9,37.0,1.4317647946127214e-06
16763,-18.9,38.0,1.0601481277657233e-06
16764,-18.9,39.0,7.808145991359104e-07
16765,-18.9,40.0,5.720259206761277e-07
16766,-18.9,41.0,4.168404248307734e-07
16767,-18.9,42.0,3.021413962822194e-07
16768,-18.9,43.0,2.178396204544638e-07
16769,-18.9,44.0,1.5622470603570363e-07
16770,-18.9,45.0,1.1144195962887377e-07
16771,-18.9,46.0,7.907403945312896e-08
16772,-18.9,47.0,5.580913050797534e-08
16773,-18.9,48.0,3.9179845909720576e-08
16774,-18.9,49.0,2.735938425386187e-08
16775,-18.9,50.0,1.9003606833884828e-08
16776,-18.9,51.0,1.312961140600271e-08
16777,-18.9,52.0,9.023059547764704e-09
16778,-18.9,53.0,6.167964810564711e-09
16779,-18.9,54.0,4.1938806047073204e-09
16780,-18.9,55.0,2.836457937190116e-09
16781,-18.9,56.0,1.9081949503075872e-09
16782,-18.9,57.0,1.2768951741073525e-09
16783,-18.9,58.0,8.499117968912787e-10
16784,-18.9,59.0,5.627021534637063e-10
16785,-18.9,60.0,3.7056927256438087e-10
16786,-18.9,61.0,2.4274279070855004e-10
16787,-18.9,62.0,1.5816463511782316e-10
16788,-18.9,63.0,1.0250818279141891e-10
16789,-18.9,64.0,6.608361511628948e-11
16790,-18.9,65.0,4.2375531570025016e-11
16791,-18.9,66.0,2.702854284214783e-11
16792,-18.9,67.0,1.71481081486682e-11
16793,-18.9,68.0,1.0821710272123989e-11
16794,-18.9,69.0,6.793001314059069e-12
16795,-18.9,70.0,4.241442680547679e-12
16796,-18.9,71.0,2.634217395912054e-12
16797,-18.9,72.0,1.6273303797052173e-12
16798,-18.9,73.0,9.99967668316201e-13
16799,-18.9,74.0,6.111985172730717e-13
16800,-18.8,-75.0,1.3965204908093488e-06
16801,-18.8,-74.0,1.8790187951344506e-06
16802,-18.8,-73.0,2.51478605565071e-06
16803,-18.8,-72.0,3.34778123240318e-06
16804,-18.8,-71.0,4.4330150399645916e-06
16805,-18.8,-70.0,5.838851723912469e-06
16806,-18.8,-69.0,7.649654067902559e-06
16807,-18.8,-68.0,9.968785535001909e-06
16808,-18.8,-67.0,1.2921972641662463e-05
16809,-18.8,-66.0,1.6661016293815145e-05
16810,-18.8,-65.0,2.1367822554564243e-05
16811,-18.8,-64.0,2.725870096899636e-05
16812,-18.8,-63.0,3.458885213931323e-05
16813,-18.8,-62.0,4.3656935963440774e-05
16814,-18.8,-61.0,5.4809578363420697e-05
16815,-18.8,-60.0,6.844563832736163e-05
16816,-18.8,-59.0,8.502001995036525e-05
16817,-18.8,-58.0,0.00010504677757560351
16818,-18.8,-57.0,0.00012910122820451755
16819,-18.8,-56.0,0.0001578207565389904
16820,-18.8,-55.0,0.00019190397712204348
16821,-18.8,-54.0,0.0002321079080455379
16822,-18.8,-53.0,0.0002792428146421384
16823,-18.8,-52.0,0.0003341644024004683
16824,-18.8,-51.0,0.0003977630786247592
16825,-18.8,-50.0,0.00047095006411331956
16826,-18.8,-49.0,0.0005546402205350263
16827,-18.8,-48.0,0.0006497315680636682
16828,-18.8,-47.0,0.0007570871629678571
16829,-18.8,-46.0,0.000880486488967233
16830,-18.8,-45.0,0.001280120405843792
16831,-18.8,-44.0,0.005139984744786334
16832,-18.8,-43.0,0.011392338922053461
16833,-18.8,-42.0,0.009974898537332473
16834,-18.8,-41.0,0.013010739989462368
16835,-18.8,-40.0,0.006770399397320399
16836,-18.8,-39.0,0.007882640541068105
16837,-18.8,-38.0,0.015759047666473198
16838,-18.8,-37.0,0.008066600469312018
16839,-18.8,-36.0,0.003718103256447779
16840,-18.8,-35.0,0.010333834902264973
16841,-18.8,-34.0,0.021090650903371293
16842,-18.8,-33.0,0.01149051131905387
16843,-18.8,-32.0,0.01348655597826007
16844,-18.8,-31.0,0.02645393841827846
16845,-18.8,-30.0,0.014335118081471823
16846,-18.8,-29.0,0.017010447124968114
16847,-18.8,-28.0,0.033585907631900246
16848,-18.8,-27.0,0.016904700916687186
16849,-18.8,-26.0,0.00743554875467866
16850,-18.8,-25.0,0.022948304703393815
16851,-18.8,-24.0,0.04825307469728497
16852,-18.8,-23.0,0.024982976744370583
16853,-18.8,-22.0,0.03276170897118867
16854,-18.8,-21.0,0.06877496736524681
16855,-18.8,-20.0,0.031762626935734305
16856,-18.8,-19.0,0.00985244722380132
16857,-18.8,-18.0,0.03109130648055532
16858,-18.8,-17.0,0.06778580323872108
16859,-18.8,-16.0,0.03209413581682156
16860,-18.8,-15.0,0.02408915423337296
16861,-18.8,-14.0,0.04667523288585602
16862,-18.8,-13.0,0.02211314312290158
16863,-18.8,-12.0,0.00705553031307432
16864,-18.8,-11.0,0.016170912214983967
16865,-18.8,-10.0,0.03223532348539971
16866,-18.8,-9.0,0.016298331687564088
16867,-18.8,-8.0,0.013705584291161489
16868,-18.8,-7.0,0.025323510117267033
16869,-18.8,-6.0,0.012448847749271805
16870,-18.8,-5.0,0.0045371959857625635
16871,-18.8,-4.0,0.009668147863957425
16872,-18.8,-3.0,0.018723047605201777
16873,-18.8,-2.0,0.009156177499833917
16874,-18.8,-1.0,0.0029457625388430945
16875,-18.8,0.0,0.0006022854288329937
16876,-18.8,1.0,0.0023944471039789744
16877,-18.8,2.0,0.006239834528422495
16878,-18.8,3.0,0.012360544106338082
16879,-18.8,4.0,0.005830720989729822
16880,-18.8,5.0,0.0018316463893195101
16881,-18.8,6.0,0.004544918417269377
16882,-18.8,7.0,0.009325242201580706
16883,-18.8,8.0,0.004446257091564007
16884,-18.8,9.0,0.003822853142153339
16885,-18.8,10.0,0.007623076750329884
16886,-18.8,11.0,0.0033911385200070905
16887,-18.8,12.0,0.0008142930358007193
16888,-18.8,13.0,0.0026730906748934076
16889,-18.8,14.0,0.005916601071938548
16890,-18.8,15.0,0.0026818951265033574
16891,-18.8,16.0,0.002324705748720002
16892,-18.8,17.0,0.00495364219195385
16893,-18.8,18.0,0.0020972772598674807
16894,-18.8,19.0,0.00036767362238120436
16895,-18.8,20.0,0.001688721254583224
16896,-18.8,21.0,0.00396931921953712
16897,-18.8,22.0,0.001742151929938346
16898,-18.8,23.0,0.0015271691020521622
16899,-18.8,24.0,0.0033968848476918817
16900,-18.8,25.0,0.0014006445473598575
16901,-18.8,26.0,0.00019621549469648746
16902,-18.8,27.0,0.00115190239008602
16903,-18.8,28.0,0.002790260921165232
16904,-18.8,29.0,0.0012085887346837997
16905,-18.8,30.0,0.0010700294450665011
16906,-18.8,31.0,0.0024240506946336775
16907,-18.8,32.0,0.0009895391888228994
16908,-18.8,33.0,7.100157363351666e-05
16909,-18.8,34.0,4.222827273530602e-06
16910,-18.8,35.0,2.620590783012529e-06
16911,-18.8,36.0,1.9612065001456853e-06
16912,-18.8,37.0,1.4607059886588247e-06
16913,-18.8,38.0,1.08215388953084e-06
16914,-18.8,39.0,7.974468615946859e-07
16915,-18.8,40.0,5.845220512593491e-07
16916,-18.8,41.0,4.261734495255113e-07
16917,-18.8,42.0,3.0907093493411376e-07
16918,-18.8,43.0,2.2295446979623914e-07
16919,-18.8,44.0,1.5997805367706285e-07
16920,-18.8,45.0,1.1418020433148618e-07
16921,-18.8,46.0,8.106014668704454e-08
16922,-18.8,47.0,5.7241380939644285e-08
16923,-18.8,48.0,4.0206748797527865e-08
16924,-18.8,49.0,2.8091435936907305e-08
16925,-18.8,50.0,1.9522482630104748e-08
16926,-18.8,51.0,1.34952914838985e-08
16927,-18.8,52.0,9.279308399817366e-09
16928,-18.8,53.0,6.346511355289736e-09
16929,-18.8,54.0,4.31758230786558e-09
16930,-18.8,55.0,2.9216776593058165e-09
16931,-18.8,56.0,1.966573050561904e-09
16932,-18.8,57.0,1.316661012497911e-09
16933,-18.8,58.0,8.768473157551533e-10
16934,-18.8,59.0,5.808447735061531e-10
16935,-18.8,60.0,3.8272100894209493e-10
16936,-18.8,61.0,2.5083643956089944e-10
16937,-18.8,62.0,1.6352533975572457e-10
16938,-18.8,63.0,1.0603899433147039e-10
16939,-18.8,64.0,6.839624321242372e-11
16940,-18.8,65.0,4.3881857545471357e-11
16941,-18.8,66.0,2.8004244842763892e-11
16942,-18.8,67.0,1.7776605573181458e-11
16943,-18.8,68.0,1.1224316758037449e-11
16944,-18.8,69.0,7.049480274929349e-12
16945,-18.8,70.0,4.40392985090358e-12
16946,-18.8,71.0,2.7365903615007694e-12
16947,-18.8,72.0,1.6914739002601011e-12
16948,-18.8,73.0,1.039936727251284e-12
16949,-18.8,74.0,6.35967085527151e-13
16950,-18.7,-75.0,1.3682094056361777e-06
16951,-18.7,-74.0,1.8419073151531131e-06
16952,-18.7,-73.0,2.4664316302797894e-06
16953,-18.7,-72.0,3.2851597816988615e-06
16954,-18.7,-71.0,4.352412220013656e-06
16955,-18.7,-70.0,5.735742581456289e-06
16956,-18.7,-69.0,7.518572479294658e-06
16957,-18.7,-68.0,9.8031858656776e-06
16958,-18.7,-67.0,1.2714087338202628e-05
16959,-18.7,-66.0,1.6401714636031234e-05
16960,-18.7,-65.0,2.1046477540523436e-05
16961,-18.7,-64.0,2.6863073254444215e-05
16962,-18.7,-63.0,3.410500205581948e-05
16963,-18.7,-62.0,4.306917682306605e-05
16964,-18.7,-61.0,5.410048642049466e-05
16965,-18.7,-60.0,6.759613677995488e-05
16966,-18.7,-59.0,8.400955606674735e-05
16967,-18.7,-58.0,0.0001038536132403094
16968,-18.7,-57.0,0.0001277028646901964
16969,-18.7,-56.0,0.0001561945139076433
16970,-18.7,-55.0,0.0001900277471255649
16971,-18.7,-54.0,0.00022996109652743946
16972,-18.7,-53.0,0.0002768074850673915
16973,-18.7,-52.0,0.00033142662613555183
16974,-18.7,-51.0,0.0003947144899016797
16975,-18.7,-50.0,0.00046758960827479156
16976,-18.7,-49.0,0.0005509760733147771
16977,-18.7,-48.0,0.0006457831915733889
16978,-18.7,-47.0,0.0007528874703420117
16979,-18.7,-46.0,0.0008760943192076424
16980,-18.7,-45.0,0.0012765082134486914
16981,-18.7,-44.0,0.005149134401812305
16982,-18.7,-43.0,0.011422504160197543
16983,-18.7,-42.0,0.00999885665120996
16984,-18.7,-41.0,0.013043468652994186
16985,-18.7,-40.0,0.006782558364734374
16986,-18.7,-39.0,0.007896515434213082
16987,-18.7,-38.0,0.015795683433885883
16988,-18.7,-37.0,0.008081651528807925
16989,-18.7,-36.0,0.0037210946395747077
16990,-18.7,-35.0,0.010352459170060776
16991,-18.7,-34.0,0.02113462434859227
16992,-18.7,-33.0,0.01151446107336858
16993,-18.7,-32.0,0.013511375799178809
16994,-18.7,-31.0,0.026501172263615817
16995,-18.7,-30.0,0.014365500500878774
16996,-18.7,-29.0,0.017037890443770007
16997,-18.7,-28.0,0.03362664086335866
16998,-18.7,-27.0,0.016938790642596457
16999,-18.7,-26.0,0.007465098215781167
17000,-18.7,-25.0,0.0229554852124629
17001,-18.7,-24.0,0.04822367738051377
17002,-18.7,-23.0,0.024988180465247756
17003,-18.7,-22.0,0.0326532448869393
17004,-18.7,-21.0,0.06844777155423
17005,-18.7,-20.0,0.0316644784256786
17006,-18.7,-19.0,0.009950876841344795
17007,-18.7,-18.0,0.031221688392192942
17008,-18.7,-17.0,0.06819061716799338
17009,-18.7,-16.0,0.032233975938146704
17010,-18.7,-15.0,0.02408601283960682
17011,-18.7,-14.0,0.04670494718421023
17012,-18.7,-13.0,0.022105301042759214
17013,-18.7,-12.0,0.00702453154835071
17014,-18.7,-11.0,0.016133521664503297
17015,-18.7,-10.0,0.03218859799317573
17016,-18.7,-9.0,0.016267208743462432
17017,-18.7,-8.0,0.013671645891939426
17018,-18.7,-7.0,0.025270590208038003
17019,-18.7,-6.0,0.012421605073970228
17020,-18.7,-5.0,0.0045260436358685995
17021,-18.7,-4.0,0.009644380065549425
17022,-18.7,-3.0,0.018676348319488358
17023,-18.7,-2.0,0.00913636856476338
17024,-18.7,-1.0,0.0029435691305736388
17025,-18.7,0.0,0.00059637162180543
17026,-18.7,1.0,0.002395284365037618
17027,-18.7,2.0,0.006227837617597409
17028,-18.7,3.0,0.012327802810331388
17029,-18.7,4.0,0.0058196565545241665
17030,-18.7,5.0,0.0018336486464554645
17031,-18.7,6.0,0.004535963246580201
17032,-18.7,7.0,0.00929740969443274
17033,-18.7,8.0,0.004436414378007327
17034,-18.7,9.0,0.00381409797903183
17035,-18.7,10.0,0.0075979617254633945
17036,-18.7,11.0,0.0033827843716758075
17037,-18.7,12.0,0.000815925539111205
17038,-18.7,13.0,0.0026658426096773467
17039,-18.7,14.0,0.005894384299583633
17040,-18.7,15.0,0.0026734808103801755
17041,-18.7,16.0,0.002317065756137433
17042,-18.7,17.0,0.004933324493550233
17043,-18.7,18.0,0.0020898213821902677
17044,-18.7,19.0,0.00036788899787159186
17045,-18.7,20.0,0.0016821657026231027
17046,-18.7,21.0,0.0039513726604627365
17047,-18.7,22.0,0.0017348086703028508
17048,-18.7,23.0,0.0015204903796426704
17049,-18.7,24.0,0.0033806239070845547
17050,-18.7,25.0,0.0013942614522666887
17051,-18.7,26.0,0.0001957487253773384
17052,-18.7,27.0,0.0011463515421050862
17053,-18.7,28.0,0.0027761092823012337
17054,-18.7,29.0,0.0012025774109071818
17055,-18.7,30.0,0.0010645762581651703
17056,-18.7,31.0,0.002411349144463224
17057,-18.7,32.0,0.000984419227548689
17058,-18.7,33.0,7.073091929891406e-05
17059,-18.7,34.0,4.282918346076601e-06
17060,-18.7,35.0,2.670212828151187e-06
17061,-18.7,36.0,1.999432501128862e-06
17062,-18.7,37.0,1.489970137088949e-06
17063,-18.7,38.0,1.1044221839055346e-06
17064,-18.7,39.0,8.142901909605836e-07
17065,-18.7,40.0,5.971861288844092e-07
17066,-18.7,41.0,4.356388171910936e-07
17067,-18.7,42.0,3.161038023277877e-07
17068,-18.7,43.0,2.2814928656242696e-07
17069,-18.7,44.0,1.63792767445407e-07
17070,-18.7,45.0,1.1696515769733383e-07
17071,-18.7,46.0,8.308152595946175e-08
17072,-18.7,47.0,5.8700063031849484e-08
17073,-18.7,48.0,4.125331076291775e-08
17074,-18.7,49.0,2.8838002731090823e-08
17075,-18.7,50.0,2.0051998906194992e-08
17076,-18.7,51.0,1.3868716954185885e-08
17077,-18.7,52.0,9.541156355108898e-09
17078,-18.7,53.0,6.529077959417332e-09
17079,-18.7,54.0,4.444151005606902e-09
17080,-18.7,55.0,3.008928517935446e-09
17081,-18.7,56.0,2.0263807131971038e-09
17082,-18.7,57.0,1.3574265048711569e-09
17083,-18.7,58.0,9.044773901989773e-10
17084,-18.7,59.0,5.99466906948915e-10
17085,-18.7,60.0,3.952017139817409e-10
17086,-18.7,61.0,2.591543681547091e-10
17087,-18.7,62.0,1.6903800370340617e-10
17088,-18.7,63.0,1.0967213159296498e-10
17089,-18.7,64.0,7.077735382041031e-11
17090,-18.7,65.0,4.5433737655940045e-11
17091,-18.7,66.0,2.9010066080425602e-11
17092,-18.7,67.0,1.8424897379293087e-11
17093,-18.7,68.0,1.1639854317284855e-11
17094,-18.7,69.0,7.314356424133816e-12
17095,-18.7,70.0,4.571837668565937e-12
17096,-18.7,71.0,2.8424418662983027e-12
17097,-18.7,72.0,1.7578365422392715e-12
17098,-18.7,73.0,1.0813131713519372e-12
17099,-18.7,74.0,6.616230169479469e-13
17100,-18.6,-75.0,1.3402740592381898e-06
17101,-18.6,-74.0,1.8052618411014539e-06
17102,-18.6,-73.0,2.41864929537439e-06
17103,-18.6,-72.0,3.2232330348837384e-06
17104,-18.6,-71.0,4.272643112202927e-06
17105,-18.6,-70.0,5.633621156636919e-06
17106,-18.6,-69.0,7.388644420021795e-06
17107,-18.6,-68.0,9.638911702545075e-06
17108,-18.6,-67.0,1.2507696796291421e-05
17109,-18.6,-66.0,1.6144061197898372e-05
17110,-18.6,-65.0,2.072690004756014e-05
17111,-18.6,-64.0,2.6469273321412348e-05
17112,-18.6,-63.0,3.362294819062795e-05
17113,-18.6,-62.0,4.248304835398439e-05
17114,-18.6,-61.0,5.339267253696671e-05
17115,-18.6,-60.0,6.67473080627795e-05
17116,-18.6,-59.0,8.299882766157023e-05
17117,-18.6,-58.0,0.000102658820131628
17118,-18.6,-57.0,0.00012630097015659943
17119,-18.6,-56.0,0.0001545621719646506
17120,-18.6,-55.0,0.00018814203836992337
17121,-18.6,-54.0,0.0002278004540777678
17122,-18.6,-53.0,0.00027435282307122674
17123,-18.6,-52.0,0.000328662677450515
17124,-18.6,-51.0,0.0003916313519948065
17125,-18.6,-50.0,0.0004641844871428068
17126,-18.6,-49.0,0.0005472552044385056
17127,-18.6,-48.0,0.0006417639048367508
17128,-18.6,-47.0,0.0007486003716515076
17129,-18.6,-46.0,0.000871595573331057
17130,-18.6,-45.0,0.001272748452162044
17131,-18.6,-44.0,0.005157840059250268
17132,-18.6,-43.0,0.011451751859536839
17133,-18.6,-42.0,0.010021984489617988
17134,-18.6,-41.0,0.013075126010156004
17135,-18.6,-40.0,0.006794085923656501
17136,-18.6,-39.0,0.007909659211585832
17137,-18.6,-38.0,0.015830991783929695
17138,-18.6,-37.0,0.0080959180267174
17139,-18.6,-36.0,0.003723601093460515
17140,-18.6,-35.0,0.010370109831835738
17141,-18.6,-34.0,0.021176842038621906
17142,-18.6,-33.0,0.01153732520191235
17143,-18.6,-32.0,0.013534992713296848
17144,-18.6,-31.0,0.02654633030057509
17145,-18.6,-30.0,0.014394619042428433
17146,-18.6,-29.0,0.01706400347513406
17147,-18.6,-28.0,0.03366511814173404
17148,-18.6,-27.0,0.016971575287476996
17149,-18.6,-26.0,0.007493947483727987
17150,-18.6,-25.0,0.022961879212628895
17151,-18.6,-24.0,0.04819329676162855
17152,-18.6,-23.0,0.02499300295468611
17153,-18.6,-22.0,0.03254949849248469
17154,-18.6,-21.0,0.06813303009684049
17155,-18.6,-20.0,0.031571176904604405
17156,-18.6,-19.0,0.010051220326901542
17157,-18.6,-18.0,0.031359958340989424
17158,-18.6,-17.0,0.06861550954631607
17159,-18.6,-16.0,0.03238155556174257
17160,-18.6,-15.0,0.024082230494385428
17161,-18.6,-14.0,0.046732662330393096
17162,-18.6,-13.0,0.022096198059132748
17163,-18.6,-12.0,0.006992683015073908
17164,-18.6,-11.0,0.01609437223257865
17165,-18.6,-10.0,0.032138649489259125
17166,-18.6,-9.0,0.016234283547968954
17167,-18.6,-8.0,0.013636044633678825
17168,-18.6,-7.0,0.02521482026871026
17169,-18.6,-6.0,0.012392821355061014
17170,-18.6,-5.0,0.004514158108355476
17171,-18.6,-4.0,0.009619340128851388
17172,-18.6,-3.0,0.018627426012955303
17173,-18.6,-2.0,0.00911536989075251
17174,-18.6,-1.0,0.0029408636109972005
17175,-18.6,0.0,0.0005904376470495299
17176,-18.6,1.0,0.0023957030594482826
17177,-18.6,2.0,0.006215026993153034
17178,-18.6,3.0,0.012293608638660426
17179,-18.6,4.0,0.005807859065274342
17180,-18.6,5.0,0.0018353635362432844
17181,-18.6,6.0,0.004526446762907323
17182,-18.6,7.0,0.009268520722500253
17183,-18.6,8.0,0.004426047069215158
17184,-18.6,9.0,0.003804897344043882
17185,-18.6,10.0,0.007572009669275026
17186,-18.6,11.0,0.0033740478871616296
17187,-18.6,12.0,0.0008174545016286385
17188,-18.6,13.0,0.002658302937972257
17189,-18.6,14.0,0.005871542118299261
17190,-18.6,15.0,0.0026647822205205316
17191,-18.6,16.0,0.002309183257712123
17192,-18.6,17.0,0.004912494732668227
17193,-18.6,18.0,0.0020821502813535746
17194,-18.6,19.0,0.0003680692010487655
17195,-18.6,20.0,0.0016754408901515263
17196,-18.6,21.0,0.003933024183992771
17197,-18.6,22.0,0.0017272912529302936
17198,-18.6,23.0,0.0015136606241785274
17199,-18.6,24.0,0.003364022513602006
17200,-18.6,25.0,0.0013877398103850076
17201,-18.6,26.0,0.0001952652011554336
17202,-18.6,27.0,0.001140688100328496
17203,-18.6,28.0,0.002761680747992118
17204,-18.6,29.0,0.0011964472331009962
17205,-18.6,30.0,0.0010590186032169372
17206,-18.6,31.0,0.002398408577706277
17207,-18.6,32.0,0.0009792023328941276
17208,-18.6,33.0,7.045425834160386e-05
17209,-18.6,34.0,4.3434441261772094e-06
17210,-18.6,35.0,2.720270031545113e-06
17211,-18.6,36.0,2.038024953059674e-06
17212,-18.6,37.0,1.51953827256115e-06
17213,-18.6,38.0,1.1269393449021008e-06
17214,-18.6,39.0,8.313348291359797e-07
17215,-18.6,40.0,6.100112511551935e-07
17216,-18.6,41.0,4.452316935761212e-07
17217,-18.6,42.0,3.2323664811748717e-07
17218,-18.6,43.0,2.3342177484219592e-07
17219,-18.6,44.0,1.6766729310898338e-07
17220,-18.6,45.0,1.1979578160567525e-07
17221,-18.6,46.0,8.513749419874681e-08
17222,-18.6,47.0,6.01847349579742e-08
17223,-18.6,48.0,4.231925169376538e-08
17224,-18.6,49.0,2.959891130716046e-08
17225,-18.6,50.0,2.0592051648989715e-08
17226,-18.6,51.0,1.4249827912732966e-08
17227,-18.6,52.0,9.80857091470868e-09
17228,-18.6,53.0,6.71564864791278e-09
17229,-18.6,54.0,4.57358029738252e-09
17230,-18.6,55.0,3.0982093524553773e-09
17231,-18.6,56.0,2.0876193923032297e-09
17232,-18.6,57.0,1.399194190369177e-09
17233,-18.6,58.0,9.328048006364896e-10
17234,-18.6,59.0,6.185711488436809e-10
17235,-18.6,60.0,4.080136150555203e-10
17236,-18.6,61.0,2.6769838959266264e-10
17237,-18.6,62.0,1.7470404862903975e-10
17238,-18.6,63.0,1.1340867805411766e-10
17239,-18.6,64.0,7.322775406969966e-11
17240,-18.6,65.0,4.703176184911498e-11
17241,-18.6,66.0,3.004643077314498e-11
17242,-18.6,67.0,1.9093284254746763e-11
17243,-18.6,68.0,1.2068533342238895e-11
17244,-18.6,69.0,7.587775248352907e-12
17245,-18.6,70.0,4.745265647188907e-12
17246,-18.6,71.0,2.9518392884352776e-12
17247,-18.6,72.0,1.8264634896934147e-12
17248,-18.6,73.0,1.1241270261174912e-12
17249,-18.6,74.0,6.881860907365475e-13
17250,-18.5,-75.0,1.3127213870154367e-06
17251,-18.5,-74.0,1.769092496448767e-06
17252,-18.5,-73.0,2.3714535776030596e-06
17253,-18.5,-72.0,3.1620215259211064e-06
17254,-18.5,-71.0,4.1937363526786774e-06
17255,-18.5,-70.0,5.5325268951901214e-06
17256,-18.5,-69.0,7.259923608906715e-06
17257,-18.5,-68.0,9.476035424084095e-06
17258,-18.5,-67.0,1.2302897555057821e-05
17259,-18.5,-66.0,1.5888183510432884e-05
17260,-18.5,-65.0,2.0409256999334185e-05
17261,-18.5,-64.0,2.6077517716743578e-05
17262,-18.5,-63.0,3.314296905116485e-05
17263,-18.5,-62.0,4.189890575616444e-05
17264,-18.5,-61.0,5.268658602173351e-05
17265,-18.5,-60.0,6.589971597563747e-05
17266,-18.5,-59.0,8.1988536632193e-05
17267,-18.5,-58.0,0.00010146326529698199
17268,-18.5,-57.0,0.00012489660746479482
17269,-18.5,-56.0,0.0001529250237487969
17270,-18.5,-55.0,0.0001862484121287376
17271,-18.5,-54.0,0.00022562785182945308
17272,-18.5,-53.0,0.0002718810545731414
17273,-18.5,-52.0,0.00032587518485932174
17274,-18.5,-51.0,0.0003885167461061865
17275,-18.5,-50.0,0.0004607382862087938
17276,-18.5,-49.0,0.0005434817558310988
17277,-18.5,-48.0,0.0006376784577513012
17278,-18.5,-47.0,0.0007442312744065719
17279,-18.5,-46.0,0.000866996374883665
17280,-18.5,-45.0,0.0012688490713441117
17281,-18.5,-44.0,0.005166125554127524
17282,-18.5,-43.0,0.011480131462933056
17283,-18.5,-42.0,0.010044326003199681
17284,-18.5,-41.0,0.01310576869289149
17285,-18.5,-40.0,0.0068050130396163705
17286,-18.5,-39.0,0.007922107656873366
17287,-18.5,-38.0,0.01586504125241936
17288,-18.5,-37.0,0.008109436000162706
17289,-18.5,-36.0,0.0037256400822789186
17290,-18.5,-35.0,0.010386832127191702
17291,-18.5,-34.0,0.021217394555216755
17292,-18.5,-33.0,0.011559152432125444
17293,-18.5,-32.0,0.013557463458714485
17294,-18.5,-31.0,0.026589524332741213
17295,-18.5,-30.0,0.014422531896050805
17296,-18.5,-29.0,0.017088853920837425
17297,-18.5,-28.0,0.03370147626513258
17298,-18.5,-27.0,0.017003119457294047
17299,-18.5,-26.0,0.00752211793062408
17300,-18.5,-25.0,0.022967549228387188
17301,-18.5,-24.0,0.048162064663437025
17302,-18.5,-23.0,0.0249974821785536
17303,-18.5,-22.0,0.03245013942055953
17304,-18.5,-21.0,0.06782990486049767
17305,-18.5,-20.0,0.03148238934273999
17306,-18.5,-19.0,0.010153632738474716
17307,-18.5,-18.0,0.03150688804318021
17308,-18.5,-17.0,0.06906243314780139
17309,-18.5,-16.0,0.03253763633175893
17310,-18.5,-15.0,0.0240776781361548
17311,-18.5,-14.0,0.04675798591536163
17312,-18.5,-13.0,0.022085649920803946
17313,-18.5,-12.0,0.006959926629406156
17314,-18.5,-11.0,0.016053307145758616
17315,-18.5,-10.0,0.032085152232010083
17316,-18.5,-9.0,0.016199394579972902
17317,-18.5,-8.0,0.013598644681644624
17318,-18.5,-7.0,0.02515594250415113
17319,-18.5,-6.0,0.012362370893506008
17320,-18.5,-5.0,0.004501494550300702
17321,-18.5,-4.0,0.009592930080626864
17322,-18.5,-3.0,0.018576089735992094
17323,-18.5,-2.0,0.009093086960749324
17324,-18.5,-1.0,0.002937613924881971
17325,-18.5,0.0,0.0005844786315540738
17326,-18.5,1.0,0.0023956755315763106
17327,-18.5,2.0,0.006201336473971862
17328,-18.5,3.0,0.01225783436060545
17329,-18.5,4.0,0.005795266419199092
17330,-18.5,5.0,0.0018367689147194188
17331,-18.5,6.0,0.0045163204535104
17332,-18.5,7.0,0.009238480201787282
17333,-18.5,8.0,0.00441510815284887
17334,-18.5,9.0,0.0037952108630210854
17335,-18.5,10.0,0.007545143748680063
17336,-18.5,11.0,0.0033648935164880705
17337,-18.5,12.0,0.0008188696155640058
17338,-18.5,13.0,0.0026504438903187243
17339,-18.5,14.0,0.005848016044026754
17340,-18.5,15.0,0.002655772057757638
17341,-18.5,16.0,0.002301034729855317
17342,-18.5,17.0,0.00489110469756006
17343,-18.5,18.0,0.0020742430179523943
17344,-18.5,19.0,0.0003682098620797433
17345,-18.5,20.0,0.0016685302000085747
17346,-18.5,21.0,0.0039142358873969245
17347,-18.5,22.0,0.0017195828119853024
17348,-18.5,23.0,0.001506665151906873
17349,-18.5,24.0,0.0033470486140035494
17350,-18.5,25.0,0.0013810662758131226
17351,-18.5,26.0,0.00019476288145041704
17352,-18.5,27.0,0.0011349012129253538
17353,-18.5,28.0,0.002746949310810469
17354,-18.5,29.0,0.0011901868945633348
17355,-18.5,30.0,0.0010533465200722486
17356,-18.5,31.0,0.0023852065561270493
17357,-18.5,32.0,0.0009738793248864028
17358,-18.5,33.0,7.0170902007279e-05
17359,-18.5,34.0,4.40434110395414e-06
17360,-18.5,35.0,2.7707203225214104e-06
17361,-18.5,36.0,2.0769528662464782e-06
17362,-18.5,37.0,1.5493877377913634e-06
17363,-18.5,38.0,1.1496889389210843e-06
17364,-18.5,39.0,8.485689541335074e-07
17365,-18.5,40.0,6.229889854462221e-07
17366,-18.5,41.0,4.549461164316225e-07
17367,-18.5,42.0,3.304652952837475e-07
17368,-18.5,43.0,2.3876903640516917e-07
17369,-18.5,44.0,1.7159964014230087e-07
17370,-18.5,45.0,1.2267072375308418e-07
17371,-18.5,46.0,8.722714341304555e-08
17372,-18.5,47.0,6.169479482169522e-08
17373,-18.5,48.0,4.3404178233950454e-08
17374,-18.5,49.0,3.037390869477919e-08
17375,-18.5,50.0,2.1142481169689395e-08
17376,-18.5,51.0,1.4638525766304107e-08
17377,-18.5,52.0,1.0081492855988121e-08
17378,-18.5,53.0,6.906189098237138e-09
17379,-18.5,54.0,4.705851262266807e-09
17380,-18.5,55.0,3.1895105103531537e-09
17381,-18.5,56.0,2.1502848176588838e-09
17382,-18.5,57.0,1.4419627731924167e-09
17383,-18.5,58.0,9.618297742270462e-10
17384,-18.5,59.0,6.381584049251637e-10
17385,-18.5,60.0,4.2115782885204683e-10
17386,-18.5,61.0,2.7646959135552513e-10
17387,-18.5,62.0,1.8052442517140938e-10
17388,-18.5,63.0,1.1724941340013774e-10
17389,-18.5,64.0,7.574805643195458e-11
17390,-18.5,65.0,4.867639616469441e-11
17391,-18.5,66.0,3.1113684791216186e-11
17392,-18.5,67.0,1.97820176816008e-11
17393,-18.5,68.0,1.251053353334704e-11
17394,-18.5,69.0,7.869863223221383e-12
17395,-18.5,70.0,4.924301607903774e-12
17396,-18.5,71.0,3.064842866483565e-12
17397,-18.5,72.0,1.897395599263391e-12
17398,-18.5,73.0,1.1684057138846303e-12
17399,-18.5,74.0,7.156745322658319e-13
17400,-18.4,-75.0,1.2855569404122415e-06
17401,-18.4,-74.0,1.7334075593425782e-06
17402,-18.4,-73.0,2.3248565586405116e-06
17403,-18.4,-72.0,3.101542569510104e-06
17404,-18.4,-71.0,4.1157163652303415e-06
17405,-18.4,-70.0,5.432493765140482e-06
17406,-18.4,-69.0,7.1324566854173156e-06
17407,-18.4,-68.0,9.314620315434589e-06
17408,-18.4,-67.0,1.2099774544423877e-05
17409,-18.4,-66.0,1.563419437321846e-05
17410,-18.4,-65.0,2.0093696738704084e-05
17411,-18.4,-64.0,2.568799969164816e-05
17412,-18.4,-63.0,3.266531411206827e-05
17413,-18.4,-62.0,4.131706826120161e-05
17414,-18.4,-61.0,5.1982631885662086e-05
17415,-18.4,-60.0,6.505387008159544e-05
17416,-18.4,-59.0,8.097931885796577e-05
17417,-18.4,-58.0,0.00010026773589135833
17418,-18.4,-57.0,0.00012349074335043548
17419,-18.4,-56.0,0.00015128424730476104
17420,-18.4,-55.0,0.00018434829289212814
17421,-18.4,-54.0,0.00022344499913381458
17422,-18.4,-53.0,0.000269394215218795
17423,-18.4,-52.0,0.0003230665543394166
17424,-18.4,-51.0,0.0003853734946080517
17425,-18.4,-50.0,0.0004572542915741882
17426,-18.4,-49.0,0.0005396595249960415
17427,-18.4,-48.0,0.0006335312061263688
17428,-18.4,-47.0,0.0007397851376086321
17429,-18.4,-46.0,0.0008623023383133744
17430,-18.4,-45.0,0.001264817326828844
17431,-18.4,-44.0,0.005174012278157936
17432,-18.4,-43.0,0.011507687132270501
17433,-18.4,-42.0,0.010065920492617595
17434,-18.4,-41.0,0.01313544728910487
17435,-18.4,-40.0,0.006815367492212418
17436,-18.4,-39.0,0.007933892840198688
17437,-18.4,-38.0,0.01589789302817643
17438,-18.4,-37.0,0.008122237724502919
17439,-18.4,-36.0,0.0037272273428295235
17440,-18.4,-35.0,0.010402666458284825
17441,-18.4,-34.0,0.021256362576032896
17442,-18.4,-33.0,0.011579986171830165
17443,-18.4,-32.0,0.013578838459644851
17444,-18.4,-31.0,0.026630853604912273
17445,-18.4,-30.0,0.014449290606579759
17446,-18.4,-29.0,0.017112501475033466
17447,-18.4,-28.0,0.03373583585983998
17448,-18.4,-27.0,0.017033479899340103
17449,-18.4,-26.0,0.007549627863936119
17450,-18.4,-25.0,0.022972547848905345
17451,-18.4,-24.0,0.04813009171340724
17452,-18.4,-23.0,0.02500164829284593
17453,-18.4,-22.0,0.032354867009744964
17454,-18.4,-21.0,0.06753763528104836
17455,-18.4,-20.0,0.0313978131975658
17456,-18.4,-19.0,0.010258293433485185
17457,-18.4,-18.0,0.03166337739966034
17458,-18.4,-17.0,0.069533666166518
17459,-18.4,-16.0,0.032703106052497245
17460,-18.4,-15.0,0.024072200053355596
17461,-18.4,-14.0,0.04678044864263874
17462,-18.4,-13.0,0.02207343673230253
17463,-18.4,-12.0,0.006926193963190523
17464,-18.4,-11.0,0.016010143678890205
17465,-18.4,-10.0,0.03202772715191111
17466,-18.4,-9.0,0.016162353861205028
17467,-18.4,-8.0,0.013559288375378984
17468,-18.4,-7.0,0.025093658075509544
17469,-18.4,-6.0,0.012330108007260122
17470,-18.4,-5.0,0.004488001047501471
17471,-18.4,-4.0,0.009565036612751977
17472,-18.4,-3.0,0.018522118639819965
17473,-18.4,-2.0,0.009069410581775602
17474,-18.4,-1.0,0.00293378320803519
17475,-18.4,0.0,0.0005784889275718244
17476,-18.4,1.0,0.0023951700810167943
17477,-18.4,2.0,0.006186689795480077
17478,-18.4,3.0,0.012220333077318356
17479,-18.4,4.0,0.005781807054737512
17480,-18.4,5.0,0.0018378394374075613
17481,-18.4,6.0,0.004505528438380968
17482,-18.4,7.0,0.009207178330851301
17483,-18.4,8.0,0.004403543440009419
17484,-18.4,9.0,0.0037849920006497247
17485,-18.4,10.0,0.007517275195442346
17486,-18.4,11.0,0.003355280261449928
17487,-18.4,12.0,0.0008201590843336761
17488,-18.4,13.0,0.00264223342714782
17489,-18.4,14.0,0.005823738447509223
17490,-18.4,15.0,0.002646418790427916
17491,-18.4,16.0,0.0022925929944411227
17492,-18.4,17.0,0.004869098598628696
17493,-18.4,18.0,0.0020660753817248337
17494,-18.4,19.0,0.00036830595418330505
17495,-18.4,20.0,0.0016614144065598458
17496,-18.4,21.0,0.0038949638758142458
17497,-18.4,22.0,0.0017116638210508603
17498,-18.4,23.0,0.001499486958049415
17499,-18.4,24.0,0.003329665071621945
17500,-18.4,25.0,0.0013742253877113693
17501,-18.4,26.0,0.00019423940412754945
17502,-18.4,27.0,0.0011289783034707497
17503,-18.4,28.0,0.002731884827330599
17504,-18.4,29.0,0.001183783289823598
17505,-18.4,30.0,0.0010475484622774105
17506,-18.4,31.0,0.002371717068503733
17507,-18.4,32.0,0.000968439560994223
17508,-18.4,33.0,6.988005064771108e-05
17509,-18.4,34.0,4.465534460849943e-06
17510,-18.4,35.0,2.821513831100462e-06
17511,-18.4,36.0,2.116179333450594e-06
17512,-18.4,37.0,1.5794914099029925e-06
17513,-18.4,38.0,1.172651181556419e-06
17514,-18.4,39.0,8.659782439282684e-07
17515,-18.4,40.0,6.361090444707206e-07
17516,-18.4,41.0,4.647747554724514e-07
17517,-18.4,42.0,3.37784563487424e-07
17518,-18.4,43.0,2.4418744140421466e-07
17519,-18.4,44.0,1.755872875946554e-07
17520,-18.4,45.0,1.255882494920565e-07
17521,-18.4,46.0,8.934929159977504e-08
17522,-18.4,47.0,6.32294454920717e-08
17523,-18.4,48.0,4.450755872964795e-08
17524,-18.4,49.0,3.116264452908558e-08
17525,-18.4,50.0,2.1703059591526923e-08
17526,-18.4,51.0,1.503466446180323e-08
17527,-18.4,52.0,1.0359830117908252e-08
17528,-18.4,53.0,7.100642400475585e-09
17529,-18.4,54.0,4.840929535044853e-09
17530,-18.4,55.0,3.2828118417934972e-09
17531,-18.4,56.0,2.2143656267438377e-09
17532,-18.4,57.0,1.4857261945254815e-09
17533,-18.4,58.0,9.915493586836572e-10
17534,-18.4,59.0,6.582274714133164e-10
17535,-18.4,60.0,4.346340809501824e-10
17536,-18.4,61.0,2.8546814917957764e-10
17537,-18.4,62.0,1.864994900850253e-10
17538,-18.4,63.0,1.2119473287483864e-10
17539,-18.4,64.0,7.833862607014165e-11
17540,-18.4,65.0,5.03679485506195e-11
17541,-18.4,66.0,3.2212073585560334e-11
17542,-18.4,67.0,2.0491285763695797e-11
17543,-18.4,68.0,1.2965994849006313e-11
17544,-18.4,69.0,8.160722066173078e-12
17545,-18.4,70.0,5.109018049882273e-12
17546,-18.4,71.0,3.181503420111598e-12
17547,-18.4,72.0,1.9706679766659973e-12
17548,-18.4,73.0,1.2141731697482314e-12
17549,-18.4,74.0,7.441044670784258e-13
17550,-18.3,-75.0,1.2587850409566355e-06
17551,-18.3,-74.0,1.698213665476409e-06
17552,-18.3,-73.0,2.27886814084458e-06
17553,-18.3,-72.0,3.0418106070731577e-06
17554,-18.3,-71.0,4.038603809352628e-06
17555,-18.3,-70.0,5.33355083382419e-06
17556,-18.3,-69.0,7.006283948643063e-06
17557,-18.3,-68.0,9.154721509541927e-06
17558,-18.3,-67.0,1.18984022771057e-05
17559,-18.3,-66.0,1.5382193355804434e-05
17560,-18.3,-65.0,1.978035090842999e-05
17561,-18.3,-64.0,2.530089154460922e-05
17562,-18.3,-63.0,3.219020671790365e-05
17563,-18.3,-62.0,4.0737822708955344e-05
17564,-18.3,-61.0,5.1281175224583404e-05
17565,-18.3,-60.0,6.421023104889944e-05
17566,-18.3,-59.0,7.997175067549801e-05
17567,-18.3,-58.0,9.907294698384012e-05
17568,-18.3,-57.0,0.00012208425778431904
17569,-18.3,-56.0,0.00014964091684642055
17570,-18.3,-55.0,0.00018244298160814397
17571,-18.3,-54.0,0.0002212534591823656
17572,-18.3,-53.0,0.00026689416871094826
17573,-18.3,-52.0,0.0003202389907260186
17574,-18.3,-51.0,0.00038220418587834497
17575,-18.3,-50.0,0.0004537355186260166
17576,-18.3,-49.0,0.0005357919979472549
17577,-18.3,-48.0,0.0006293261493001577
17578,-18.3,-47.0,0.0007352665144891097
17579,-18.3,-46.0,0.000857518617381603
17580,-18.3,-45.0,0.0012606598454645377
17581,-18.3,-44.0,0.005181519390443512
17582,-18.3,-43.0,0.011534458200671829
17583,-18.3,-42.0,0.010086803009021199
17584,-18.3,-41.0,0.013164206862365599
17585,-18.3,-40.0,0.006825174153568887
17586,-18.3,-39.0,0.007945043443401117
17587,-18.3,-38.0,0.015929601588890074
17588,-18.3,-37.0,0.008134352043201388
17589,-18.3,-36.0,0.0037283770409667445
17590,-18.3,-35.0,0.010417648815873076
17591,-18.3,-34.0,0.02129381773955363
17592,-18.3,-33.0,0.011599864976113894
17593,-18.3,-32.0,0.013599162384852908
17594,-18.3,-31.0,0.02667040591185731
17595,-18.3,-30.0,0.014474940659390645
17596,-18.3,-29.0,0.017134998543092018
17597,-18.3,-28.0,0.03376830284122374
17598,-18.3,-27.0,0.017062706202483582
17599,-18.3,-26.0,0.007576492792601619
17600,-18.3,-25.0,0.022976918702918354
17601,-18.3,-24.0,0.0480974694742545
17602,-18.3,-23.0,0.025005524298342505
17603,-18.3,-22.0,0.03226340581307628
17604,-18.3,-21.0,0.06725552694421653
17605,-18.3,-20.0,0.03131717192746715
17606,-18.3,-19.0,0.010365411827205235
17607,-18.3,-18.0,0.03183048639099284
17608,-18.3,-17.0,0.07003189329873867
17609,-18.3,-16.0,0.03287901008620135
17610,-18.3,-15.0,0.024065606922363498
17611,-18.3,-14.0,0.046799484419885705
17612,-18.3,-13.0,0.02205929375300568
17613,-18.3,-12.0,0.006891403629864415
17614,-18.3,-11.0,0.015964666755378325
17615,-18.3,-10.0,0.031965928760159475
17616,-18.3,-9.0,0.016122940441316715
17617,-18.3,-8.0,0.013517790855371681
17618,-18.3,-7.0,0.025027617038044202
17619,-18.3,-6.0,0.012295862117891977
17620,-18.3,-5.0,0.004473616871553193
17621,-18.3,-4.0,0.009535527307281919
17622,-18.3,-3.0,0.018465254639583026
17623,-18.3,-2.0,0.009044213279793484
17624,-18.3,-1.0,0.002929328602068726
17625,-18.3,0.0,0.0005724619170147252
17626,-18.3,1.0,0.0023941499723854616
17627,-18.3,2.0,0.006170998139093026
17628,-18.3,3.0,0.012180933399685748
17629,-18.3,4.0,0.005767397637617981
17630,-18.3,5.0,0.0018385457830216124
17631,-18.3,6.0,0.0044940056690246435
17632,-18.3,7.0,0.009174486981052046
17633,-18.3,8.0,0.004391289810984691
17634,-18.3,9.0,0.0037741865545991545
17635,-18.3,10.0,0.007488300376759474
17636,-18.3,11.0,0.0033451603441018896
17637,-18.3,12.0,0.0008213092660479409
17638,-18.3,13.0,0.0026336341948581753
17639,-18.3,14.0,0.005798630306121563
17640,-18.3,15.0,0.0026366856178362806
17641,-18.3,16.0,0.002283826323445628
17642,-18.3,17.0,0.0048464112027342575
17643,-18.3,18.0,0.002057619089193635
17644,-18.3,19.0,0.0003683516363438981
17645,-18.3,20.0,0.00165407103491836
17646,-18.3,21.0,0.0038751567838114357
17647,-18.3,22.0,0.001703511438170635
17648,-18.3,23.0,0.0014921061450085377
17649,-18.3,24.0,0.0033118284102710027
17650,-18.3,25.0,0.001367199048626547
17651,-18.3,26.0,0.0001936920074024574
17652,-18.3,27.0,0.0011229046449458767
17653,-18.3,28.0,0.00271645199447671
17654,-18.3,29.0,0.0011772210697999096
17655,-18.3,30.0,0.0010416109045290672
17656,-18.3,31.0,0.002357909645488621
17657,-18.3,32.0,0.0009628705739896645
17658,-18.3,33.0,6.958076653338404e-05
17659,-18.3,34.0,4.526935496078438e-06
17660,-18.3,35.0,2.8725911287683608e-06
17661,-18.3,36.0,2.1556601938076818e-06
17662,-18.3,37.0,1.60981669083133e-06
17663,-18.3,38.0,1.1958021787692073e-06
17664,-18.3,39.0,8.835453091553309e-07
17665,-18.3,40.0,6.493588644261726e-07
17666,-18.3,41.0,4.7470860035608825e-07
17667,-18.3,42.0,3.4518803951974695e-07
17668,-18.3,43.0,2.496724604022646e-07
17669,-18.3,44.0,1.796270618340655e-07
17670,-18.3,45.0,1.2854615332625742e-07
17671,-18.3,46.0,9.150241901818793e-08
17672,-18.3,47.0,6.478764896329567e-08
17673,-18.3,48.0,4.562869071841171e-08
17674,-18.3,49.0,3.196464801676734e-08
17675,-18.3,50.0,2.2273474618131855e-08
17676,-18.3,51.0,1.5438039109739655e-08
17677,-18.3,52.0,1.0643449870366674e-08
17678,-18.3,53.0,7.298923558675385e-09
17679,-18.3,54.0,4.9787615143540754e-09
17680,-18.3,55.0,3.3780800989081365e-09
17681,-18.3,56.0,2.2798415906544253e-09
17682,-18.3,57.0,1.5304724288958903e-09
17683,-18.3,58.0,1.021956610082576e-09
17684,-18.3,59.0,6.787744899407093e-10
17685,-18.3,60.0,4.484403420008501e-10
17686,-18.3,61.0,2.9469308554081336e-10
17687,-18.3,62.0,1.9262884678612167e-10
17688,-18.3,63.0,1.2524454257943805e-10
17689,-18.3,64.0,8.099951246439712e-11
17690,-18.3,65.0,5.210652445586635e-11
17691,-18.3,66.0,3.334171350409874e-11
17692,-18.3,67.0,2.1221194800652064e-11
17693,-18.3,68.0,1.3435005733786323e-11
17694,-18.3,69.0,8.46042125708503e-12
17695,-18.3,70.0,5.299467424323314e-12
17696,-18.3,71.0,3.3018593802542588e-12
17697,-18.3,72.0,2.0463081207219997e-12
17698,-18.3,73.0,1.2614486880775392e-12
17699,-18.3,74.0,7.734892079530798e-13
17700,-18.2,-75.0,1.2324089067330663e-06
17701,-18.2,-74.0,1.6635159744043644e-06
17702,-18.2,-73.0,2.233496264715563e-06
17703,-18.2,-72.0,2.9828374894688183e-06
17704,-18.2,-71.0,3.9624159457038455e-06
17705,-18.2,-70.0,5.235722737632482e-06
17706,-18.2,-69.0,6.881439957664754e-06
17707,-18.2,-68.0,8.996386750144012e-06
17708,-18.2,-67.0,1.1698845812799987e-05
17709,-18.2,-66.0,1.5132268009294442e-05
17710,-18.2,-65.0,1.9469335965097837e-05
17711,-18.2,-64.0,2.491634650248467e-05
17712,-18.2,-63.0,3.171784640742416e-05
17713,-18.2,-62.0,4.0161426403331505e-05
17714,-18.2,-61.0,5.0582544708586645e-05
17715,-18.2,-60.0,6.336921489058727e-05
17716,-18.2,-59.0,7.896635400130658e-05
17717,-18.2,-58.0,9.787954771285351e-05
17718,-18.2,-57.0,0.00012067795132738426
17719,-18.2,-56.0,0.0001479960114967846
17720,-18.2,-55.0,0.00018053366601095713
17721,-18.2,-54.0,0.00021905466114441918
17722,-18.2,-53.0,0.00026438262099466944
17723,-18.2,-52.0,0.00031739451419878943
17724,-18.2,-51.0,0.00037901119335640387
17725,-18.2,-50.0,0.0004501847339402363
17726,-18.2,-49.0,0.0005318823742464838
17727,-18.2,-48.0,0.0006250669586012778
17728,-18.2,-47.0,0.0007306795846843063
17729,-18.2,-46.0,0.0008526499414109898
17730,-18.2,-45.0,0.0012563826724387235
17731,-18.2,-44.0,0.005188663964533819
17732,-18.2,-43.0,0.011560479480651033
17733,-18.2,-42.0,0.010107004628070746
17734,-18.2,-41.0,0.013192087306874732
17735,-18.2,-40.0,0.006834455180604036
17736,-18.2,-39.0,0.007955584984862875
17737,-18.2,-38.0,0.01596021513698075
17738,-18.2,-37.0,0.008145804595258462
17739,-18.2,-36.0,0.0037291018808060915
17740,-18.2,-35.0,0.010431811073735012
17741,-18.2,-34.0,0.021329823241070425
17742,-18.2,-33.0,0.01161882286844571
17743,-18.2,-32.0,0.013618474533842186
17744,-18.2,-31.0,0.026708258367166154
17745,-18.2,-30.0,0.014499521883570248
17746,-18.2,-29.0,0.017156390741079285
17747,-18.2,-28.0,0.03379896943665118
17748,-18.2,-27.0,0.017090841280590553
17749,-18.2,-26.0,0.0076027256016987
17750,-18.2,-25.0,0.0229806971317213
17751,-18.2,-24.0,0.048064271930042896
17752,-18.2,-23.0,0.025009126433173358
17753,-18.2,-22.0,0.03217550165351682
17754,-18.2,-21.0,0.066982941652047
17755,-18.2,-20.0,0.03124021108902545
17756,-18.2,-19.0,0.010475235085689448
17757,-18.2,-18.0,0.03200947799972694
17758,-18.2,-17.0,0.07056031486049354
17759,-18.2,-16.0,0.03306659360172052
17760,-18.2,-15.0,0.024057666414046552
17761,-18.2,-14.0,0.046814403517545865
17762,-18.2,-13.0,0.02204289899179438
17763,-18.2,-12.0,0.006855457761262536
17764,-18.2,-11.0,0.015916620342782097
17765,-18.2,-10.0,0.03189922755758131
17766,-18.2,-9.0,0.01608089164020755
17767,-18.2,-8.0,0.013473932837097528
17768,-18.2,-7.0,0.024957404814770445
17769,-18.2,-6.0,0.01225943114387891
17770,-18.2,-5.0,0.0044582701206973335
17771,-18.2,-4.0,0.009504245558833838
17772,-18.2,-3.0,0.01840519254775204
17773,-18.2,-2.0,0.009017344451364954
17774,-18.2,-1.0,0.0029241996602977416
17775,-18.2,0.0,0.0005663897474543959
17776,-18.2,1.0,0.0023925721042080306
17777,-18.2,2.0,0.006154156809905883
17778,-18.2,3.0,0.012139432962739557
17779,-18.2,4.0,0.005751939949495802
17780,-18.2,5.0,0.0018388536106313637
17781,-18.2,6.0,0.004481675506461994
17782,-18.2,7.0,0.009140254840939733
17783,-18.2,8.0,0.004378272856351431
17784,-18.2,9.0,0.0037627306305707997
17785,-18.2,10.0,0.007458096854324965
17786,-18.2,11.0,0.0033344774162447593
17787,-18.2,12.0,0.0008223041950853739
17788,-18.2,13.0,0.0026246021219299667
17789,-18.2,14.0,0.005772598178812061
17790,-18.2,15.0,0.002626529076057549
17791,-18.2,16.0,0.0022746972345689897
17792,-18.2,17.0,0.004822965322360437
17793,-18.2,18.0,0.002048840704259469
17794,-18.2,19.0,0.0003683400422456136
17795,-18.2,20.0,0.001646473498780524
17796,-18.2,21.0,0.0038547537852573967
17797,-18.2,22.0,0.0016950986244247872
17798,-18.2,23.0,0.0014844991528009137
17799,-18.2,24.0,0.00329348712315835
17800,-18.2,25.0,0.0013599658222933522
17801,-18.2,26.0,0.000193117424905605
17802,-18.2,27.0,0.0011166627862355973
17803,-18.2,28.0,0.0027006089711276563
17804,-18.2,29.0,0.0011704820428551498
17805,-18.2,30.0,0.0010355178141065564
17806,-18.2,31.0,0.0023437481675983893
17807,-18.2,32.0,0.0009571575842927412
17808,-18.2,33.0,6.927193729148013e-05
17809,-18.2,34.0,4.5884382029249035e-06
17810,-18.2,35.0,2.923880892385898e-06
17811,-18.2,36.0,2.195342259310091e-06
17812,-18.2,37.0,1.6403241676725176e-06
17813,-18.2,38.0,1.219112920347937e-06
17814,-18.2,39.0,9.012489408779418e-07
17815,-18.2,40.0,6.627230458134891e-07
17816,-18.2,41.0,4.847365472248122e-07
17817,-18.2,42.0,3.5266777322294486e-07
17818,-18.2,43.0,2.5521844192974295e-07
17819,-18.2,44.0,1.8371497469362865e-07
17820,-18.2,45.0,1.3154164177216796e-07
17821,-18.2,46.0,9.368458386633833e-08
17822,-18.2,47.0,6.636806597899736e-08
17823,-18.2,48.0,4.676665793147195e-08
17824,-18.2,49.0,3.277929747858257e-08
17825,-18.2,50.0,2.285330807467832e-08
17826,-18.2,51.0,1.5848370946534873e-08
17827,-18.2,52.0,1.0932168032866374e-08
17828,-18.2,53.0,7.500912224594681e-09
17829,-18.2,54.0,5.119269352411584e-09
17830,-18.2,55.0,3.4752654996821004e-09
17831,-18.2,56.0,2.346681270267935e-09
17832,-18.2,57.0,1.5761818940230057e-09
17833,-18.2,58.0,1.0530395198640837e-09
17834,-18.2,59.0,6.997922274266769e-10
17835,-18.2,60.0,4.6257234703884365e-10
17836,-18.2,61.0,3.0414195052858495e-10
17837,-18.2,62.0,1.9891113463342757e-10
17838,-18.2,63.0,1.2939812108851172e-10
17839,-18.2,64.0,8.373035902497075e-11
17840,-18.2,65.0,5.389196811358255e-11
17841,-18.2,66.0,3.4502553855549066e-11
17842,-18.2,67.0,2.1971744911039396e-11
17843,-18.2,68.0,1.3917587539740423e-11
17844,-18.2,69.0,8.768988136508728e-12
17845,-18.2,70.0,5.4956758752249514e-12
17846,-18.2,71.0,3.4259328540406615e-12
17847,-18.2,72.0,2.124333462952212e-12
17848,-18.2,73.0,1.3102453925575624e-12
17849,-18.2,74.0,8.038383087323301e-13
17850,-18.1,-75.0,1.2064307541433743e-06
17851,-18.1,-74.0,1.6293183030205914e-06
17852,-18.1,-73.0,2.188747082951139e-06
17853,-18.1,-72.0,2.924632702623346e-06
17854,-18.1,-71.0,3.887166926881752e-06
17855,-18.1,-70.0,5.139030054543849e-06
17856,-18.1,-69.0,6.757954006035968e-06
17857,-18.1,-68.0,8.839656992566844e-06
17858,-18.1,-67.0,1.1501161514472956e-05
17859,-18.1,-66.0,1.4884494812809882e-05
17860,-18.1,-65.0,1.9160754356661307e-05
17861,-18.1,-64.0,2.453450017699304e-05
17862,-18.1,-63.0,3.124841070456018e-05
17863,-18.1,-62.0,3.958810930174352e-05
17864,-18.1,-61.0,4.988703524297693e-05
17865,-18.1,-60.0,6.253119617958538e-05
17866,-18.1,-59.0,7.796360019373476e-05
17867,-18.1,-58.0,9.668812589789132e-05
17868,-18.1,-57.0,0.00011927255060553962
17869,-18.1,-56.0,0.00014635042174930197
17870,-18.1,-55.0,0.00017862142820153804
17871,-18.1,-54.0,0.000216849909008601
17872,-18.1,-53.0,0.0002618611305083789
17873,-18.1,-52.0,0.00031453497209654887
17874,-18.1,-51.0,0.00037579668907868687
17875,-18.1,-50.0,0.00044660447069625093
17876,-18.1,-49.0,0.0005279335844516052
17877,-18.1,-48.0,0.000620756996979394
17878,-18.1,-47.0,0.0007260281761864573
17879,-18.1,-46.0,0.0008477006397180547
17880,-18.1,-45.0,0.0012519913016462985
17881,-18.1,-44.0,0.005195461068795615
17882,-18.1,-43.0,0.011585781425011077
17883,-18.1,-42.0,0.010126552594937126
17884,-18.1,-41.0,0.013219123534200563
17885,-18.1,-40.0,0.006843230119708224
17886,-18.1,-39.0,0.007965539942282827
17887,-18.1,-38.0,0.015989775831513828
17888,-18.1,-37.0,0.008156617938485872
17889,-18.1,-36.0,0.003729413166230987
17890,-18.1,-35.0,0.010445181149340736
17891,-18.1,-34.0,0.021364434154936822
17892,-18.1,-33.0,0.011636889513381599
17893,-18.1,-32.0,0.013636809048035648
17894,-18.1,-31.0,0.026744477827033063
17895,-18.1,-30.0,0.014523068669345215
17896,-18.1,-29.0,0.017176717172904393
17897,-18.1,-28.0,0.03382791476594358
17898,-18.1,-27.0,0.017117921635556126
17899,-18.1,-26.0,0.007628336632720657
17900,-18.1,-25.0,0.022983910559252342
17901,-18.1,-24.0,0.04803055632981875
17902,-18.1,-23.0,0.025012464289303225
17903,-18.1,-22.0,0.0320909180406932
17904,-18.1,-21.0,0.06671928852443364
17905,-18.1,-20.0,0.03116669484149004
17906,-18.1,-19.0,0.010588058628514056
17907,-18.1,-18.0,0.03220187722915081
17908,-18.1,-17.0,0.07112279683499485
17909,-18.1,-16.0,0.03326735966344881
17910,-18.1,-15.0,0.024048090250875648
17911,-18.1,-14.0,0.04682435561004523
17912,-18.1,-13.0,0.022023856123974037
17913,-18.1,-12.0,0.006818237155627462
17914,-18.1,-11.0,0.01586569563045567
17915,-18.1,-10.0,0.03182698587869566
17916,-18.1,-9.0,0.016035891017267347
17917,-18.1,-8.0,0.013427450680259046
17918,-18.1,-7.0,0.024882523613778386
17919,-18.1,-6.0,0.012220572421899745
17920,-18.1,-5.0,0.004441874475162976
17921,-18.1,-4.0,0.009471003594786856
17922,-18.1,-3.0,0.018341566514137434
17923,-18.1,-2.0,0.008988623700221242
17924,-18.1,-1.0,0.002918336156738866
17925,-18.1,0.0,0.0005602629679928685
17926,-18.1,1.0,0.0023903851803254187
17927,-18.1,2.0,0.006136040670886882
17928,-18.1,3.0,0.012095589511179202
17929,-18.1,4.0,0.005735316612471081
17930,-18.1,5.0,0.0018387221280380757
17931,-18.1,6.0,0.004468446392974712
17932,-18.1,7.0,0.009104300741309307
17933,-18.1,8.0,0.004364403635345586
17934,-18.1,9.0,0.003750547859519843
17935,-18.1,10.0,0.007426517966116656
17936,-18.1,11.0,0.003323164098775135
17937,-18.1,12.0,0.0008231249259442487
17938,-18.1,13.0,0.0026150844894642345
17939,-18.1,14.0,0.005745530046264662
17940,-18.1,15.0,0.0026158971214464448
17941,-18.1,16.0,0.0022651608355839415
17942,-18.1,17.0,0.004798668362322791
17943,-18.1,18.0,0.0020397001541686065
17944,-18.1,19.0,0.0003682629907967339
17945,-18.1,20.0,0.0016385899148932581
17946,-18.1,21.0,0.0038336818555761267
17947,-18.1,22.0,0.0016863929316680187
17948,-18.1,23.0,0.0014766377005544068
17949,-18.1,24.0,0.003274579346155899
17950,-18.1,25.0,0.0013524999676776557
17951,-18.1,26.0,0.00019251174157605016
17952,-18.1,27.0,0.0011102317630899163
17953,-18.1,28.0,0.002684305481283432
17954,-18.1,29.0,0.0011635443506559562
17955,-18.1,30.0,0.0010292499235174655
17956,-18.1,31.0,0.0023291892246973113
17957,-18.1,32.0,0.0009512828288734675
17958,-18.1,33.0,6.89522256545703e-05
17959,-18.1,34.0,4.649914612629943e-06
17960,-18.1,35.0,2.9752967329333775e-06
17961,-18.1,36.0,2.2351609081552305e-06
17962,-18.1,37.0,1.6709657954542249e-06
17963,-18.1,38.0,1.2425479150362776e-06
17964,-18.1,39.0,9.190630909198814e-07
17965,-18.1,40.0,6.76182595717413e-07
17966,-18.1,41.0,4.948448386381802e-07
17967,-18.1,42.0,3.6021386572188114e-07
17968,-18.1,43.0,2.608183113607408e-07
17969,-18.1,44.0,1.8784600443548144e-07
17970,-18.1,45.0,1.3457117488324037e-07
17971,-18.1,46.0,9.589330823341876e-08
17972,-18.1,47.0,6.796897439576483e-08
17973,-18.1,48.0,4.792027216974315e-08
17974,-18.1,49.0,3.360577918716277e-08
17975,-18.1,50.0,2.3442006913603676e-08
17976,-18.1,51.0,1.6265287020521176e-08
17977,-18.1,52.0,1.1225735118319145e-08
17978,-18.1,53.0,7.706442885549062e-09
17979,-18.1,54.0,5.262344190333349e-09
17980,-18.1,55.0,3.5742970892764784e-09
17981,-18.1,56.0,2.4148388524835167e-09
17982,-18.1,57.0,1.6228253046009343e-09
17983,-18.1,58.0,1.0847795667161283e-09
17984,-18.1,59.0,7.212691042450495e-10
17985,-18.1,60.0,4.770229467949714e-10
17986,-18.1,61.0,3.138103911848132e-10
17987,-18.1,62.0,2.0534374455510173e-10
17988,-18.1,63.0,1.3365393268580714e-10
17989,-18.1,64.0,8.653028109520554e-11
17990,-18.1,65.0,5.5723783281140856e-11
17991,-18.1,66.0,3.569432569342968e-11
17992,-18.1,67.0,2.2742797116670322e-11
17993,-18.1,68.0,1.4413673486449511e-11
17994,-18.1,69.0,9.086394529587909e-12
17995,-18.1,70.0,5.697634781655162e-12
17996,-18.1,71.0,3.5537243059446377e-12
17997,-18.1,72.0,2.2047480408363764e-12
17998,-18.1,73.0,1.3605681667343164e-12
17999,-18.1,74.0,8.351562839782865e-13
18000,-18.0,-75.0,1.1381733506401566e-06
18001,-18.0,-74.0,1.537953973824749e-06
18002,-18.0,-73.0,2.0671137313619787e-06
18003,-18.0,-72.0,2.7635766382681413e-06
18004,-18.0,-71.0,3.6750627688539945e-06
18005,-18.0,-70.0,4.8612070261733495e-06
18006,-18.0,-69.0,6.396016571621042e-06
18007,-18.0,-68.0,8.370687929897054e-06
18008,-18.0,-67.0,1.0896796226845782e-05
18009,-18.0,-66.0,1.4109857101363934e-05
18010,-18.0,-65.0,1.8173246142861292e-05
18011,-18.0,-64.0,2.328244092662409e-05
18012,-18.0,-63.0,2.966952668530205e-05
18013,-18.0,-62.0,3.760787840718936e-05
18014,-18.0,-61.0,4.741689999841032e-05
18015,-18.0,-60.0,5.9466665716529086e-05
18016,-18.0,-59.0,7.418227137982043e-05
18017,-18.0,-58.0,9.204766429113682e-05
18018,-18.0,-57.0,0.00011360868322682585
18019,-18.0,-56.0,0.00013947500548755297
18020,-18.0,-55.0,0.00017032066952668822
18021,-18.0,-54.0,0.00020688282200337254
18022,-18.0,-53.0,0.00024995833037738186
18023,-18.0,-52.0,0.0003003979095249267
18024,-18.0,-51.0,0.00035909743629264227
18025,-18.0,-50.0,0.0004269861720063434
18026,-18.0,-49.0,0.0005050116816457333
18027,-18.0,-48.0,0.0005941213324057832
18028,-18.0,-47.0,0.0006952458735987107
18029,-18.0,-46.0,0.0008122185798940292
18030,-18.0,-45.0,0.001202403692377201
18031,-18.0,-44.0,0.005013915063781504
18032,-18.0,-43.0,0.011190765662525748
18033,-18.0,-42.0,0.009778791215698144
18034,-18.0,-41.0,0.012766630210180601
18035,-18.0,-40.0,0.006603887398673586
18036,-18.0,-39.0,0.0076866967272286
18037,-18.0,-38.0,0.015439383277078588
18038,-18.0,-37.0,0.007871645429224998
18039,-18.0,-36.0,0.0035945351378919048
18040,-18.0,-35.0,0.010079816254228696
18041,-18.0,-34.0,0.020624338662706708
18042,-18.0,-33.0,0.01123288634785179
18043,-18.0,-32.0,0.013160702967304316
18044,-18.0,-31.0,0.025811265927377775
18045,-18.0,-30.0,0.014019900362077476
18046,-18.0,-29.0,0.016574509672837412
18047,-18.0,-28.0,0.03263160504072102
18048,-18.0,-27.0,0.016524357174700584
18049,-18.0,-26.0,0.007376725724674039
18050,-18.0,-25.0,0.022155794162186424
18051,-18.0,-24.0,0.04626167157153337
18052,-18.0,-23.0,0.0241114251914119
18053,-18.0,-22.0,0.030852543047244045
18054,-18.0,-21.0,0.06406186328537387
18055,-18.0,-20.0,0.02997251184277907
18056,-18.0,-19.0,0.010317366557113003
18057,-18.0,-18.0,0.036142149716721785
18058,-18.0,-17.0,0.0739234735685753
18059,-18.0,-16.0,0.03450989895142154
18060,-18.0,-15.0,0.02477358635910818
18061,-18.0,-14.0,0.048264248571728105
18062,-18.0,-13.0,0.022676343059439743
18063,-18.0,-12.0,0.006987488056846933
18064,-18.0,-11.0,0.01629636832029644
18065,-18.0,-10.0,0.0327219769656671
18066,-18.0,-9.0,0.016477803479404682
18067,-18.0,-8.0,0.013788254254625463
18068,-18.0,-7.0,0.025562921177861794
18069,-18.0,-6.0,0.012552453909527079
18070,-18.0,-5.0,0.004559994817482787
18071,-18.0,-4.0,0.009724910807060094
18072,-18.0,-3.0,0.018834293910183035
18073,-18.0,-2.0,0.009232519868605014
18074,-18.0,-1.0,0.0030009500745839333
18075,-18.0,0.0,0.0005710603560607979
18076,-18.0,1.0,0.0024607397264021047
18077,-18.0,2.0,0.006304057735318802
18078,-18.0,3.0,0.012418589562163337
18079,-18.0,4.0,0.005892706457003994
18080,-18.0,5.0,0.0018944667627538827
18081,-18.0,6.0,0.004590793694887197
18082,-18.0,7.0,0.009344422010827164
18083,-18.0,8.0,0.00448295210858716
18084,-18.0,9.0,0.0038521558565965054
18085,-18.0,10.0,0.007620100472999335
18086,-18.0,11.0,0.0034126732906061227
18087,-18.0,12.0,0.0008490085416517665
18088,-18.0,13.0,0.002684899052981622
18089,-18.0,14.0,0.005892607905438089
18090,-18.0,15.0,0.0026845993534903756
18091,-18.0,16.0,0.0023243161723149625
18092,-18.0,17.0,0.004919782134990589
18093,-18.0,18.0,0.002092402356752084
18094,-18.0,19.0,0.0003793985469301728
18095,-18.0,20.0,0.0016803764447730735
18096,-18.0,21.0,0.003928740868097094
18097,-18.0,22.0,0.001728790226105386
18098,-18.0,23.0,0.001513517886072079
18099,-18.0,24.0,0.003354843792822794
18100,-18.0,25.0,0.001386006928498807
18101,-18.0,26.0,0.0001977538155974601
18102,-18.0,27.0,0.0011374270205512548
18103,-18.0,28.0,0.0027492773798450496
18104,-18.0,29.0,0.0011918412889359957
18105,-18.0,30.0,0.0010541469692013589
18106,-18.0,31.0,0.002385143225623439
18107,-18.0,32.0,0.0009742095599103638
18108,-18.0,33.0,7.072420424259499e-05
18109,-18.0,34.0,4.85567567195787e-06
18110,-18.0,35.0,3.1195463647336614e-06
18111,-18.0,36.0,2.3447998526498304e-06
18112,-18.0,37.0,1.7538637974610834e-06
18113,-18.0,38.0,1.3048866311875732e-06
18114,-18.0,39.0,9.656868291573805e-07
18115,-18.0,40.0,7.108636826869804e-07
18116,-18.0,41.0,5.205024136126531e-07
18117,-18.0,42.0,3.7909276778017735e-07
18118,-18.0,43.0,2.7463414187261853e-07
18119,-18.0,44.0,1.9790182005019912e-07
18120,-18.0,45.0,1.4185062438599773e-07
18121,-18.0,46.0,1.0113439777619477e-07
18122,-18.0,47.0,7.172204974095126e-08
18123,-18.0,48.0,5.0593256948776094e-08
18124,-18.0,49.0,3.549921246007252e-08
18125,-18.0,50.0,2.477598482185335e-08
18126,-18.0,51.0,1.7200032043424043e-08
18127,-18.0,52.0,1.1877189986961665e-08
18128,-18.0,53.0,8.158010609737606e-09
18129,-18.0,54.0,5.573666007477542e-09
18130,-18.0,55.0,3.787771107042307e-09
18131,-18.0,56.0,2.5604283260178626e-09
18132,-18.0,57.0,1.721581664608307e-09
18133,-18.0,58.0,1.151406675036886e-09
18134,-18.0,59.0,7.659774165299943e-10
18135,-18.0,60.0,5.068614901815186e-10
18136,-18.0,61.0,3.3361743165771597e-10
18137,-18.0,62.0,2.184209446034886e-10
18138,-18.0,63.0,1.422413727560342e-10
18139,-18.0,64.0,9.213904288613218e-11
18140,-18.0,65.0,5.936733663456547e-11
18141,-18.0,66.0,3.8048500221784946e-11
18142,-18.0,67.0,2.4255689635165883e-11
18143,-18.0,68.0,1.5380689993903075e-11
18144,-18.0,69.0,9.701170069411935e-12
18145,-18.0,70.0,6.08637244993376e-12
18146,-18.0,71.0,3.798210582763967e-12
18147,-18.0,72.0,2.3576843538174605e-12
18148,-18.0,73.0,1.4557218169809885e-12
18149,-18.0,74.0,8.940405720987294e-13
18150,-17.9,-75.0,1.0661760067502082e-06
18151,-17.9,-74.0,1.4414355207073496e-06
18152,-17.9,-73.0,1.938418931071288e-06
18153,-17.9,-72.0,2.5929024176587947e-06
18154,-17.9,-71.0,3.44993418671561e-06
18155,-17.9,-70.0,4.565849113395239e-06
18156,-17.9,-69.0,6.010608040195714e-06
18157,-17.9,-68.0,7.87048268994699e-06
18158,-17.9,-67.0,1.0251099188118518e-05
18159,-17.9,-66.0,1.328084202571029e-05
18160,-17.9,-65.0,1.7114605523227892e-05
18161,-17.9,-64.0,2.193786116135992e-05
18162,-17.9,-63.0,2.7970986348162104e-05
18163,-17.9,-62.0,3.547377331340085e-05
18164,-17.9,-61.0,4.475000612687289e-05
18165,-17.9,-60.0,5.615195990387296e-05
18166,-17.9,-59.0,7.008464001762382e-05
18167,-17.9,-58.0,8.700954190794722e-05
18168,-17.9,-57.0,0.00010744767559204473
18169,-17.9,-56.0,0.0001319815653881944
18170,-17.9,-55.0,0.0001612559071694387
18171,-17.9,-54.0,0.0001959765454864005
18172,-17.9,-53.0,0.00023690742414305075
18173,-17.9,-52.0,0.0002848651693270343
18174,-17.9,-51.0,0.00034071098709448334
18175,-17.9,-50.0,0.0004053395994336707
18176,-17.9,-49.0,0.000479665007224219
18177,-17.9,-48.0,0.0005646029568845901
18178,-17.9,-47.0,0.0006610553799027277
18179,-17.9,-46.0,0.0007727126723246796
18180,-17.9,-45.0,0.0011466347029243187
18181,-17.9,-44.0,0.004804744366747345
18182,-17.9,-43.0,0.0107333507481613
18183,-17.9,-42.0,0.009376682041368493
18184,-17.9,-41.0,0.012243072763823477
18185,-17.9,-40.0,0.006328132238072296
18186,-17.9,-39.0,0.007365492343799444
18187,-17.9,-38.0,0.014803264739395418
18188,-17.9,-37.0,0.00754321129860292
18189,-17.9,-36.0,0.0034400679231780724
18190,-17.9,-35.0,0.009658855230674862
18191,-17.9,-34.0,0.019770113531011668
18192,-17.9,-33.0,0.010766672346978352
18193,-17.9,-32.0,0.012611983707884538
18194,-17.9,-31.0,0.02473586190574735
18195,-17.9,-30.0,0.013439069928124528
18196,-17.9,-29.0,0.015881200560304294
18197,-17.9,-28.0,0.03125711527460078
18198,-17.9,-27.0,0.015839441356820253
18199,-17.9,-26.0,0.0070831496718967634
18200,-17.9,-25.0,0.02120843868536122
18201,-17.9,-24.0,0.0442475030457398
18202,-17.9,-23.0,0.02308089938576591
18203,-17.9,-22.0,0.0294580720659515
18204,-17.9,-21.0,0.06108870853544236
18205,-17.9,-20.0,0.028626193267296977
18206,-17.9,-19.0,0.009985983246642254
18207,-17.9,-18.0,0.03872060307529031
18208,-17.9,-17.0,0.07742350769725304
18209,-17.9,-16.0,0.036070585488220036
18210,-17.9,-15.0,0.02569990502972776
18211,-17.9,-14.0,0.05009446844808158
18212,-17.9,-13.0,0.023510218193959438
18213,-17.9,-12.0,0.007209934216864811
18214,-17.9,-11.0,0.016853636345434398
18215,-17.9,-10.0,0.033873481874398204
18216,-17.9,-9.0,0.017048115647415943
18217,-17.9,-8.0,0.014255713315699046
18218,-17.9,-7.0,0.026442042055929652
18219,-17.9,-6.0,0.012981622094933927
18220,-17.9,-5.0,0.0047131130335327665
18221,-17.9,-4.0,0.01005388240885478
18222,-17.9,-3.0,0.019472710397151892
18223,-17.9,-2.0,0.009547882638218692
18224,-17.9,-1.0,0.003106880896612992
18225,-17.9,0.0,0.0005860476038831028
18226,-17.9,1.0,0.002550384177150043
18227,-17.9,2.0,0.006520960785739744
18228,-17.9,3.0,0.012837525331533857
18229,-17.9,4.0,0.006095842573301357
18230,-17.9,5.0,0.001965200860301854
18231,-17.9,6.0,0.004748771048376039
18232,-17.9,7.0,0.009656573555782148
18233,-17.9,8.0,0.004636257602689897
18234,-17.9,9.0,0.003983618150438244
18235,-17.9,10.0,0.007872299597314694
18236,-17.9,11.0,0.003528610572255232
18237,-17.9,12.0,0.0008816951290552178
18238,-17.9,13.0,0.002775475303562807
18239,-17.9,14.0,0.006084864147398122
18240,-17.9,15.0,0.002773996354203067
18241,-17.9,16.0,0.002401371184065855
18242,-17.9,17.0,0.0050785154916465685
18243,-17.9,18.0,0.002161185492757447
18244,-17.9,19.0,0.0003935580009668549
18245,-17.9,20.0,0.001735045695302819
18246,-17.9,21.0,0.004053739513961643
18247,-17.9,22.0,0.0017844024327171011
18248,-17.9,23.0,0.0015619532600174189
18249,-17.9,24.0,0.0034606173162502786
18250,-17.9,25.0,0.0014300778301850963
18251,-17.9,26.0,0.00020453692112860078
18252,-17.9,27.0,0.0011732727675634986
18253,-17.9,28.0,0.002835102834532955
18254,-17.9,29.0,0.0012291884489920488
18255,-17.9,30.0,0.0010870406834070153
18256,-17.9,31.0,0.00245916269674386
18257,-17.9,32.0,0.001004520694604877
18258,-17.9,33.0,7.304055940421107e-05
18259,-17.9,34.0,5.105349634633388e-06
18260,-17.9,35.0,3.29298976684744e-06
18261,-17.9,36.0,2.4765119111354906e-06
18262,-17.9,37.0,1.8533686965528369e-06
18263,-17.9,38.0,1.3796536467451238e-06
18264,-17.9,39.0,1.0215625052995444e-06
18265,-17.9,40.0,7.523957239341643e-07
18266,-17.9,41.0,5.512062110166914e-07
18267,-17.9,42.0,4.016689154540044e-07
18268,-17.9,43.0,2.9114452372921135e-07
18269,-17.9,44.0,2.0991103280440945e-07
18270,-17.9,45.0,1.5053868219704674e-07
18271,-17.9,46.0,1.073858685331952e-07
18272,-17.9,47.0,7.619602556685778e-08
18273,-17.9,48.0,5.3777876588313365e-08
18274,-17.9,49.0,3.7753838823577225e-08
18275,-17.9,50.0,2.6363599944030106e-08
18276,-17.9,51.0,1.83119431129543e-08
18277,-17.9,52.0,1.2651740233502174e-08
18278,-17.9,53.0,8.694652261951119e-09
18279,-17.9,54.0,5.943472821820928e-09
18280,-17.9,55.0,4.04123826214854e-09
18281,-17.9,56.0,2.733220953377039e-09
18282,-17.9,57.0,1.8387434387536212e-09
18283,-17.9,58.0,1.2304207298041508e-09
18284,-17.9,59.0,8.189780293681374e-10
18285,-17.9,60.0,5.42221795779903e-10
18286,-17.9,61.0,3.5708186861181224e-10
18287,-17.9,62.0,2.339078162051224e-10
18288,-17.9,63.0,1.5240800475804587e-10
18289,-17.9,64.0,9.877724940834567e-11
18290,-17.9,65.0,6.367840648808455e-11
18291,-17.9,66.0,4.0833212888190814e-11
18292,-17.9,67.0,2.6044799983387137e-11
18293,-17.9,68.0,1.652397798260528e-11
18294,-17.9,69.0,1.0427838495093582e-11
18295,-17.9,70.0,6.545760218921785e-12
18296,-17.9,71.0,4.0870692475365174e-12
18297,-17.9,72.0,2.5383412487299463e-12
18298,-17.9,73.0,1.5681013398998245e-12
18299,-17.9,74.0,9.635724006007818e-13
18300,-17.8,-75.0,1.0410273935512793e-06
18301,-17.8,-74.0,1.4081854801778028e-06
18302,-17.8,-73.0,1.8947140422952466e-06
18303,-17.8,-72.0,2.5357918001393583e-06
18304,-17.8,-71.0,3.375744898343564e-06
18305,-17.8,-70.0,4.470043550216822e-06
18306,-17.8,-69.0,5.887623040718531e-06
18307,-17.8,-68.0,7.713550826998963e-06
18308,-17.8,-67.0,1.0052053756304415e-05
18309,-17.8,-66.0,1.3029908525508386e-05
18310,-17.8,-65.0,1.680018401760727e-05
18311,-17.8,-64.0,2.154630573799505e-05
18312,-17.8,-63.0,2.748639004272913e-05
18313,-17.8,-62.0,3.487776919790811e-05
18314,-17.8,-61.0,4.4021597776299446e-05
18315,-17.8,-60.0,5.526739702996115e-05
18316,-17.8,-59.0,6.901735757434739e-05
18317,-17.8,-58.0,8.573018327081319e-05
18318,-17.8,-57.0,0.00010592422230460968
18319,-17.8,-56.0,0.00013017959723982423
18320,-17.8,-55.0,0.000159139016785986
18321,-17.8,-54.0,0.0001935069309402115
18322,-17.8,-53.0,0.00023404668108718244
18323,-17.8,-52.0,0.0002815753006210086
18324,-17.8,-51.0,0.00033695564264862117
18325,-17.8,-50.0,0.00040108555195319016
18326,-17.8,-49.0,0.0004748838606649814
18327,-17.8,-48.0,0.000559273073827363
18328,-17.8,-47.0,0.0006551640052139009
18329,-17.8,-46.0,0.0007662599733929994
18330,-17.8,-45.0,0.0011397879816261616
18331,-17.8,-44.0,0.004799570633449362
18332,-17.8,-43.0,0.010731247163979475
18333,-17.8,-42.0,0.009372425272820062
18334,-17.8,-41.0,0.01223892913920473
18335,-17.8,-40.0,0.006321019776918539
18336,-17.8,-39.0,0.007356981337251146
18337,-17.8,-38.0,0.014795285081448393
18338,-17.8,-37.0,0.0075349554742893815
18339,-17.8,-36.0,0.003431718582630628
18340,-17.8,-35.0,0.009647912878886689
18341,-17.8,-34.0,0.0197549999767079
18342,-17.8,-33.0,0.010757356401541478
18343,-17.8,-32.0,0.012598646818895507
18344,-17.8,-31.0,0.024710727363443603
18345,-17.8,-30.0,0.013428559297760675
18346,-17.8,-29.0,0.01586230021175149
18347,-17.8,-28.0,0.031210783050522876
18348,-17.8,-27.0,0.01582686667919738
18349,-17.8,-26.0,0.007089509633492942
18350,-17.8,-25.0,0.02116340903210785
18351,-17.8,-24.0,0.044118172777865304
18352,-17.8,-23.0,0.023032618856165744
18353,-17.8,-22.0,0.029323595732974734
18354,-17.8,-21.0,0.060733780773686206
18355,-17.8,-20.0,0.028504086111758996
18356,-17.8,-19.0,0.01007854899863574
18357,-17.8,-18.0,0.03973205527634518
18358,-17.8,-17.0,0.07821174034459549
18359,-17.8,-16.0,0.03636079303416951
18360,-17.8,-15.0,0.025695128331270786
18361,-17.8,-14.0,0.05010735601846853
18362,-17.8,-13.0,0.02348990156547303
18363,-17.8,-12.0,0.007168669546368476
18364,-17.8,-11.0,0.01679588704485497
18365,-17.8,-10.0,0.03379028668079915
18366,-17.8,-9.0,0.01699650863965497
18367,-17.8,-8.0,0.014202599361392803
18368,-17.8,-7.0,0.02635622426036488
18369,-17.8,-6.0,0.012936826444444964
18370,-17.8,-5.0,0.004693879212976252
18371,-17.8,-4.0,0.010015569216695634
18372,-17.8,-3.0,0.019400044654832888
18373,-17.8,-2.0,0.009514561024620342
18374,-17.8,-1.0,0.003099330369052564
18375,-17.8,0.0,0.000579534943957445
18376,-17.8,1.0,0.002546963297291558
18377,-17.8,2.0,0.006499762025114435
18378,-17.8,3.0,0.012787604698702854
18379,-17.8,4.0,0.0060764399035830785
18380,-17.8,5.0,0.0019643140746464804
18381,-17.8,6.0,0.004733385762413451
18382,-17.8,7.0,0.009615977944060158
18383,-17.8,8.0,0.004620301136687644
18384,-17.8,9.0,0.003969641243140953
18385,-17.8,10.0,0.007836876924656126
18386,-17.8,11.0,0.003515716477448785
18387,-17.8,12.0,0.0008823070502180984
18388,-17.8,13.0,0.002764705995194413
18389,-17.8,14.0,0.006054735644355521
18390,-17.8,15.0,0.002762071488576712
18391,-17.8,16.0,0.0023907070598118197
18392,-17.8,17.0,0.005051595170290104
18393,-17.8,18.0,0.002151007498388341
18394,-17.8,19.0,0.00039339805125652
18395,-17.8,20.0,0.0017263082880940189
18396,-17.8,21.0,0.004030496164179136
18397,-17.8,22.0,0.001774783526876046
18398,-17.8,23.0,0.0015532826007024125
18399,-17.8,24.0,0.0034398097346071818
18400,-17.8,25.0,0.0014218545776889387
18401,-17.8,26.0,0.00020386040645757202
18402,-17.8,27.0,0.0011662055330332948
18403,-17.8,28.0,0.002817200723169586
18404,-17.8,29.0,0.0012215694615667903
18405,-17.8,30.0,0.0010801643463471582
18406,-17.8,31.0,0.0024431956531521777
18407,-17.8,32.0,0.0009980774637799142
18408,-17.8,33.0,7.268948640419617e-05
18409,-17.8,34.0,5.1725750604849806e-06
18410,-17.8,35.0,3.3493624941846966e-06
18411,-17.8,36.0,2.5202741432401285e-06
18412,-17.8,37.0,1.8871242745830662e-06
18413,-17.8,38.0,1.4055298746034645e-06
18414,-17.8,39.0,1.0412770485544757e-06
18415,-17.8,40.0,7.673244281183909e-07
18416,-17.8,41.0,5.62442552984972e-07
18417,-17.8,42.0,4.1007534694219433e-07
18418,-17.8,43.0,2.973962151184365e-07
18419,-17.8,44.0,2.1453267831630315e-07
18420,-17.8,45.0,1.5393510773089928e-07
18421,-17.8,46.0,1.0986720772327696e-07
18422,-17.8,47.0,7.799821366836493e-08
18423,-17.8,48.0,5.50791682926503e-08
18424,-17.8,49.0,3.868799541811184e-08
18425,-17.8,50.0,2.7030321458920708e-08
18426,-17.8,51.0,1.8785048309852386e-08
18427,-17.8,52.0,1.2985525831107509e-08
18428,-17.8,53.0,8.9287955776582e-09
18429,-17.8,54.0,6.106780816098735e-09
18430,-17.8,55.0,4.1544917094688026e-09
18431,-17.8,56.0,2.8113153954734356e-09
18432,-17.8,57.0,1.8922885198367285e-09
18433,-17.8,58.0,1.2669259948185037e-09
18434,-17.8,59.0,8.437256418107807e-10
18435,-17.8,60.0,5.589041792262981e-10
18436,-17.8,61.0,3.6826426117988694e-10
18437,-17.8,62.0,2.413614458929901e-10
18438,-17.8,63.0,1.573484000676931e-10
18439,-17.8,64.0,1.0203352047926228e-10
18440,-17.8,65.0,6.581267133394803e-11
18441,-17.8,66.0,4.2224282102655764e-11
18442,-17.8,67.0,2.6946423885712108e-11
18443,-17.8,68.0,1.710511930293433e-11
18444,-17.8,69.0,1.0800333981072564e-11
18445,-17.8,70.0,6.783196073622978e-12
18446,-17.8,71.0,4.2375775955284284e-12
18447,-17.8,72.0,2.6332195099918265e-12
18448,-17.8,73.0,1.6275808529721792e-12
18449,-17.8,74.0,1.0006545801956919e-12
18450,-17.7,-75.0,1.0162095855879885e-06
18451,-17.7,-74.0,1.375347304822121e-06
18452,-17.7,-73.0,1.8515164792702837e-06
18453,-17.7,-72.0,2.4792989152534468e-06
18454,-17.7,-71.0,3.30229834194767e-06
18455,-17.7,-70.0,4.375118597790441e-06
18456,-17.7,-69.0,5.765665743900799e-06
18457,-17.7,-68.0,7.55779660109819e-06
18458,-17.7,-67.0,9.85432873322552e-06
18459,-17.7,-66.0,1.2780416273881279e-05
18460,-17.7,-65.0,1.6487281790493358e-05
18461,-17.7,-64.0,2.1156276255752722e-05
18462,-17.7,-63.0,2.7003216939997727e-05
18463,-17.7,-62.0,3.42829266230736e-05
18464,-17.7,-61.0,4.329386716718897e-05
18465,-17.7,-60.0,5.438272670943671e-05
18466,-17.7,-59.0,6.794878339070538e-05
18467,-17.7,-58.0,8.444783089470138e-05
18468,-17.7,-57.0,0.00010439541379974979
18469,-17.7,-56.0,0.00012836908593539455
18470,-17.7,-55.0,0.00015700937506053222
18471,-17.7,-54.0,0.00019101911503746982
18472,-17.7,-53.0,0.00023116079528476426
18473,-17.7,-52.0,0.00027825157974631
18474,-17.7,-51.0,0.0003331556669060272
18475,-17.7,-50.0,0.0003967737011777776
18476,-17.7,-49.0,0.00047002900641854447
18477,-17.7,-48.0,0.0005538504972747127
18478,-17.7,-47.0,0.0006491575189149217
18479,-17.7,-46.0,0.0007596654180566442
18480,-17.7,-45.0,0.0011327199084187921
18481,-17.7,-44.0,0.00479345287888577
18482,-17.7,-43.0,0.010727031880331502
18483,-17.7,-42.0,0.009366314050472932
18484,-17.7,-41.0,0.01223236376467804
18485,-17.7,-40.0,0.006312620044206537
18486,-17.7,-39.0,0.007346974380280446
18487,-17.7,-38.0,0.014784361355972867
18488,-17.7,-37.0,0.007525128692849495
18489,-17.7,-36.0,0.0034225659803535547
18490,-17.7,-35.0,0.0096349812416546
18491,-17.7,-34.0,0.019735981137800705
18492,-17.7,-33.0,0.010745797060036026
18493,-17.7,-32.0,0.012582751714707414
18494,-17.7,-31.0,0.024680830296576865
18495,-17.7,-30.0,0.01341530523354429
18496,-17.7,-29.0,0.015840325859889533
18497,-17.7,-28.0,0.03115879463092546
18498,-17.7,-27.0,0.01581119574817869
18499,-17.7,-26.0,0.007094271660630521
18500,-17.7,-25.0,0.02111507067392582
18501,-17.7,-24.0,0.04398271051610096
18502,-17.7,-23.0,0.022980995803162974
18503,-17.7,-22.0,0.029187827246372717
18504,-17.7,-21.0,0.060378115731510286
18505,-17.7,-20.0,0.028380876716100636
18506,-17.7,-19.0,0.010173928927618217
18507,-17.7,-18.0,0.0408045087848534
18508,-17.7,-17.0,0.07907162272968128
18509,-17.7,-16.0,0.03667906678282392
18510,-17.7,-15.0,0.025687547647715872
18511,-17.7,-14.0,0.05011060371464734
18512,-17.7,-13.0,0.023464724607005168
18513,-17.7,-12.0,0.007125420389850903
18514,-17.7,-11.0,0.0167334733498198
18515,-17.7,-10.0,0.033697905653104064
18516,-17.7,-9.0,0.016940123798030907
18517,-17.7,-8.0,0.014145327501088788
18518,-17.7,-7.0,0.026262867233127908
18519,-17.7,-6.0,0.012888193225767789
18520,-17.7,-5.0,0.004673082316456358
18521,-17.7,-4.0,0.009974199595573231
18522,-17.7,-3.0,0.019321696084457312
18523,-17.7,-2.0,0.009478338310323567
18524,-17.7,-1.0,0.0030906899006390522
18525,-17.7,0.0,0.0005729135315587756
18526,-17.7,1.0,0.002542633461601136
18527,-17.7,2.0,0.006476563091695805
18528,-17.7,3.0,0.012733939802090375
18529,-17.7,4.0,0.006055193312401868
18530,-17.7,5.0,0.001962753263294628
18531,-17.7,6.0,0.004716573139338067
18532,-17.7,7.0,0.009572613051262252
18533,-17.7,8.0,0.004602979862526121
18534,-17.7,9.0,0.003954497617793494
18535,-17.7,10.0,0.007799231030209588
18536,-17.7,11.0,0.0035018042500702157
18537,-17.7,12.0,0.0008826380453174913
18538,-17.7,13.0,0.002753147899497388
18539,-17.7,14.0,0.006022922979307662
18540,-17.7,15.0,0.002749371433771468
18541,-17.7,16.0,0.0023793770349422303
18542,-17.7,17.0,0.005023287365092843
18543,-17.7,18.0,0.0021402362524344763
18544,-17.7,19.0,0.0003931268654884895
18545,-17.7,20.0,0.0017171007954985046
18546,-17.7,21.0,0.0040061600494485546
18547,-17.7,22.0,0.0017646839868147844
18548,-17.7,23.0,0.001544193757191229
18549,-17.7,24.0,0.0034180761112631956
18550,-17.7,25.0,0.001413249457862406
18551,-17.7,26.0,0.0002031305885523083
18552,-17.7,27.0,0.0011588274429760674
18553,-17.7,28.0,0.002798545504309903
18554,-17.7,29.0,0.0012136247331028776
18555,-17.7,30.0,0.0010730011461432308
18556,-17.7,31.0,0.0024265782597538183
18557,-17.7,32.0,0.0009913690739562781
18558,-17.7,33.0,7.23198730091529e-05
18559,-17.7,34.0,5.239137461235059e-06
18560,-17.7,35.0,3.405443085524917e-06
18561,-17.7,36.0,2.563862532490794e-06
18562,-17.7,37.0,1.9207850464119584e-06
18563,-17.7,38.0,1.431362630167013e-06
18564,-17.7,39.0,1.0609800845279157e-06
18565,-17.7,40.0,7.822603423090144e-07
18566,-17.7,41.0,5.736960002578813e-07
18567,-17.7,42.0,4.185031012801368e-07
18568,-17.7,43.0,3.0366995864510646e-07
18569,-17.7,44.0,2.1917510610479726e-07
18570,-17.7,45.0,1.5735003043379045e-07
18571,-17.7,46.0,1.1236436999272807e-07
18572,-17.7,47.0,7.981354025637498e-08
18573,-17.7,48.0,5.639111450757736e-08
18574,-17.7,49.0,3.963062475394879e-08
18575,-17.7,50.0,2.7703668960226216e-08
18576,-17.7,51.0,1.9263259833495116e-08
18577,-17.7,52.0,1.3323195333066997e-08
18578,-17.7,53.0,9.16585796958544e-09
18579,-17.7,54.0,6.272258730601943e-09
18580,-17.7,55.0,4.269341723026217e-09
18581,-17.7,56.0,2.8905732606786044e-09
18582,-17.7,57.0,1.9466736649301996e-09
18583,-17.7,58.0,1.3040325600719911e-09
18584,-17.7,59.0,8.689000564198924e-10
18585,-17.7,60.0,5.758870646342881e-10
18586,-17.7,61.0,3.7965657881224627e-10
18587,-17.7,62.0,2.489606125605315e-10
18588,-17.7,63.0,1.623889469726644e-10
18589,-17.7,64.0,1.0535821277727377e-10
18590,-17.7,65.0,6.799334886002631e-11
18591,-17.7,66.0,4.3646615869445015e-11
18592,-17.7,67.0,2.7868964251811007e-11
18593,-17.7,68.0,1.7700159833599113e-11
18594,-17.7,69.0,1.1182004307242188e-11
18595,-17.7,70.0,7.026648513797489e-12
18596,-17.7,71.0,4.3920058712419796e-12
18597,-17.7,72.0,2.730635309140812e-12
18598,-17.7,73.0,1.688692594507686e-12
18599,-17.7,74.0,1.0387800577177251e-12
18600,-17.6,-75.0,9.917020263368787e-07
18601,-17.6,-74.0,1.342893845469149e-06
18602,-17.6,-73.0,1.80879052247971e-06
18603,-17.6,-72.0,2.423376943483272e-06
18604,-17.6,-71.0,3.229533374329807e-06
18605,-17.6,-70.0,4.280994696356927e-06
18606,-17.6,-69.0,5.644632996368403e-06
18607,-17.6,-68.0,7.403086741563128e-06
18608,-17.6,-67.0,9.657752541838877e-06
18609,-17.6,-66.0,1.253214514819533e-05
18610,-17.6,-65.0,1.617561742249773e-05
18611,-17.6,-64.0,2.076741418493435e-05
18612,-17.6,-63.0,2.652101187242955e-05
18613,-17.6,-62.0,3.368866977652816e-05
18614,-17.6,-61.0,4.256608846384834e-05
18615,-17.6,-60.0,5.3497037302801215e-05
18616,-17.6,-59.0,6.687777666165386e-05
18617,-17.6,-58.0,8.316106253017399e-05
18618,-17.6,-57.0,0.00010285948369115419
18619,-17.6,-56.0,0.00012654784618937225
18620,-17.6,-55.0,0.00015486428916758316
18621,-17.6,-54.0,0.0001885097929483163
18622,-17.6,-53.0,0.00022824572755664
18623,-17.6,-52.0,0.00027488909081688115
18624,-17.6,-51.0,0.0003293051027448644
18625,-17.6,-50.0,0.00039239685992693125
18626,-17.6,-49.0,0.0004650918121184498
18627,-17.6,-48.0,0.0005483249064348828
18628,-17.6,-47.0,0.0006430236387995796
18629,-17.6,-46.0,0.0007529143856017624
18630,-17.6,-45.0,0.0011254067427094068
18631,-17.6,-44.0,0.00478627324797705
18632,-17.6,-43.0,0.010720434182839876
18633,-17.6,-42.0,0.00935811373136098
18634,-17.6,-41.0,0.012223068995011657
18635,-17.6,-40.0,0.006302778155538102
18636,-17.6,-39.0,0.007335291050613238
18637,-17.6,-38.0,0.014770123165302872
18638,-17.6,-37.0,0.007513545936259757
18639,-17.6,-36.0,0.0034125297658458603
18640,-17.6,-35.0,0.0096198225259624
18641,-17.6,-34.0,0.019712563212001325
18642,-17.6,-33.0,0.010731726801744217
18643,-17.6,-32.0,0.012563985044653432
18644,-17.6,-31.0,0.02464555303857432
18645,-17.6,-30.0,0.013398970420573803
18646,-17.6,-29.0,0.015814879373473333
18647,-17.6,-28.0,0.031100369159589032
18648,-17.6,-27.0,0.015792026425569386
18649,-17.6,-26.0,0.0070972469660705315
18650,-17.6,-25.0,0.02106287684770935
18651,-17.6,-24.0,0.04383998769277634
18652,-17.6,-23.0,0.022925420590477422
18653,-17.6,-22.0,0.02904985993582448
18654,-17.6,-21.0,0.06001980044257939
18655,-17.6,-20.0,0.028255682661415073
18656,-17.6,-19.0,0.01027267365779734
18657,-17.6,-18.0,0.04194944770670235
18658,-17.6,-17.0,0.08001881266679753
18659,-17.6,-16.0,0.03703154270169729
18660,-17.6,-15.0,0.02567625519518286
18661,-17.6,-14.0,0.050101324891736465
18662,-17.6,-13.0,0.023433346570086458
18663,-17.6,-12.0,0.0070797950565054
18664,-17.6,-11.0,0.016665420586230092
18665,-17.6,-10.0,0.03359434123126921
18666,-17.6,-9.0,0.01687796709475687
18667,-17.6,-8.0,0.014083073750183943
18668,-17.6,-7.0,0.026160424474818103
18669,-17.6,-6.0,0.012834967429554627
18670,-17.6,-5.0,0.004650452899894271
18671,-17.6,-4.0,0.009929191545766526
18672,-17.6,-3.0,0.019236532773821858
18673,-17.6,-2.0,0.00943865770204045
18674,-17.6,-1.0,0.0030807755581396634
18675,-17.6,0.0,0.0005661532828970704
18676,-17.6,1.0,0.002537240076727504
18677,-17.6,2.0,0.006450980772249046
18678,-17.6,3.0,0.01267578442610983
18679,-17.6,4.0,0.006031743723793918
18680,-17.6,5.0,0.0019603967058428808
18681,-17.6,6.0,0.004698053428891115
18682,-17.6,7.0,0.009525920258952138
18683,-17.6,8.0,0.004584021528445419
18684,-17.6,9.0,0.0039379535269166875
18685,-17.6,10.0,0.007758908829122531
18686,-17.6,11.0,0.003486667343763057
18687,-17.6,12.0,0.0008826320492490606
18688,-17.6,13.0,0.0027406391620427655
18689,-17.6,14.0,0.005989078853951733
18690,-17.6,15.0,0.0027357357461101823
18691,-17.6,16.0,0.0023672425673313363
18692,-17.6,17.0,0.004993304157028468
18693,-17.6,18.0,0.0021287477421062955
18694,-17.6,19.0,0.00039271988853439
18695,-17.6,20.0,0.00170732427677512
18696,-17.6,21.0,0.00398050328949015
18697,-17.6,22.0,0.0017540027969150614
18698,-17.6,23.0,0.0015345985771185633
18699,-17.6,24.0,0.003395222972026888
18700,-17.6,25.0,0.0014041820937050603
18701,-17.6,26.0,0.00020233540541317451
18702,-17.6,27.0,0.0011510729027926964
18703,-17.6,28.0,0.0027789796044814853
18704,-17.6,29.0,0.0012052857886307984
18705,-17.6,30.0,0.0010654906723575166
18706,-17.6,31.0,0.0024091743045609993
18707,-17.6,32.0,0.000984339800763768
18708,-17.6,33.0,7.192754210666258e-05
18709,-17.6,34.0,5.304648015544489e-06
18710,-17.6,35.0,3.4609679482524207e-06
18711,-17.6,36.0,2.6070781837630815e-06
18712,-17.6,37.0,1.954201744515926e-06
18713,-17.6,38.0,1.4570405288095192e-06
18714,-17.6,39.0,1.080588971469627e-06
18715,-17.6,40.0,7.971425010819604e-07
18716,-17.6,41.0,5.849218358135809e-07
18717,-17.6,42.0,4.269195675911875e-07
18718,-17.6,43.0,3.099421088726904e-07
18719,-17.6,44.0,2.238212701831395e-07
18720,-17.6,45.0,1.60771232834605e-07
18721,-17.6,46.0,1.1486864933526859e-07
18722,-17.6,47.0,8.163583755052695e-08
18723,-17.6,48.0,5.770937108603585e-08
18724,-17.6,49.0,4.0578684973593534e-08
18725,-17.6,50.0,2.8381524942501468e-08
18726,-17.6,51.0,1.974511229241381e-08
18727,-17.6,52.0,1.3663740606356212e-08
18728,-17.6,53.0,9.405149979241084e-09
18729,-17.6,54.0,6.43943784377311e-09
18730,-17.6,55.0,4.385471544532562e-09
18731,-17.6,56.0,2.97078176630542e-09
18732,-17.6,57.0,2.0017567956551963e-09
18733,-17.6,58.0,1.341646130199361e-09
18734,-17.6,59.0,8.944390704446297e-10
18735,-17.6,60.0,5.931296697852411e-10
18736,-17.6,61.0,3.912322474434065e-10
18737,-17.6,62.0,2.566881072904065e-10
18738,-17.6,63.0,1.6751857060774973e-10
18739,-17.6,64.0,1.0874424371515316e-10
18740,-17.6,65.0,7.021593825005875e-11
18741,-17.6,66.0,4.5097372270159404e-11
18742,-17.6,67.0,2.881063818772485e-11
18743,-17.6,68.0,1.830798834750629e-11
18744,-17.6,69.0,1.1572161439238538e-11
18745,-17.6,70.0,7.275694373837527e-12
18746,-17.6,71.0,4.550095573681001e-12
18747,-17.6,72.0,2.830431819656638e-12
18748,-17.6,73.0,1.7513420865841613e-12
18749,-17.6,74.0,1.0778923217549348e-12
18750,-17.5,-75.0,9.674752959578728e-07
18751,-17.5,-74.0,1.3107858858678746e-06
18752,-17.5,-73.0,1.766484113138425e-06
18753,-17.5,-72.0,2.3679570617648614e-06
18754,-17.5,-71.0,3.157359381803876e-06
18755,-17.5,-70.0,4.187553028781109e-06
18756,-17.5,-69.0,5.524369633290926e-06
18757,-17.5,-68.0,7.249219440744879e-06
18758,-17.5,-67.0,9.462063778905561e-06
18759,-17.5,-66.0,1.2284757931089106e-05
18760,-17.5,-65.0,1.586475767329692e-05
18761,-17.5,-64.0,2.0379165206259255e-05
18762,-17.5,-63.0,2.603906853326445e-05
18763,-17.5,-62.0,3.3094102433109675e-05
18764,-17.5,-61.0,4.1837129220050377e-05
18765,-17.5,-60.0,5.260890392657236e-05
18766,-17.5,-59.0,6.580255219270799e-05
18767,-17.5,-58.0,8.186765118893887e-05
18768,-17.5,-57.0,0.00010131366594683794
18769,-17.5,-56.0,0.00012471245755342304
18770,-17.5,-55.0,0.0001526995482123392
18771,-17.5,-54.0,0.0001859738039605669
18772,-17.5,-53.0,0.00022529518187339276
18773,-17.5,-52.0,0.00027148018802344414
18774,-17.5,-51.0,0.00032539470834656284
18775,-17.5,-50.0,0.0003879439096952209
18776,-17.5,-49.0,0.00046005896499837223
18777,-17.5,-48.0,0.0005426804377219235
18778,-17.5,-47.0,0.0006367435531367653
18779,-17.5,-46.0,0.0007459845720577439
18780,-17.5,-45.0,0.0011178129639774384
18781,-17.5,-44.0,0.004777861129649458
18782,-17.5,-43.0,0.010711064134271224
18783,-17.5,-42.0,0.009347485890669676
18784,-17.5,-41.0,0.012210601475934143
18785,-17.5,-40.0,0.006291269867401197
18786,-17.5,-39.0,0.007321670233857092
18787,-17.5,-38.0,0.014752036503034928
18788,-17.5,-37.0,0.0074999395483927814
18789,-17.5,-36.0,0.0034014927193630365
18790,-17.5,-35.0,0.009602093163330739
18791,-17.5,-34.0,0.0196840345559717
18792,-17.5,-33.0,0.010714759826280566
18793,-17.5,-32.0,0.012541895184339987
18794,-17.5,-31.0,0.024604006175525238
18795,-17.5,-30.0,0.013379069700964523
18796,-17.5,-29.0,0.015785388708356045
18797,-17.5,-28.0,0.03103438425454486
18798,-17.5,-27.0,0.015768782245628218
18799,-17.5,-26.0,0.007098167439213505
18800,-17.5,-25.0,0.021006051454004148
18801,-17.5,-24.0,0.04368840178143745
18802,-17.5,-23.0,0.022865034574333882
18803,-17.5,-22.0,0.028908490204351347
18804,-17.5,-21.0,0.05965632104623578
18805,-17.5,-20.0,0.028127335872279145
18806,-17.5,-19.0,0.010375558569000645
18807,-17.5,-18.0,0.043182938430199165
18808,-17.5,-17.0,0.08107557757640114
18809,-17.5,-16.0,0.03742694334025103
18810,-17.5,-15.0,0.02565993620070445
18811,-17.5,-14.0,0.050075361303281184
18812,-17.5,-13.0,0.023393837693170747
18813,-17.5,-12.0,0.007031233182466192
18814,-17.5,-11.0,0.016590345433379644
18815,-17.5,-10.0,0.03347676260832953
18816,-17.5,-9.0,0.01680862892234053
18817,-17.5,-8.0,0.01401467040993063
18818,-17.5,-7.0,0.026046707024508838
18819,-17.5,-6.0,0.012776079936599119
18820,-17.5,-5.0,0.004625608981375687
18821,-17.5,-4.0,0.009879721286778081
18822,-17.5,-3.0,0.01914295332812094
18823,-17.5,-2.0,0.009394731718922215
18824,-17.5,-1.0,0.0030693275939017955
18825,-17.5,0.0,0.0005592113458310712
18826,-17.5,1.0,0.00253056537932222
18827,-17.5,2.0,0.006422473806124725
18828,-17.5,3.0,0.012612083549855296
18829,-17.5,4.0,0.006005584099232555
18830,-17.5,5.0,0.001957073316439919
18831,-17.5,6.0,0.0046774316854292395
18832,-17.5,7.0,0.009475109601225305
18833,-17.5,8.0,0.004563041664209037
18834,-17.5,9.0,0.003919678878661646
18835,-17.5,10.0,0.007715269359237743
18836,-17.5,11.0,0.0034700140090274606
18837,-17.5,12.0,0.0008822104304886288
18838,-17.5,13.0,0.0027269510976542124
18839,-17.5,14.0,0.005952711623066096
18840,-17.5,15.0,0.002720937558437929
18841,-17.5,16.0,0.002354107719649337
18842,-17.5,17.0,0.004961237727828624
18843,-17.5,18.0,0.0021163664874812227
18844,-17.5,19.0,0.0003921426038884358
18845,-17.5,20.0,0.0016968386546841923
18846,-17.5,21.0,0.003953202876956312
18847,-17.5,22.0,0.0017425968503111372
18848,-17.5,23.0,0.001524372145630055
18849,-17.5,24.0,0.003370975955938952
18850,-17.5,25.0,0.0013945385472866328
18851,-17.5,26.0,0.00020145781465900073
18852,-17.5,27.0,0.0011428488901776368
18853,-17.5,28.0,0.0027582794708635497
18854,-17.5,29.0,0.0011964554945324676
18855,-17.5,30.0,0.0010575472156888809
18856,-17.5,31.0,0.002390790492347822
18857,-17.5,32.0,0.0009769105731200812
18858,-17.5,33.0,7.150657543753954e-05
18859,-17.5,34.0,5.3685620129719716e-06
18860,-17.5,35.0,3.5155679740599927e-06
18861,-17.5,36.0,2.649642246184439e-06
18862,-17.5,37.0,1.987164818657261e-06
18863,-17.5,38.0,1.4824069782478964e-06
18864,-17.5,39.0,1.0999873461784123e-06
18865,-17.5,40.0,8.118849197441729e-07
18866,-17.5,41.0,5.960568790393571e-07
18867,-17.5,42.0,4.352785821679945e-07
18868,-17.5,43.0,3.161791253766132e-07
18869,-17.5,44.0,2.284469388314493e-07
18870,-17.5,45.0,1.641813071128943e-07
18871,-17.5,46.0,1.173676107570192e-07
18872,-17.5,47.0,8.345627303997728e-08
18873,-17.5,48.0,5.9027699868648054e-08
18874,-17.5,49.0,4.15277952255703e-08
18875,-17.5,50.0,2.906083035780944e-08
18876,-17.5,51.0,2.0228481779861715e-08
18877,-17.5,52.0,1.4005695422930777e-08
18878,-17.5,53.0,9.645665185386457e-09
18879,-17.5,54.0,6.607631300258687e-09
18880,-17.5,55.0,4.502415102252723e-09
18881,-17.5,56.0,3.051626473143221e-09
18882,-17.5,57.0,2.057326995181853e-09
18883,-17.5,58.0,1.379626045337525e-09
18884,-17.5,59.0,9.202494213958969e-10
18885,-17.5,60.0,6.105705173904116e-10
18886,-17.5,61.0,4.0295097812802763e-10
18887,-17.5,62.0,2.645176810864916e-10
18888,-17.5,63.0,1.7272026949396646e-10
18889,-17.5,64.0,1.1218066619656844e-10
18890,-17.5,65.0,7.247343237984971e-11
18891,-17.5,66.0,4.6572092699246655e-11
18892,-17.5,67.0,2.9768625586186264e-11
18893,-17.5,68.0,1.8926831767259548e-11
18894,-17.5,69.0,1.1969697293545109e-11
18895,-17.5,70.0,7.529645340262411e-12
18896,-17.5,71.0,4.711421736859876e-12
18897,-17.5,72.0,2.9323482700641203e-12
18898,-17.5,73.0,1.8153702964585948e-12
18899,-17.5,74.0,1.1178949861705746e-12
18900,-17.4,-75.0,9.434849738953876e-07
18901,-17.4,-74.0,1.2789637909114444e-06
18902,-17.4,-73.0,1.7245175484645752e-06
18903,-17.4,-72.0,2.312933223020613e-06
18904,-17.4,-71.0,3.0856358965335587e-06
18905,-17.4,-70.0,4.0946083672523295e-06
18906,-17.4,-69.0,5.4046324993888205e-06
18907,-17.4,-68.0,7.095876934060805e-06
18908,-17.4,-67.0,9.266849048093348e-06
18909,-17.4,-66.0,1.2037719243729267e-05
18910,-17.4,-65.0,1.5554012331033622e-05
18911,-17.4,-64.0,1.9990643546381485e-05
18912,-17.4,-63.0,2.555625537366474e-05
18913,-17.4,-62.0,3.249778571043847e-05
18914,-17.4,-61.0,4.1105168189398186e-05
18915,-17.4,-60.0,5.1716032054341384e-05
18916,-17.4,-59.0,6.472023266922547e-05
18917,-17.4,-58.0,8.056400566652356e-05
18918,-17.4,-57.0,9.975349949150959e-05
18919,-17.4,-56.0,0.00012285740467263807
18920,-17.4,-55.0,0.00015050836595074184
18921,-17.4,-54.0,0.00018340283818915344
18922,-17.4,-53.0,0.00022229903178053477
18923,-17.4,-52.0,0.0002680125912084125
18924,-17.4,-51.0,0.00032140966460975274
18925,-17.4,-50.0,0.0003833970554603771
18926,-17.4,-49.0,0.000454909202213031
18927,-17.4,-48.0,0.0005368918110825585
18928,-17.4,-47.0,0.0006302873557814794
18929,-17.4,-46.0,0.0007388406172109365
18930,-17.4,-45.0,0.0011098830474967675
18931,-17.4,-44.0,0.004767956488844489
18932,-17.4,-43.0,0.01069832977294482
18933,-17.4,-42.0,0.009333916219357415
18934,-17.4,-41.0,0.012194287868040027
18935,-17.4,-40.0,0.00627775333537792
18936,-17.4,-39.0,0.007305713995101117
18937,-17.4,-38.0,0.014729290054219269
18938,-17.4,-37.0,0.007483901730225344
18939,-17.4,-36.0,0.0033892750056103427
18940,-17.4,-35.0,0.009581270202620031
18941,-17.4,-34.0,0.019649314248945778
18942,-17.4,-33.0,0.010694309747791791
18943,-17.4,-32.0,0.012515796017865576
18944,-17.4,-31.0,0.024554839602650664
18945,-17.4,-30.0,0.01335486720880036
18946,-17.4,-29.0,0.015750986876624223
18947,-17.4,-28.0,0.030959138448425617
18948,-17.4,-27.0,0.01574059112897031
18949,-17.4,-26.0,0.007096630394978635
18950,-17.4,-25.0,0.02094342886703282
18951,-17.4,-24.0,0.04352554500803682
18952,-17.4,-23.0,0.022798555486347835
18953,-17.4,-22.0,0.028761998880208015
18954,-17.4,-21.0,0.05928411505204749
18955,-17.4,-20.0,0.02799417199663246
18956,-17.4,-19.0,0.010483743236597214
18957,-17.4,-18.0,0.044528871283489396
18958,-17.4,-17.0,0.08227557065439477
18959,-17.4,-16.0,0.03787844632658705
18960,-17.4,-15.0,0.025636573765278524
18961,-17.4,-14.0,0.05002636307298195
18962,-17.4,-13.0,0.023343252657309202
18963,-17.4,-12.0,0.006978883180739914
18964,-17.4,-11.0,0.01650616101524254
18965,-17.4,-10.0,0.03334090558093665
18966,-17.4,-9.0,0.01672998437385293
18967,-17.4,-8.0,0.013938357848497063
18968,-17.4,-7.0,0.02591842007027843
18969,-17.4,-6.0,0.01270992077335506
18970,-17.4,-5.0,0.004597974584892666
18971,-17.4,-4.0,0.00982454856047741
18972,-17.4,-3.0,0.019038547878286537
18973,-17.4,-2.0,0.009345375620050313
18974,-17.4,-1.0,0.0030559557106592406
18975,-17.4,0.0,0.0005520227661036571
18976,-17.4,1.0,0.0025222829194439713
18977,-17.4,2.0,0.006390228811546059
18978,-17.4,3.0,0.012541250315537945
18979,-17.4,4.0,0.005975952678209719
18980,-17.4,5.0,0.0019525271573981931
18981,-17.4,6.0,0.00465411464942773
18982,-17.4,7.0,0.009418992604708167
18983,-17.4,8.0,0.004539462599630275
18984,-17.4,9.0,0.003899177706102425
18985,-17.4,10.0,0.007667347973082797
18986,-17.4,11.0,0.003451405796755598
18987,-17.4,12.0,0.00088125582269586
18988,-17.4,13.0,0.0027117399413543576
18989,-17.4,14.0,0.00591308087891464
18990,-17.4,15.0,0.002704635593127275
18991,-17.4,16.0,0.002339677686312222
18992,-17.4,17.0,0.0049264735775356
18993,-17.4,18.0,0.0021028283353939498
18994,-17.4,19.0,0.00039134339268897796
18995,-17.4,20.0,0.0016854329613529833
18996,-17.4,21.0,0.003923771770946896
18997,-17.4,22.0,0.0017302504828257106
18998,-17.4,23.0,0.001513326168880676
18999,-17.4,24.0,0.0033449211929135994
19000,-17.4,25.0,0.0013841470112984078
19001,-17.4,26.0,0.0002004722058454079
19002,-17.4,27.0,0.0011340150787937475
19003,-17.4,28.0,0.0027361077249605003
19004,-17.4,29.0,0.0011869872820224167
19005,-17.4,30.0,0.0010490414228527748
19006,-17.4,31.0,0.0023711350351063236
19007,-17.4,32.0,0.0009689620402677212
19008,-17.4,33.0,7.104805566876781e-05
19009,-17.4,34.0,5.4300699838885045e-06
19010,-17.4,35.0,3.5686952807413385e-06
19011,-17.4,36.0,2.691140453870019e-06
19012,-17.4,37.0,2.0193626605308455e-06
19013,-17.4,38.0,1.5072288777932624e-06
19014,-17.4,39.0,1.1190017959974256e-06
19015,-17.4,40.0,8.263593006099801e-07
19016,-17.4,41.0,6.070067334671389e-07
19017,-17.4,42.0,4.435110749793885e-07
19018,-17.4,43.0,3.2233074860416056e-07
19019,-17.4,44.0,2.3301574226758739e-07
19020,-17.4,45.0,1.6755408024400877e-07
19021,-17.4,46.0,1.1984252346146007e-07
19022,-17.4,47.0,8.526151624948122e-08
19023,-17.4,48.0,6.033666633213164e-08
19024,-17.4,49.0,4.2471315372601933e-08
19025,-17.4,50.0,2.9736937756539835e-08
19026,-17.4,51.0,2.0710133621597637e-08
19027,-17.4,52.0,1.434682094691349e-08
19028,-17.4,53.0,9.885862642274416e-09
19029,-17.4,54.0,6.775784413845636e-09
19030,-17.4,55.0,4.619454556658841e-09
19031,-17.4,56.0,3.1326215371333776e-09
19032,-17.4,57.0,2.1130572776403275e-09
19033,-17.4,58.0,1.4177534685359856e-09
19034,-17.4,59.0,9.461854732576547e-10
19035,-17.4,60.0,6.281132311730909e-10
19036,-17.4,61.0,4.147493515841777e-10
19037,-17.4,62.0,2.724078367516141e-10
19038,-17.4,63.0,1.7796704394290224e-10
19039,-17.4,64.0,1.1565001245500205e-10
19040,-17.4,65.0,7.475459424524675e-11
19041,-17.4,66.0,4.806358939070191e-11
19042,-17.4,67.0,3.073835490209586e-11
19043,-17.4,68.0,1.9553799060210023e-11
19044,-17.4,69.0,1.2372794016780153e-11
19045,-17.4,70.0,7.78736489785743e-12
19046,-17.4,71.0,4.875277886143051e-12
19047,-17.4,72.0,3.0359480270608897e-12
19048,-17.4,73.0,1.8805089184978303e-12
19049,-17.4,74.0,1.1586241321966296e-12
19050,-17.3,-75.0,9.196580306480832e-07
19051,-17.3,-74.0,1.247328995543968e-06
19052,-17.3,-73.0,1.6827584350445909e-06
19053,-17.3,-72.0,2.25812844656671e-06
19054,-17.3,-71.0,3.0141274687154906e-06
19055,-17.3,-70.0,4.001848980578563e-06
19056,-17.3,-69.0,5.285010853942775e-06
19057,-17.3,-68.0,6.942520633638382e-06
19058,-17.3,-67.0,9.071405532674317e-06
19059,-17.3,-66.0,1.1790116404307977e-05
19060,-17.3,-65.0,1.5242201935588155e-05
19061,-17.3,-64.0,1.96003324057369e-05
19062,-17.3,-63.0,2.50706312912019e-05
19063,-17.3,-62.0,3.189724766770458e-05
19064,-17.3,-61.0,4.036707287337395e-05
19065,-17.3,-60.0,5.081447165481321e-05
19066,-17.3,-59.0,6.362586175714568e-05
19067,-17.3,-58.0,7.924393776252219e-05
19068,-17.3,-57.0,9.81712964693479e-05
19069,-17.3,-56.0,0.00012097318420476168
19070,-17.3,-55.0,0.00014827905355506546
19071,-17.3,-54.0,0.0001807825908229652
19072,-17.3,-53.0,0.00021923985908891625
19073,-17.3,-52.0,0.0002644651982214316
19074,-17.3,-51.0,0.0003173245356750784
19075,-17.3,-50.0,0.0003787257933269
19076,-17.3,-49.0,0.00044960612835087904
19077,-17.3,-48.0,0.000530915823534228
19078,-17.3,-47.0,0.000623604025125356
19079,-17.3,-46.0,0.0007314223137310147
19080,-17.3,-45.0,0.0011015234458584566
19081,-17.3,-44.0,0.004756129785252624
19082,-17.3,-43.0,0.010681256374129817
19083,-17.3,-42.0,0.009316557113987775
19084,-17.3,-41.0,0.012173019042135644
19085,-17.3,-40.0,0.006261663748116059
19086,-17.3,-39.0,0.007286764984861199
19087,-17.3,-38.0,0.01470054695538119
19088,-17.3,-37.0,0.007464758939722687
19089,-17.3,-36.0,0.0033755778827909894
19090,-17.3,-35.0,0.00955649053643387
19091,-17.3,-34.0,0.01960662141622572
19092,-17.3,-33.0,0.010669409847757985
19093,-17.3,-32.0,0.012484556789319385
19094,-17.3,-31.0,0.024495829892048404
19095,-17.3,-30.0,0.013325151738381131
19096,-17.3,-29.0,0.01571024759544925
19097,-17.3,-28.0,0.03087183226884608
19098,-17.3,-27.0,0.01570602053411875
19099,-17.3,-26.0,0.007091978024464882
19100,-17.3,-25.0,0.020873103977881478
19101,-17.3,-24.0,0.043347480344227855
19102,-17.3,-23.0,0.02272389611704253
19103,-17.3,-22.0,0.028607674988826288
19104,-17.3,-21.0,0.05889759632520027
19105,-17.3,-20.0,0.02785357181178639
19106,-17.3,-19.0,0.010599119776455388
19107,-17.3,-18.0,0.04602603528006221
19108,-17.3,-17.0,0.0836743233237357
19109,-17.3,-16.0,0.03840778879673259
19110,-17.3,-15.0,0.025602801447758155
19111,-17.3,-14.0,0.04994377098408632
19112,-17.3,-13.0,0.02327669458548112
19113,-17.3,-12.0,0.006921332582012937
19114,-17.3,-11.0,0.016409428908300692
19115,-17.3,-10.0,0.033179754617337104
19116,-17.3,-9.0,0.0166385348060003
19117,-17.3,-8.0,0.013851238938682842
19118,-17.3,-7.0,0.02577014478190541
19119,-17.3,-6.0,0.012633840808089906
19120,-17.3,-5.0,0.004566600614093255
19121,-17.3,-4.0,0.009761632602055178
19122,-17.3,-3.0,0.018919352990920322
19123,-17.3,-2.0,0.009288641299768089
19124,-17.3,-1.0,0.00304001878724545
19125,-17.3,0.0,0.0005444798964349874
19126,-17.3,1.0,0.0025118575966548333
19127,-17.3,2.0,0.0063529095906515514
19128,-17.3,3.0,0.01246067576498617
19129,-17.3,4.0,0.005941598373790395
19130,-17.3,5.0,0.0019463395474880313
19131,-17.3,6.0,0.004627128090285309
19132,-17.3,7.0,0.0093556147881159
19133,-17.3,8.0,0.004512335492259244
19134,-17.3,9.0,0.0038756353560205972
19135,-17.3,10.0,0.00761355772437385
19136,-17.3,11.0,0.003430122397982506
19137,-17.3,12.0,0.0008795766626556654
19138,-17.3,13.0,0.0026944407940876543
19139,-17.3,14.0,0.00586896781390538
19140,-17.3,15.0,0.002686268663056071
19141,-17.3,16.0,0.002323467609491592
19142,-17.3,17.0,0.0048879996340182325
19143,-17.3,18.0,0.0020876986462868754
19144,-17.3,19.0,0.000390237867033556
19145,-17.3,20.0,0.0016727599010221278
19146,-17.3,21.0,0.0038914072934385555
19147,-17.3,22.0,0.0017166084571370787
19148,-17.3,23.0,0.0015011504213184083
19149,-17.3,24.0,0.0033163763074971395
19150,-17.3,25.0,0.0013727243278374617
19151,-17.3,26.0,0.00019933651864592557
19152,-17.3,27.0,0.001124340101891273
19153,-17.3,28.0,0.002711907861369728
19154,-17.3,29.0,0.001176639425178645
19155,-17.3,30.0,0.0010397599225788169
19156,-17.3,31.0,0.002349726508137675
19157,-17.3,32.0,0.000960297303648617
19158,-17.3,33.0,7.053730067735341e-05
19159,-17.3,34.0,5.4878605603881025e-06
19160,-17.3,35.0,3.6194639135020602e-06
19161,-17.3,36.0,2.7309025691670034e-06
19162,-17.3,37.0,2.0502908216309774e-06
19163,-17.3,38.0,1.5311286201578578e-06
19164,-17.3,39.0,1.1373511968242288e-06
19165,-17.3,40.0,8.403574877665427e-07
19166,-17.3,41.0,6.176181100319533e-07
19167,-17.3,42.0,4.515047759098921e-07
19168,-17.3,43.0,3.2831519865709006e-07
19169,-17.3,44.0,2.3746843474130474e-07
19170,-17.3,45.0,1.7084686529779636e-07
19171,-17.3,46.0,1.2226279892151552e-07
19172,-17.3,47.0,8.702976765752654e-08
19173,-17.3,48.0,6.162081939311635e-08
19174,-17.3,49.0,4.339835377413555e-08
19175,-17.3,50.0,3.040221143881372e-08
19176,-17.3,51.0,2.1184743985364186e-08
19177,-17.3,52.0,1.468342554464477e-08
19178,-17.3,53.0,1.0123196514710968e-08
19179,-17.3,54.0,6.942151128652699e-09
19180,-17.3,55.0,4.7353989377083365e-09
19181,-17.3,56.0,3.212959059345221e-09
19182,-17.3,57.0,2.168402606833614e-09
19183,-17.3,58.0,1.455662717141764e-09
19184,-17.3,59.0,9.720032244599054e-10
19185,-17.3,60.0,6.455958955539085e-10
19186,-17.3,61.0,4.265205137892387e-10
19187,-17.3,62.0,2.802884452683018e-10
19188,-17.3,63.0,1.832131211372803e-10
19189,-17.3,64.0,1.1912257138136525e-10
19190,-17.3,65.0,7.704024468192697e-11
19191,-17.3,66.0,4.955955006975157e-11
19192,-17.3,67.0,3.17119657676892e-11
19193,-17.3,68.0,2.0183899756232194e-11
19194,-17.3,69.0,1.2778300727290604e-11
19195,-17.3,70.0,8.046874653035705e-12
19196,-17.3,71.0,5.0404286968174434e-12
19197,-17.3,72.0,3.1404640203472024e-12
19198,-17.3,73.0,1.946284286394074e-12
19199,-17.3,74.0,1.1997888953455781e-12
19200,-17.2,-75.0,8.958563221529955e-07
19201,-17.2,-74.0,1.2156943623676576e-06
19202,-17.2,-73.0,1.6409545409346448e-06
19203,-17.2,-72.0,2.203204474220861e-06
19204,-17.2,-71.0,2.9423827594841948e-06
19205,-17.2,-70.0,3.908675684044883e-06
19206,-17.2,-69.0,5.164713254087674e-06
19207,-17.2,-68.0,6.788110436235714e-06
19208,-17.2,-67.0,8.874373265299707e-06
19209,-17.2,-66.0,1.1540180230058889e-05
19210,-17.2,-65.0,1.4927036642003301e-05
19211,-17.2,-64.0,1.9205283118696137e-05
19212,-17.2,-63.0,2.4578418581999524e-05
19213,-17.2,-62.0,3.1287673152382164e-05
19214,-17.2,-61.0,3.9616737104407135e-05
19215,-17.2,-60.0,4.989651900475743e-05
19216,-17.2,-59.0,6.25097699872738e-05
19217,-17.2,-58.0,7.789537291692912e-05
19218,-17.2,-57.0,9.655205646074185e-05
19219,-17.2,-56.0,0.00011904125675274411
19220,-17.2,-55.0,0.00014598881576284275
19221,-17.2,-54.0,0.00017808517837547818
19222,-17.2,-53.0,0.00021608373255720717
19223,-17.2,-52.0,0.00026079693200466316
19224,-17.2,-51.0,0.00031308985146880633
19225,-17.2,-50.0,0.0003738708544869492
19226,-17.2,-49.0,0.0004440791040094059
19227,-17.2,-48.0,0.0005246687217918066
19228,-17.2,-47.0,0.0006165947760404539
19229,-17.2,-46.0,0.0007236132630806684
19230,-17.2,-45.0,0.0010925547643979355
19231,-17.2,-44.0,0.00474157006853842
19232,-17.2,-43.0,0.010658008439829137
19233,-17.2,-42.0,0.009293811298837574
19234,-17.2,-41.0,0.012144705725348908
19235,-17.2,-40.0,0.006241934494521664
19236,-17.2,-39.0,0.007263582008883471
19237,-17.2,-38.0,0.014663288114597954
19238,-17.2,-37.0,0.0074412395063536045
19239,-17.2,-36.0,0.0033598345888807054
19240,-17.2,-35.0,0.00952612542702407
19241,-17.2,-34.0,0.019552600360942442
19242,-17.2,-33.0,0.01063823745512432
19243,-17.2,-32.0,0.012446045993594678
19244,-17.2,-31.0,0.024422788459607193
19245,-17.2,-30.0,0.013287642398068332
19246,-17.2,-29.0,0.01566048572469626
19247,-17.2,-28.0,0.030767194880080312
19248,-17.2,-27.0,0.015662376732657413
19249,-17.2,-26.0,0.00708297869978528
19250,-17.2,-25.0,0.02079150584248229
19251,-17.2,-24.0,0.0431468243452109
19252,-17.2,-23.0,0.02263715518519862
19253,-17.2,-22.0,0.028440556260246434
19254,-17.2,-21.0,0.05848657583370467
19255,-17.2,-20.0,0.027700748664557896
19256,-17.2,-19.0,0.010725235546648289
19257,-17.2,-18.0,0.047746837681552134
19258,-17.2,-17.0,0.08537719912840024
19259,-17.2,-16.0,0.039056201433363094
19260,-17.2,-15.0,0.025552181514252092
19261,-17.2,-14.0,0.049807451587898996
19262,-17.2,-13.0,0.023184824715058207
19263,-17.2,-12.0,0.006855888408135042
19264,-17.2,-11.0,0.01629363227147155
19265,-17.2,-10.0,0.032980032677535256
19266,-17.2,-9.0,0.016527653482554028
19267,-17.2,-8.0,0.013747824731072613
19268,-17.2,-7.0,0.025591625003396633
19269,-17.2,-6.0,0.012542823568689623
19270,-17.2,-5.0,0.004529687107780608
19271,-17.2,-4.0,0.009687108261221527
19272,-17.2,-3.0,0.0187778654087864
19273,-17.2,-2.0,0.009220841375521335
19274,-17.2,-1.0,0.0030203043501967754
19275,-17.2,0.0,0.0005363772959227483
19276,-17.2,1.0,0.002498279405954257
19277,-17.2,2.0,0.006307988930033258
19278,-17.2,3.0,0.012365421765952933
19279,-17.2,4.0,0.005900155503132027
19280,-17.2,5.0,0.0019377217150747241
19281,-17.2,6.0,0.004594629976461021
19282,-17.2,7.0,0.009281275736784554
19283,-17.2,8.0,0.004479865951059559
19284,-17.2,9.0,0.0038475111666385078
19285,-17.2,10.0,0.007550893015143337
19286,-17.2,11.0,0.0034048013524253175
19287,-17.2,12.0,0.00087681286320302
19288,-17.2,13.0,0.0026739848901586173
19289,-17.2,14.0,0.005818062679432078
19290,-17.2,15.0,0.0026647743617333247
19291,-17.2,16.0,0.0023045594236280856
19292,-17.2,17.0,0.004843896975015288
19293,-17.2,18.0,0.00207015409811547
19294,-17.2,19.0,0.0003886671842660177
19295,-17.2,20.0,0.0016581612998585239
19296,-17.2,21.0,0.00385458657205899
19297,-17.2,22.0,0.0017009971666198049
19298,-17.2,23.0,0.001487256515846619
19299,-17.2,24.0,0.0032840461372727896
19300,-17.2,25.0,0.001359733274164894
19301,-17.2,26.0,0.00019797124128968788
19302,-17.2,27.0,0.0011133848247568692
19303,-17.2,28.0,0.0026846231592583983
19304,-17.2,29.0,0.0011649530011106721
19305,-17.2,30.0,0.0010292975529982878
19306,-17.2,31.0,0.0023256505284276825
19307,-17.2,32.0,0.0009505424295587695
19308,-17.2,33.0,6.994648821054015e-05
19309,-17.2,34.0,5.539494078652959e-06
19310,-17.2,35.0,3.666229791945116e-06
19311,-17.2,36.0,2.7676845886453347e-06
19312,-17.2,37.0,2.079012781880725e-06
19313,-17.2,38.0,1.5534049573390636e-06
19314,-17.2,39.0,1.1545132915622939e-06
19315,-17.2,40.0,8.534926206450691e-07
19316,-17.2,41.0,6.276059848483546e-07
19317,-17.2,42.0,4.5905082075361705e-07
19318,-17.2,43.0,3.3398024489426516e-07
19319,-17.2,44.0,2.4169466055335816e-07
19320,-17.2,45.0,1.739800937244523e-07
19321,-17.2,46.0,1.2457137586282884e-07
19322,-17.2,47.0,8.872032728297309e-08
19323,-17.2,48.0,6.28512855775226e-08
19324,-17.2,49.0,4.4288537413270904e-08
19325,-17.2,50.0,3.104235382584346e-08
19326,-17.2,51.0,2.164233311615946e-08
19327,-17.2,52.0,1.5008580913212016e-08
19328,-17.2,53.0,1.0352882894502092e-08
19329,-17.2,54.0,7.103446052942416e-09
19330,-17.2,55.0,4.848004160894195e-09
19331,-17.2,56.0,3.291114501473549e-09
19332,-17.2,57.0,2.2223328720126986e-09
19333,-17.2,58.0,1.4926615215020767e-09
19334,-17.2,59.0,9.972399618867828e-10
19335,-17.2,60.0,6.627109059474989e-10
19336,-17.2,61.0,4.380610803575879e-10
19337,-17.2,62.0,2.880257591780081e-10
19338,-17.2,63.0,1.8837102366898702e-10
19339,-17.2,64.0,1.2254143829206345e-10
19340,-17.2,65.0,7.929356730467794e-11
19341,-17.2,66.0,5.103628421707234e-11
19342,-17.2,67.0,3.2674296493967666e-11
19343,-17.2,68.0,2.0807483142227287e-11
19344,-17.2,69.0,1.318010787427816e-11
19345,-17.2,70.0,8.304327833931918e-12
19346,-17.2,71.0,5.204465261720486e-12
19347,-17.2,72.0,3.2443959455872587e-12
19348,-17.2,73.0,2.011767062553087e-12
19349,-17.2,74.0,1.2408167411466983e-12
19350,-17.1,-75.0,8.717378693331551e-07
19351,-17.1,-74.0,1.1835955992455352e-06
19352,-17.1,-73.0,1.5984787909312487e-06
19353,-17.1,-72.0,2.1473187800835853e-06
19354,-17.1,-71.0,2.869275658255632e-06
19355,-17.1,-70.0,3.813591167490465e-06
19356,-17.1,-69.0,5.04175920255576e-06
19357,-17.1,-68.0,6.630040384810456e-06
19358,-17.1,-67.0,8.672341184365024e-06
19359,-17.1,-66.0,1.1283469115811803e-05
19360,-17.1,-65.0,1.4602763148179087e-05
19361,-17.1,-64.0,1.8798082241257155e-05
19362,-17.1,-63.0,2.4070114541962952e-05
19363,-17.1,-62.0,3.065694509718963e-05
19364,-17.1,-61.0,3.883879102971408e-05
19365,-17.1,-60.0,4.8942780321378714e-05
19366,-17.1,-59.0,6.134761432393061e-05
19367,-17.1,-58.0,7.648791592366553e-05
19368,-17.1,-57.0,9.485802638817861e-05
19369,-17.1,-56.0,0.0001170149762202847
19370,-17.1,-55.0,0.00014358032115419376
19371,-17.1,-54.0,0.00017524050644780547
19372,-17.1,-53.0,0.0002127454038434374
19373,-17.1,-52.0,0.00025690465915157243
19374,-17.1,-51.0,0.0003085814975320579
19375,-17.1,-50.0,0.00036868366118567687
19376,-17.1,-49.0,0.00043815120288018174
19377,-17.1,-48.0,0.0005179409320130464
19378,-17.1,-47.0,0.0006090126690454217
19379,-17.1,-46.0,0.0007151228328403173
19380,-17.1,-45.0,0.0010825319391870028
19381,-17.1,-44.0,0.004722290699065532
19382,-17.1,-43.0,0.010624098931433283
19383,-17.1,-42.0,0.009261771697702424
19384,-17.1,-41.0,0.012104238998954546
19385,-17.1,-40.0,0.0062159519373354245
19386,-17.1,-39.0,0.007233123852760035
19387,-17.1,-38.0,0.014611351540319955
19388,-17.1,-37.0,0.007410227634771011
19389,-17.1,-36.0,0.0033406508023986017
19390,-17.1,-35.0,0.009486185532720114
19391,-17.1,-34.0,0.019479041873148143
19392,-17.1,-33.0,0.010596331249476428
19393,-17.1,-32.0,0.01239504681783659
19394,-17.1,-31.0,0.02432546925363104
19395,-17.1,-30.0,0.013236761069924325
19396,-17.1,-29.0,0.015595134907807439
19397,-17.1,-28.0,0.03063233547368814
19398,-17.1,-27.0,0.015603078688046546
19399,-17.1,-26.0,0.007066633552689724
19400,-17.1,-25.0,0.02068992406178634
19401,-17.1,-24.0,0.042905555487099394
19402,-17.1,-23.0,0.022528833840042315
19403,-17.1,-22.0,0.028248705072037042
19404,-17.1,-21.0,0.05802658281771805
19405,-17.1,-20.0,0.027524201404625345
19406,-17.1,-19.0,0.010870756627766485
19407,-17.1,-18.0,0.049867490932946304
19408,-17.1,-17.0,0.0876450019208835
19409,-17.1,-16.0,0.039925712819513404
19410,-17.1,-15.0,0.025468713969022134
19411,-17.1,-14.0,0.049567475291559325
19412,-17.1,-13.0,0.023044468896783923
19413,-17.1,-12.0,0.006775853582017491
19414,-17.1,-11.0,0.01614264942021931
19415,-17.1,-10.0,0.032708943286328326
19416,-17.1,-9.0,0.016380956690224983
19417,-17.1,-8.0,0.013614536388564984
19418,-17.1,-7.0,0.02535751305686844
19419,-17.1,-6.0,0.01242446475127189
19420,-17.1,-5.0,0.004482776215302452
19421,-17.1,-4.0,0.009591414649720624
19422,-17.1,-3.0,0.01859553286857753
19423,-17.1,-2.0,0.00913285991862146
19424,-17.1,-1.0,0.0029938172451408666
19425,-17.1,0.0,0.0005272025600834512
19426,-17.1,1.0,0.0024790578222926986
19427,-17.1,2.0,0.006249222878156913
19428,-17.1,3.0,0.012243279022874497
19429,-17.1,4.0,0.005845780500528884
19430,-17.1,5.0,0.0019247321389202344
19431,-17.1,6.0,0.004552070395383182
19432,-17.1,7.0,0.009186823448244886
19433,-17.1,8.0,0.004437620886244607
19434,-17.1,9.0,0.003810998734945906
19435,-17.1,10.0,0.007471917674214644
19436,-17.1,11.0,0.0033720760201871756
19437,-17.1,12.0,0.000872080049613738
19438,-17.1,13.0,0.0026477306536038313
19439,-17.1,14.0,0.005754647507955126
19440,-17.1,15.0,0.0026375252622067463
19441,-17.1,16.0,0.002280682272190404
19442,-17.1,17.0,0.004789412827827367
19443,-17.1,18.0,0.002048157376171932
19444,-17.1,19.0,0.00038624076732330135
19445,-17.1,20.0,0.0016400077656781706
19446,-17.1,21.0,0.003809535401763063
19447,-17.1,22.0,0.0016817480894102854
19448,-17.1,23.0,0.0014701866933714996
19449,-17.1,24.0,0.0032447195080428006
19450,-17.1,25.0,0.001343842433130598
19451,-17.1,26.0,0.00019618005037329628
19452,-17.1,27.0,0.0011000604963374773
19453,-17.1,28.0,0.0026516324737745236
19454,-17.1,29.0,0.001150789880898241
19455,-17.1,30.0,0.0010166493341232732
19456,-17.1,31.0,0.002296638433990015
19457,-17.1,32.0,0.0009387697678938533
19458,-17.1,33.0,6.920676204494914e-05
19459,-17.1,34.0,5.579057334421414e-06
19460,-17.1,35.0,3.705020943088935e-06
19461,-17.1,36.0,2.7984815160375916e-06
19462,-17.1,37.0,2.1032665109710904e-06
19463,-17.1,38.0,1.5723642208948996e-06
19464,-17.1,39.0,1.16922673683087e-06
19465,-17.1,40.0,8.648303423426312e-07
19466,-17.1,41.0,6.362819174417235e-07
19467,-17.1,42.0,4.656446716597046e-07
19468,-17.1,43.0,3.389581018828814e-07
19469,-17.1,44.0,2.4542775325421015e-07
19470,-17.1,45.0,1.767614497074768e-07
19471,-17.1,46.0,1.2663030034993352e-07
19472,-17.1,47.0,9.023476560773396e-08
19473,-17.1,48.0,6.395821133077258e-08
19474,-17.1,49.0,4.5092557622166306e-08
19475,-17.1,50.0,3.1622744734570585e-08
19476,-17.1,51.0,2.205872378576185e-08
19477,-17.1,52.0,1.530549304093938e-08
19478,-17.1,53.0,1.0563318711565974e-08
19479,-17.1,54.0,7.251695454642434e-09
19480,-17.1,55.0,4.951819926851441e-09
19481,-17.1,56.0,3.3633823465365517e-09
19482,-17.1,57.0,2.2723422713073164e-09
19483,-17.1,58.0,1.5270644394342856e-09
19484,-17.1,59.0,1.0207680988586047e-09
19485,-17.1,60.0,6.787079282240333e-10
19486,-17.1,61.0,4.4887442707450553e-10
19487,-17.1,62.0,2.9529283758681095e-10
19488,-17.1,63.0,1.932266703516086e-10
19489,-17.1,64.0,1.2576718345245992e-10
19490,-17.1,65.0,8.142423883834793e-11
19491,-17.1,66.0,5.24355934296318e-11
19492,-17.1,67.0,3.3588048757611564e-11
19493,-17.1,68.0,2.140077347307335e-11
19494,-17.1,69.0,1.356314087558946e-11
19495,-17.1,70.0,8.550217900512723e-12
19496,-17.1,71.0,5.3614245718759535e-12
19497,-17.1,72.0,3.3440235370841892e-12
19498,-17.1,73.0,2.074648652278417e-12
19499,-17.1,74.0,1.2802827630033718e-12
19500,-17.0,-75.0,7.552033103754188e-07
19501,-17.0,-74.0,1.0259181266449918e-06
19502,-17.0,-73.0,1.3862693752274882e-06
19503,-17.0,-72.0,1.8632394139682278e-06
19504,-17.0,-71.0,2.491011906031078e-06
19505,-17.0,-70.0,3.3126004127621358e-06
19506,-17.0,-69.0,4.381758194145225e-06
19507,-17.0,-68.0,5.765193268193422e-06
19508,-17.0,-67.0,7.545107671814471e-06
19509,-17.0,-66.0,9.82207215200582e-06
19510,-17.0,-65.0,1.271823677519611e-05
19511,-17.0,-64.0,1.63808638002781e-05
19512,-17.0,-63.0,2.09861513325105e-05
19513,-17.0,-62.0,2.674329461176434e-05
19514,-17.0,-61.0,3.389870632702466e-05
19515,-17.0,-60.0,4.27402883667251e-05
19516,-17.0,-59.0,5.360161547923436e-05
19517,-17.0,-58.0,6.686585733311286e-05
19518,-17.0,-57.0,8.296923070505638e-05
19519,-17.0,-56.0,0.00010240373964222148
19520,-17.0,-55.0,0.00012571893048023876
19521,-17.0,-54.0,0.00015352236292605367
19522,-17.0,-53.0,0.0001864784806860517
19523,-17.0,-52.0,0.00022530555815231717
19524,-17.0,-51.0,0.0002707704062957976
19525,-17.0,-50.0,0.000323680543844363
19526,-17.0,-49.0,0.00038487358137648215
19527,-17.0,-48.0,0.00045520362932269216
19528,-17.0,-47.0,0.0005355292994477293
19529,-17.0,-46.0,0.0006291952807972025
19530,-17.0,-45.0,0.0009549514202073649
19531,-17.0,-44.0,0.004187359718632712
19532,-17.0,-43.0,0.009428994260488714
19533,-17.0,-42.0,0.008217713908685354
19534,-17.0,-41.0,0.010740999021498544
19535,-17.0,-40.0,0.005511248612710397
19536,-17.0,-39.0,0.006412905726110293
19537,-17.0,-38.0,0.012962997613518832
19538,-17.0,-37.0,0.006570062530758729
19539,-17.0,-36.0,0.002957212934639604
19540,-17.0,-35.0,0.008410450607789641
19541,-17.0,-34.0,0.017277734947581485
19542,-17.0,-33.0,0.009397077106870589
19543,-17.0,-32.0,0.010990520206784066
19544,-17.0,-31.0,0.02157172527347632
19545,-17.0,-30.0,0.011740006562163008
19546,-17.0,-29.0,0.013827047642404432
19547,-17.0,-28.0,0.027153993876940195
19548,-17.0,-27.0,0.013839447063434002
19549,-17.0,-26.0,0.006276997341984717
19550,-17.0,-25.0,0.018331593855158087
19551,-17.0,-24.0,0.03798850998267653
19552,-17.0,-23.0,0.0199630808951241
19553,-17.0,-22.0,0.02498370794561182
19554,-17.0,-21.0,0.051262859072113615
19555,-17.0,-20.0,0.02435361675717872
19556,-17.0,-19.0,0.009934878096649113
19557,-17.0,-18.0,0.048163227413298725
19558,-17.0,-17.0,0.10560229034795414
19559,-17.0,-16.0,0.04598717945129141
19560,-17.0,-15.0,0.027686394516889718
19561,-17.0,-14.0,0.05358020061297454
19562,-17.0,-13.0,0.02487809608167516
19563,-17.0,-12.0,0.0072727013553476995
19564,-17.0,-11.0,0.017368756313946812
19565,-17.0,-10.0,0.03523092035732911
19566,-17.0,-9.0,0.017632089142123036
19567,-17.0,-8.0,0.014641969851854585
19568,-17.0,-7.0,0.027286478206767485
19569,-17.0,-6.0,0.013365547581322986
19570,-17.0,-5.0,0.004817632772295745
19571,-17.0,-4.0,0.010313168122909604
19572,-17.0,-3.0,0.01999850830803257
19573,-17.0,-2.0,0.00982347193250596
19574,-17.0,-1.0,0.003222582388322736
19575,-17.0,0.0,0.0005627393060999979
19576,-17.0,1.0,0.002671381771351163
19577,-17.0,2.0,0.006723291367504193
19578,-17.0,3.0,0.013164732856755451
19579,-17.0,4.0,0.0062899096720280745
19580,-17.0,5.0,0.0020761523640581894
19581,-17.0,6.0,0.004897683980044756
19582,-17.0,7.0,0.009875280040241009
19583,-17.0,8.0,0.004773763278949797
19584,-17.0,9.0,0.004099431297577297
19585,-17.0,10.0,0.008029581972674588
19586,-17.0,11.0,0.003626856055119208
19587,-17.0,12.0,0.000941945648950634
19588,-17.0,13.0,0.002847194803011478
19589,-17.0,14.0,0.006181398526833812
19590,-17.0,15.0,0.002835058388125866
19591,-17.0,16.0,0.0024511577220221003
19592,-17.0,17.0,0.005142772674762535
19593,-17.0,18.0,0.0022006642311364014
19594,-17.0,19.0,0.00041684437883671643
19595,-17.0,20.0,0.001761550271714245
19596,-17.0,21.0,0.004088776444164737
19597,-17.0,22.0,0.0018057073359159029
19598,-17.0,23.0,0.0015782946934166612
19599,-17.0,24.0,0.0034815415748527855
19600,-17.0,25.0,0.0014423520340787214
19601,-17.0,26.0,0.00021112961432235376
19602,-17.0,27.0,0.0011803629949499064
19603,-17.0,28.0,0.002844257880977934
19604,-17.0,29.0,0.0012345547337753876
19605,-17.0,30.0,0.0010905054935474072
19606,-17.0,31.0,0.0024630083498483747
19607,-17.0,32.0,0.0010068679830220859
19608,-17.0,33.0,7.43653968362845e-05
19609,-17.0,34.0,6.10209071176525e-06
19610,-17.0,35.0,4.065942507929814e-06
19611,-17.0,36.0,3.072753893687025e-06
19612,-17.0,37.0,2.3106328306050304e-06
19613,-17.0,38.0,1.7283078502827861e-06
19614,-17.0,39.0,1.28587283214505e-06
19615,-17.0,40.0,9.516155873584672e-07
19616,-17.0,41.0,7.005055267474584e-07
19617,-17.0,42.0,5.129180548974654e-07
19618,-17.0,43.0,3.735689210851689e-07
19619,-17.0,44.0,2.706323855062211e-07
19620,-17.0,45.0,1.950181477474493e-07
19621,-17.0,46.0,1.3978368676730425e-07
19622,-17.0,47.0,9.966074552959837e-08
19623,-17.0,48.0,7.06769714880986e-08
19624,-17.0,49.0,4.985605112756595e-08
19625,-17.0,50.0,3.498194538433479e-08
19626,-17.0,51.0,2.441496832798783e-08
19627,-17.0,52.0,1.6949406475668023e-08
19628,-17.0,53.0,1.1704124757995046e-08
19629,-17.0,54.0,8.03913838696132e-09
19630,-17.0,55.0,5.492450856012719e-09
19631,-17.0,56.0,3.732578635200647e-09
19632,-17.0,57.0,2.523119744191577e-09
19633,-17.0,58.0,1.6964961077301865e-09
19634,-17.0,59.0,1.1346292672436538e-09
19635,-17.0,60.0,7.548161858752226e-10
19636,-17.0,61.0,4.994758964553155e-10
19637,-17.0,62.0,3.2875621639884746e-10
19638,-17.0,63.0,2.1523828348327373e-10
19639,-17.0,64.0,1.4016874145422181e-10
19640,-17.0,65.0,9.079646399572472e-11
19641,-17.0,66.0,5.850228170835158e-11
19642,-17.0,67.0,3.7494086895910027e-11
19643,-17.0,68.0,2.3902254480465027e-11
19644,-17.0,69.0,1.5156574471765136e-11
19645,-17.0,70.0,9.559812120170577e-12
19646,-17.0,71.0,5.997686536617544e-12
19647,-17.0,72.0,3.742865994953964e-12
19648,-17.0,73.0,2.323330000391073e-12
19649,-17.0,74.0,1.4345101642378663e-12
19650,-16.9,-75.0,6.769072414995975e-07
19651,-16.9,-74.0,9.200456318216405e-07
19652,-16.9,-73.0,1.243871974217159e-06
19653,-16.9,-72.0,1.6727387025042557e-06
19654,-16.9,-71.0,2.237518503514456e-06
19655,-16.9,-70.0,2.9770852640313565e-06
19656,-16.9,-69.0,3.940052585820562e-06
19657,-16.9,-68.0,5.186792459183256e-06
19658,-16.9,-67.0,6.791752181035608e-06
19659,-16.9,-66.0,8.84608073121691e-06
19660,-16.9,-65.0,1.1460566187296292e-05
19661,-16.9,-64.0,1.4768873011869874e-05
19662,-16.9,-63.0,1.8931051913783723e-05
19663,-16.9,-62.0,2.413727531330441e-05
19664,-16.9,-61.0,3.061172824617135e-05
19665,-16.9,-60.0,3.861655805453437e-05
19666,-16.9,-59.0,4.8455756930090116e-05
19667,-16.9,-58.0,6.047882009889765e-05
19668,-16.9,-57.0,7.508399030964515e-05
19669,-16.9,-56.0,9.272086780415641e-05
19670,-16.9,-55.0,0.000113892135958411
19671,-16.9,-54.0,0.00013915412845286207
19672,-16.9,-53.0,0.00016911594659107875
19673,-16.9,-52.0,0.0002044368278304326
19674,-16.9,-51.0,0.000245821471350062
19675,-16.9,-50.0,0.00029401304606863164
19676,-16.9,-49.0,0.0003497836431341935
19677,-16.9,-48.0,0.00041392199154161567
19678,-16.9,-47.0,0.0004872226274559537
19679,-16.9,-46.0,0.000572766803340992
19680,-16.9,-45.0,0.0008716094558635794
19681,-16.9,-44.0,0.003841862167311542
19682,-16.9,-43.0,0.00865870134933648
19683,-16.9,-42.0,0.007544346120647579
19684,-16.9,-41.0,0.009862010519081395
19685,-16.9,-40.0,0.005055955240366645
19686,-16.9,-39.0,0.005882942991997848
19687,-16.9,-38.0,0.011899628877244349
19688,-16.9,-37.0,0.006027206544945052
19689,-16.9,-36.0,0.0027085032966889353
19690,-16.9,-35.0,0.007715358906928204
19691,-16.9,-34.0,0.015856927031891767
19692,-16.9,-33.0,0.008622601991896942
19693,-16.9,-32.0,0.010083201801815145
19694,-16.9,-31.0,0.01979351889474321
19695,-16.9,-30.0,0.010773692085499631
19696,-16.9,-29.0,0.012684779430598198
19697,-16.9,-28.0,0.024906082679274428
19698,-16.9,-27.0,0.01270105167905563
19699,-16.9,-26.0,0.0057688697506326474
19700,-16.9,-25.0,0.016806075033038617
19701,-16.9,-24.0,0.034803376715468154
19702,-16.9,-23.0,0.018303941993011556
19703,-16.9,-22.0,0.02286484247744146
19704,-16.9,-21.0,0.04686391197169244
19705,-16.9,-20.0,0.022293065809118672
19706,-16.9,-19.0,0.008939149238042395
19707,-16.9,-18.0,0.04118485414940334
19708,-16.9,-17.0,0.09324204484209535
19709,-16.9,-16.0,0.04770204009527768
19710,-16.9,-15.0,0.031021392980548013
19711,-16.9,-14.0,0.06067882284706635
19712,-16.9,-13.0,0.028140147470457965
19713,-16.9,-12.0,0.008177646505602293
19714,-16.9,-11.0,0.01957799688214332
19715,-16.9,-10.0,0.03975503223946961
19716,-16.9,-9.0,0.01988260642414819
19717,-16.9,-8.0,0.016496518143292803
19718,-16.9,-7.0,0.030760165187728335
19719,-16.9,-6.0,0.015062283582686296
19720,-16.9,-5.0,0.0054237076046565
19721,-16.9,-4.0,0.011616909726601798
19722,-16.9,-3.0,0.022531044163644886
19723,-16.9,-2.0,0.011069126125022692
19724,-16.9,-1.0,0.003633749915362869
19725,-16.9,0.0,0.0006292564880739791
19726,-16.9,1.0,0.003015483642499513
19727,-16.9,2.0,0.007577513666453518
19728,-16.9,3.0,0.014829275267229595
19729,-16.9,4.0,0.007089852745718419
19730,-16.9,5.0,0.0023459901503596987
19731,-16.9,6.0,0.005520315882969274
19732,-16.9,7.0,0.011120591655804082
19733,-16.9,8.0,0.005379787178875552
19734,-16.9,9.0,0.004619578315432658
19735,-16.9,10.0,0.009039594800714664
19736,-16.9,11.0,0.004086567712093554
19737,-16.9,12.0,0.0010658185833228551
19738,-16.9,13.0,0.003207429531059739
19739,-16.9,14.0,0.00695585526434333
19740,-16.9,15.0,0.003192453986220617
19741,-16.9,16.0,0.0027597859163127005
19742,-16.9,17.0,0.005785063932645172
19743,-16.9,18.0,0.0024770920691478985
19744,-16.9,19.0,0.0004712954865510797
19745,-16.9,20.0,0.0019821763711841095
19746,-16.9,21.0,0.004597375470184593
19747,-16.9,22.0,0.0020310984271378935
19748,-16.9,23.0,0.0017750101187787764
19749,-16.9,24.0,0.003913457703705061
19750,-16.9,25.0,0.0016217750698554543
19751,-16.9,26.0,0.00023804177751604347
19752,-16.9,27.0,0.0013268153347509861
19753,-16.9,28.0,0.0031960853695049826
19754,-16.9,29.0,0.0013874568247408791
19755,-16.9,30.0,0.0012254034563678622
19756,-16.9,31.0,0.002767147654613355
19757,-16.9,32.0,0.0011313056058475572
19758,-16.9,33.0,8.371461890774041e-05
19759,-16.9,34.0,6.991833999810859e-06
19760,-16.9,35.0,4.6741158645305635e-06
19761,-16.9,36.0,3.534277903489815e-06
19762,-16.9,37.0,2.6591029578131335e-06
19763,-16.9,38.0,1.9900162876834886e-06
19764,-16.9,39.0,1.4813745551674724e-06
19765,-16.9,40.0,1.0968816017223566e-06
19766,-16.9,41.0,8.078693398755521e-07
19767,-16.9,42.0,5.918462634276261e-07
19768,-16.9,43.0,4.3128368656803973e-07
19769,-16.9,44.0,3.1261040794283e-07
19770,-16.9,45.0,2.253876279593691e-07
19771,-16.9,46.0,1.6163779503736946e-07
19772,-16.9,47.0,1.1530335429108088e-07
19773,-16.9,48.0,8.181390579144806e-08
19774,-16.9,49.0,5.774288220584195e-08
19775,-16.9,50.0,4.053740322803872e-08
19776,-16.9,51.0,2.8307369919861983e-08
19777,-16.9,52.0,1.9662070003730532e-08
19778,-16.9,53.0,1.3584544283787974e-08
19779,-16.9,54.0,9.335702955064306e-09
19780,-16.9,55.0,6.381680959091815e-09
19781,-16.9,56.0,4.339195962000759e-09
19782,-16.9,57.0,2.934739442421321e-09
19783,-16.9,58.0,1.974312719773472e-09
19784,-16.9,59.0,1.3211387985546984e-09
19785,-16.9,60.0,8.793607126030278e-10
19786,-16.9,61.0,5.821994334741544e-10
19787,-16.9,62.0,3.834092676239019e-10
19788,-16.9,63.0,2.5115367759040996e-10
19789,-16.9,64.0,1.6364494145690571e-10
19790,-16.9,65.0,1.0606002763676727e-10
19791,-16.9,66.0,6.837337132229284e-11
19792,-16.9,67.0,4.3843817410991945e-11
19793,-16.9,68.0,2.796506505878395e-11
19794,-16.9,69.0,1.774227944189321e-11
19795,-16.9,70.0,1.1196675809520234e-11
19796,-16.9,71.0,7.0283745890968274e-12
19797,-16.9,72.0,4.38840603421865e-12
19798,-16.9,73.0,2.7254913920401023e-12
19799,-16.9,74.0,1.683716366300998e-12
19800,-16.8,-75.0,6.6795078553063e-07
19801,-16.8,-74.0,9.083559425775093e-07
19802,-16.8,-73.0,1.2287223728160835e-06
19803,-16.8,-72.0,1.6532463703311418e-06
19804,-16.8,-71.0,2.2126233805800845e-06
19805,-16.8,-70.0,2.9455304999954757e-06
19806,-16.8,-69.0,3.90036866231581e-06
19807,-16.8,-68.0,5.137287846431205e-06
19808,-16.8,-67.0,6.7305142741501096e-06
19809,-16.8,-66.0,8.770991830963687e-06
19810,-16.8,-65.0,1.1369340435904563e-05
19811,-16.8,-64.0,1.4659121444182769e-05
19812,-16.8,-63.0,1.8800384100301413e-05
19813,-16.8,-62.0,2.398344740011535e-05
19814,-16.8,-61.0,3.043284846394973e-05
19815,-16.8,-60.0,3.841136188112111e-05
19816,-16.8,-59.0,4.8223964934965856e-05
19817,-16.8,-58.0,6.0221591940814966e-05
19818,-16.8,-57.0,7.480448825333068e-05
19819,-16.8,-56.0,9.242494231113995e-05
19820,-16.8,-55.0,0.00011358914423159825
19821,-16.8,-54.0,0.0001388578941235823
19822,-16.8,-53.0,0.00016884586490069006
19823,-16.8,-52.0,0.00020421911558047112
19824,-16.8,-51.0,0.0002456905545296229
19825,-16.8,-50.0,0.0002940130704349442
19826,-16.8,-49.0,0.00034997008422217444
19827,-16.8,-48.0,0.0004143633308190853
19828,-16.8,-47.0,0.00048800210190051344
19829,-16.8,-46.0,0.0005740114073221631
19830,-16.8,-45.0,0.0008758415957315282
19831,-16.8,-44.0,0.003880789085932429
19832,-16.8,-43.0,0.008754211299150624
19833,-16.8,-42.0,0.007625504735838273
19834,-16.8,-41.0,0.009969252484631017
19835,-16.8,-40.0,0.00510657951151463
19836,-16.8,-39.0,0.00594166327142366
19837,-16.8,-38.0,0.012026439179514343
19838,-16.8,-37.0,0.006087430857030376
19839,-16.8,-36.0,0.002731078401323848
19840,-16.8,-35.0,0.007792287303370009
19841,-16.8,-34.0,0.01602237734421101
19842,-16.8,-33.0,0.008710736790567598
19843,-16.8,-32.0,0.010184775850733314
19844,-16.8,-31.0,0.019995776053515716
19845,-16.8,-30.0,0.010885115334653462
19846,-16.8,-29.0,0.012811857251695763
19847,-16.8,-28.0,0.025151146924076818
19848,-16.8,-27.0,0.01283322118452303
19849,-16.8,-26.0,0.005837023852391609
19850,-16.8,-25.0,0.016963651343489438
19851,-16.8,-24.0,0.035106142762441256
19852,-16.8,-23.0,0.018477873699833166
19853,-16.8,-22.0,0.023040586278606754
19854,-16.8,-21.0,0.04717318132386425
19855,-16.8,-20.0,0.0224707041669578
19856,-16.8,-19.0,0.008967061470961222
19857,-16.8,-18.0,0.04027161080611648
19858,-16.8,-17.0,0.09086703018470413
19859,-16.8,-16.0,0.04572531131605192
19860,-16.8,-15.0,0.03109402860645245
19861,-16.8,-14.0,0.061213346725076015
19862,-16.8,-13.0,0.028352635351057993
19863,-16.8,-12.0,0.008189517948515425
19864,-16.8,-11.0,0.019654824787596163
19865,-16.8,-10.0,0.03995458466272592
19866,-16.8,-9.0,0.019968415908724984
19867,-16.8,-8.0,0.016552998537105977
19868,-16.8,-7.0,0.03088343742060163
19869,-16.8,-6.0,0.01511768561512773
19870,-16.8,-5.0,0.005437885709253797
19871,-16.8,-4.0,0.011653959652850503
19872,-16.8,-3.0,0.02260763187059728
19873,-16.8,-2.0,0.011108285963905926
19874,-16.8,-1.0,0.0036489971197266784
19875,-16.8,0.0,0.000626663040809424
19876,-16.8,1.0,0.0030314115406052103
19877,-16.8,2.0,0.0076059869136859744
19878,-16.8,3.0,0.014877041698482592
19879,-16.8,4.0,0.007117313410345418
19880,-16.8,5.0,0.0023608386913056383
19881,-16.8,6.0,0.005541452599864181
19882,-16.8,7.0,0.011153109931172318
19883,-16.8,8.0,0.00539955533886415
19884,-16.8,9.0,0.00463628487143869
19885,-16.8,10.0,0.009063487823544634
19886,-16.8,11.0,0.004100885570291235
19887,-16.8,12.0,0.0010740480306248778
19888,-16.8,13.0,0.0032180203505815315
19889,-16.8,14.0,0.006971164226698489
19890,-16.8,15.0,0.0032016933320677295
19891,-16.8,16.0,0.0027674028886969597
19892,-16.8,17.0,0.005795754773894923
19893,-16.8,18.0,0.002483268213930659
19894,-16.8,19.0,0.0004745818414071488
19895,-16.8,20.0,0.0019864740358047873
19896,-16.8,21.0,0.004603806633056744
19897,-16.8,22.0,0.0020347310293558317
19898,-16.8,23.0,0.0017778943372445334
19899,-16.8,24.0,0.003917775762260127
19900,-16.8,25.0,0.001624058429013543
19901,-16.8,26.0,0.00023903538284585107
19902,-16.8,27.0,0.0013283010516913633
19903,-16.8,28.0,0.003198576702292817
19904,-16.8,29.0,0.0013887327292255573
19905,-16.8,30.0,0.0012263661695476166
19906,-16.8,31.0,0.002768772105991729
19907,-16.8,32.0,0.001132078559637957
19908,-16.8,33.0,8.393346420779153e-05
19909,-16.8,34.0,7.1349807696507164e-06
19910,-16.8,35.0,4.785205607098206e-06
19911,-16.8,36.0,3.6202320882928913e-06
19912,-16.8,37.0,2.7252237447738962e-06
19913,-16.8,38.0,2.0405862469764323e-06
19914,-16.8,39.0,1.519828328474653e-06
19915,-16.8,40.0,1.1259542644940578e-06
19916,-16.8,41.0,8.297236679611368e-07
19917,-16.8,42.0,6.081806873065092e-07
19918,-16.8,43.0,4.4342289719572963e-07
19919,-16.8,44.0,3.2158063708582496e-07
19920,-16.8,45.0,2.3197859240142103e-07
19921,-16.8,46.0,1.6645319441696174e-07
19922,-16.8,47.0,1.1880166881216568e-07
19923,-16.8,48.0,8.434107082714564e-08
19924,-16.8,49.0,5.95582362157971e-08
19925,-16.8,50.0,4.1834124247933666e-08
19926,-16.8,51.0,2.9228441901766142e-08
19927,-16.8,52.0,2.0312658655607202e-08
19928,-16.8,53.0,1.4041515854527473e-08
19929,-16.8,54.0,9.654890090409955e-09
19930,-16.8,55.0,6.603387553545168e-09
19931,-16.8,56.0,4.492337234913023e-09
19932,-16.8,57.0,3.0399330925092517e-09
19933,-16.8,58.0,2.0461704514865684e-09
19934,-16.8,59.0,1.3699531057988566e-09
19935,-16.8,60.0,9.123378699056519e-10
19936,-16.8,61.0,6.043545710692564e-10
19937,-16.8,62.0,3.982117111981599e-10
19938,-16.8,63.0,2.6098908994962483e-10
19939,-16.8,64.0,1.7014405754307512e-10
19940,-16.8,65.0,1.1033094186072112e-10
19941,-16.8,66.0,7.11645935623711e-11
19942,-16.8,67.0,4.565798368905289e-11
19943,-16.8,68.0,2.9137721732272286e-11
19944,-16.8,69.0,1.84961169081323e-11
19945,-16.8,70.0,1.1678623014720695e-11
19946,-16.8,71.0,7.334809267713896e-12
19947,-16.8,72.0,4.582179710417474e-12
19948,-16.8,73.0,2.847354352753832e-12
19949,-16.8,74.0,1.7599366131779554e-12
19950,-16.7,-75.0,6.575061517998266e-07
19951,-16.7,-74.0,8.94628659290499e-07
19952,-16.7,-73.0,1.2107985722845546e-06
19953,-16.7,-72.0,1.62999811160551e-06
19954,-16.7,-71.0,2.182671661427199e-06
19955,-16.7,-70.0,2.9072061316214395e-06
19956,-16.7,-69.0,3.851672470805766e-06
19957,-16.7,-68.0,5.0758523512633345e-06
19958,-16.7,-67.0,6.6535698307928704e-06
19959,-16.7,-66.0,8.675341216853794e-06
19960,-16.7,-65.0,1.1251347004034825e-05
19961,-16.7,-64.0,1.4514717251992112e-05
19962,-16.7,-63.0,1.86251058154624e-05
19963,-16.7,-62.0,2.377250924432355e-05
19964,-16.7,-61.0,3.0181262916949027e-05
19965,-16.7,-60.0,3.811412024506004e-05
19966,-16.7,-59.0,4.787629104725899e-05
19967,-16.7,-58.0,5.981928319449402e-05
19968,-16.7,-57.0,7.434435849136756e-05
19969,-16.7,-56.0,9.190538094531721e-05
19970,-16.7,-55.0,0.00011301080492985101
19971,-16.7,-54.0,0.00013822452444705945
19972,-16.7,-53.0,0.00016816528520142822
19973,-16.7,-52.0,0.00020350435116834288
19974,-16.7,-51.0,0.0002449611195016139
19975,-16.7,-50.0,0.0002932963946081224
19976,-16.7,-49.0,0.00034930306637590746
19977,-16.7,-48.0,0.000413793992085602
19978,-16.7,-47.0,0.00048759134402620087
19979,-16.7,-46.0,0.0005738568038514168
19980,-16.7,-45.0,0.0008779754306650224
19981,-16.7,-44.0,0.0039107958144798715
19982,-16.7,-43.0,0.008829745996857525
19983,-16.7,-42.0,0.007689215724767978
19984,-16.7,-41.0,0.01005370469913946
19985,-16.7,-40.0,0.005145418785767696
19986,-16.7,-39.0,0.005986667235659298
19987,-16.7,-38.0,0.0121256884427078
19988,-16.7,-37.0,0.00613357213333529
19989,-16.7,-36.0,0.0027471796605465647
19990,-16.7,-35.0,0.007851195029186292
19991,-16.7,-34.0,0.01615104362776238
19992,-16.7,-33.0,0.008778745430787384
19993,-16.7,-32.0,0.01026283315983355
19994,-16.7,-31.0,0.020152112980366302
19995,-16.7,-30.0,0.010971441998000766
19996,-16.7,-29.0,0.012909423409247403
19997,-16.7,-28.0,0.025338486841070363
19998,-16.7,-27.0,0.012935897780240083
19999,-16.7,-26.0,0.0058917455126208254
20000,-16.7,-25.0,0.017082399821204353
20001,-16.7,-24.0,0.035328645278454265
20002,-16.7,-23.0,0.018609686842459616
20003,-16.7,-22.0,0.023164409818958304
20004,-16.7,-21.0,0.047376284931162936
20005,-16.7,-20.0,0.022598142369909483
20006,-16.7,-19.0,0.008996819277560589
20007,-16.7,-18.0,0.039590672479790215
20008,-16.7,-17.0,0.08908019817994882
20009,-16.7,-16.0,0.04412209703203072
20010,-16.7,-15.0,0.031171175519258548
20011,-16.7,-14.0,0.06170502393636496
20012,-16.7,-13.0,0.028544065556439305
20013,-16.7,-12.0,0.008193715153361274
20014,-16.7,-11.0,0.01971358738382618
20015,-16.7,-10.0,0.04011822180355236
20016,-16.7,-9.0,0.02003589751158388
20017,-16.7,-8.0,0.016593826723176226
20018,-16.7,-7.0,0.03097791883195341
20019,-16.7,-6.0,0.015158773248424186
20020,-16.7,-5.0,0.005446641620802421
20021,-16.7,-4.0,0.011679774958225924
20022,-16.7,-3.0,0.022662747417198873
20023,-16.7,-2.0,0.011136784742075058
20024,-16.7,-1.0,0.003660606965900499
20025,-16.7,0.0,0.000623476374728994
20026,-16.7,1.0,0.0030443410819264594
20027,-16.7,2.0,0.007627145623634796
20028,-16.7,3.0,0.014910616881536269
20029,-16.7,4.0,0.0071379680079101376
20030,-16.7,5.0,0.0023734120175500518
20031,-16.7,6.0,0.005557294032738006
20032,-16.7,7.0,0.011174993342329026
20033,-16.7,8.0,0.0054141854621804035
20034,-16.7,9.0,0.004648581900775767
20035,-16.7,10.0,0.009078742559682277
20036,-16.7,11.0,0.004111314721918627
20037,-16.7,12.0,0.0010812858151691153
20038,-16.7,13.0,0.003225564449071063
20039,-16.7,14.0,0.006979827352573404
20040,-16.7,15.0,0.0032079001691661477
20041,-16.7,16.0,0.0027723996258813967
20042,-16.7,17.0,0.005800914461647623
20043,-16.7,18.0,0.002487091903948105
20044,-16.7,19.0,0.00047744226700584345
20045,-16.7,20.0,0.001988888606365004
20046,-16.7,21.0,0.004605834157884841
20047,-16.7,22.0,0.002036428255739928
20048,-16.7,23.0,0.0017790865637880874
20049,-16.7,24.0,0.003918339045629001
20050,-16.7,25.0,0.0016247928854015669
20051,-16.7,26.0,0.0002398114005949909
20052,-16.7,27.0,0.0013285176871896168
20053,-16.7,28.0,0.0031979951325030857
20054,-16.7,29.0,0.0013886780650266448
20055,-16.7,30.0,0.0012261530593375817
20056,-16.7,31.0,0.0027677327029301535
20057,-16.7,32.0,0.001131764458031573
20058,-16.7,33.0,8.407487471203285e-05
20059,-16.7,34.0,7.274058580808644e-06
20060,-16.7,35.0,4.893935385649239e-06
20061,-16.7,36.0,3.704490998411238e-06
20062,-16.7,37.0,2.7901373665157465e-06
20063,-16.7,38.0,2.0903051357484157e-06
20064,-16.7,39.0,1.5576884371206946e-06
20065,-16.7,40.0,1.154617547540441e-06
20066,-16.7,41.0,8.512992196049232e-07
20067,-16.7,42.0,6.243279006940554e-07
20068,-16.7,43.0,4.554383550499401e-07
20069,-16.7,44.0,3.304705413660331e-07
20070,-16.7,45.0,2.385185426032175e-07
20071,-16.7,46.0,1.712370560901859e-07
20072,-16.7,47.0,1.2228115796316518e-07
20073,-16.7,48.0,8.685753432623575e-08
20074,-16.7,49.0,6.136794769788916e-08
20075,-16.7,50.0,4.3128250405623784e-08
20076,-16.7,51.0,3.0148673645426e-08
20077,-16.7,52.0,2.0963350915753408e-08
20078,-16.7,53.0,1.4499042296079323e-08
20079,-16.7,54.0,9.974796515295282e-09
20080,-16.7,55.0,6.825820860048563e-09
20081,-16.7,56.0,4.646135155351176e-09
20082,-16.7,57.0,3.145682617328047e-09
20083,-16.7,58.0,2.1184785705599454e-09
20084,-16.7,59.0,1.4191207718033177e-09
20085,-16.7,60.0,9.455853760418913e-10
20086,-16.7,61.0,6.267123388316626e-10
20087,-16.7,62.0,4.131634083695717e-10
20088,-16.7,63.0,2.709327876184499e-10
20089,-16.7,64.0,1.7672068536958405e-10
20090,-16.7,65.0,1.1465666794704012e-10
20091,-16.7,66.0,7.399414452228543e-11
20092,-16.7,67.0,4.749867533662676e-11
20093,-16.7,68.0,3.0328557176674884e-11
20094,-16.7,69.0,1.9262298544687058e-11
20095,-16.7,70.0,1.2168879112899992e-11
20096,-16.7,71.0,7.646789786859637e-12
20097,-16.7,72.0,4.779625104926468e-12
20098,-16.7,73.0,2.971629241533179e-12
20099,-16.7,74.0,1.8377292189115234e-12
20100,-16.6,-75.0,6.463503701893908e-07
20101,-16.6,-74.0,8.799183551270055e-07
20102,-16.6,-73.0,1.1915241798790007e-06
20103,-16.6,-72.0,1.6049054444192541e-06
20104,-16.6,-71.0,2.150216292124575e-06
20105,-16.6,-70.0,2.865503567704443e-06
20106,-16.6,-69.0,3.7984452098378663e-06
20107,-16.6,-68.0,5.0083755498679304e-06
20108,-16.6,-67.0,6.568618128734107e-06
20109,-16.6,-66.0,8.569140230789204e-06
20110,-16.6,-65.0,1.1119534146506809e-05
20111,-16.6,-64.0,1.4352317830933771e-05
20112,-16.6,-63.0,1.8426531805473156e-05
20113,-16.6,-62.0,2.353158965429471e-05
20114,-16.6,-61.0,2.9891316251187912e-05
20115,-16.6,-60.0,3.7768081087470494e-05
20116,-16.6,-59.0,4.746690418847476e-05
20117,-16.6,-58.0,5.9339379845820266e-05
20118,-16.6,-57.0,7.378722984206891e-05
20119,-16.6,-56.0,9.12652644595768e-05
20120,-16.6,-55.0,0.00011228349817447262
20121,-16.6,-54.0,0.00013740813971672056
20122,-16.6,-53.0,0.00016726115560045064
20123,-16.6,-52.0,0.00020251809497481176
20124,-16.6,-51.0,0.00024390386447771767
20125,-16.6,-50.0,0.00029218615738086566
20126,-16.6,-49.0,0.0003481662741169863
20127,-16.6,-48.0,0.00041266712458778483
20128,-16.6,-47.0,0.0004865226999327674
20129,-16.6,-46.0,0.000572927481477219
20130,-16.6,-45.0,0.0008789522016332295
20131,-16.6,-44.0,0.003935953210723147
20132,-16.6,-43.0,0.008894450379106073
20133,-16.6,-42.0,0.007743454771326714
20134,-16.6,-41.0,0.010125788462974397
20135,-16.6,-40.0,0.005177831987528701
20136,-16.6,-39.0,0.0060241908226973525
20137,-16.6,-38.0,0.012209960139828701
20138,-16.6,-37.0,0.0061720183638403325
20139,-16.6,-36.0,0.0027596936588541437
20140,-16.6,-35.0,0.0079002593284704
20141,-16.6,-34.0,0.016259705893628813
20142,-16.6,-33.0,0.008835757760346601
20143,-16.6,-32.0,0.010328055573567634
20144,-16.6,-31.0,0.020283490245110534
20145,-16.6,-30.0,0.011044073521707373
20146,-16.6,-29.0,0.012990917123202144
20147,-16.6,-28.0,0.02549451082184424
20148,-16.6,-27.0,0.013022518257613072
20149,-16.6,-26.0,0.005939103043595531
20150,-16.6,-25.0,0.017180161352531614
20151,-16.6,-24.0,0.035507924521601585
20152,-16.6,-23.0,0.018718800970264685
20153,-16.6,-22.0,0.023260690532300433
20154,-16.6,-21.0,0.04752336715486821
20155,-16.6,-20.0,0.02269900618829501
20156,-16.6,-19.0,0.009027610929756623
20157,-16.6,-18.0,0.03903504484505808
20158,-16.6,-17.0,0.08761063230084432
20159,-16.6,-16.0,0.042727774653873785
20160,-16.6,-15.0,0.03125273749047119
20161,-16.6,-14.0,0.062177720130808196
20162,-16.6,-13.0,0.0287255813605471
20163,-16.6,-12.0,0.00819348211756934
20164,-16.6,-11.0,0.019761927507697386
20165,-16.6,-10.0,0.0402613973374063
20166,-16.6,-9.0,0.020092798433824086
20167,-16.6,-8.0,0.016625441769855122
20168,-16.6,-7.0,0.031055585639952088
20169,-16.6,-6.0,0.015191417335004882
20170,-16.6,-5.0,0.0054520964264428914
20171,-16.6,-4.0,0.011698888405148548
20172,-16.6,-3.0,0.022705175768851185
20173,-16.6,-2.0,0.011158934472843569
20174,-16.6,-1.0,0.003669989234452742
20175,-16.6,0.0,0.0006199497215682999
20176,-16.6,1.0,0.00305543593276228
20177,-16.6,2.0,0.007643936806261102
20178,-16.6,3.0,0.0149357837599744
20179,-16.6,4.0,0.007154572598624988
20180,-16.6,5.0,0.0023846111822231264
20181,-16.6,6.0,0.005569986232485835
20182,-16.6,7.0,0.011190583874321383
20183,-16.6,8.0,0.005425770667158291
20184,-16.6,9.0,0.004658267136806893
20185,-16.6,10.0,0.009088892894043825
20186,-16.6,11.0,0.004119446439930979
20187,-16.6,12.0,0.001087938911739431
20188,-16.6,13.0,0.003231311935013276
20189,-16.6,14.0,0.006984569383872893
20190,-16.6,15.0,0.003212321182534852
20191,-16.6,16.0,0.0027758545144817796
20192,-16.6,17.0,0.005802812739204599
20193,-16.6,18.0,0.0024895322898673402
20194,-16.6,19.0,0.0004800575663861793
20195,-16.6,20.0,0.00199019675546849
20196,-16.6,21.0,0.0046052654283560805
20197,-16.6,22.0,0.002036987299810893
20198,-16.6,23.0,0.0017792839898565943
20199,-16.6,24.0,0.003916688064959741
20200,-16.6,25.0,0.0016246160541302348
20201,-16.6,26.0,0.00024046237359536516
20202,-16.6,27.0,0.0013279875496155392
20203,-16.6,28.0,0.0031956005420126486
20204,-16.6,29.0,0.0013878394678526118
20205,-16.6,30.0,0.0012252471952434914
20206,-16.6,31.0,0.0027651211351996164
20207,-16.6,32.0,0.0011308094629981817
20208,-16.6,33.0,8.417163041996992e-05
20209,-16.6,34.0,7.411626366492579e-06
20210,-16.6,35.0,5.001996276484668e-06
20211,-16.6,36.0,3.788332542738836e-06
20212,-16.6,37.0,2.8548048408286536e-06
20213,-16.6,38.0,2.1398919055775335e-06
20214,-16.6,39.0,1.595489944926121e-06
20215,-16.6,40.0,1.1832675924166e-06
20216,-16.6,41.0,8.728877611858085e-07
20217,-16.6,42.0,6.405016807396572e-07
20218,-16.6,43.0,4.6748588245550065e-07
20219,-16.6,44.0,3.3939311119891476e-07
20220,-16.6,45.0,2.450889861859681e-07
20221,-16.6,46.0,1.7604787262202664e-07
20222,-16.6,47.0,1.2578358074322651e-07
20223,-16.6,48.0,8.939295467910467e-08
20224,-16.6,49.0,6.319297196970248e-08
20225,-16.6,50.0,4.4434511308063335e-08
20226,-16.6,51.0,3.107836520129554e-08
20227,-16.6,52.0,2.1621312174290137e-08
20228,-16.6,53.0,1.4962082602693388e-08
20229,-16.6,54.0,1.029883652904414e-08
20230,-16.6,55.0,7.0513195258276036e-09
20231,-16.6,56.0,4.802183339936491e-09
20232,-16.6,57.0,3.253068355334546e-09
20233,-16.6,58.0,2.1919656842111947e-09
20234,-16.6,59.0,1.4691306576976926e-09
20235,-16.6,60.0,9.794295457309383e-10
20236,-16.6,61.0,6.494894311230365e-10
20237,-16.6,62.0,4.2840751824303357e-10
20238,-16.6,63.0,2.810788623008174e-10
20239,-16.6,64.0,1.8343634902965853e-10
20240,-16.6,65.0,1.1907722811106812e-10
20241,-16.6,66.0,7.688792537779013e-11
20242,-16.6,67.0,4.938256869108399e-11
20243,-16.6,68.0,3.154825320677738e-11
20244,-16.6,69.0,2.0047631306547943e-11
20245,-16.6,70.0,1.2671759537431925e-11
20246,-16.6,71.0,7.967037969285543e-12
20247,-16.6,72.0,4.982450105346349e-12
20248,-16.6,73.0,3.099382219484908e-12
20249,-16.6,74.0,1.9177563245642963e-12
20250,-16.5,-75.0,6.348048638110683e-07
20251,-16.5,-74.0,8.64661277427153e-07
20252,-16.5,-73.0,1.1714881023249923e-06
20253,-16.5,-72.0,1.5787590817073957e-06
20254,-16.5,-71.0,2.116313239699929e-06
20255,-16.5,-70.0,2.821825433448609e-06
20256,-16.5,-69.0,3.7425399555809222e-06
20257,-16.5,-68.0,4.937292480808833e-06
20258,-16.5,-67.0,6.4788417525207325e-06
20259,-16.5,-66.0,8.456526164903675e-06
20260,-16.5,-65.0,1.0979251387563472e-05
20261,-16.5,-64.0,1.4178803007350852e-05
20262,-16.5,-63.0,1.8213462497455237e-05
20263,-16.5,-62.0,2.3271885447673493e-05
20264,-16.5,-61.0,2.9577177840790744e-05
20265,-16.5,-60.0,3.7391079386143636e-05
20266,-16.5,-59.0,4.7018132931399594e-05
20267,-16.5,-58.0,5.88096864846369e-05
20268,-16.5,-57.0,7.316754045580386e-05
20269,-16.5,-56.0,9.054701880701587e-05
20270,-16.5,-55.0,0.00011145921070000927
20271,-16.5,-54.0,0.00013647210111872413
20272,-16.5,-53.0,0.0001662102873038452
20273,-16.5,-52.0,0.0002013529653632758
20274,-16.5,-51.0,0.0002426298709158318
20275,-16.5,-50.0,0.00029081487182410306
20276,-16.5,-49.0,0.00034671694246736403
20277,-16.5,-48.0,0.00041116830099940574
20278,-16.5,-47.0,0.000485014019510938
20279,-16.5,-46.0,0.0005714787980700031
20280,-16.5,-45.0,0.0008791554152747883
20281,-16.5,-44.0,0.003957908051069664
20282,-16.5,-43.0,0.008952019182957422
20283,-16.5,-42.0,0.007791445355186686
20284,-16.5,-41.0,0.010189714918954972
20285,-16.5,-40.0,0.005205987074072678
20286,-16.5,-39.0,0.006056756756371997
20287,-16.5,-38.0,0.012284340211518611
20288,-16.5,-37.0,0.0062053535367892826
20289,-16.5,-36.0,0.00276979032187707
20290,-16.5,-35.0,0.007942787654543548
20291,-16.5,-34.0,0.016355147285871292
20292,-16.5,-33.0,0.008885464960366778
20293,-16.5,-32.0,0.010384762262121539
20294,-16.5,-31.0,0.020398382203015063
20295,-16.5,-30.0,0.011107617935332064
20296,-16.5,-29.0,0.013061771682280244
20297,-16.5,-28.0,0.025629898916409037
20298,-16.5,-27.0,0.013098511646231206
20299,-16.5,-26.0,0.005981542182009374
20300,-16.5,-25.0,0.017264149477051398
20301,-16.5,-24.0,0.035658970420161286
20302,-16.5,-23.0,0.018813064544464006
20303,-16.5,-22.0,0.023339277296927113
20304,-16.5,-21.0,0.04763470454449653
20305,-16.5,-20.0,0.022782836075399163
20306,-16.5,-19.0,0.00905908792569756
20307,-16.5,-18.0,0.038561462410444176
20308,-16.5,-17.0,0.08634881529423385
20309,-16.5,-16.0,0.0414746640364448
20310,-16.5,-15.0,0.03133881602438583
20311,-16.5,-14.0,0.06264158821769514
20312,-16.5,-13.0,0.028901903359843995
20313,-16.5,-12.0,0.008190160234976955
20314,-16.5,-11.0,0.01980295843484557
20315,-16.5,-10.0,0.04039039367216452
20316,-16.5,-9.0,0.020142270770114826
20317,-16.5,-8.0,0.01665046123248115
20318,-16.5,-7.0,0.031121298807995735
20319,-16.5,-6.0,0.015218001933212133
20320,-16.5,-5.0,0.0054551125839509594
20321,-16.5,-4.0,0.011713140240944327
20322,-16.5,-3.0,0.02273848198610888
20323,-16.5,-2.0,0.011176483980778291
20324,-16.5,-1.0,0.0036777141443037694
20325,-16.5,0.0,0.0006161874717632584
20326,-16.5,1.0,0.003065165087612341
20327,-16.5,2.0,0.007657553878203877
20328,-16.5,3.0,0.01495488805733952
20329,-16.5,4.0,0.007168242931380894
20330,-16.5,5.0,0.002394798220950467
20331,-16.5,6.0,0.00558039789193902
20332,-16.5,7.0,0.011201643759209361
20333,-16.5,8.0,0.0054351586400464376
20334,-16.5,9.0,0.004666068689755992
20335,-16.5,10.0,0.009095374055805388
20336,-16.5,11.0,0.0041259254610483045
20337,-16.5,12.0,0.0010941702523299998
20338,-16.5,13.0,0.0032357695774271732
20339,-16.5,14.0,0.00698649819346458
20340,-16.5,15.0,0.003215462353888026
20341,-16.5,16.0,0.002778205382964218
20342,-16.5,17.0,0.0058023733279312555
20343,-16.5,18.0,0.002490983157080558
20344,-16.5,19.0,0.00048250037147318567
20345,-16.5,20.0,0.001990714335050558
20346,-16.5,21.0,0.004602836843971776
20347,-16.5,22.0,0.0020367326815534524
20348,-16.5,23.0,0.001778770545160261
20349,-16.5,24.0,0.0039134509437917875
20350,-16.5,25.0,0.0016237877472387576
20351,-16.5,26.0,0.00024102578961439917
20352,-16.5,27.0,0.0013269236166417165
20353,-16.5,28.0,0.00319190702612983
20354,-16.5,29.0,0.0013864399355263451
20355,-16.5,30.0,0.0012238457057704804
20356,-16.5,31.0,0.002761383062618784
20357,-16.5,32.0,0.0011293956822077632
20358,-16.5,33.0,8.423706844256966e-05
20359,-16.5,34.0,7.548693733738839e-06
20360,-16.5,35.0,5.110052700338422e-06
20361,-16.5,36.0,3.8722594234407104e-06
20362,-16.5,37.0,2.9196047452430503e-06
20363,-16.5,38.0,2.1896302260327187e-06
20364,-16.5,39.0,1.633444340606634e-06
20365,-16.5,40.0,1.212061283924672e-06
20366,-16.5,41.0,8.946050894521771e-07
20367,-16.5,42.0,6.567870699699822e-07
20368,-16.5,43.0,4.796276238998468e-07
20369,-16.5,44.0,3.483935319670485e-07
20370,-16.5,45.0,2.5172261385613885e-07
20371,-16.5,46.0,1.8090917735285394e-07
20372,-16.5,47.0,1.2932579404622576e-07
20373,-16.5,48.0,9.195934644506009e-08
20374,-16.5,49.0,6.504182974329368e-08
20375,-16.5,50.0,4.575891984079391e-08
20376,-16.5,51.0,3.2021738684338025e-08
20377,-16.5,52.0,2.22894924047329e-08
20378,-16.5,53.0,1.5432687690047295e-08
20379,-16.5,54.0,1.0628428926500372e-08
20380,-16.5,55.0,7.280860189271121e-09
20381,-16.5,56.0,4.9611507337404745e-09
20382,-16.5,57.0,3.362546227415029e-09
20383,-16.5,58.0,2.2669409860907197e-09
20384,-16.5,59.0,1.520191410980556e-09
20385,-16.5,60.0,1.014010478487027e-09
20386,-16.5,61.0,6.727794531508558e-10
20387,-16.5,62.0,4.4400627116790787e-10
20388,-16.5,63.0,2.914684803169257e-10
20389,-16.5,64.0,1.903181453222983e-10
20390,-16.5,65.0,1.2361036949572707e-10
20391,-16.5,66.0,7.985750182120818e-11
20392,-16.5,67.0,5.131716348212621e-11
20393,-16.5,68.0,3.280164874079702e-11
20394,-16.5,69.0,2.0855221737005366e-11
20395,-16.5,70.0,1.318924869473074e-11
20396,-16.5,71.0,8.296815077303287e-12
20397,-16.5,72.0,5.191452337455134e-12
20398,-16.5,73.0,3.2311151773483558e-12
20399,-16.5,74.0,2.0003321492458628e-12
20400,-16.4,-75.0,6.23042278782331e-07
20401,-16.4,-74.0,8.490918495288574e-07
20402,-16.4,-73.0,1.151006916646292e-06
20403,-16.4,-72.0,1.551984223686337e-06
20404,-16.4,-71.0,2.08153049863947e-06
20405,-16.4,-70.0,2.7769263558518683e-06
20406,-16.4,-69.0,3.684953854953611e-06
20407,-16.4,-68.0,4.863913609543771e-06
20408,-16.4,-67.0,6.385953604639916e-06
20409,-16.4,-66.0,8.339725819971301e-06
20410,-16.4,-65.0,1.0833377933478894e-05
20411,-16.4,-64.0,1.399787539087649e-05
20412,-16.4,-63.0,1.799063363138544e-05
20413,-16.4,-62.0,2.2999421021688495e-05
20414,-16.4,-61.0,2.9246469989386623e-05
20415,-16.4,-60.0,3.6992707090002646e-05
20416,-16.4,-59.0,4.6541982673041775e-05
20417,-16.4,-58.0,5.824514812585007e-05
20418,-16.4,-57.0,7.250379441064277e-05
20419,-16.4,-56.0,8.977343118727106e-05
20420,-16.4,-55.0,0.00011056585303219902
20421,-16.4,-54.0,0.00013545041028798757
20422,-16.4,-53.0,0.00016505387938921934
20423,-16.4,-52.0,0.00020005861382582776
20424,-16.4,-51.0,0.0002411986550528837
20425,-16.4,-50.0,0.00028925349542472333
20426,-16.4,-49.0,0.0003450392151777201
20427,-16.4,-48.0,0.0004093967661045738
20428,-16.4,-47.0,0.000483181731614857
20429,-16.4,-46.0,0.0005696471268455544
20430,-16.4,-45.0,0.0008787891538773517
20431,-16.4,-44.0,0.003977530295146998
20432,-16.4,-43.0,0.009004401753834388
20433,-16.4,-42.0,0.0078348887943805
20434,-16.4,-41.0,0.010247706231437746
20435,-16.4,-40.0,0.005231029386837422
20436,-16.4,-39.0,0.006085697752581055
20437,-16.4,-38.0,0.012351512938177014
20438,-16.4,-37.0,0.006234942586312904
20439,-16.4,-36.0,0.00277808885940753
20440,-16.4,-35.0,0.007980526821915407
20441,-16.4,-34.0,0.01644094815572099
20442,-16.4,-33.0,0.008929815614469816
20443,-16.4,-32.0,0.010435233464567189
20444,-16.4,-31.0,0.020501262167366155
20445,-16.4,-30.0,0.01116450675901623
20446,-16.4,-29.0,0.013124854667354711
20447,-16.4,-28.0,0.02575028960688246
20448,-16.4,-27.0,0.013166741444661897
20449,-16.4,-26.0,0.006020349489752218
20450,-16.4,-25.0,0.01733816998556934
20451,-16.4,-24.0,0.03578969822243816
20452,-16.4,-23.0,0.018896615991945184
20453,-16.4,-22.0,0.023405354926285135
20454,-16.4,-21.0,0.04772097741591203
20455,-16.4,-20.0,0.022854651745839394
20456,-16.4,-19.0,0.009091055505554991
20457,-16.4,-18.0,0.03814709825938069
20458,-16.4,-17.0,0.08523698328615369
20459,-16.4,-16.0,0.040326488232589705
20460,-16.4,-15.0,0.0314295972638519
20461,-16.4,-14.0,0.06310239495854672
20462,-16.4,-13.0,0.029075692539793148
20463,-16.4,-12.0,0.008184473031881735
20464,-16.4,-11.0,0.01983832092219747
20465,-16.4,-10.0,0.0405085136801399
20466,-16.4,-9.0,0.020185973175552197
20467,-16.4,-8.0,0.016670259812094492
20468,-16.4,-7.0,0.0311776058439417
20469,-16.4,-6.0,0.015239777302652482
20470,-16.4,-5.0,0.0054561431729846
20471,-16.4,-4.0,0.011723494967528305
20472,-16.4,-3.0,0.02276453332369513
20473,-16.4,-2.0,0.011190348577967671
20474,-16.4,-1.0,0.0036840791492321174
20475,-16.4,0.0,0.0006122453432686893
20476,-16.4,1.0,0.003073772003928307
20477,-16.4,2.0,0.007668620095010777
20478,-16.4,3.0,0.014969157383041509
20479,-16.4,4.0,0.007179561434781377
20480,-16.4,5.0,0.0024041602459007644
20481,-16.4,6.0,0.005588982370735858
20482,-16.4,7.0,0.011209095852322002
20483,-16.4,8.0,0.005442792048699075
20484,-16.4,9.0,0.004672366806979351
20485,-16.4,10.0,0.009098938287121735
20486,-16.4,11.0,0.004131088653250257
20487,-16.4,12.0,0.0011000636111938725
20488,-16.4,13.0,0.0032392023274446543
20489,-16.4,14.0,0.006986195292457333
20490,-16.4,15.0,0.003217588635111056
20491,-16.4,16.0,0.0027796815966528916
20492,-16.4,17.0,0.0058000816542081975
20493,-16.4,18.0,0.002491651009682829
20494,-16.4,19.0,0.00048480819733232603
20495,-16.4,20.0,0.0019906071661984544
20496,-16.4,21.0,0.004598935964923585
20497,-16.4,22.0,0.0020358349955273605
20498,-16.4,23.0,0.0017776955664811642
20499,-16.4,24.0,0.0039089585683346455
20500,-16.4,25.0,0.0016224447162897096
20501,-16.4,26.0,0.00024152123010518498
20502,-16.4,27.0,0.0013254380901448514
20503,-16.4,28.0,0.0031871856687892587
20504,-16.4,29.0,0.001384597017341887
20505,-16.4,30.0,0.0012220525452660718
20506,-16.4,31.0,0.002756753613547896
20507,-16.4,32.0,0.0011276191761704928
20508,-16.4,33.0,8.427819625191794e-05
20509,-16.4,34.0,7.685770687582652e-06
20510,-16.4,35.0,5.218438612421e-06
20511,-16.4,36.0,3.956524877042266e-06
20512,-16.4,37.0,2.9847282721731836e-06
20513,-16.4,38.0,2.239663762410036e-06
20514,-16.4,39.0,1.6716590661330405e-06
20515,-16.4,40.0,1.2410785945376702e-06
20516,-16.4,41.0,9.16510449806754e-07
20517,-16.4,42.0,6.732277520384177e-07
20518,-16.4,43.0,4.91895637313684e-07
20519,-16.4,44.0,3.5749521929708054e-07
20520,-16.4,45.0,2.584364484069824e-07
20521,-16.4,46.0,1.8583328745503177e-07
20522,-16.4,47.0,1.3291666833369298e-07
20523,-16.4,48.0,9.456306784631856e-08
20524,-16.4,49.0,6.691905707248978e-08
20525,-16.4,50.0,4.710469686405777e-08
20526,-16.4,51.0,3.2981070315302276e-08
20527,-16.4,52.0,2.2969492649356633e-08
20528,-16.4,53.0,1.5911978372660235e-08
20529,-16.4,54.0,1.0964354621906805e-08
20530,-16.4,55.0,7.514984361334428e-09
20531,-16.4,56.0,5.12341105189967e-09
20532,-16.4,57.0,3.4743729173897344e-09
20533,-16.4,58.0,2.3435799349847386e-09
20534,-16.4,59.0,1.572422393266289e-09
20535,-16.4,60.0,1.049408983544895e-09
20536,-16.4,61.0,6.966368498631148e-10
20537,-16.4,62.0,4.599961717583208e-10
20538,-16.4,63.0,3.0212599871244363e-10
20539,-16.4,64.0,1.9738224689246965e-10
20540,-16.4,65.0,1.282667779706121e-10
20541,-16.4,66.0,8.290989978119577e-11
20542,-16.4,67.0,5.330705650590863e-11
20543,-16.4,68.0,3.409173643576618e-11
20544,-16.4,69.0,2.16870084948222e-11
20545,-16.4,70.0,1.3722596213674825e-11
20546,-16.4,71.0,8.636922583283432e-12
20547,-16.4,72.0,5.407143266934417e-12
20548,-16.4,73.0,3.367152871417562e-12
20549,-16.4,74.0,2.0856618585715033e-12
20550,-16.3,-75.0,6.111687653117477e-07
20551,-16.3,-74.0,8.333543254533253e-07
20552,-16.3,-73.0,1.1302755796819441e-06
20553,-16.3,-72.0,1.524842902257107e-06
20554,-16.3,-71.0,2.0462183177473552e-06
20555,-16.3,-70.0,2.7312719291448424e-06
20556,-16.3,-69.0,3.626302437033014e-06
20557,-16.3,-68.0,4.789048220562249e-06
20558,-16.3,-67.0,6.291011883530673e-06
20559,-16.3,-66.0,8.220115289232075e-06
20560,-16.3,-65.0,1.0683693477024648e-05
20561,-16.3,-64.0,1.3811824057583913e-05
20562,-16.3,-63.0,1.7760973368691447e-05
20563,-16.3,-62.0,2.2717921588359848e-05
20564,-16.3,-61.0,2.8903906047778942e-05
20565,-16.3,-60.0,3.657889526741762e-05
20566,-16.3,-59.0,4.6045876116932756e-05
20567,-16.3,-58.0,5.76550036415682e-05
20568,-16.3,-57.0,7.18074285218983e-05
20569,-16.3,-56.0,8.895858223565914e-05
20570,-16.3,-55.0,0.00010962066655347613
20571,-16.3,-54.0,0.00013436406418063898
20572,-16.3,-53.0,0.00016381736363766582
20573,-16.3,-52.0,0.00019866567658282072
20574,-16.3,-51.0,0.00023964692257880896
20575,-16.3,-50.0,0.0002875457676272789
20576,-16.3,-49.0,0.0003431849312590326
20577,-16.3,-48.0,0.0004074136261591437
20578,-16.3,-47.0,0.0004810974779150475
20579,-16.3,-46.0,0.0005675163217035136
20580,-16.3,-45.0,0.0008779784505062117
20581,-16.3,-44.0,0.003995348909064876
20582,-16.3,-43.0,0.00905278176154302
20583,-16.3,-42.0,0.007874818536659226
20584,-16.3,-41.0,0.010301111945184002
20585,-16.3,-40.0,0.005253655366269572
20586,-16.3,-39.0,0.006111824135280684
20587,-16.3,-38.0,0.0124131087800775
20588,-16.3,-37.0,0.006261615330477485
20589,-16.3,-36.0,0.0027849665098396404
20590,-16.3,-35.0,0.008014538572479506
20591,-16.3,-34.0,0.01651928329174918
20592,-16.3,-33.0,0.008969993509146396
20593,-16.3,-32.0,0.010480854449130399
20594,-16.3,-31.0,0.020594847274159195
20595,-16.3,-30.0,0.011216216344736468
20596,-16.3,-29.0,0.013181907381403539
20597,-16.3,-28.0,0.02585910779590624
20598,-16.3,-27.0,0.013228945270046486
20599,-16.3,-26.0,0.006056303447741494
20600,-16.3,-25.0,0.017404531980249733
20601,-16.3,-24.0,0.03590491424820791
20602,-16.3,-23.0,0.018971964457204
20603,-16.3,-22.0,0.023462058147549602
20604,-16.3,-21.0,0.04778864503964269
20605,-16.3,-20.0,0.02291748626167732
20606,-16.3,-19.0,0.009123388579444405
20607,-16.3,-18.0,0.03777810290414729
20608,-16.3,-17.0,0.08424010078830567
20609,-16.3,-16.0,0.039260888973423363
20610,-16.3,-15.0,0.03152532303191392
20611,-16.3,-14.0,0.06356401079714044
20612,-16.3,-13.0,0.029248715336743128
20613,-16.3,-12.0,0.00817686950781212
20614,-16.3,-11.0,0.019868998333993863
20615,-16.3,-10.0,0.04061773058040863
20616,-16.3,-9.0,0.020224897683504734
20617,-16.3,-8.0,0.016685657088514484
20618,-16.3,-7.0,0.03122602101291455
20619,-16.3,-6.0,0.0152574873486841
20620,-16.3,-5.0,0.005455458480948116
20621,-16.3,-4.0,0.011730525930133694
20622,-16.3,-3.0,0.022784438590415457
20623,-16.3,-2.0,0.011201071325362572
20624,-16.3,-1.0,0.0036892600120373266
20625,-16.3,0.0,0.0006081572236669494
20626,-16.3,1.0,0.003081399561485269
20627,-16.3,2.0,0.007677504099359492
20628,-16.3,3.0,0.014979319816444125
20629,-16.3,4.0,0.007188872365380791
20630,-16.3,5.0,0.0024128063671754497
20631,-16.3,6.0,0.005596007537519238
20632,-16.3,7.0,0.011213487938365681
20633,-16.3,8.0,0.005448932646661533
20634,-16.3,9.0,0.004677386344500365
20635,-16.3,10.0,0.009100032590092054
20636,-16.3,11.0,0.004135135342275891
20637,-16.3,12.0,0.0011056674616911264
20638,-16.3,13.0,0.0032417670869740855
20639,-16.3,14.0,0.006984006894745677
20640,-16.3,15.0,0.0032188572582628277
20641,-16.3,16.0,0.0027804193480925627
20642,-16.3,17.0,0.005796227181955408
20643,-16.3,18.0,0.002491658635233356
20644,-16.3,19.0,0.0004870028839117295
20645,-16.3,20.0,0.0019899739939820086
20646,-16.3,21.0,0.004593794354066179
20647,-16.3,22.0,0.0020343960096351234
20648,-16.3,23.0,0.0017761482037348076
20649,-16.3,24.0,0.0039034088874011787
20650,-16.3,25.0,0.0016206686789730312
20651,-16.3,26.0,0.0002419602739546606
20652,-16.3,27.0,0.001323598098717588
20653,-16.3,28.0,0.003181598854991843
20654,-16.3,29.0,0.0013823810968142751
20655,-16.3,30.0,0.0012199299900709326
20656,-16.3,31.0,0.0027513737386074804
20657,-16.3,32.0,0.0011255375143592024
20658,-16.3,33.0,8.429919099578745e-05
20659,-16.3,34.0,7.823144652947421e-06
20660,-16.3,35.0,5.327340831892981e-06
20661,-16.3,36.0,4.0412710712642145e-06
20662,-16.3,37.0,3.0502831883276635e-06
20663,-16.3,38.0,2.290073852027047e-06
20664,-16.3,39.0,1.7101952465262307e-06
20665,-16.3,40.0,1.2703652618283493e-06
20666,-16.3,41.0,9.386379184871453e-07
20667,-16.3,42.0,6.898490055239536e-07
20668,-16.3,43.0,5.043085939216391e-07
20669,-16.3,44.0,3.6671190435182536e-07
20670,-16.3,45.0,2.6524054409794366e-07
20671,-16.3,46.0,1.9082753275559242e-07
20672,-16.3,47.0,1.3656152382613743e-07
20673,-16.3,48.0,9.720796345563654e-08
20674,-16.3,49.0,6.882741986907281e-08
20675,-16.3,50.0,4.847382339697783e-08
20676,-16.3,51.0,3.395777258816057e-08
20677,-16.3,52.0,2.3662315487845633e-08
20678,-16.3,53.0,1.640066303938878e-08
20679,-16.3,54.0,1.1307111846243649e-08
20680,-16.3,55.0,7.754040845807273e-09
20681,-16.3,56.0,5.289207351397571e-09
20682,-16.3,57.0,3.58871700145549e-09
20683,-16.3,58.0,2.421998898028308e-09
20684,-16.3,59.0,1.6259035502482092e-09
20685,-16.3,60.0,1.0856797216083103e-09
20686,-16.3,61.0,7.210988137882946e-10
20687,-16.3,62.0,4.764024038379467e-10
20688,-16.3,63.0,3.130683865766007e-10
20689,-16.3,64.0,2.0464003137627156e-10
20690,-16.3,65.0,1.3305404434892536e-10
20691,-16.3,66.0,8.605015836792704e-11
20692,-16.3,67.0,5.5355576163503217e-11
20693,-16.3,68.0,3.5420703656047656e-11
20694,-16.3,69.0,2.2544421784703783e-11
20695,-16.3,70.0,1.4272732463352435e-11
20696,-16.3,71.0,8.987962604732225e-12
20697,-16.3,72.0,5.629910566796715e-12
20698,-16.3,73.0,3.5077436139432345e-12
20699,-16.3,74.0,2.1739036754708923e-12
20700,-16.2,-75.0,5.992552452713053e-07
20701,-16.2,-74.0,8.175452063381896e-07
20702,-16.2,-73.0,1.1094246630279442e-06
20703,-16.2,-72.0,1.4975108012140492e-06
20704,-16.2,-71.0,2.0106117598782786e-06
20705,-16.2,-70.0,2.6851749111367195e-06
20706,-16.2,-69.0,3.5669995172237054e-06
20707,-16.2,-68.0,4.713240793839691e-06
20708,-16.2,-67.0,6.194729009559838e-06
20709,-16.2,-66.0,8.098621556708188e-06
20710,-16.2,-65.0,1.0531397495403437e-05
20711,-16.2,-64.0,1.3622192476329003e-05
20712,-16.2,-63.0,1.752645682325867e-05
20713,-16.2,-62.0,2.2429900637186688e-05
20714,-16.2,-61.0,2.8552666951919643e-05
20715,-16.2,-60.0,3.61536473087891e-05
20716,-16.2,-59.0,4.5534823962915775e-05
20717,-16.2,-58.0,5.7045489928094554e-05
20718,-16.2,-57.0,7.1086163204288e-05
20719,-16.2,-56.0,8.81119761837133e-05
20720,-16.2,-55.0,0.00010863528716389288
20721,-16.2,-54.0,0.0001332272302539135
20722,-16.2,-53.0,0.00016251789522549033
20723,-16.2,-52.0,0.00019719481277449558
20724,-16.2,-51.0,0.00023799941610693498
20725,-16.2,-50.0,0.00028572115962334456
20726,-16.2,-49.0,0.00034118900242937825
20727,-16.2,-48.0,0.00040526001211959673
20728,-16.2,-47.0,0.0004788094528225128
20729,-16.2,-46.0,0.0005651427540444007
20730,-16.2,-45.0,0.0008768070492477151
20731,-16.2,-44.0,0.004011715389999741
20732,-16.2,-43.0,0.009097944631652671
20733,-16.2,-42.0,0.0079119205947269
20734,-16.2,-41.0,0.010350827694502027
20735,-16.2,-40.0,0.005274327822382497
20736,-16.2,-39.0,0.006135674344934958
20737,-16.2,-38.0,0.012470209960757825
20738,-16.2,-37.0,0.0062859230984610255
20739,-16.2,-36.0,0.0027906744731748404
20740,-16.2,-35.0,0.008045528111025772
20741,-16.2,-34.0,0.01659159614993249
20742,-16.2,-33.0,0.009006784481145714
20743,-16.2,-32.0,0.010522544738792848
20744,-16.2,-31.0,0.020680940745393287
20745,-16.2,-30.0,0.011263726072136193
20746,-16.2,-29.0,0.01323408496758874
20747,-16.2,-28.0,0.02595862609205747
20748,-16.2,-27.0,0.013286274949970499
20749,-16.2,-26.0,0.006089918518934405
20750,-16.2,-25.0,0.017464765260410707
20751,-16.2,-24.0,0.03600780515683762
20752,-16.2,-23.0,0.01904077085130433
20753,-16.2,-22.0,0.02351145380447361
20754,-16.2,-21.0,0.04784196656736088
20755,-16.2,-20.0,0.022973338070295075
20756,-16.2,-19.0,0.00915599941842533
20757,-16.2,-18.0,0.037445301287274343
20758,-16.2,-17.0,0.08333496484580048
20759,-16.2,-16.0,0.03826281695161247
20760,-16.2,-15.0,0.031626282209109964
20761,-16.2,-14.0,0.06402935652227468
20762,-16.2,-13.0,0.029422286347426677
20763,-16.2,-12.0,0.008167654129344828
20764,-16.2,-11.0,0.019895624109082813
20765,-16.2,-10.0,0.04071930984404629
20766,-16.2,-9.0,0.0202596814991868
20767,-16.2,-8.0,0.01669717699611218
20768,-16.2,-7.0,0.0312675081721097
20769,-16.2,-6.0,0.015271606310828807
20770,-16.2,-5.0,0.005453231530883906
20771,-16.2,-4.0,0.011734598172612586
20772,-16.2,-3.0,0.022798902567311315
20773,-16.2,-2.0,0.011208997047064467
20774,-16.2,-1.0,0.0036933677704789063
20775,-16.2,0.0,0.0006039453478648071
20776,-16.2,1.0,0.00308813714797365
20777,-16.2,2.0,0.007684438947837163
20778,-16.2,3.0,0.014985837326239218
20779,-16.2,4.0,0.007196393131913512
20780,-16.2,5.0,0.00242080418939434
20781,-16.2,6.0,0.005601642465006082
20782,-16.2,7.0,0.011215167970128082
20783,-16.2,8.0,0.005453745813009596
20784,-16.2,9.0,0.004681269376927573
20785,-16.2,10.0,0.009098941323066245
20786,-16.2,11.0,0.004138191572357593
20787,-16.2,12.0,0.0011110114763639809
20788,-16.2,13.0,0.0032435631838131852
20789,-16.2,14.0,0.00698015382354077
20790,-16.2,15.0,0.0032193680511062236
20791,-16.2,16.0,0.0027805051752753736
20792,-16.2,17.0,0.005790994938993239
20793,-16.2,18.0,0.0024910842037703567
20794,-16.2,19.0,0.0004890979143989775
20795,-16.2,20.0,0.0019888778122425757
20796,-16.2,21.0,0.004587560432512637
20797,-16.2,22.0,0.0020324808073589407
20798,-16.2,23.0,0.0017741855265236493
20799,-16.2,24.0,0.003896928996721489
20800,-16.2,25.0,0.0016185120194303314
20801,-16.2,26.0,0.0002423502324167067
20802,-16.2,27.0,0.0013214467459121066
20803,-16.2,28.0,0.003175251034330707
20804,-16.2,29.0,0.0013798374177348338
20805,-16.2,30.0,0.0012175181014980189
20806,-16.2,31.0,0.002745334192168779
20807,-16.2,32.0,0.0011231877502307472
20808,-16.2,33.0,8.430272050887456e-05
20809,-16.2,34.0,7.960983776008778e-06
20810,-16.2,35.0,5.43686723902407e-06
20811,-16.2,36.0,4.126580565990725e-06
20812,-16.2,37.0,3.116332474519278e-06
20813,-16.2,38.0,2.340908363012868e-06
20814,-16.2,39.0,1.7490891289891145e-06
20815,-16.2,40.0,1.2999486309121415e-06
20816,-16.2,41.0,9.610080471224338e-07
20817,-16.2,42.0,7.066662174602288e-07
20818,-16.2,43.0,5.168779695470147e-07
20819,-16.2,44.0,3.7605211241396604e-07
20820,-16.2,45.0,2.721412090976866e-07
20821,-16.2,46.0,1.958965620369946e-07
20822,-16.2,47.0,1.4026377235085175e-07
20823,-16.2,48.0,9.989652681218613e-08
20824,-16.2,49.0,7.076873279389184e-08
20825,-16.2,50.0,4.986761434125612e-08
20826,-16.2,51.0,3.495279409177606e-08
20827,-16.2,52.0,2.4368642188627385e-08
20828,-16.2,53.0,1.6899228750898564e-08
20829,-16.2,54.0,1.1657047210335694e-08
20830,-16.2,55.0,7.998275150895052e-09
20831,-16.2,56.0,5.458712704019769e-09
20832,-16.2,57.0,3.70569990110399e-09
20833,-16.2,58.0,2.502282646304274e-09
20834,-16.2,59.0,1.6806937741410673e-09
20835,-16.2,60.0,1.12286340280358e-09
20836,-16.2,61.0,7.46193344999279e-10
20837,-16.2,62.0,4.932441279183088e-10
20838,-16.2,63.0,3.2430868838609576e-10
20839,-16.2,64.0,2.1210033363120072e-10
20840,-16.2,65.0,1.3797812125853496e-10
20841,-16.2,66.0,8.928226726465027e-11
20842,-16.2,67.0,5.746538240806937e-11
20843,-16.2,68.0,3.67903144154134e-11
20844,-16.2,69.0,2.3428625223416373e-11
20845,-16.2,70.0,1.484042090434241e-11
20846,-16.2,71.0,9.350433362059662e-12
20847,-16.2,72.0,5.860077611101541e-12
20848,-16.2,73.0,3.653096156126404e-12
20849,-16.2,74.0,2.265191624724502e-12
20850,-16.1,-75.0,5.873518199668595e-07
20851,-16.1,-74.0,8.017327793277879e-07
20852,-16.1,-73.0,1.0885467096997326e-06
20853,-16.1,-72.0,1.4701126208158985e-06
20854,-16.1,-71.0,1.9748779010554e-06
20855,-16.1,-70.0,2.6388578827148634e-06
20856,-16.1,-69.0,3.5073399395518814e-06
20857,-16.1,-68.0,4.636879686388479e-06
20858,-16.1,-67.0,6.097613619603019e-06
20859,-16.1,-66.0,7.975907030789546e-06
20860,-16.1,-65.0,1.037734779332133e-05
20861,-16.1,-64.0,1.343008523148226e-05
20862,-16.1,-63.0,1.7288498356557777e-05
20863,-16.1,-62.0,2.21371590122937e-05
20864,-16.1,-61.0,2.819503277662006e-05
20865,-16.1,-60.0,3.571983387827744e-05
20866,-16.1,-59.0,4.501242021882635e-05
20867,-16.1,-58.0,5.642108145958855e-05
20868,-16.1,-57.0,7.034553800602938e-05
20869,-16.1,-56.0,8.724043294794446e-05
20870,-16.1,-55.0,0.0001076180643383411
20871,-16.1,-54.0,0.00013205007374956083
20872,-16.1,-53.0,0.00016116778131100595
20873,-16.1,-52.0,0.0001956608401595392
20874,-16.1,-51.0,0.00023627387733127412
20875,-16.1,-50.0,0.0002838007965109498
20876,-16.1,-49.0,0.0003390764434741275
20877,-16.1,-48.0,0.00040296538126521577
20878,-16.1,-47.0,0.000476352154281696
20879,-16.1,-46.0,0.0005625667493470367
20880,-16.1,-45.0,0.0008753346317380487
20881,-16.1,-44.0,0.004026878179855004
20882,-16.1,-43.0,0.009140444676169016
20883,-16.1,-42.0,0.007946679318895252
20884,-16.1,-41.0,0.010397485671907269
20885,-16.1,-40.0,0.0052933738990039525
20886,-16.1,-39.0,0.006157628940483089
20887,-16.1,-38.0,0.012523580477613405
20888,-16.1,-37.0,0.006308255514133711
20889,-16.1,-36.0,0.0027953907055965708
20890,-16.1,-35.0,0.008073993614962412
20891,-16.1,-34.0,0.01665890562295095
20892,-16.1,-33.0,0.009040743340393044
20893,-16.1,-32.0,0.01056095343534518
20894,-16.1,-31.0,0.020760815158754626
20895,-16.1,-30.0,0.011307726827650912
20896,-16.1,-29.0,0.013282202210344724
20897,-16.1,-28.0,0.026050447851910227
20898,-16.1,-27.0,0.013339542263742189
20899,-16.1,-26.0,0.00612155610764265
20900,-16.1,-25.0,0.017519946930284816
20901,-16.1,-24.0,0.03610061623342227
20902,-16.1,-23.0,0.0191042034263658
20903,-16.1,-22.0,0.02355498842111672
20904,-16.1,-21.0,0.04788392243403131
20905,-16.1,-20.0,0.023023604758502732
20906,-16.1,-19.0,0.009188822615080517
20907,-16.1,-18.0,0.03714223349573871
20908,-16.1,-17.0,0.08250524442492538
20909,-16.1,-16.0,0.037321502249340235
20910,-16.1,-15.0,0.03173280964207748
20911,-16.1,-14.0,0.06450084424001648
20912,-16.1,-13.0,0.029597474085042395
20913,-16.1,-12.0,0.008157046490668965
20914,-16.1,-11.0,0.019918621879054594
20915,-16.1,-10.0,0.04081409235794312
20916,-16.1,-9.0,0.02029074904176928
20917,-16.1,-8.0,0.016705166105767895
20918,-16.1,-7.0,0.03130270076665085
20919,-16.1,-6.0,0.015282446635059026
20920,-16.1,-5.0,0.0054495770953394826
20921,-16.1,-4.0,0.011735951809056263
20922,-16.1,-3.0,0.022808387574430784
20923,-16.1,-2.0,0.011214351649409182
20924,-16.1,-1.0,0.0036964746909243845
20925,-16.1,0.0,0.0005996249650723628
20926,-16.1,1.0,0.003094042093038031
20927,-16.1,2.0,0.007689576357765438
20928,-16.1,3.0,0.014989012196020586
20929,-16.1,4.0,0.007202265026928691
20930,-16.1,5.0,0.0024281964114782903
20931,-16.1,6.0,0.005605996939543272
20932,-16.1,7.0,0.011214363986299299
20933,-16.1,8.0,0.005457339084237466
20934,-16.1,9.0,0.004684108293485988
20935,-16.1,10.0,0.009095851246331008
20936,-16.1,11.0,0.004140339399134096
20937,-16.1,12.0,0.0011161140230129378
20938,-16.1,13.0,0.0032446553841171126
20939,-16.1,14.0,0.006974781662913784
20940,-16.1,15.0,0.0032191863840930054
20941,-16.1,16.0,0.0027799958107248422
20942,-16.1,17.0,0.005784507293027145
20943,-16.1,18.0,0.0024899791049279307
20944,-16.1,19.0,0.0004911017418171396
20945,-16.1,20.0,0.0019873601577062557
20946,-16.1,21.0,0.0045803327452647764
20947,-16.1,22.0,0.002030132459252976
20948,-16.1,23.0,0.0017718453551604529
20949,-16.1,24.0,0.00388960349299576
20950,-16.1,25.0,0.0016160095227937025
20951,-16.1,26.0,0.00024269585062777923
20952,-16.1,27.0,0.0013190127228504336
20953,-16.1,28.0,0.003168211910705333
20954,-16.1,29.0,0.0013769961449387586
20955,-16.1,30.0,0.001214843616805808
20956,-16.1,31.0,0.00273869562694972
20957,-16.1,32.0,0.0011205946331465761
20958,-16.1,33.0,8.429054586323942e-05
20959,-16.1,34.0,8.099383296845789e-06
20960,-16.1,35.0,5.54707728901421e-06
20961,-16.1,36.0,4.2124993244028535e-06
20962,-16.1,37.0,3.1829115929940653e-06
20963,-16.1,38.0,2.3921945826040376e-06
20964,-16.1,39.0,1.7883616515175803e-06
20965,-16.1,40.0,1.3298447206381285e-06
20966,-16.1,41.0,9.836330531828877e-07
20967,-16.1,42.0,7.236886756805143e-07
20968,-16.1,43.0,5.296108007060619e-07
20969,-16.1,44.0,3.855211552279734e-07
20970,-16.1,45.0,2.791424380593856e-07
20971,-16.1,46.0,2.010433676388231e-07
20972,-16.1,47.0,1.4402564625712859e-07
20973,-16.1,48.0,1.0263041622424158e-07
20974,-16.1,49.0,7.274422231416083e-08
20975,-16.1,50.0,5.128697266746016e-08
20976,-16.1,51.0,3.5966796526856136e-08
20977,-16.1,52.0,2.5088955329588394e-08
20978,-16.1,53.0,1.7408025728547008e-08
20979,-16.1,54.0,1.2014413610716092e-08
20980,-16.1,55.0,8.247868965236223e-09
20981,-16.1,56.0,5.632056965377641e-09
20982,-16.1,57.0,3.825413939089648e-09
20983,-16.1,58.0,2.5844964691549e-09
20984,-16.1,59.0,1.7368389884413492e-09
20985,-16.1,60.0,1.160992153619639e-09
20986,-16.1,61.0,7.719427949880444e-10
20987,-16.1,62.0,5.10536808876312e-10
20988,-16.1,63.0,3.358575447662521e-10
20989,-16.1,64.0,2.197704340477637e-10
20990,-16.1,65.0,1.4304396202665163e-10
20991,-16.1,66.0,9.260957754408426e-11
20992,-16.1,67.0,5.963872951188755e-11
20993,-16.1,68.0,3.820207656037111e-11
20994,-16.1,69.0,2.4340621646984993e-11
20995,-16.1,70.0,1.5426324698631055e-11
20996,-16.1,71.0,9.72477089099205e-12
20997,-16.1,72.0,6.09792945834775e-12
20998,-16.1,73.0,3.803395788343419e-12
20999,-16.1,74.0,2.359645456696863e-12
21000,-16.0,-75.0,5.539120801605786e-07
21001,-16.0,-74.0,7.564906201425366e-07
21002,-16.0,-73.0,1.0276668933764786e-06
21003,-16.0,-72.0,1.38863239202319e-06
21004,-16.0,-71.0,1.866415467705185e-06
21005,-16.0,-70.0,2.495258052615163e-06
21006,-16.0,-69.0,3.318247028457964e-06
21007,-16.0,-68.0,4.389227282327145e-06
21008,-16.0,-67.0,5.775020541858017e-06
21009,-16.0,-66.0,7.5579689644841945e-06
21010,-16.0,-65.0,9.838814728793954e-06
21011,-16.0,-64.0,1.2739916116634762e-05
21012,-16.0,-63.0,1.6408786408235738e-05
21013,-16.0,-62.0,2.1021924053860367e-05
21014,-16.0,-61.0,2.6788880884872066e-05
21015,-16.0,-60.0,3.3956489622129324e-05
21016,-16.0,-59.0,4.281314290789041e-05
21017,-16.0,-58.0,5.369298409771329e-05
21018,-16.0,-57.0,6.697983600620533e-05
21019,-16.0,-56.0,8.311065897952166e-05
21020,-16.0,-55.0,0.0001025782957285359
21021,-16.0,-54.0,0.00012593322933843412
21022,-16.0,-53.0,0.00015378405515455767
21023,-16.0,-52.0,0.00018679634948541533
21024,-16.0,-51.0,0.00022568961108430344
21025,-16.0,-50.0,0.00027123195801820435
21026,-16.0,-49.0,0.0003242322855010069
21027,-16.0,-48.0,0.0003855296332542904
21028,-16.0,-47.0,0.0004559839909688652
21029,-16.0,-46.0,0.0005388232298726211
21030,-16.0,-45.0,0.0008408422572433163
21031,-16.0,-44.0,0.003889467711075557
21032,-16.0,-43.0,0.008836381153631584
21033,-16.0,-42.0,0.007680193379374605
21034,-16.0,-41.0,0.010049955723624852
21035,-16.0,-40.0,0.00511185199331257
21036,-16.0,-39.0,0.005946272546677795
21037,-16.0,-38.0,0.012102220962617542
21038,-16.0,-37.0,0.006091543389654992
21039,-16.0,-36.0,0.002694264977558177
21040,-16.0,-35.0,0.007796511815480196
21041,-16.0,-34.0,0.016094828321362168
21042,-16.0,-33.0,0.008732035679834908
21043,-16.0,-32.0,0.010199149510449883
21044,-16.0,-31.0,0.020054004668503555
21045,-16.0,-30.0,0.010923108944706017
21046,-16.0,-29.0,0.01282705344006107
21047,-16.0,-28.0,0.025155568197408325
21048,-16.0,-27.0,0.012887195358107926
21049,-16.0,-26.0,0.005920778266410597
21050,-16.0,-25.0,0.016911896892390064
21051,-16.0,-24.0,0.034827929251819
21052,-16.0,-23.0,0.018444432853433876
21053,-16.0,-22.0,0.022708867014055684
21054,-16.0,-21.0,0.04611963615490358
21055,-16.0,-20.0,0.022204122113003797
21056,-16.0,-19.0,0.008875954978668874
21057,-16.0,-18.0,0.035481599949921346
21058,-16.0,-17.0,0.07867340428344065
21059,-16.0,-16.0,0.03750373059946461
21060,-16.0,-15.0,0.03305962170867111
21061,-16.0,-14.0,0.06745847265077352
21062,-16.0,-13.0,0.030910607338557446
21063,-16.0,-12.0,0.008455807705132129
21064,-16.0,-11.0,0.02069856893216669
21065,-16.0,-10.0,0.04246234959977432
21066,-16.0,-9.0,0.021093170715778306
21067,-16.0,-8.0,0.017347038846831652
21068,-16.0,-7.0,0.03252677519947607
21069,-16.0,-6.0,0.01587326475567524
21070,-16.0,-5.0,0.005652185569531482
21071,-16.0,-4.0,0.012182217173584337
21072,-16.0,-3.0,0.02368311514270134
21073,-16.0,-2.0,0.011645023178823216
21074,-16.0,-1.0,0.00383966461203785
21075,-16.0,0.0,0.0006179033321299392
21076,-16.0,1.0,0.003217328270260546
21077,-16.0,2.0,0.007986366576692883
21078,-16.0,3.0,0.015560607702652086
21079,-16.0,4.0,0.007481382411560091
21080,-16.0,5.0,0.0025278617309212035
21081,-16.0,6.0,0.005823030985986628
21082,-16.0,7.0,0.011638734511414929
21083,-16.0,8.0,0.005667975753268162
21084,-16.0,9.0,0.004864649135570282
21085,-16.0,10.0,0.009437540928947533
21086,-16.0,11.0,0.004299561710957613
21087,-16.0,12.0,0.0011637317238145752
21088,-16.0,13.0,0.003368828158935634
21089,-16.0,14.0,0.007233691610585355
21090,-16.0,15.0,0.003341078104376616
21091,-16.0,16.0,0.0028848951972475436
21092,-16.0,17.0,0.005997129605103125
21093,-16.0,18.0,0.0025832645563419643
21094,-16.0,19.0,0.0005118194369606537
21095,-16.0,20.0,0.00206115809412395
21096,-16.0,21.0,0.004746524519778936
21097,-16.0,22.0,0.002104688132172045
21098,-16.0,23.0,0.0018366146566798568
21099,-16.0,24.0,0.0040294990155882796
21100,-16.0,25.0,0.0016746987792796042
21101,-16.0,26.0,0.00025226632614298096
21102,-16.0,27.0,0.0013665093303788876
21103,-16.0,28.0,0.0032810464702737233
21104,-16.0,29.0,0.0014262665983772297
21105,-16.0,30.0,0.0012581379472875005
21106,-16.0,31.0,0.0028356571686452975
21107,-16.0,32.0,0.0011603981169316564
21108,-16.0,33.0,8.747700117436096e-05
21109,-16.0,34.0,8.552537186041427e-06
21110,-16.0,35.0,5.8737494553670835e-06
21111,-16.0,36.0,4.462980602703507e-06
21112,-16.0,37.0,3.3739683417765103e-06
21113,-16.0,38.0,2.537138795654666e-06
21114,-16.0,39.0,1.8977298512115952e-06
21115,-16.0,40.0,1.4119239567328157e-06
21116,-16.0,41.0,1.0449002512561266e-06
21117,-16.0,42.0,7.691744551353179e-07
21118,-16.0,43.0,5.631982194867907e-07
21119,-16.0,44.0,4.1018901401867614e-07
21120,-16.0,45.0,2.9716184914378933e-07
21121,-16.0,46.0,2.1413532343081905e-07
21122,-16.0,47.0,1.534863566391374e-07
21123,-16.0,48.0,1.0943025674192017e-07
21124,-16.0,49.0,7.760527070698072e-08
21125,-16.0,50.0,5.47433239239368e-08
21126,-16.0,51.0,3.841114417112882e-08
21127,-16.0,52.0,2.680831091800407e-08
21128,-16.0,53.0,1.861091739178956e-08
21129,-16.0,54.0,1.2851452900545282e-08
21130,-16.0,55.0,8.827196435207608e-09
21131,-16.0,56.0,6.03086304564466e-09
21132,-16.0,57.0,4.098474642035511e-09
21133,-16.0,58.0,2.7704553074559456e-09
21134,-16.0,59.0,1.862799677486325e-09
21135,-16.0,60.0,1.2458543367458004e-09
21136,-16.0,61.0,8.28809061926505e-10
21137,-16.0,62.0,5.484383575002762e-10
21138,-16.0,63.0,3.6098342406382685e-10
21139,-16.0,64.0,2.3633759206898194e-10
21140,-16.0,65.0,1.5390915734191313e-10
21141,-16.0,66.0,9.969703029524094e-11
21142,-16.0,67.0,6.423712438947929e-11
21143,-16.0,68.0,4.116954507534511e-11
21144,-16.0,69.0,2.624533692386618e-11
21145,-16.0,70.0,1.6642338234171703e-11
21146,-16.0,71.0,1.0496938279516422e-11
21147,-16.0,72.0,6.585625805545394e-12
21148,-16.0,73.0,4.1097704477513895e-12
21149,-16.0,74.0,2.5510806395030704e-12
21150,-15.9,-75.0,5.234670894683026e-07
21151,-15.9,-74.0,7.152921892256169e-07
21152,-15.9,-73.0,9.722180733585169e-07
21153,-15.9,-72.0,1.3144074298615856e-06
21154,-15.9,-71.0,1.7675936305039488e-06
21155,-15.9,-70.0,2.3644000399021185e-06
21156,-15.9,-69.0,3.1459049415732662e-06
21157,-15.9,-68.0,4.163478637829462e-06
21158,-15.9,-67.0,5.480916594966458e-06
21159,-15.9,-66.0,7.176887745340669e-06
21160,-15.9,-65.0,9.347709795925488e-06
21161,-15.9,-64.0,1.2110453213228208e-05
21162,-15.9,-63.0,1.5606362085375642e-05
21163,-15.9,-62.0,2.0004563014801508e-05
21164,-15.9,-61.0,2.5506012408060808e-05
21165,-15.9,-60.0,3.234760801889955e-05
21166,-15.9,-59.0,4.080636261180025e-05
21167,-15.9,-58.0,5.1203506670018574e-05
21168,-15.9,-57.0,6.39083540227549e-05
21169,-15.9,-56.0,7.934173031655034e-05
21170,-15.9,-55.0,9.797873098772791e-05
21171,-15.9,-54.0,0.000120350544758239
21172,-15.9,-53.0,0.0001470450529681467
21173,-15.9,-52.0,0.00017870589684061922
21174,-15.9,-51.0,0.00021602969679156194
21175,-15.9,-50.0,0.00025976111292754227
21176,-15.9,-49.0,0.00031068545657373406
21177,-15.9,-48.0,0.00036961860268063814
21178,-15.9,-47.0,0.00043739829514988595
21179,-15.9,-46.0,0.0005171599777604898
21180,-15.9,-45.0,0.0008094228306070252
21181,-15.9,-44.0,0.0037648285330297866
21182,-15.9,-43.0,0.008560805827027618
21183,-15.9,-42.0,0.007438602335757921
21184,-15.9,-41.0,0.009734923503781088
21185,-15.9,-40.0,0.0049471408550305854
21186,-15.9,-39.0,0.005754481990603685
21187,-15.9,-38.0,0.01172015814485375
21188,-15.9,-37.0,0.005894857435927291
21189,-15.9,-36.0,0.002602271401294685
21190,-15.9,-35.0,0.007544672339033711
21191,-15.9,-34.0,0.015583240861248881
21192,-15.9,-33.0,0.008451890172616588
21193,-15.9,-32.0,0.009870819841403547
21194,-15.9,-31.0,0.019412896840672912
21195,-15.9,-30.0,0.010574135710207322
21196,-15.9,-29.0,0.01241407130583389
21197,-15.9,-28.0,0.024343799543972793
21198,-15.9,-27.0,0.012476866664003227
21199,-15.9,-26.0,0.005738682670980365
21200,-15.9,-25.0,0.016360288857110966
21201,-15.9,-24.0,0.03367327543812114
21202,-15.9,-23.0,0.017846093380433265
21203,-15.9,-22.0,0.021941489227620913
21204,-15.9,-21.0,0.0445190954274326
21205,-15.9,-20.0,0.021461186829368855
21206,-15.9,-19.0,0.008594155738080214
21207,-15.9,-18.0,0.03399381193954979
21208,-15.9,-17.0,0.07524190475271607
21209,-15.9,-16.0,0.0356975890057115
21210,-15.9,-15.0,0.034412888827887296
21211,-15.9,-14.0,0.07048630478748415
21212,-15.9,-13.0,0.03225127796350559
21213,-15.9,-12.0,0.008755284454532775
21214,-15.9,-11.0,0.02148348693660789
21215,-15.9,-10.0,0.04412514328837774
21216,-15.9,-9.0,0.02190120616289244
21217,-15.9,-8.0,0.017991625675129744
21218,-15.9,-7.0,0.03375782959299967
21219,-15.9,-6.0,0.016466772094674686
21220,-15.9,-5.0,0.005854883166063768
21221,-15.9,-4.0,0.012629778924231621
21222,-15.9,-3.0,0.02456123134561542
21223,-15.9,-2.0,0.012077269607534653
21224,-15.9,-1.0,0.003983296122110387
21225,-15.9,0.0,0.0006359507696251471
21226,-15.9,1.0,0.0033412378327333354
21227,-15.9,2.0,0.008284303010191483
21228,-15.9,3.0,0.01613410930902826
21229,-15.9,4.0,0.00776169317160671
21230,-15.9,5.0,0.0026282789520644537
21231,-15.9,6.0,0.006040980212198871
21232,-15.9,7.0,0.012064309291744114
21233,-15.9,8.0,0.00587948553501948
21234,-15.9,9.0,0.005045924022919209
21235,-15.9,10.0,0.009780041559816606
21236,-15.9,11.0,0.004459422487680936
21237,-15.9,12.0,0.0012118661438297027
21238,-15.9,13.0,0.0034934658788110117
21239,-15.9,14.0,0.007493012624834348
21240,-15.9,15.0,0.0034633427557174004
21241,-15.9,16.0,0.0029900932731932958
21242,-15.9,17.0,0.006209944750384738
21243,-15.9,18.0,0.002676771545309759
21244,-15.9,19.0,0.0005327639807514064
21245,-15.9,20.0,0.0021350873459345717
21246,-15.9,21.0,0.004912711686276519
21247,-15.9,22.0,0.0021793148056288777
21248,-15.9,23.0,0.0019014246383653372
21249,-15.9,24.0,0.004169299040482489
21250,-15.9,25.0,0.0017333956064321694
21251,-15.9,26.0,0.00026190127154786106
21252,-15.9,27.0,0.0014139821272419351
21253,-15.9,28.0,0.0033937193820130344
21254,-15.9,29.0,0.0014754866303978707
21255,-15.9,30.0,0.0013013750703502254
21256,-15.9,31.0,0.002932435486427551
21257,-15.9,32.0,0.001200137994529456
21258,-15.9,33.0,9.067554887890302e-05
21259,-15.9,34.0,9.019836613691306e-06
21260,-15.9,35.0,6.211631629405142e-06
21261,-15.9,36.0,4.722251985488593e-06
21262,-15.9,37.0,3.5718764725302763e-06
21263,-15.9,38.0,2.6873915558567013e-06
21264,-15.9,39.0,2.0111868748345857e-06
21265,-15.9,40.0,1.4971340086542063e-06
21266,-15.9,41.0,1.1085506657835003e-06
21267,-15.9,42.0,8.164637761987059e-07
21268,-15.9,43.0,5.981425600848415e-07
21269,-15.9,44.0,4.3587185447894853e-07
21270,-15.9,45.0,3.1593608217306337e-07
21271,-15.9,46.0,2.2778539146011276e-07
21272,-15.9,47.0,1.6335736238359114e-07
21273,-15.9,48.0,1.1652999737231651e-07
21274,-15.9,49.0,8.268427475950598e-08
21275,-15.9,50.0,5.835717402227594e-08
21276,-15.9,51.0,4.096865629527737e-08
21277,-15.9,52.0,2.8608515013807116e-08
21278,-15.9,53.0,1.987124294827437e-08
21279,-15.9,54.0,1.3729062085198859e-08
21280,-15.9,55.0,9.435019887418167e-09
21281,-15.9,56.0,6.449571826996328e-09
21282,-15.9,57.0,4.38535805969201e-09
21283,-15.9,58.0,2.9659603713735493e-09
21284,-15.9,59.0,1.9953162461044745e-09
21285,-15.9,60.0,1.3351936001392905e-09
21286,-15.9,61.0,8.887157026695083e-10
21287,-15.9,62.0,5.883931033058881e-10
21288,-15.9,63.0,3.8748812836740807e-10
21289,-15.9,64.0,2.538255506060503e-10
21290,-15.9,65.0,1.653858616274549e-10
21291,-15.9,66.0,1.0718833652158835e-10
21292,-15.9,67.0,6.910075452279815e-11
21293,-15.9,68.0,4.431024543134583e-11
21294,-15.9,69.0,2.8262568577060305e-11
21295,-15.9,70.0,1.7931028888572848e-11
21296,-15.9,71.0,1.1315790513502863e-11
21297,-15.9,72.0,7.103145241824618e-12
21298,-15.9,73.0,4.435091648289665e-12
21299,-15.9,74.0,2.7544862567564696e-12
21300,-15.8,-75.0,5.1278871809335e-07
21301,-15.8,-74.0,7.010741449440285e-07
21302,-15.8,-73.0,9.534008785414503e-07
21303,-15.8,-72.0,1.289654126555603e-06
21304,-15.8,-71.0,1.7352300657015604e-06
21305,-15.8,-70.0,2.3223463138695792e-06
21306,-15.8,-69.0,3.0915979461726216e-06
21307,-15.8,-68.0,4.093786075462514e-06
21308,-15.8,-67.0,5.392043489262351e-06
21309,-15.8,-66.0,7.0642772521554106e-06
21310,-15.8,-65.0,9.205941113339627e-06
21311,-15.8,-64.0,1.1933140580630171e-05
21312,-15.8,-63.0,1.5386060252847526e-05
21313,-15.8,-62.0,1.9732686139843916e-05
21314,-15.8,-61.0,2.517277506528946e-05
21315,-15.8,-60.0,3.194199883772181e-05
21316,-15.8,-59.0,4.0316162912436225e-05
21317,-15.8,-58.0,5.061536825012335e-05
21318,-15.8,-57.0,6.320795183066522e-05
21319,-15.8,-56.0,7.851400698408872e-05
21320,-15.8,-55.0,9.700825091598343e-05
21321,-15.8,-54.0,0.00011922197546908925
21322,-15.8,-53.0,0.00014574379056098104
21323,-15.8,-52.0,0.0001772188504405285
21324,-15.8,-51.0,0.00021434624367282684
21325,-15.8,-50.0,0.00025787423140889606
21326,-15.8,-49.0,0.00030859303772484307
21327,-15.8,-48.0,0.00036732493434311143
21328,-15.8,-47.0,0.0004349157248460415
21329,-15.8,-46.0,0.0005145224889746718
21330,-15.8,-45.0,0.0008077027431596744
21331,-15.8,-44.0,0.003777705982673961
21332,-15.8,-43.0,0.008597703624780163
21333,-15.8,-42.0,0.007468575717996826
21334,-15.8,-41.0,0.009775253880975535
21335,-15.8,-40.0,0.004963124444347819
21336,-15.8,-39.0,0.005772877639306967
21337,-15.8,-38.0,0.011765983031757212
21338,-15.8,-37.0,0.005913460971804611
21339,-15.8,-36.0,0.0026053971266012626
21340,-15.8,-35.0,0.00756838221564438
21341,-15.8,-34.0,0.015640666883237127
21342,-15.8,-33.0,0.008480348147852703
21343,-15.8,-32.0,0.009902968664734503
21344,-15.8,-31.0,0.019480789588799022
21345,-15.8,-30.0,0.010611226962732347
21346,-15.8,-29.0,0.01245450507458757
21347,-15.8,-28.0,0.02442149584386142
21348,-15.8,-27.0,0.012522085394037256
21349,-15.8,-26.0,0.005765758398505673
21350,-15.8,-25.0,0.01640676130661371
21351,-15.8,-24.0,0.033750629086516125
21352,-15.8,-23.0,0.017900145228907365
21353,-15.8,-22.0,0.021978004886822947
21354,-15.8,-21.0,0.04455172391484415
21355,-15.8,-20.0,0.021504386920410918
21356,-15.8,-19.0,0.008627885863023398
21357,-15.8,-18.0,0.03378398535767026
21358,-15.8,-17.0,0.07464953289922366
21359,-15.8,-16.0,0.035540980379236746
21360,-15.8,-15.0,0.03448792656821581
21361,-15.8,-14.0,0.07090306347632234
21362,-15.8,-13.0,0.03239419352496562
21363,-15.8,-12.0,0.008725025044548484
21364,-15.8,-11.0,0.02146042054152877
21365,-15.8,-10.0,0.04413082283728868
21366,-15.8,-9.0,0.021885783953874312
21367,-15.8,-8.0,0.017958543970241696
21368,-15.8,-7.0,0.03371843744804422
21369,-15.8,-6.0,0.016440106545063917
21370,-15.8,-5.0,0.005836509279074427
21371,-15.8,-4.0,0.012601187375506036
21372,-15.8,-3.0,0.024513957601489493
21373,-15.8,-2.0,0.012054363402270993
21374,-15.8,-1.0,0.003976678399578187
21375,-15.8,0.0,0.0006299025975442433
21376,-15.8,1.0,0.00333923552338803
21377,-15.8,2.0,0.00827003599452982
21378,-15.8,3.0,0.016099528029643394
21379,-15.8,4.0,0.0077495720405176384
21380,-15.8,5.0,0.002629801551627006
21381,-15.8,6.0,0.006031322279111872
21382,-15.8,7.0,0.012035095451825746
21383,-15.8,8.0,0.005869481187630152
21384,-15.8,9.0,0.005037084313319639
21385,-15.8,10.0,0.009753796589449804
21386,-15.8,11.0,0.004451270515366035
21387,-15.8,12.0,0.0012145028380371773
21388,-15.8,13.0,0.0034864726776525864
21389,-15.8,14.0,0.007469728933894854
21390,-15.8,15.0,0.003455074649519467
21391,-15.8,16.0,0.0029825862127920494
21392,-15.8,17.0,0.006188481443473242
21393,-15.8,18.0,0.0026693638052286803
21394,-15.8,19.0,0.0005337161044797757
21395,-15.8,20.0,0.0021285037644690123
21396,-15.8,21.0,0.0048934877350440996
21397,-15.8,22.0,0.002171730145869416
21398,-15.8,23.0,0.0018944967655804255
21399,-15.8,24.0,0.004151701693570139
21400,-15.8,25.0,0.0017266794718944812
21401,-15.8,26.0,0.0002616869967233312
21402,-15.8,27.0,0.0014080815039699567
21403,-15.8,28.0,0.0033782337686776476
21404,-15.8,29.0,0.0014689982350790801
21405,-15.8,30.0,0.0012954715794800831
21406,-15.8,31.0,0.002918453840249767
21407,-15.8,32.0,0.0011945542887415736
21408,-15.8,33.0,9.045920721437829e-05
21409,-15.8,34.0,9.154768878735127e-06
21410,-15.8,35.0,6.321495796610515e-06
21411,-15.8,36.0,4.808361745627832e-06
21412,-15.8,37.0,3.6389465191840457e-06
21413,-15.8,38.0,2.739311885203076e-06
21414,-15.8,39.0,2.051135129691509e-06
21415,-15.8,40.0,1.5276851347272122e-06
21416,-15.8,41.0,1.131774924853936e-06
21417,-15.8,42.0,8.340129537838824e-07
21418,-15.8,43.0,6.113246988617557e-07
21419,-15.8,44.0,4.457151875326993e-07
21420,-15.8,45.0,3.232430595534293e-07
21421,-15.8,46.0,2.331778139326242e-07
21422,-15.8,47.0,1.6731368008771255e-07
21423,-15.8,48.0,1.1941581823736732e-07
21424,-15.8,49.0,8.47770749732766e-08
21425,-15.8,50.0,5.986612462261559e-08
21426,-15.8,51.0,4.20503872315901e-08
21427,-15.8,52.0,2.9379539365067694e-08
21428,-15.8,53.0,2.0417665662346996e-08
21429,-15.8,54.0,1.411410396694408e-08
21430,-15.8,55.0,9.704801385922019e-09
21431,-15.8,56.0,6.637523998857274e-09
21432,-15.8,57.0,4.51556053100153e-09
21433,-15.8,58.0,3.0556481340577655e-09
21434,-15.8,59.0,2.056748201944198e-09
21435,-15.8,60.0,1.377035126791422e-09
21436,-15.8,61.0,9.170542327648146e-10
21437,-15.8,62.0,6.074788033814052e-10
21438,-15.8,63.0,4.00270280711418e-10
21439,-15.8,64.0,2.62338282273092e-10
21440,-15.8,65.0,1.7102362326118608e-10
21441,-15.8,66.0,1.1090130156360416e-10
21442,-15.8,67.0,7.153248144364438e-11
21443,-15.8,68.0,4.5894014249219786e-11
21444,-15.8,69.0,2.928835021445172e-11
21445,-15.8,70.0,1.8591733238114598e-11
21446,-15.8,71.0,1.1738996069100743e-11
21447,-15.8,72.0,7.372726823424771e-12
21448,-15.8,73.0,4.605867450358003e-12
21449,-15.8,74.0,2.8620738517017298e-12
21450,-15.7,-75.0,5.021913096745354e-07
21451,-15.7,-74.0,6.869514927795752e-07
21452,-15.7,-73.0,9.346931451526542e-07
21453,-15.7,-72.0,1.2650222122020193e-06
21454,-15.7,-71.0,1.70299491940904e-06
21455,-15.7,-70.0,2.2804190530548363e-06
21456,-15.7,-69.0,3.037400618182032e-06
21457,-15.7,-68.0,4.024163342464887e-06
21458,-15.7,-67.0,5.303166122908943e-06
21459,-15.7,-66.0,6.95153910737526e-06
21460,-15.7,-65.0,9.063852228570835e-06
21461,-15.7,-64.0,1.1755220234891135e-05
21462,-15.7,-63.0,1.516473519865258e-05
21463,-15.7,-62.0,1.945920081216922e-05
21464,-15.7,-61.0,2.4837122311025992e-05
21465,-15.7,-60.0,3.153288156774998e-05
21466,-15.7,-59.0,3.9820998977200944e-05
21467,-15.7,-58.0,5.002035268207912e-05
21468,-15.7,-57.0,6.249819226021828e-05
21469,-15.7,-56.0,7.767374937190407e-05
21470,-15.7,-55.0,9.602121358414619e-05
21471,-15.7,-54.0,0.00011807180957056257
21472,-15.7,-53.0,0.00014441468440672836
21473,-15.7,-52.0,0.00017569629331467282
21474,-15.7,-51.0,0.0002126179617324592
21475,-15.7,-50.0,0.00025593130384249276
21476,-15.7,-49.0,0.00030643119543663413
21477,-15.7,-48.0,0.0003649460360187054
21478,-15.7,-47.0,0.00043232941761062215
21479,-15.7,-46.0,0.0005117593629731123
21480,-15.7,-45.0,0.0008057942324721272
21481,-15.7,-44.0,0.003789834213540304
21482,-15.7,-43.0,0.008632946584601654
21483,-15.7,-42.0,0.007497088677095995
21484,-15.7,-41.0,0.009813677921197368
21485,-15.7,-40.0,0.004978082973105967
21486,-15.7,-39.0,0.005790077048922002
21487,-15.7,-38.0,0.01180947132171591
21488,-15.7,-37.0,0.005930807231659194
21489,-15.7,-36.0,0.0026078674155314272
21490,-15.7,-35.0,0.007590484637879419
21491,-15.7,-34.0,0.015694948955646233
21492,-15.7,-33.0,0.008506994261249009
21493,-15.7,-32.0,0.009933026371617382
21494,-15.7,-31.0,0.01954478076256581
21495,-15.7,-30.0,0.010646074594537699
21496,-15.7,-29.0,0.012492363954660546
21497,-15.7,-28.0,0.024494400551129364
21498,-15.7,-27.0,0.012564718982119201
21499,-15.7,-26.0,0.005791518807648133
21500,-15.7,-25.0,0.01645010835319327
21501,-15.7,-24.0,0.03382189492590913
21502,-15.7,-23.0,0.017950897560195345
21503,-15.7,-22.0,0.02201111731542642
21504,-15.7,-21.0,0.04457799167759363
21505,-15.7,-20.0,0.021544361597359066
21506,-15.7,-19.0,0.008661400445445666
21507,-15.7,-18.0,0.03358797769437967
21508,-15.7,-17.0,0.07409267420292773
21509,-15.7,-16.0,0.03539988260321747
21510,-15.7,-15.0,0.034573182647100575
21511,-15.7,-14.0,0.07133884667436073
21512,-15.7,-13.0,0.03254441426327325
21513,-15.7,-12.0,0.008694520342715045
21514,-15.7,-11.0,0.021435759490206763
21515,-15.7,-10.0,0.0441336527568614
21516,-15.7,-9.0,0.021868662487828382
21517,-15.7,-8.0,0.01792359973491745
21518,-15.7,-7.0,0.033675764733855744
21519,-15.7,-6.0,0.016411655624604154
21520,-15.7,-5.0,0.005817263618710482
21521,-15.7,-4.0,0.01257103379894663
21522,-15.7,-3.0,0.0244639288195762
21523,-15.7,-2.0,0.01202996561668385
21524,-15.7,-1.0,0.003969395029821391
21525,-15.7,0.0,0.0006238319714862849
21526,-15.7,1.0,0.003336658203788835
21527,-15.7,2.0,0.008254691906143722
21528,-15.7,3.0,0.016063063791088926
21529,-15.7,4.0,0.007736471823302182
21530,-15.7,5.0,0.0026309051304533077
21531,-15.7,6.0,0.006020905117658192
21532,-15.7,7.0,0.012004507626085913
21533,-15.7,8.0,0.005858770298620815
21534,-15.7,9.0,0.005027642318126182
21535,-15.7,10.0,0.009726468640352743
21536,-15.7,11.0,0.004442604082630043
21537,-15.7,12.0,0.0012169751868486545
21538,-15.7,13.0,0.0034790883578460167
21539,-15.7,14.0,0.0074456479320970615
21540,-15.7,15.0,0.003446433129723929
21541,-15.7,16.0,0.0029747618337011878
21542,-15.7,17.0,0.006166374421776092
21543,-15.7,18.0,0.0026616787511498266
21544,-15.7,19.0,0.0005346139587724189
21545,-15.7,20.0,0.002121705097495144
21546,-15.7,21.0,0.004873767532373654
21547,-15.7,22.0,0.0021639281112352
21548,-15.7,23.0,0.001887381571818362
21549,-15.7,24.0,0.004133688504128763
21550,-15.7,25.0,0.0017197931944428577
21551,-15.7,26.0,0.00026145098190778266
21552,-15.7,27.0,0.0014020440161059868
21553,-15.7,28.0,0.0033624133281586746
21554,-15.7,29.0,0.0014623661263419162
21555,-15.7,30.0,0.0012894422716878385
21556,-15.7,31.0,0.002904184572512731
21557,-15.7,32.0,0.0011888540810032185
21558,-15.7,33.0,9.023586807443012e-05
21559,-15.7,34.0,9.290477338657586e-06
21560,-15.7,35.0,6.432136972859235e-06
21561,-15.7,36.0,4.895153461481489e-06
21562,-15.7,37.0,3.7066033527070642e-06
21563,-15.7,38.0,2.791728707943795e-06
21564,-15.7,39.0,2.091497331247954e-06
21565,-15.7,40.0,1.5585768572430296e-06
21566,-15.7,41.0,1.1552760781158699e-06
21567,-15.7,42.0,8.517847540281118e-07
21568,-15.7,43.0,6.246839831150928e-07
21569,-15.7,44.0,4.5569811212938367e-07
21570,-15.7,45.0,3.3065902365285755e-07
21571,-15.7,46.0,2.386545805089686e-07
21572,-15.7,47.0,1.7133472032309318e-07
21573,-15.7,48.0,1.2235090043459142e-07
21574,-15.7,49.0,8.69070731039739e-08
21575,-15.7,50.0,6.140294861225815e-08
21576,-15.7,51.0,4.315284839620288e-08
21577,-15.7,52.0,3.0165868796709156e-08
21578,-15.7,53.0,2.0975307262312385e-08
21579,-15.7,54.0,1.4507311755249369e-08
21580,-15.7,55.0,9.98048559260317e-09
21581,-15.7,56.0,6.8297139342083284e-09
21582,-15.7,57.0,4.64878505623298e-09
21583,-15.7,58.0,3.1474767423078016e-09
21584,-15.7,59.0,2.1196868346427806e-09
21585,-15.7,60.0,1.4199301605229413e-09
21586,-15.7,61.0,9.461246861217776e-10
21587,-15.7,62.0,6.270697812055451e-10
21588,-15.7,63.0,4.133990541361195e-10
21589,-15.7,64.0,2.71087312833239e-10
21590,-15.7,65.0,1.7682147716412632e-10
21591,-15.7,66.0,1.1472206182718749e-10
21592,-15.7,67.0,7.403634672740038e-11
21593,-15.7,68.0,4.752576597808477e-11
21594,-15.7,69.0,3.034585492366654e-11
21595,-15.7,70.0,1.9273284704192204e-11
21596,-15.7,71.0,1.21758195746846e-11
21597,-15.7,72.0,7.6511510967057e-12
21598,-15.7,73.0,4.782351141160186e-12
21599,-15.7,74.0,2.9733240960056026e-12
21600,-15.6,-75.0,4.916899452450034e-07
21601,-15.6,-74.0,6.72945037928196e-07
21602,-15.6,-73.0,9.161233878324434e-07
21603,-15.6,-72.0,1.2405505147093641e-06
21604,-15.6,-71.0,1.670940723449145e-06
21605,-15.6,-70.0,2.2386888767985235e-06
21606,-15.6,-69.0,2.9834072911371854e-06
21607,-15.6,-68.0,3.954735656844331e-06
21608,-15.6,-67.0,5.214449669730917e-06
21609,-15.6,-66.0,6.838889833824319e-06
21610,-15.6,-65.0,8.921725218368448e-06
21611,-15.6,-64.0,1.1577057387268622e-05
21612,-15.6,-63.0,1.4942856866106862e-05
21613,-15.6,-62.0,1.9184708041686176e-05
21614,-15.6,-61.0,2.4499818090581515e-05
21615,-15.6,-60.0,3.112122136247138e-05
21616,-15.6,-59.0,3.932208277754335e-05
21617,-15.6,-58.0,4.941997268460991e-05
21618,-15.6,-57.0,6.1780952038877e-05
21619,-15.6,-56.0,7.682327182722577e-05
21620,-15.6,-55.0,9.502045591043871e-05
21621,-15.6,-54.0,0.00011690350376931099
21622,-15.6,-53.0,0.00014306192130162585
21623,-15.6,-52.0,0.0001741432663935475
21624,-15.6,-51.0,0.00021085088427200482
21625,-15.6,-50.0,0.0002539395085109915
21626,-15.6,-49.0,0.0003042084198129112
21627,-15.6,-48.0,0.0003624918901792608
21628,-15.6,-47.0,0.0004296510416679846
21629,-15.6,-46.0,0.000508884203825563
21630,-15.6,-45.0,0.0008037170377699752
21631,-15.6,-44.0,0.0038012916388107045
21632,-15.6,-43.0,0.008666708115266437
21633,-15.6,-42.0,0.0075242931172339635
21634,-15.6,-41.0,0.009850393600099337
21635,-15.6,-40.0,0.004992119803381448
21636,-15.6,-39.0,0.005806200367414312
21637,-15.6,-38.0,0.011850862463403763
21638,-15.6,-37.0,0.005947019193167294
21639,-15.6,-36.0,0.002609739358171695
21640,-15.6,-35.0,0.007611136451989782
21641,-15.6,-34.0,0.015746406138000952
21642,-15.6,-33.0,0.008532002598215167
21643,-15.6,-32.0,0.009961196369575463
21644,-15.6,-31.0,0.01960526819640399
21645,-15.6,-30.0,0.01067889423002883
21646,-15.6,-29.0,0.012527901892338026
21647,-15.6,-28.0,0.02456301363346813
21648,-15.6,-27.0,0.012605019183438747
21649,-15.6,-26.0,0.005816073991405034
21650,-15.6,-25.0,0.016490661655917775
21651,-15.6,-24.0,0.033887766801637506
21652,-15.6,-23.0,0.01799870795978016
21653,-15.6,-22.0,0.022041257596175354
21654,-15.6,-21.0,0.04459878658532964
21655,-15.6,-20.0,0.021581525623852467
21656,-15.6,-19.0,0.00869469986328473
21657,-15.6,-18.0,0.03340420235989851
21658,-15.6,-17.0,0.07356729954723944
21659,-15.6,-16.0,0.0352728634444254
21660,-15.6,-15.0,0.034669076873016624
21661,-15.6,-14.0,0.07179544537331778
21662,-15.6,-13.0,0.03270265088352546
21663,-15.6,-12.0,0.008663778608521383
21664,-15.6,-11.0,0.02140934569346025
21665,-15.6,-10.0,0.044133292544117485
21666,-15.6,-9.0,0.021849675784707433
21667,-15.6,-8.0,0.01788664800915302
21668,-15.6,-7.0,0.03362952630965971
21669,-15.6,-6.0,0.016381283366456844
21670,-15.6,-5.0,0.005797101219804683
21671,-15.6,-4.0,0.012539213029405622
21672,-15.6,-3.0,0.02441093501653526
21673,-15.6,-2.0,0.012003973188225672
21674,-15.6,-1.0,0.003961411967863463
21675,-15.6,0.0,0.0006177347483373437
21676,-15.6,1.0,0.003333475145042269
21677,-15.6,2.0,0.008238197489459176
21678,-15.6,3.0,0.016024576355766585
21679,-15.6,4.0,0.007722323012835828
21680,-15.6,5.0,0.0026315635551920243
21681,-15.6,6.0,0.0060096742837468875
21682,-15.6,7.0,0.011972441478677124
21683,-15.6,8.0,0.005847300013447662
21684,-15.6,9.0,0.005017552634066451
21685,-15.6,10.0,0.00969797390660577
21686,-15.6,11.0,0.004433383165132358
21687,-15.6,12.0,0.0012192700029937844
21688,-15.6,13.0,0.0034712817287704785
21689,-15.6,14.0,0.0074207066192236585
21690,-15.6,15.0,0.003437387904720527
21691,-15.6,16.0,0.0029665941126633282
21692,-15.6,17.0,0.006143572376182335
21693,-15.6,18.0,0.002653693423425271
21694,-15.6,19.0,0.000535451866667422
21695,-15.6,20.0,0.002114673318715356
21696,-15.6,21.0,0.00485351144641366
21697,-15.6,22.0,0.0021558907118664804
21698,-15.6,23.0,0.0018800634888767685
21699,-15.6,24.0,0.004115226379501603
21700,-15.6,25.0,0.0017127227710904656
21701,-15.6,26.0,0.00026119078651120497
21702,-15.6,27.0,0.0013958584160587487
21703,-15.6,28.0,0.003346231596572594
21704,-15.6,29.0,0.0014555787094676078
21705,-15.6,30.0,0.0012832769903035018
21706,-15.6,31.0,0.0028896050482191925
21707,-15.6,32.0,0.0011830280623812018
21708,-15.6,33.0,9.00047612934766e-05
21709,-15.6,34.0,9.426836791365121e-06
21710,-15.6,35.0,6.543465691393278e-06
21711,-15.6,36.0,4.9825600147267496e-06
21712,-15.6,37.0,3.7747970033205987e-06
21713,-15.6,38.0,2.8446051164037596e-06
21714,-15.6,39.0,2.1322464415615107e-06
21715,-15.6,40.0,1.589789535045573e-06
21716,-15.6,41.0,1.17903998177161e-06
21717,-15.6,42.0,8.697690840457257e-07
21718,-15.6,43.0,6.382132789098576e-07
21719,-15.6,44.0,4.6581563617670666e-07
21720,-15.6,45.0,3.381805182580311e-07
21721,-15.6,46.0,2.442133255884751e-07
21722,-15.6,47.0,1.7541888399333895e-07
21723,-15.6,48.0,1.2533417774400384e-07
21724,-15.6,49.0,8.907356909869116e-08
21725,-15.6,50.0,6.296719440028386e-08
21726,-15.6,51.0,4.427575447722068e-08
21727,-15.6,52.0,3.0967327572617186e-08
21728,-15.6,53.0,2.1544062961945875e-08
21729,-15.6,54.0,1.4908625666926913e-08
21730,-15.6,55.0,1.0262040565713247e-08
21731,-15.6,56.0,7.026126379594526e-09
21732,-15.6,57.0,4.785025968656133e-09
21733,-15.6,58.0,3.2414457042148575e-09
21734,-15.6,59.0,2.184134169582202e-09
21735,-15.6,60.0,1.4638817077161596e-09
21736,-15.6,61.0,9.759302132045625e-10
21737,-15.6,62.0,6.471689176141553e-10
21738,-15.6,63.0,4.268768922070251e-10
21739,-15.6,64.0,2.8007461609483654e-10
21740,-15.6,65.0,1.827809626514581e-10
21741,-15.6,66.0,1.18651785750976e-10
21742,-15.6,67.0,7.661321810626377e-11
21743,-15.6,68.0,4.9206133306211336e-11
21744,-15.6,69.0,3.1435536749449744e-11
21745,-15.6,70.0,1.9976004584019946e-11
21746,-15.6,71.0,1.2626485530221274e-11
21747,-15.6,72.0,7.938573119285554e-12
21748,-15.6,73.0,4.9646486720623746e-12
21749,-15.6,74.0,3.0883086623724153e-12
21750,-15.5,-75.0,4.812967622555151e-07
21751,-15.5,-74.0,6.590715989232113e-07
21752,-15.5,-73.0,8.977147516161863e-07
21753,-15.5,-72.0,1.2162706695149762e-06
21754,-15.5,-71.0,1.6391104284372874e-06
21755,-15.5,-70.0,2.1972137112145956e-06
21756,-15.5,-69.0,2.929695574699741e-06
21757,-15.5,-68.0,3.88560632278463e-06
21758,-15.5,-67.0,5.1260307461139675e-06
21759,-15.5,-66.0,6.726508942242683e-06
21760,-15.5,-65.0,8.779794451130448e-06
21761,-15.5,-64.0,1.1398956087921481e-05
21762,-15.5,-63.0,1.4720817217388544e-05
21763,-15.5,-62.0,1.8909709950959686e-05
21764,-15.5,-61.0,2.4161501630398435e-05
21765,-15.5,-60.0,3.0707826928320153e-05
21766,-15.5,-59.0,3.8820431098374234e-05
21767,-15.5,-58.0,4.881549877145305e-05
21768,-15.5,-57.0,6.105780896338275e-05
21769,-15.5,-56.0,7.596452173976648e-05
21770,-15.5,-55.0,9.400836676738381e-05
21771,-15.5,-54.0,0.00011571997065327682
21772,-15.5,-53.0,0.00014168903078773075
21773,-15.5,-52.0,0.000172564020938936
21774,-15.5,-51.0,0.0002090501008974631
21775,-15.5,-50.0,0.0002519049019426267
21776,-15.5,-49.0,0.00030193187464431354
21777,-15.5,-48.0,0.0003599709194559497
21778,-15.5,-47.0,0.00042689044047642684
21779,-15.5,-46.0,0.0005059084843651825
21780,-15.5,-45.0,0.000801487735362577
21781,-15.5,-44.0,0.00381214338890557
21782,-15.5,-43.0,0.008699131940230734
21783,-15.5,-42.0,0.007550315018091633
21784,-15.5,-41.0,0.009885565043914914
21785,-15.5,-40.0,0.005005320822132594
21786,-15.5,-39.0,0.005821347406501578
21787,-15.5,-38.0,0.011890354998965735
21788,-15.5,-37.0,0.005962199021525582
21789,-15.5,-36.0,0.002611060592583716
21790,-15.5,-35.0,0.007630467860179187
21791,-15.5,-34.0,0.015795302887275077
21792,-15.5,-33.0,0.008555517550909195
21793,-15.5,-32.0,0.009987647283595295
21794,-15.5,-31.0,0.0196625814278707
21795,-15.5,-30.0,0.010709864433572972
21796,-15.5,-29.0,0.012561329047512183
21797,-15.5,-28.0,0.024627748799186642
21798,-15.5,-27.0,0.012643194076546396
21799,-15.5,-26.0,0.005839514560509024
21800,-15.5,-25.0,0.016528694572703145
21801,-15.5,-24.0,0.03394881693285434
21802,-15.5,-23.0,0.018043870645284975
21803,-15.5,-22.0,0.022068777475044113
21804,-15.5,-21.0,0.04461483269014771
21805,-15.5,-20.0,0.021616216946247924
21806,-15.5,-19.0,0.008727782339873315
21807,-15.5,-18.0,0.03323134130891176
21808,-15.5,-17.0,0.07307006509826147
21809,-15.5,-16.0,0.03515877459802377
21810,-15.5,-15.0,0.03477617733785494
21811,-15.5,-14.0,0.07227491774097772
21812,-15.5,-13.0,0.03286971834901372
21813,-15.5,-12.0,0.008632806742778037
21814,-15.5,-11.0,0.021380989596222057
21815,-15.5,-10.0,0.04412933474702254
21816,-15.5,-9.0,0.021828625368101727
21817,-15.5,-8.0,0.017847517514362286
21818,-15.5,-7.0,0.033579386413930226
21819,-15.5,-6.0,0.016348829565176845
21820,-15.5,-5.0,0.005775969047391469
21821,-15.5,-4.0,0.012505601708766087
21822,-15.5,-3.0,0.0243547302147574
21823,-15.5,-2.0,0.011976265466044191
21824,-15.5,-1.0,0.003952689486287345
21825,-15.5,0.0,0.0006116060265381778
21826,-15.5,1.0,0.0033296507102009492
21827,-15.5,2.0,0.008220467392609737
21828,-15.5,3.0,0.015983902019766225
21829,-15.5,4.0,0.007707044683689646
21830,-15.5,5.0,0.0026317466607601882
21831,-15.5,6.0,0.005997566450592889
21832,-15.5,7.0,0.01193877523613413
21833,-15.5,8.0,0.005835008826393073
21834,-15.5,9.0,0.005006762439551263
21835,-15.5,10.0,0.009668214527924946
21836,-15.5,11.0,0.004423561179168047
21837,-15.5,12.0,0.0012213721227822794
21838,-15.5,13.0,0.0034630164758045682
21839,-15.5,14.0,0.007394831335971242
21840,-15.5,15.0,0.003427903648444794
21841,-15.5,16.0,0.002958052691228584
21842,-15.5,17.0,0.00612001524375832
21843,-15.5,18.0,0.0026453810055664076
21844,-15.5,19.0,0.0005362232729141886
21845,-15.5,20.0,0.0021073873498018876
21846,-15.5,21.0,0.0048326730084291844
21847,-15.5,22.0,0.0021475968796306963
21848,-15.5,23.0,0.0018725242745713131
21849,-15.5,24.0,0.0040962764775988505
21850,-15.5,25.0,0.0017054517787557836
21851,-15.5,26.0,0.0002609035643220395
21852,-15.5,27.0,0.0013895114994239258
21853,-15.5,28.0,0.003329657479305549
21854,-15.5,29.0,0.0014486223637091404
21855,-15.5,30.0,0.0012769637990328608
21856,-15.5,31.0,0.002874688656719232
21857,-15.5,32.0,0.0011770652895550032
21858,-15.5,33.0,8.976498238827757e-05
21859,-15.5,34.0,9.563700369098176e-06
21860,-15.5,35.0,6.655376619834348e-06
21861,-15.5,36.0,5.0705020541324345e-06
21862,-15.5,37.0,3.843468121144253e-06
21863,-15.5,38.0,2.897897050998613e-06
21864,-15.5,39.0,2.1733500006087195e-06
21865,-15.5,40.0,1.6212994397158504e-06
21866,-15.5,41.0,1.2030494285458997e-06
21867,-15.5,42.0,8.879535679538981e-07
21868,-15.5,43.0,6.519037607118467e-07
21869,-15.5,44.0,4.7606152139366513e-07
21870,-15.5,45.0,3.458031743946819e-07
21871,-15.5,46.0,2.498510188949562e-07
21872,-15.5,47.0,1.7956409079277711e-07
21873,-15.5,48.0,1.2836423759017294e-07
21874,-15.5,49.0,9.127561506787603e-08
21875,-15.5,50.0,6.455823409430195e-08
21876,-15.5,51.0,4.5418695486329926e-08
21877,-15.5,52.0,3.178365230881609e-08
21878,-15.5,53.0,2.2123766723464315e-08
21879,-15.5,54.0,1.5317943368606607e-08
21880,-15.5,55.0,1.0549404981375225e-08
21881,-15.5,56.0,7.226725914107813e-09
21882,-15.5,57.0,4.924263842361527e-09
21883,-15.5,58.0,3.3375451975926927e-09
21884,-15.5,59.0,2.2500859437015184e-09
21885,-15.5,60.0,1.5088885624154668e-09
21886,-15.5,61.0,1.0064711602150208e-09
21887,-15.5,62.0,6.677772381523099e-10
21888,-15.5,63.0,4.4070501870146764e-10
21889,-15.5,64.0,2.893013689448164e-10
21890,-15.5,65.0,1.8890310169014208e-10
21891,-15.5,66.0,1.2269130806872968e-10
21892,-15.5,67.0,7.926374945334733e-11
21893,-15.5,68.0,5.093561276197428e-11
21894,-15.5,69.0,3.255776361835487e-11
21895,-15.5,70.0,2.0700160070834864e-11
21896,-15.5,71.0,1.3091184674892812e-11
21897,-15.5,72.0,8.235127026894673e-12
21898,-15.5,73.0,5.152853119501859e-12
21899,-15.5,74.0,3.2070913568727664e-12
21900,-15.4,-75.0,4.710215751112672e-07
21901,-15.4,-74.0,6.453448471482889e-07
21902,-15.4,-73.0,8.794861416467297e-07
21903,-15.4,-72.0,1.1922086317182844e-06
21904,-15.4,-71.0,1.6075394170181615e-06
21905,-15.4,-70.0,2.1560414553316273e-06
21906,-15.4,-69.0,2.8763298666692357e-06
21907,-15.4,-68.0,3.816861332301894e-06
21908,-15.4,-67.0,5.038023408344217e-06
21909,-15.4,-66.0,6.614546706102738e-06
21910,-15.4,-65.0,8.638256612483113e-06
21911,-15.4,-64.0,1.1221172085214278e-05
21912,-15.4,-63.0,1.4498946639995125e-05
21913,-15.4,-62.0,1.8634630596238372e-05
21914,-15.4,-61.0,2.3822713721368773e-05
21915,-15.4,-60.0,3.0293383527382836e-05
21916,-15.4,-59.0,3.831690675832865e-05
21917,-15.4,-58.0,4.8208010462490374e-05
21918,-15.4,-57.0,6.033010518622952e-05
21919,-15.4,-56.0,7.509915733656654e-05
21920,-15.4,-55.0,9.298698210457603e-05
21921,-15.4,-54.0,0.00011452369438609624
21922,-15.4,-53.0,0.00014029902512284102
21923,-15.4,-52.0,0.00017096218698648064
21924,-15.4,-51.0,0.00020721995915341847
21925,-15.4,-50.0,0.00024983265899978667
21926,-15.4,-49.0,0.00029960768177216224
21927,-15.4,-48.0,0.00035739032166086105
21928,-15.4,-47.0,0.00042405602534636083
21929,-15.4,-46.0,0.0005028420055934081
21930,-15.4,-45.0,0.0007991204239107092
21931,-15.4,-44.0,0.0038224442148459903
21932,-15.4,-43.0,0.0087303385963579
21933,-15.4,-42.0,0.007575260108730861
21934,-15.4,-41.0,0.009919329939775807
21935,-15.4,-40.0,0.005017758264097332
21936,-15.4,-39.0,0.0058356020910251645
21937,-15.4,-38.0,0.011928115519858435
21938,-15.4,-37.0,0.005976432626332576
21939,-15.4,-36.0,0.0026118713755483897
21940,-15.4,-35.0,0.00764858825558709
21941,-15.4,-34.0,0.01584186101343178
21942,-15.4,-33.0,0.008577660326228973
21943,-15.4,-32.0,0.010012520577273613
21944,-15.4,-31.0,0.01971699664969075
21945,-15.4,-30.0,0.010739134835500387
21946,-15.4,-29.0,0.01259282138936851
21947,-15.4,-28.0,0.024688952375337473
21948,-15.4,-27.0,0.012679417642313656
21949,-15.4,-26.0,0.005861915940718923
21950,-15.4,-25.0,0.01656443494889654
21951,-15.4,-24.0,0.03400552255015688
21952,-15.4,-23.0,0.018086630380138906
21953,-15.4,-22.0,0.02209396694347919
21954,-15.4,-21.0,0.04462672655578192
21955,-15.4,-20.0,0.02164871372434248
21956,-15.4,-19.0,0.008760644325727995
21957,-15.4,-18.0,0.03306828415689586
21958,-15.4,-17.0,0.07259815717177193
21959,-15.4,-16.0,0.03505669584944025
21960,-15.4,-15.0,0.03489521558651902
21961,-15.4,-14.0,0.07277965345409634
21962,-15.4,-13.0,0.03304656126602581
21963,-15.4,-12.0,0.008601610319146026
21964,-15.4,-11.0,0.021350463664988804
21965,-15.4,-10.0,0.04412129101013457
21966,-15.4,-9.0,0.02180527353069473
21967,-15.4,-8.0,0.017806005331120516
21968,-15.4,-7.0,0.033524948439526574
21969,-15.4,-6.0,0.016314104879923862
21970,-15.4,-5.0,0.005753804366240559
21971,-15.4,-4.0,0.012470054630786948
21972,-15.4,-3.0,0.024295025224406103
21973,-15.4,-2.0,0.011946700675517015
21974,-15.4,-1.0,0.003943181022089788
21975,-15.4,0.0,0.0006054399986480777
21976,-15.4,1.0,0.003325143357456872
21977,-15.4,2.0,0.008201401738651144
21978,-15.4,3.0,0.015940848918550736
21979,-15.4,4.0,0.007690542201739064
21980,-15.4,5.0,0.0026314194343771908
21981,-15.4,6.0,0.005984507628519191
21982,-15.4,7.0,0.01190336620528805
21983,-15.4,8.0,0.0058218248495587035
21984,-15.4,9.0,0.004995210011148257
21985,-15.4,10.0,0.00963707578710902
21986,-15.4,11.0,0.004413083671471673
21987,-15.4,12.0,0.001223264008743315
21988,-15.4,13.0,0.0034542501381552887
21989,-15.4,14.0,0.007367935642178758
21990,-15.4,15.0,0.003417938997403035
21991,-15.4,16.0,0.0029491020126276198
21992,-15.4,17.0,0.006095632467156786
21993,-15.4,18.0,0.0026367100569623858
21994,-15.4,19.0,0.0005369205687803224
21995,-15.4,20.0,0.0020998224538324854
21996,-15.4,21.0,0.00481119755488657
21997,-15.4,22.0,0.0021390218566467558
21998,-15.4,23.0,0.0018647424818057014
21999,-15.4,24.0,0.004076793065657012
22000,-15.4,25.0,0.0016979608938463644
22001,-15.4,26.0,0.0002605859829489412
22002,-15.4,27.0,0.00138298771675998
22003,-15.4,28.0,0.003312654332390305
22004,-15.4,29.0,0.0014414810403659947
22005,-15.4,30.0,0.0012704886290246565
22006,-15.4,31.0,0.002859404023337284
22007,-15.4,32.0,0.0011709528606980864
22008,-15.4,33.0,8.951546589101508e-05
22009,-15.4,34.0,9.700895210963771e-06
22010,-15.4,35.0,6.767745384567663e-06
22011,-15.4,36.0,5.158885542246781e-06
22012,-15.4,37.0,3.91254609074567e-06
22013,-15.4,38.0,2.9515518589440147e-06
22014,-15.4,39.0,2.214769030412365e-06
22015,-15.4,40.0,1.6530779267935897e-06
22016,-15.4,41.0,1.2272835242607752e-06
22017,-15.4,42.0,9.063230804328565e-07
22018,-15.4,43.0,6.657445642752884e-07
22019,-15.4,44.0,4.864280263859747e-07
22020,-15.4,45.0,3.5352152118032724e-07
22021,-15.4,46.0,2.555638269762554e-07
22022,-15.4,47.0,1.837676783376788e-07
22023,-15.4,48.0,1.3143924797634884e-07
22024,-15.4,49.0,9.351196264453662e-08
22025,-15.4,50.0,6.617522577990155e-08
22026,-15.4,51.0,4.6581109875714314e-08
22027,-15.4,52.0,3.261447291783746e-08
22028,-15.4,53.0,2.2714177823432546e-08
22029,-15.4,54.0,1.5735110557147674e-08
22030,-15.4,55.0,1.0842481564700185e-08
22031,-15.4,56.0,7.4314523933747415e-09
22032,-15.4,57.0,5.066462349513335e-09
22033,-15.4,58.0,3.4357539139080195e-09
22034,-15.4,59.0,2.3175301343960186e-09
22035,-15.4,60.0,1.5549443080623844e-09
22036,-15.4,61.0,1.0377443953867214e-09
22037,-15.4,62.0,6.88893460891914e-10
22038,-15.4,63.0,4.5488313577136737e-10
22039,-15.4,64.0,2.9876775097288946e-10
22040,-15.4,65.0,1.9518826660848338e-10
22041,-15.4,66.0,1.2684104294941094e-10
22042,-15.4,67.0,8.198832406539028e-11
22043,-15.4,68.0,5.2714527882830275e-11
22044,-15.4,69.0,3.371279355329066e-11
22045,-15.4,70.0,2.144594897804507e-11
22046,-15.4,71.0,1.3570064230622121e-11
22047,-15.4,72.0,8.540919836530007e-12
22048,-15.4,73.0,5.3470407708532675e-12
22049,-15.4,74.0,3.3297256603620387e-12
22050,-15.3,-75.0,4.608723314808783e-07
22051,-15.3,-74.0,6.317759239240985e-07
22052,-15.3,-73.0,8.614530532345883e-07
22053,-15.3,-72.0,1.1683857866626491e-06
22054,-15.3,-71.0,1.5762569818521295e-06
22055,-15.3,-70.0,2.1152119375502403e-06
22056,-15.3,-69.0,2.8233639290176435e-06
22057,-15.3,-68.0,3.7485727390144587e-06
22058,-15.3,-67.0,4.950523547648023e-06
22059,-15.3,-66.0,6.503129856624363e-06
22060,-15.3,-65.0,8.497278045562745e-06
22061,-15.3,-64.0,1.1043922236317484e-05
22062,-15.3,-63.0,1.4277525947528067e-05
22063,-15.3,-62.0,1.83598311901177e-05
22064,-15.3,-61.0,2.348391592590667e-05
22065,-15.3,-60.0,2.9878477083226492e-05
22066,-15.3,-59.0,3.7812248703363835e-05
22067,-15.3,-58.0,4.759843365331518e-05
22068,-15.3,-57.0,5.959899337447189e-05
22069,-15.3,-56.0,7.422860439521212e-05
22070,-15.3,-55.0,9.19580542605834e-05
22071,-15.3,-54.0,0.00011331681496791096
22072,-15.3,-53.0,0.00013889450117206175
22073,-15.3,-52.0,0.000169340895904922
22074,-15.3,-51.0,0.00020536421116202806
22075,-15.3,-50.0,0.0002477272474004223
22076,-15.3,-49.0,0.0002972411276950098
22077,-15.3,-48.0,0.0003547563130834642
22078,-15.3,-47.0,0.0004211550604288997
22079,-15.3,-46.0,0.0004996932299791885
22080,-15.3,-45.0,0.0007966272205088583
22081,-15.3,-44.0,0.003832240580731847
22082,-15.3,-43.0,0.008760430113890973
22083,-15.3,-42.0,0.007599217954535655
22084,-15.3,-41.0,0.009951804872883234
22085,-15.3,-40.0,0.005029493467182556
22086,-15.3,-39.0,0.005849035665989616
22087,-15.3,-38.0,0.011964285118420818
22088,-15.3,-37.0,0.0059897929460206055
22089,-15.3,-36.0,0.002612206077043811
22090,-15.3,-35.0,0.007665590428117567
22091,-15.3,-34.0,0.015886268293793224
22092,-15.3,-33.0,0.008598533635710608
22093,-15.3,-32.0,0.01003593604578523
22094,-15.3,-31.0,0.019768747485619156
22095,-15.3,-30.0,0.010766831987604301
22096,-15.3,-29.0,0.012622527613150279
22097,-15.3,-28.0,0.02474691691817838
22098,-15.3,-27.0,0.01271383666633206
22099,-15.3,-26.0,0.005883341465139784
22100,-15.3,-25.0,0.01659807434021111
22101,-15.3,-24.0,0.034058285117682885
22102,-15.3,-23.0,0.0181271925056934
22103,-15.3,-22.0,0.02211706691857381
22104,-15.3,-21.0,0.044634963474692736
22105,-15.3,-20.0,0.021679246609582457
22106,-15.3,-19.0,0.008793280720837791
22107,-15.3,-18.0,0.0329140837253865
22108,-15.3,-17.0,0.07214917906702732
22109,-15.3,-16.0,0.034965896730977025
22110,-15.3,-15.0,0.035027112078635556
22111,-15.3,-14.0,0.07331245791408071
22112,-15.3,-13.0,0.03323428702808233
22113,-15.3,-12.0,0.008570193510556868
22114,-15.3,-11.0,0.02131749352933615
22115,-15.3,-10.0,0.04410857313378879
22116,-15.3,-9.0,0.02177933418099423
22117,-15.3,-8.0,0.017761869659305582
22118,-15.3,-7.0,0.03346574104666605
22119,-15.3,-6.0,0.016276884176464022
22120,-15.3,-5.0,0.005730532514863267
22121,-15.3,-4.0,0.012432399763568532
22122,-15.3,-3.0,0.024231477823697178
22123,-15.3,-2.0,0.011915111107161437
22124,-15.3,-1.0,0.003932831606273238
22125,-15.3,0.0,0.0005992297472610597
22126,-15.3,1.0,0.0033199042851448147
22127,-15.3,2.0,0.008180882820587414
22128,-15.3,3.0,0.015895190636193737
22129,-15.3,4.0,0.0076727041087979704
22130,-15.3,5.0,0.0026305409090906437
22131,-15.3,6.0,0.00597041074328773
22132,-15.3,7.0,0.011866046030259135
22133,-15.3,8.0,0.00580766345799918
22134,-15.3,9.0,0.004982822705193074
22135,-15.3,10.0,0.00960442229082555
22136,-15.3,11.0,0.004401886536593412
22137,-15.3,12.0,0.0012249252125571919
22138,-15.3,13.0,0.0034449327177493274
22139,-15.3,14.0,0.007339917423092859
22140,-15.3,15.0,0.0034074451848021547
22141,-15.3,16.0,0.002939700146103996
22142,-15.3,17.0,0.006070340619139449
22143,-15.3,18.0,0.002627643467297866
22144,-15.3,19.0,0.0005375348553426359
22145,-15.3,20.0,0.0020919494082374344
22146,-15.3,21.0,0.004789020372491654
22147,-15.3,22.0,0.002130136360846319
22148,-15.3,23.0,0.001856692733813295
22149,-15.3,24.0,0.004056721960219656
22150,-15.3,25.0,0.0016902272361249302
22151,-15.3,26.0,0.0002602341145548686
22152,-15.3,27.0,0.0013762686430252413
22153,-15.3,28.0,0.0032951787058163266
22154,-15.3,29.0,0.0014341357131934349
22155,-15.3,30.0,0.0012638347961228889
22156,-15.3,31.0,0.0028437139303471737
22157,-15.3,32.0,0.0011646754720110754
22158,-15.3,33.0,8.925494907845593e-05
22159,-15.3,34.0,9.838216729389465e-06
22160,-15.3,35.0,6.880424374447589e-06
22161,-15.3,36.0,5.247598515786805e-06
22162,-15.3,37.0,3.981946543052506e-06
22163,-15.3,38.0,3.0055063935284593e-06
22164,-15.3,39.0,2.256456590756279e-06
22165,-15.3,40.0,1.6850903441775107e-06
22166,-15.3,41.0,1.2517168672019535e-06
22167,-15.3,42.0,9.24859133092735e-07
22168,-15.3,43.0,6.797223302485904e-07
22169,-15.3,44.0,4.969055690157171e-07
22170,-15.3,45.0,3.613287373902953e-07
22171,-15.3,46.0,2.6134693138207055e-07
22172,-15.3,47.0,1.8802626980914973e-07
22173,-15.3,48.0,1.3455686165249886e-07
22174,-15.3,49.0,9.578099397070277e-08
22175,-15.3,50.0,6.781706408762787e-08
22176,-15.3,51.0,4.776224932067158e-08
22177,-15.3,52.0,3.3459287654035396e-08
22178,-15.3,53.0,2.331496326541747e-08
22179,-15.3,54.0,1.615990863143773e-08
22180,-15.3,55.0,1.1141128494738848e-08
22181,-15.3,56.0,7.64021498958566e-09
22182,-15.3,57.0,5.211564149939326e-09
22183,-15.3,58.0,3.536036238798867e-09
22184,-15.3,59.0,2.386445036007457e-09
22185,-15.3,60.0,1.6020360123513934e-09
22186,-15.3,61.0,1.0697424282212982e-09
22187,-15.3,62.0,7.105134052855494e-10
22188,-15.3,63.0,4.694090293379645e-10
22189,-15.3,64.0,3.084726824957705e-10
22190,-15.3,65.0,2.0163600711952332e-10
22191,-15.3,66.0,1.3110087040737282e-10
22192,-15.3,67.0,8.478698047797166e-11
22193,-15.3,68.0,5.4542981030365834e-11
22194,-15.3,69.0,3.4900743547273957e-11
22195,-15.3,70.0,2.221347974252295e-11
22196,-15.3,71.0,1.4063215125803003e-11
22197,-15.3,72.0,8.856023328229103e-12
22198,-15.3,73.0,5.547265994313808e-12
22199,-15.3,74.0,3.4562515044479808e-12
22200,-15.2,-75.0,4.5085545441800216e-07
22201,-15.2,-74.0,6.183739029671537e-07
22202,-15.2,-73.0,8.436281936365071e-07
22203,-15.2,-72.0,1.1448197814505797e-06
22204,-15.2,-71.0,1.545287431673554e-06
22205,-15.2,-70.0,2.0747583790354576e-06
22206,-15.2,-69.0,2.770842813728479e-06
22207,-15.2,-68.0,3.6808011790517657e-06
22208,-15.2,-67.0,4.863612172457717e-06
22209,-15.2,-66.0,6.39236583357912e-06
22210,-15.2,-65.0,8.357000226853699e-06
22211,-15.2,-64.0,1.086739152359484e-05
22212,-15.2,-63.0,1.4056795322239821e-05
22213,-15.2,-62.0,1.8085621438452388e-05
22214,-15.2,-61.0,2.3145504873975834e-05
22215,-15.2,-60.0,2.946361211270863e-05
22216,-15.2,-59.0,3.730709437964492e-05
22217,-15.2,-58.0,4.6987568381020224e-05
22218,-15.2,-57.0,5.8865470985637806e-05
22219,-15.2,-56.0,7.335409833199588e-05
22220,-15.2,-55.0,9.092310337009028e-05
22221,-15.2,-54.0,0.00011210119069225724
22222,-15.2,-53.0,0.0001374777158876894
22223,-15.2,-52.0,0.00016770287113147372
22224,-15.2,-51.0,0.00020348612211985742
22225,-15.2,-50.0,0.00024559255676655527
22226,-15.2,-49.0,0.00029483681624954266
22227,-15.2,-48.0,0.00035207430817589194
22228,-15.2,-47.0,0.0004181938730646658
22229,-15.2,-46.0,0.0004964695273056882
22230,-15.2,-45.0,0.0007940186255187479
22231,-15.2,-44.0,0.0038415721931095302
22232,-15.2,-43.0,0.008789493433187414
22233,-15.2,-42.0,0.007622264942000442
22234,-15.2,-41.0,0.00998308922381559
22235,-15.2,-40.0,0.005040578886610826
22236,-15.2,-39.0,0.005861709040974196
22237,-15.2,-38.0,0.0119989841002608
22238,-15.2,-37.0,0.006002342348798852
22239,-15.2,-36.0,0.00261209427485747
22240,-15.2,-35.0,0.007681553639101111
22241,-15.2,-34.0,0.015928684767110776
22242,-15.2,-33.0,0.008618225123051264
22243,-15.2,-32.0,0.010057995831141494
22244,-15.2,-31.0,0.0198180328661435
22245,-15.2,-30.0,0.01079306364205903
22246,-15.2,-29.0,0.012650574196692379
22247,-15.2,-28.0,0.024801891165422342
22248,-15.2,-27.0,0.01274657578262648
22249,-15.2,-26.0,0.005903844629846511
22250,-15.2,-25.0,0.016629774759390793
22251,-15.2,-24.0,0.03410744440509329
22252,-15.2,-23.0,0.01816573027754494
22253,-15.2,-22.0,0.022138278519544762
22254,-15.2,-21.0,0.04463995666445544
22255,-15.2,-20.0,0.021708007723014185
22256,-15.2,-19.0,0.008825684971272155
22257,-15.2,-18.0,0.03276792278417649
22258,-15.2,-17.0,0.0717210665350608
22259,-15.2,-16.0,0.034885811060636485
22260,-15.2,-15.0,0.03517301447617669
22261,-15.2,-14.0,0.07387666500156934
22262,-15.2,-13.0,0.03343421012501051
22263,-15.2,-12.0,0.008538558900761512
22264,-15.2,-11.0,0.021281745871444675
22265,-15.2,-10.0,0.04409046721488027
22266,-15.2,-9.0,0.021750460336015822
22267,-15.2,-8.0,0.01771481992178925
22268,-15.2,-7.0,0.03340119920084194
22269,-15.2,-6.0,0.016236897429026047
22270,-15.2,-5.0,0.00570606385507144
22271,-15.2,-4.0,0.012392431440486313
22272,-15.2,-3.0,0.024163679335100163
22273,-15.2,-2.0,0.011881296538318159
22274,-15.2,-1.0,0.0039215757150981075
22275,-15.2,0.0,0.0005929669629755128
22276,-15.2,1.0,0.0033138755799057024
22277,-15.2,2.0,0.008158770582308681
22278,-15.2,3.0,0.015846657464834955
22279,-15.2,4.0,0.007653397864031653
22280,-15.2,5.0,0.002629062654072835
22281,-15.2,6.0,0.005955172325518073
22282,-15.2,7.0,0.011826614203276919
22283,-15.2,8.0,0.00579242407044103
22284,-15.2,9.0,0.004969514198325827
22285,-15.2,10.0,0.009570092742770958
22286,-15.2,11.0,0.00438989357975806
22287,-15.2,12.0,0.0012263316439171455
22288,-15.2,13.0,0.0034350047770568245
22289,-15.2,14.0,0.00731065492715899
22290,-15.2,15.0,0.003396364172132286
22291,-15.2,16.0,0.0029297971784735368
22292,-15.2,17.0,0.006044040148593292
22293,-15.2,18.0,0.0026181370256874053
22294,-15.2,19.0,0.0005380556213662001
22295,-15.2,20.0,0.002083733372574328
22296,-15.2,21.0,0.004766064155700417
22297,-15.2,22.0,0.0021209054430303543
22298,-15.2,23.0,0.0018483447312410016
22299,-15.2,24.0,0.00403599838799311
22300,-15.2,25.0,0.0016822234695164924
22301,-15.2,26.0,0.0002598432868018647
22302,-15.2,27.0,0.0013693322501732628
22303,-15.2,28.0,0.003277178619456836
22304,-15.2,29.0,0.0014265636246379497
22305,-15.2,30.0,0.0012569823386470024
22306,-15.2,31.0,0.002827573836181674
22307,-15.2,32.0,0.0011582148092677343
22308,-15.2,33.0,8.898192240484602e-05
22309,-15.2,34.0,9.975420915935978e-06
22310,-15.2,35.0,6.993237120413933e-06
22311,-15.2,36.0,5.336506748949523e-06
22312,-15.2,37.0,4.051568026441658e-06
22313,-15.2,38.0,3.0596844723718023e-06
22314,-15.2,39.0,2.2983558487984923e-06
22315,-15.2,40.0,1.717294573849961e-06
22316,-15.2,41.0,1.2763184523588673e-06
22317,-15.2,42.0,9.4353905549874e-07
22318,-15.2,43.0,6.938205953340414e-07
22319,-15.2,44.0,5.074822761940556e-07
22320,-15.2,45.0,3.6921632032928746e-07
22321,-15.2,46.0,2.6719428641954207e-07
22322,-15.2,47.0,1.9233559768130418e-07
22323,-15.2,48.0,1.377140885353607e-07
22324,-15.2,49.0,9.808062985342128e-08
22325,-15.2,50.0,6.94823144292406e-08
22326,-15.2,51.0,4.896113188272785e-08
22327,-15.2,52.0,3.431742993531324e-08
22328,-15.2,53.0,2.392567440334339e-08
22329,-15.2,54.0,1.6592038310214646e-08
22330,-15.2,55.0,1.1445147985678721e-08
22331,-15.2,56.0,7.85288427510233e-09
22332,-15.2,57.0,5.359485432418657e-09
22333,-15.2,58.0,3.638338508318419e-09
22334,-15.2,59.0,2.4567967060779745e-09
22335,-15.2,60.0,1.6501424946274588e-09
22336,-15.2,61.0,1.102452240340516e-09
22337,-15.2,62.0,7.326292074954567e-10
22338,-15.2,63.0,4.842780453086557e-10
22339,-15.2,64.0,3.184134768133398e-10
22340,-15.2,65.0,2.082448207011263e-10
22341,-15.2,66.0,1.354699855028192e-10
22342,-15.2,67.0,8.765931396716154e-11
22343,-15.2,68.0,5.6420789402896516e-11
22344,-15.2,69.0,3.6121548221123636e-11
22345,-15.2,70.0,2.3002744858514103e-11
22346,-15.2,71.0,1.45706550171094e-11
22347,-15.2,72.0,9.180463253517046e-12
22348,-15.2,73.0,5.753554417035627e-12
22349,-15.2,74.0,3.586690982576604e-12
22350,-15.1,-75.0,4.409761026214243e-07
22351,-15.1,-74.0,6.051461420006544e-07
22352,-15.1,-73.0,8.260219545298208e-07
22353,-15.1,-72.0,1.1215251564206736e-06
22354,-15.1,-71.0,1.5146509307545996e-06
22355,-15.1,-70.0,2.034708503692823e-06
22356,-15.1,-69.0,2.718804322600068e-06
22357,-15.1,-68.0,3.61359778066983e-06
22358,-15.1,-67.0,4.777357893089555e-06
22359,-15.1,-66.0,6.282346000939628e-06
22360,-15.1,-65.0,8.217543905645037e-06
22361,-15.1,-64.0,1.0691738354844521e-05
22362,-15.1,-63.0,1.3836961065396915e-05
22363,-15.1,-62.0,1.7812268091798705e-05
22364,-15.1,-61.0,2.2807823038499153e-05
22365,-15.1,-60.0,2.9049225231508316e-05
22366,-15.1,-59.0,3.680199657091979e-05
22367,-15.1,-58.0,4.637610970384316e-05
22368,-15.1,-57.0,5.8130406022579653e-05
22369,-15.1,-56.0,7.247671580163144e-05
22370,-15.1,-55.0,8.988345592918081e-05
22371,-15.1,-54.0,0.0001108784449626799
22372,-15.1,-53.0,0.0001360506428412146
22373,-15.1,-52.0,0.00016605049607348348
22374,-15.1,-51.0,0.00020158855142362982
22375,-15.1,-50.0,0.00024343199503599705
22376,-15.1,-49.0,0.000292398782581529
22377,-15.1,-48.0,0.00034934905356753663
22378,-15.1,-47.0,0.0004151780105336939
22379,-15.1,-46.0,0.0004931773577031409
22380,-15.1,-45.0,0.0007913037929722273
22381,-15.1,-44.0,0.0038504731236760777
22382,-15.1,-43.0,0.008817602908573141
22383,-15.1,-42.0,0.007644466467224153
22384,-15.1,-41.0,0.010013268025462898
22385,-15.1,-40.0,0.005051059573877147
22386,-15.1,-39.0,0.005873674511729402
22387,-15.1,-38.0,0.012032315440238764
22388,-15.1,-37.0,0.006014134395775858
22389,-15.1,-36.0,0.002611561561005614
22390,-15.1,-35.0,0.00769654587932885
22391,-15.1,-34.0,0.01596924735171528
22392,-15.1,-33.0,0.008636809880159147
22393,-15.1,-32.0,0.010078787370539074
22394,-15.1,-31.0,0.019865022809668714
22395,-15.1,-30.0,0.010817921891857589
22396,-15.1,-29.0,0.012677069113785995
22397,-15.1,-28.0,0.024854087346883682
22398,-15.1,-27.0,0.012777741174987072
22399,-15.1,-26.0,0.00592347074494318
22400,-15.1,-25.0,0.016659673635084398
22401,-15.1,-24.0,0.034153288842203665
22402,-15.1,-23.0,0.018202390255294625
22403,-15.1,-22.0,0.0221577698890046
22404,-15.1,-21.0,0.044642051402620335
22405,-15.1,-20.0,0.021735157251810758
22406,-15.1,-19.0,0.008857849052396463
22407,-15.1,-18.0,0.03262908857286898
22408,-15.1,-17.0,0.07131202319137711
22409,-15.1,-16.0,0.03481602182970915
22410,-15.1,-15.0,0.03533435336079956
22411,-15.1,-14.0,0.07447629165226599
22412,-15.1,-13.0,0.033647912831324255
22413,-15.1,-12.0,0.008506707151524531
22414,-15.1,-11.0,0.021242811632172932
22415,-15.1,-10.0,0.04406609782202311
22416,-15.1,-9.0,0.021718226782959794
22417,-15.1,-8.0,0.017664503042857153
22418,-15.1,-7.0,0.033330637902625214
22419,-15.1,-6.0,0.016193817108192222
22420,-15.1,-5.0,0.005680289534073748
22421,-15.1,-4.0,0.0123499009133985
22422,-15.1,-3.0,0.02409113601131876
22423,-15.1,-2.0,0.01184501510957798
22424,-15.1,-1.0,0.003909334288004009
22425,-15.1,0.0,0.0005866415503366871
22426,-15.1,1.0,0.0033069876487997335
22427,-15.1,2.0,0.008134896350713247
22428,-15.1,3.0,0.015794924280048354
22429,-15.1,4.0,0.007632463938648075
22430,-15.1,5.0,0.00262692668374704
22431,-15.1,6.0,0.005938667919692597
22432,-15.1,7.0,0.011784829060849919
22433,-15.1,8.0,0.005775985684954515
22434,-15.1,9.0,0.004955180660641455
22435,-15.1,10.0,0.00953389268984601
22436,-15.1,11.0,0.004377013137053434
22437,-15.1,12.0,0.0012274545596792105
22438,-15.1,13.0,0.0034243948008869
22439,-15.1,14.0,0.007280001265364026
22440,-15.1,15.0,0.0033846260570629632
22441,-15.1,16.0,0.002919332982495198
22442,-15.1,17.0,0.006016610861725723
22443,-15.1,18.0,0.0026081374350420713
22444,-15.1,19.0,0.0005384702981234701
22445,-15.1,20.0,0.0020751323169200726
22446,-15.1,21.0,0.004742235474465656
22447,-15.1,22.0,0.002111286899777829
22448,-15.1,23.0,0.001839661873186593
22449,-15.1,24.0,0.004014544013046011
22450,-15.1,25.0,0.001673916553016402
22451,-15.1,26.0,0.0002594078764996907
22452,-15.1,27.0,0.0013621518963992465
22453,-15.1,28.0,0.0032585911662378697
22454,-15.1,29.0,0.0014187372381783104
22455,-15.1,30.0,0.001249907096841722
22456,-15.1,31.0,0.0028109298163571635
22457,-15.1,32.0,0.001151548701883592
22458,-15.1,33.0,8.869456079441075e-05
22459,-15.1,34.0,1.0112213823464317e-05
22460,-15.1,35.0,7.1059706243596015e-06
22461,-15.1,36.0,5.425447837086584e-06
22462,-15.1,37.0,4.121287467324811e-06
22463,-15.1,38.0,3.113993412964356e-06
22464,-15.1,39.0,2.340397449056342e-06
22465,-15.1,40.0,1.7496390459365588e-06
22466,-15.1,41.0,1.301050179803742e-06
22467,-15.1,42.0,9.623348807899965e-07
22468,-15.1,43.0,7.080189641721914e-07
22469,-15.1,44.0,5.181433717719941e-07
22470,-15.1,45.0,3.771736357962273e-07
22471,-15.1,46.0,2.73098290042274e-07
22472,-15.1,47.0,1.966902643259936e-07
22473,-15.1,48.0,1.4090712250169362e-07
22474,-15.1,49.0,1.0040820511571386e-07
22475,-15.1,50.0,7.11691237726667e-08
22476,-15.1,51.0,5.017647848281836e-08
22477,-15.1,52.0,3.518802335491943e-08
22478,-15.1,53.0,2.4545715252368496e-08
22479,-15.1,54.0,1.7031097430146753e-08
22480,-15.1,55.0,1.175427081513544e-08
22481,-15.1,56.0,8.069281498571542e-09
22482,-15.1,57.0,5.510108521507188e-09
22483,-15.1,58.0,3.742583939339984e-09
22484,-15.1,59.0,2.528535507726487e-09
22485,-15.1,60.0,1.6992319803453732e-09
22486,-15.1,61.0,1.1358537028990454e-09
22487,-15.1,62.0,7.552282583303904e-10
22488,-15.1,63.0,4.994823806693915e-10
22489,-15.1,64.0,3.285853695737469e-10
22490,-15.1,65.0,2.150118418308148e-10
22491,-15.1,66.0,1.3994669424661158e-10
22492,-15.1,67.0,9.060434323299205e-11
22493,-15.1,68.0,5.834739842218188e-11
22494,-15.1,69.0,3.737490385636691e-11
22495,-15.1,70.0,2.3813584908731713e-11
22496,-15.1,71.0,1.5092305298045636e-11
22497,-15.1,72.0,9.51420471873146e-12
22498,-15.1,73.0,5.96589368299095e-12
22499,-15.1,74.0,3.721042537894572e-12
22500,-15.0,-75.0,4.151333395935235e-07
22501,-15.0,-74.0,5.699860365576139e-07
22502,-15.0,-73.0,7.784431965142457e-07
22503,-15.0,-72.0,1.0574887250830945e-06
22504,-15.0,-71.0,1.42892906963748e-06
22505,-15.0,-70.0,1.920576916644786e-06
22506,-15.0,-69.0,2.567667863799386e-06
22507,-15.0,-68.0,3.4145391296061516e-06
22508,-15.0,-67.0,4.516598124162462e-06
22509,-15.0,-66.0,5.9426056726154075e-06
22510,-15.0,-65.0,7.777293416751144e-06
22511,-15.0,-64.0,1.0124326969117898e-05
22512,-15.0,-63.0,1.3109615322511096e-05
22513,-15.0,-62.0,1.688495244017674e-05
22514,-15.0,-61.0,2.163195857508904e-05
22515,-15.0,-60.0,2.756626653629887e-05
22516,-15.0,-59.0,3.494187187525559e-05
22517,-15.0,-58.0,4.4055536090797646e-05
22518,-15.0,-57.0,5.5251099033504464e-05
22519,-15.0,-56.0,6.892352165958954e-05
22520,-15.0,-55.0,8.552244445309073e-05
22521,-15.0,-54.0,0.00010555501191126419
22522,-15.0,-53.0,0.00012958768156980091
22523,-15.0,-52.0,0.00015824670958230913
22524,-15.0,-51.0,0.00019221698659425667
22525,-15.0,-50.0,0.00023223889046954682
22526,-15.0,-49.0,0.00027910282926809786
22527,-15.0,-48.0,0.00033364117283154706
22528,-15.0,-47.0,0.00039672160643216886
22529,-15.0,-46.0,0.00047152949740601844
22530,-15.0,-45.0,0.000759043750976801
22531,-15.0,-44.0,0.0037148554113774976
22532,-15.0,-43.0,0.008514503344752409
22533,-15.0,-42.0,0.007379588579759145
22534,-15.0,-41.0,0.00966736998201902
22535,-15.0,-40.0,0.0048719670786404766
22536,-15.0,-39.0,0.005665196626851711
22537,-15.0,-38.0,0.011613811359837184
22538,-15.0,-37.0,0.00580019740461077
22539,-15.0,-36.0,0.002513133523722695
22540,-15.0,-35.0,0.007422664446779357
22541,-15.0,-34.0,0.015410235605291466
22542,-15.0,-33.0,0.008331146786008924
22543,-15.0,-32.0,0.009721251175809496
22544,-15.0,-31.0,0.01916630877960277
22545,-15.0,-30.0,0.010436599274471903
22546,-15.0,-29.0,0.012227731665748396
22547,-15.0,-28.0,0.023973633283801962
22548,-15.0,-27.0,0.012329117162614813
22549,-15.0,-26.0,0.00572033852263915
22550,-15.0,-25.0,0.016064661483602548
22551,-15.0,-24.0,0.03291897670553211
22552,-15.0,-23.0,0.01755620605506598
22553,-15.0,-22.0,0.021347508050835084
22554,-15.0,-21.0,0.042974352322502817
22555,-15.0,-20.0,0.020948148235943827
22556,-15.0,-19.0,0.008557766183848044
22557,-15.0,-18.0,0.03128332140802611
22558,-15.0,-17.0,0.06827187374595187
22559,-15.0,-16.0,0.03345824817392219
22560,-15.0,-15.0,0.03734600525788408
22561,-15.0,-14.0,0.07712361607302824
22562,-15.0,-13.0,0.0347826475429447
22563,-15.0,-12.0,0.00870110744909543
22564,-15.0,-11.0,0.02176672288022986
22565,-15.0,-10.0,0.04521112496192316
22566,-15.0,-9.0,0.022261524806218687
22567,-15.0,-8.0,0.01808109577854373
22568,-15.0,-7.0,0.03414185351073266
22569,-15.0,-6.0,0.016578749259358698
22570,-15.0,-5.0,0.0058041447907745455
22571,-15.0,-4.0,0.012633320949616346
22572,-15.0,-3.0,0.024654957825693193
22573,-15.0,-2.0,0.012121465905016959
22574,-15.0,-1.0,0.004000125093226858
22575,-15.0,0.0,0.0005957470724430185
22576,-15.0,1.0,0.0033873201899964995
22577,-15.0,2.0,0.008325755335422106
22578,-15.0,3.0,0.016160208592327915
22579,-15.0,4.0,0.007813064601379174
22580,-15.0,5.0,0.002694186334137479
22581,-15.0,6.0,0.006078967950871115
22582,-15.0,7.0,0.012054138133248585
22583,-15.0,8.0,0.005912079171754993
22584,-15.0,9.0,0.005071700720278529
22585,-15.0,10.0,0.009749338404708147
22586,-15.0,11.0,0.00447973098317929
22587,-15.0,12.0,0.001261082378486197
22588,-15.0,13.0,0.003504222788794636
22589,-15.0,14.0,0.007441461745471847
22590,-15.0,15.0,0.0034622605440236985
22591,-15.0,16.0,0.002985951916005186
22592,-15.0,17.0,0.006147922625005927
22593,-15.0,18.0,0.002666995617720851
22594,-15.0,19.0,0.0005531612190436516
22595,-15.0,20.0,0.0021213078429215297
22596,-15.0,21.0,0.004843485193272844
22597,-15.0,22.0,0.0021573809774321478
22598,-15.0,23.0,0.001879519113554922
22599,-15.0,24.0,0.004098949496748824
22600,-15.0,25.0,0.0017097675144096328
22601,-15.0,26.0,0.00026584026404999025
22602,-15.0,27.0,0.001390896926791862
22603,-15.0,28.0,0.003325905220061405
22604,-15.0,29.0,0.0014483193680852094
22605,-15.0,30.0,0.0012757853360856346
22606,-15.0,31.0,0.0028683745352268853
22607,-15.0,32.0,0.00117596765345927
22608,-15.0,33.0,0.00015584816857060527
22609,-15.0,34.0,0.0009745943541226227
22610,-15.0,35.0,0.00237491283330381
22611,-15.0,36.0,0.0009696951547628293
22612,-15.0,37.0,6.939302948178499e-05
22613,-15.0,38.0,3.981702642457376e-06
22614,-15.0,39.0,2.447516960437875e-06
22615,-15.0,40.0,1.8296830614926798e-06
22616,-15.0,41.0,1.3612963711482048e-06
22617,-15.0,42.0,1.0074330940003846e-06
22618,-15.0,43.0,7.41594042332268e-07
22619,-15.0,44.0,5.430035298690034e-07
22620,-15.0,45.0,3.954808002209092e-07
22621,-15.0,46.0,2.865064686719281e-07
22622,-15.0,47.0,2.0645703851573092e-07
22623,-15.0,48.0,1.479827715324286e-07
22624,-15.0,49.0,1.0550639833251039e-07
22625,-15.0,50.0,7.482256596750205e-08
22626,-15.0,51.0,5.278038370672997e-08
22627,-15.0,52.0,3.7033829564014326e-08
22628,-15.0,53.0,2.584704097887045e-08
22629,-15.0,54.0,1.7943582717734745e-08
22630,-15.0,55.0,1.2390636275981692e-08
22631,-15.0,56.0,8.510678225390297e-09
22632,-15.0,57.0,5.814613414306764e-09
22633,-15.0,58.0,3.951514974127291e-09
22634,-15.0,59.0,2.671114643550781e-09
22635,-15.0,60.0,1.796004968260805e-09
22636,-15.0,61.0,1.2011815363550566e-09
22637,-15.0,62.0,7.990903213856218e-10
22638,-15.0,63.0,5.287729146402122e-10
22639,-15.0,64.0,3.480395830609593e-10
22640,-15.0,65.0,2.278631968175242e-10
22641,-15.0,66.0,1.4839041180204368e-10
22642,-15.0,67.0,9.612217776026278e-11
22643,-15.0,68.0,6.193376343395843e-11
22644,-15.0,69.0,3.969332204101146e-11
22645,-15.0,70.0,2.5304253634265752e-11
22646,-15.0,71.0,1.6045591221264613e-11
22647,-15.0,72.0,1.0120547866412715e-11
22648,-15.0,73.0,6.34948395622799e-12
22649,-15.0,74.0,3.9624057443112344e-12
22650,-14.9,-75.0,3.8982137527699496e-07
22651,-14.9,-74.0,5.355174683232977e-07
22652,-14.9,-73.0,7.317584428748054e-07
22653,-14.9,-72.0,9.945988425593912e-07
22654,-14.9,-71.0,1.3446655068607348e-06
22655,-14.9,-70.0,1.8082841979489508e-06
22656,-14.9,-69.0,2.41882928066781e-06
22657,-14.9,-68.0,3.2183246736833872e-06
22658,-14.9,-67.0,4.259323240002033e-06
22659,-14.9,-66.0,5.6070890378397264e-06
22660,-14.9,-65.0,7.342101983391375e-06
22661,-14.9,-64.0,9.562897047872626e-06
22662,-14.9,-63.0,1.2389239697156593e-05
22663,-14.9,-62.0,1.5965625503192465e-05
22664,-14.9,-61.0,2.0465074416581958e-05
22665,-14.9,-60.0,2.6093168924260382e-05
22666,-14.9,-59.0,3.309226024159524e-05
22667,-14.9,-58.0,4.174573805499375e-05
22668,-14.9,-57.0,5.238222767558306e-05
22669,-14.9,-56.0,6.537954465434853e-05
22670,-14.9,-55.0,8.116820217803147e-05
22671,-14.9,-54.0,0.00010023423253097301
22672,-14.9,-53.0,0.0001231210525684146
22673,-14.9,-52.0,0.00015043007684580596
22674,-14.9,-51.0,0.00018281976341194168
22675,-14.9,-50.0,0.00022100276910621728
22676,-14.9,-49.0,0.00026574089634771023
22677,-14.9,-48.0,0.0003178375358546028
22678,-14.9,-47.0,0.00037813148723958275
22679,-14.9,-46.0,0.000449697485948033
22680,-14.9,-45.0,0.0007262936059673671
22681,-14.9,-44.0,0.0035752232090587093
22682,-14.9,-43.0,0.008201643035703303
22683,-14.9,-42.0,0.007106399686360105
22684,-14.9,-41.0,0.009310502482517127
22685,-14.9,-40.0,0.004687666427859288
22686,-14.9,-39.0,0.005450675178472807
22687,-14.9,-38.0,0.011182317619297364
22688,-14.9,-37.0,0.005580079846919375
22689,-14.9,-36.0,0.0024123785133963733
22690,-14.9,-35.0,0.0071408785329790895
22691,-14.9,-34.0,0.014834231588581432
22692,-14.9,-33.0,0.008016462786924868
22693,-14.9,-32.0,0.0093532755763753
22694,-14.9,-31.0,0.01844672985725222
22695,-14.9,-30.0,0.010043864669379055
22696,-14.9,-29.0,0.011765270741250314
22697,-14.9,-28.0,0.023067655168192345
22698,-14.9,-27.0,0.011866912806711127
22699,-14.9,-26.0,0.005510384592854342
22700,-14.9,-25.0,0.015452971297413068
22701,-14.9,-24.0,0.03165198269816782
22702,-14.9,-23.0,0.01689156576269305
22703,-14.9,-22.0,0.020517157365768778
22704,-14.9,-21.0,0.041269504340384004
22705,-14.9,-20.0,0.020140877932132432
22706,-14.9,-19.0,0.0082480644822146
22707,-14.9,-18.0,0.029927728748801664
22708,-14.9,-17.0,0.06522055784008483
22709,-14.9,-16.0,0.03208689081631449
22710,-14.9,-15.0,0.03773794319767692
22711,-14.9,-14.0,0.08088689074331366
22712,-14.9,-13.0,0.0364136825928224
22713,-14.9,-12.0,0.009008582376869674
22714,-14.9,-11.0,0.022571993036307296
22715,-14.9,-10.0,0.04694467156941946
22716,-14.9,-9.0,0.02309295352264039
22717,-14.9,-8.0,0.018729471393695428
22718,-14.9,-7.0,0.03539249682117118
22719,-14.9,-6.0,0.017176290344404623
22720,-14.9,-5.0,0.006001480793879017
22721,-14.9,-4.0,0.013077875245414993
22722,-14.9,-3.0,0.025534214922795593
22723,-14.9,-2.0,0.01255280796942851
22724,-14.9,-1.0,0.004141820581029575
22725,-14.9,0.0,0.000612232172853933
22726,-14.9,1.0,0.0035109574978266674
22727,-14.9,2.0,0.008622990806604782
22728,-14.9,3.0,0.016731862055140295
22729,-14.9,4.0,0.008093615763961916
22730,-14.9,5.0,0.002796135818216945
22731,-14.9,6.0,0.006297019915110296
22732,-14.9,7.0,0.012477207455348412
22733,-14.9,8.0,0.006123800678653034
22734,-14.9,9.0,0.005253087034326153
22735,-14.9,10.0,0.010089023594432329
22736,-14.9,11.0,0.004639749525371049
22737,-14.9,12.0,0.0013111133174454643
22738,-14.9,13.0,0.0036288521575593797
22739,-14.9,14.0,0.00769759442827685
22740,-14.9,15.0,0.003584096738858396
22741,-14.9,16.0,0.0030906754351260756
22742,-14.9,17.0,0.006357335136605856
22743,-14.9,18.0,0.00275985457107792
22744,-14.9,19.0,0.0005750627262288347
22745,-14.9,20.0,0.0021944930617697287
22746,-14.9,21.0,0.005006138276750763
22747,-14.9,22.0,0.00223089153975395
22748,-14.9,23.0,0.001943245053455664
22749,-14.9,24.0,0.004235243601890693
22750,-14.9,25.0,0.0017673063975972637
22751,-14.9,26.0,0.0002757037242766988
22752,-14.9,27.0,0.0014372603986373277
22753,-14.9,28.0,0.003435250985131003
22754,-14.9,29.0,0.0014962241240600717
22755,-14.9,30.0,0.0013177929761396085
22756,-14.9,31.0,0.0029620302638072612
22757,-14.9,32.0,0.0012145296178054663
22758,-14.9,33.0,0.00016117494719550035
22759,-14.9,34.0,0.0010063317718514105
22760,-14.9,35.0,0.0024518917993473998
22761,-14.9,36.0,0.0010011897581996112
22762,-14.9,37.0,7.174126391262132e-05
22763,-14.9,38.0,4.190940919953265e-06
22764,-14.9,39.0,2.5885583622594793e-06
22765,-14.9,40.0,1.9361775196698354e-06
22766,-14.9,41.0,1.4412964823143625e-06
22767,-14.9,42.0,1.0672058518481733e-06
22768,-14.9,43.0,7.860127161309987e-07
22769,-14.9,44.0,5.758340688116624e-07
22770,-14.9,45.0,4.1961545657191985e-07
22771,-14.9,46.0,3.0415284218585954e-07
22772,-14.9,47.0,2.1928984414974443e-07
22773,-14.9,48.0,1.5726474076404448e-07
22774,-14.9,49.0,1.1218386218161017e-07
22775,-14.9,50.0,7.960045905236093e-08
22776,-14.9,51.0,5.618066862995161e-08
22777,-14.9,52.0,3.944067789610204e-08
22778,-14.9,53.0,2.7541523881402817e-08
22779,-14.9,54.0,1.9130119544790222e-08
22780,-14.9,55.0,1.3217019167414928e-08
22781,-14.9,56.0,9.083128761679039e-09
22782,-14.9,57.0,6.209026802415764e-09
22783,-14.9,58.0,4.221800525865077e-09
22784,-14.9,59.0,2.855341088485542e-09
22785,-14.9,60.0,1.920898376462929e-09
22786,-14.9,61.0,1.2853958482914918e-09
22787,-14.9,62.0,8.555699146578211e-10
22788,-14.9,63.0,5.664482304842044e-10
22789,-14.9,64.0,3.730362633656622e-10
22790,-14.9,65.0,2.443588022780233e-10
22791,-14.9,66.0,1.5921758453595358e-10
22792,-14.9,67.0,1.0319061051202424e-10
22793,-14.9,68.0,6.652355356417838e-11
22794,-14.9,69.0,4.265763819440654e-11
22795,-14.9,70.0,2.720847995917372e-11
22796,-14.9,71.0,1.7262268248261427e-11
22797,-14.9,72.0,1.089375364342327e-11
22798,-14.9,73.0,6.838224361396228e-12
22799,-14.9,74.0,4.2696792367107505e-12
22800,-14.8,-75.0,3.8029945602160603e-07
22801,-14.8,-74.0,5.227151481200927e-07
22802,-14.8,-73.0,7.146453550697523e-07
22803,-14.8,-72.0,9.718565636498615e-07
22804,-14.8,-71.0,1.3146189141850056e-06
22805,-14.8,-70.0,1.7688201959437611e-06
22806,-14.8,-69.0,2.3673016870458936e-06
22807,-14.8,-68.0,3.151444291461984e-06
22808,-14.8,-67.0,4.173032516713459e-06
22809,-14.8,-66.0,5.496421258329364e-06
22810,-14.8,-65.0,7.201025685494121e-06
22811,-14.8,-64.0,9.384147316143107e-06
22812,-14.8,-63.0,1.2164139198176483e-05
22813,-14.8,-62.0,1.568389958725218e-05
22814,-14.8,-61.0,2.0114666322510843e-05
22815,-14.8,-60.0,2.566006306802403e-05
22816,-14.8,-59.0,3.256032370562427e-05
22817,-14.8,-58.0,4.109659266054977e-05
22818,-14.8,-57.0,5.1595167324254316e-05
22819,-14.8,-56.0,6.443151484763979e-05
22820,-14.8,-55.0,8.003386061765652e-05
22821,-14.8,-54.0,9.888611129152882e-05
22822,-14.8,-53.0,0.00012152984332067587
22823,-14.8,-52.0,0.00014856506077966876
22824,-14.8,-51.0,0.00018064940664476513
22825,-14.8,-50.0,0.00021849550225484996
22826,-14.8,-49.0,0.0002628660934048692
22827,-14.8,-48.0,0.0003145667024007893
22828,-14.8,-47.0,0.0003744396679804629
22829,-14.8,-46.0,0.0004455684773496656
22830,-14.8,-45.0,0.0007220316335614613
22831,-14.8,-44.0,0.003574986736846629
22832,-14.8,-43.0,0.008208271772258796
22833,-14.8,-42.0,0.007110107931409532
22834,-14.8,-41.0,0.009316370429976212
22835,-14.8,-40.0,0.004686149849543856
22836,-14.8,-39.0,0.00544869407351458
22837,-14.8,-38.0,0.011186569933703386
22838,-14.8,-37.0,0.005577539504657737
22839,-14.8,-36.0,0.00240583891734674
22840,-14.8,-35.0,0.0071375291303975
22841,-14.8,-34.0,0.014836392605445921
22842,-14.8,-33.0,0.008014268829022213
22843,-14.8,-32.0,0.009349954809728079
22844,-14.8,-31.0,0.0184462585784535
22845,-14.8,-30.0,0.010042593486301706
22846,-14.8,-29.0,0.011761518506820725
22847,-14.8,-28.0,0.023061260272806174
22848,-14.8,-27.0,0.011867188496203478
22849,-14.8,-26.0,0.005514843994066156
22850,-14.8,-25.0,0.015444150101537917
22851,-14.8,-24.0,0.03162077909045534
22852,-14.8,-23.0,0.016885827368208598
22853,-14.8,-22.0,0.02048858225613909
22854,-14.8,-21.0,0.04117937042526774
22855,-14.8,-20.0,0.02012041162209431
22856,-14.8,-19.0,0.00825993505749301
22857,-14.8,-18.0,0.029754709323398108
22858,-14.8,-17.0,0.0647527819214205
22859,-14.8,-16.0,0.031983606678280055
22860,-14.8,-15.0,0.038695123242493815
22861,-14.8,-14.0,0.08172099971673906
22862,-14.8,-13.0,0.03672009055926016
22863,-14.8,-12.0,0.008978673324745579
22864,-14.8,-11.0,0.022528408782664086
22865,-14.8,-10.0,0.046915401518844706
22866,-14.8,-9.0,0.023056102720517748
22867,-14.8,-8.0,0.018672004388855846
22868,-14.8,-7.0,0.03531043470729453
22869,-14.8,-6.0,0.01712652161718465
22870,-14.8,-5.0,0.005971973831544041
22871,-14.8,-4.0,0.013028947265645446
22872,-14.8,-3.0,0.025450650289207667
22873,-14.8,-2.0,0.012510644716164993
22874,-14.8,-1.0,0.004127078147895553
22875,-14.8,0.0,0.0006055112883243687
22876,-14.8,1.0,0.0035020895648087426
22877,-14.8,2.0,0.008594914742613181
22878,-14.8,3.0,0.016672327132473033
22879,-14.8,4.0,0.008068911758818353
22880,-14.8,5.0,0.0027927143869523633
22881,-14.8,6.0,0.00627756686910025
22882,-14.8,7.0,0.012429500962922162
22883,-14.8,8.0,0.006104571623970573
22884,-14.8,9.0,0.0052363550383671305
22885,-14.8,10.0,0.01004798415393296
22886,-14.8,11.0,0.004624793184374707
22887,-14.8,12.0,0.0013118443342123379
22888,-14.8,13.0,0.0036166225343999972
22889,-14.8,14.0,0.007663170437297987
22890,-14.8,15.0,0.00357073242957666
22891,-14.8,16.0,0.0030788043556786134
22892,-14.8,17.0,0.006326722585594416
22893,-14.8,18.0,0.002748583070845274
22894,-14.8,19.0,0.0005753587655511616
22895,-14.8,20.0,0.0021848622506010044
22896,-14.8,21.0,0.004979714605266787
22897,-14.8,22.0,0.0022201833002063074
22898,-14.8,23.0,0.0019336026465123703
22899,-14.8,24.0,0.004211535418625647
22900,-14.8,25.0,0.001758105491190304
22901,-14.8,26.0,0.0002751917903056534
22902,-14.8,27.0,0.0014293343950426262
22903,-14.8,28.0,0.0034147777322353556
22904,-14.8,29.0,0.001487598314504767
22905,-14.8,30.0,0.001310005893402832
22906,-14.8,31.0,0.0029437292078648364
22907,-14.8,32.0,0.0012071927837802338
22908,-14.8,33.0,0.0001604202382835373
22909,-14.8,34.0,0.0010000315533201856
22910,-14.8,35.0,0.0024361777784357354
22911,-14.8,36.0,0.0009948375994988771
22912,-14.8,37.0,7.138185978029394e-05
22913,-14.8,38.0,4.245444867736863e-06
22914,-14.8,39.0,2.6346267487618098e-06
22915,-14.8,40.0,1.9717107831652823e-06
22916,-14.8,41.0,1.46852957537045e-06
22917,-14.8,42.0,1.0879499394243853e-06
22918,-14.8,43.0,8.01718011790577e-07
22919,-14.8,44.0,5.876527695478963e-07
22920,-14.8,45.0,4.2845604777761856e-07
22921,-14.8,46.0,3.1072632847550693e-07
22922,-14.8,47.0,2.2414862087163584e-07
22923,-14.8,48.0,1.6083490110879602e-07
22924,-14.8,49.0,1.1479175705754756e-07
22925,-14.8,50.0,8.149430735413776e-08
22926,-14.8,51.0,5.754796755649363e-08
22927,-14.8,52.0,4.042209739474887e-08
22928,-14.8,53.0,2.8241894541590817e-08
22929,-14.8,54.0,1.9627045654333232e-08
22930,-14.8,55.0,1.3567572684867547e-08
22931,-14.8,56.0,9.32900866424672e-09
22932,-14.8,57.0,6.380503467521722e-09
22933,-14.8,58.0,4.340707413008183e-09
22934,-14.8,59.0,2.9373262557300595e-09
22935,-14.8,60.0,1.9771060769924618e-09
22936,-14.8,61.0,1.3237130898365901e-09
22937,-14.8,62.0,8.815437372533393e-10
22938,-14.8,63.0,5.839557961806697e-10
22939,-14.8,64.0,3.847708745708163e-10
22940,-14.8,65.0,2.521799273336455e-10
22941,-14.8,66.0,1.6440118656203603e-10
22942,-14.8,67.0,1.0660694248353316e-10
22943,-14.8,68.0,6.876257561858652e-11
22944,-14.8,69.0,4.4116890139463394e-11
22945,-14.8,70.0,2.8154236449235028e-11
22946,-14.8,71.0,1.7871817625586232e-11
22947,-14.8,72.0,1.1284434547734389e-11
22948,-14.8,73.0,7.087237510561306e-12
22949,-14.8,74.0,4.427517436172601e-12
22950,-14.7,-75.0,3.7090434774092636e-07
22951,-14.7,-74.0,5.100734226229555e-07
22952,-14.7,-73.0,6.977334978678026e-07
22953,-14.7,-72.0,9.493635641748034e-07
22954,-14.7,-71.0,1.2848772908677547e-06
22955,-14.7,-70.0,1.7297241718807072e-06
22956,-14.7,-69.0,2.316211230656549e-06
22957,-14.7,-68.0,3.0850739535840883e-06
22958,-14.7,-67.0,4.087324351779757e-06
22959,-14.7,-66.0,5.3864016420422666e-06
22960,-14.7,-65.0,7.060646563745228e-06
22961,-14.7,-64.0,9.206113366183282e-06
22962,-14.7,-63.0,1.1939723574236086e-05
22963,-14.7,-62.0,1.5402752371323547e-05
22964,-14.7,-61.0,1.9764621506897907e-05
22965,-14.7,-60.0,2.522695184331342e-05
22966,-14.7,-59.0,3.202780397942461e-05
22967,-14.7,-58.0,4.044600702813803e-05
22968,-14.7,-57.0,5.080544406451558e-05
22969,-14.7,-56.0,6.347912880965076e-05
22970,-14.7,-55.0,7.889287294868085e-05
22971,-14.7,-54.0,9.752830866192666e-05
22972,-14.7,-53.0,0.00011992499842734045
22973,-14.7,-52.0,0.00014668133624234456
22974,-14.7,-51.0,0.0001784539237273188
22975,-14.7,-50.0,0.00021595509393079263
22976,-14.7,-49.0,0.00025994825794961016
22977,-14.7,-48.0,0.00031124076878039797
22978,-14.7,-47.0,0.000370678183528468
22979,-14.7,-46.0,0.0004413519147686898
22980,-14.7,-45.0,0.0007176177510623722
22981,-14.7,-44.0,0.003573962094068103
22982,-14.7,-43.0,0.008213080487752943
22983,-14.7,-42.0,0.007112233711881624
22984,-14.7,-41.0,0.009320160585673209
22985,-14.7,-40.0,0.004683569647687234
22986,-14.7,-39.0,0.005445472466513227
22987,-14.7,-38.0,0.011188304900401952
22988,-14.7,-37.0,0.005573701612449162
22989,-14.7,-36.0,0.0023986841548334394
22990,-14.7,-35.0,0.007132516032219031
22991,-14.7,-34.0,0.014835193419932214
22992,-14.7,-33.0,0.008010181044787247
22993,-14.7,-32.0,0.0093444479273563
22994,-14.7,-31.0,0.01844162996022057
22995,-14.7,-30.0,0.010038948324621199
22996,-14.7,-29.0,0.01175504729076609
22997,-14.7,-28.0,0.023049773619701404
22998,-14.7,-27.0,0.011864687249526131
22999,-14.7,-26.0,0.005517848117772633
23000,-14.7,-25.0,0.015431974801259392
23001,-14.7,-24.0,0.03158312757548835
23002,-14.7,-23.0,0.016876477354878235
23003,-14.7,-22.0,0.020456193361144095
23004,-14.7,-21.0,0.04108224247390665
23005,-14.7,-20.0,0.020096223880723057
23006,-14.7,-19.0,0.008270381702700528
23007,-14.7,-18.0,0.02958320906520388
23008,-14.7,-17.0,0.0642909406032077
23009,-14.7,-16.0,0.031885852467838496
23010,-14.7,-15.0,0.03970988377487731
23011,-14.7,-14.0,0.08262985070220123
23012,-14.7,-13.0,0.03705597421620643
23013,-14.7,-12.0,0.008948994946149346
23014,-14.7,-11.0,0.022479418359563814
23015,-14.7,-10.0,0.04687516477229024
23016,-14.7,-9.0,0.02301358075022052
23017,-14.7,-8.0,0.018609315230589785
23018,-14.7,-7.0,0.03521859157386734
23019,-14.7,-6.0,0.017071844235843472
23020,-14.7,-5.0,0.005940537164134497
23021,-14.7,-4.0,0.012976064223482322
23022,-14.7,-3.0,0.02535960178980048
23023,-14.7,-2.0,0.01246466434436436
23024,-14.7,-1.0,0.004110898338307581
23025,-14.7,0.0,0.0005986722229385438
23026,-14.7,1.0,0.0034919672866141694
23027,-14.7,2.0,0.00856413455584771
23028,-14.7,3.0,0.01660778504317422
23029,-14.7,4.0,0.008041692113361266
23030,-14.7,5.0,0.0027883112476411076
23031,-14.7,6.0,0.006256155536296954
23032,-14.7,7.0,0.012378098514069565
23033,-14.7,8.0,0.006083472170781378
23034,-14.7,9.0,0.005218022111183801
23035,-14.7,10.0,0.010003994278071662
23036,-14.7,11.0,0.004608441834893772
23037,-14.7,12.0,0.001312134708987277
23038,-14.7,13.0,0.0036033153167498873
23039,-14.7,14.0,0.007626539435267997
23040,-14.7,15.0,0.0035563242974982006
23041,-14.7,16.0,0.0030660394936937903
23042,-14.7,17.0,0.006294313210448266
23043,-14.7,18.0,0.0027365235519116213
23044,-14.7,19.0,0.0005754809375279692
23045,-14.7,20.0,0.0021746138055741145
23046,-14.7,21.0,0.004951898447291644
23047,-14.7,22.0,0.00220885337086395
23048,-14.7,23.0,0.0019234223275894928
23049,-14.7,24.0,0.004186659858500183
23050,-14.7,25.0,0.0017484178743839513
23051,-14.7,26.0,0.00027460481456949336
23052,-14.7,27.0,0.0014210162531764045
23053,-14.7,28.0,0.003393365955496254
23054,-14.7,29.0,0.0014785647674740627
23055,-14.7,30.0,0.001301861340956193
23056,-14.7,31.0,0.002924622913421754
23057,-14.7,32.0,0.0011995265797397298
23058,-14.7,33.0,0.00015962305030891086
23059,-14.7,34.0,0.0009934599937226438
23060,-14.7,35.0,0.002419800831958418
23061,-14.7,36.0,0.00098821520446638
23062,-14.7,37.0,7.100377490902415e-05
23063,-14.7,38.0,4.299440404512862e-06
23064,-14.7,39.0,2.680513611142004e-06
23065,-14.7,40.0,2.0071456392284853e-06
23066,-14.7,41.0,1.4957179407408317e-06
23067,-14.7,42.0,1.108682673229351e-06
23068,-14.7,43.0,8.174314486387006e-07
23069,-14.7,44.0,5.994898721118821e-07
23070,-14.7,45.0,4.373193652249254e-07
23071,-14.7,46.0,3.1732322447871987e-07
23072,-14.7,47.0,2.2902940977418479e-07
23073,-14.7,48.0,1.6442462485210247e-07
23074,-14.7,49.0,1.1741636993563364e-07
23075,-14.7,50.0,8.34020265429478e-08
23076,-14.7,51.0,5.892650813182941e-08
23077,-14.7,52.0,4.141245216069008e-08
23078,-14.7,53.0,2.894925004624481e-08
23079,-14.7,54.0,2.0129352773679716e-08
23080,-14.7,55.0,1.3922217799586681e-08
23081,-14.7,56.0,9.577962927251495e-09
23082,-14.7,57.0,6.55426494619271e-09
23083,-14.7,58.0,4.4612950454394406e-09
23084,-14.7,59.0,3.020535952133714e-09
23085,-14.7,60.0,2.034197808435117e-09
23086,-14.7,61.0,1.3626629997697088e-09
23087,-14.7,62.0,9.079665597581662e-10
23088,-14.7,63.0,6.017794486510432e-10
23089,-14.7,64.0,3.967262692720185e-10
23090,-14.7,65.0,2.601540985429914e-10
23091,-14.7,66.0,1.6969009546740065e-10
23092,-14.7,67.0,1.1009520978949275e-10
23093,-14.7,68.0,7.105038904617287e-11
23094,-14.7,69.0,4.5609005734619605e-11
23095,-14.7,70.0,2.9121977158109496e-11
23096,-14.7,71.0,1.8495974436346846e-11
23097,-14.7,72.0,1.1684756960288818e-11
23098,-14.7,73.0,7.342572751105274e-12
23099,-14.7,74.0,4.5894742805980004e-12
23100,-14.6,-75.0,3.616306778116769e-07
23101,-14.6,-74.0,4.97585167128489e-07
23102,-14.6,-73.0,6.810134565573396e-07
23103,-14.6,-72.0,9.271074453592486e-07
23104,-14.6,-71.0,1.2554243607430467e-06
23105,-14.6,-70.0,1.6909748250494456e-06
23106,-14.6,-69.0,2.2655301164546286e-06
23107,-14.6,-68.0,3.019177491687653e-06
23108,-14.6,-67.0,4.002151806824808e-06
23109,-14.6,-66.0,5.276969430609927e-06
23110,-14.6,-65.0,6.920886167890127e-06
23111,-14.6,-64.0,9.028694153272261e-06
23112,-14.6,-63.0,1.1715862995794513e-05
23113,-14.6,-62.0,1.5122017448198838e-05
23114,-14.6,-61.0,1.94147272067502e-05
23115,-14.6,-60.0,2.4793563905694825e-05
23116,-14.6,-59.0,3.1494355909946046e-05
23117,-14.6,-58.0,3.979354330899452e-05
23118,-14.6,-57.0,5.001250402935075e-05
23119,-14.6,-56.0,6.252168799242732e-05
23120,-14.6,-55.0,7.774436089487217e-05
23121,-14.6,-54.0,9.61597240131917e-05
23122,-14.6,-53.0,0.00011830514336015837
23123,-14.6,-52.0,0.0001447771928407471
23124,-14.6,-51.0,0.00017623119437505904
23125,-14.6,-50.0,0.00021337892609822772
23126,-14.6,-49.0,0.0002569841706241079
23127,-14.6,-48.0,0.00030785579308416426
23128,-14.6,-47.0,0.00036684222847408143
23129,-14.6,-46.0,0.0004370419181431653
23130,-14.6,-45.0,0.0007130405464093226
23131,-14.6,-44.0,0.003572076050788612
23132,-14.6,-43.0,0.008215895265127969
23133,-14.6,-42.0,0.0071126280212219645
23134,-14.6,-41.0,0.009321676826311975
23135,-14.6,-40.0,0.00467983093813766
23136,-14.6,-39.0,0.0054409000730872015
23137,-14.6,-38.0,0.01118728900885469
23138,-14.6,-37.0,0.005568453789502303
23139,-14.6,-36.0,0.00239087045056068
23140,-14.6,-35.0,0.007125695003532162
23141,-14.6,-34.0,0.014830326071810545
23142,-14.6,-33.0,0.008004036109420768
23143,-14.6,-32.0,0.0093365642422455
23144,-14.6,-31.0,0.01843246179092861
23145,-14.6,-30.0,0.010032722229244109
23146,-14.6,-29.0,0.011745614970161817
23147,-14.6,-28.0,0.02303271802674478
23148,-14.6,-27.0,0.011859161239575302
23149,-14.6,-26.0,0.005519278471477683
23150,-14.6,-25.0,0.015416123087019905
23151,-14.6,-24.0,0.03153837485309821
23152,-14.6,-23.0,0.01686315830291815
23153,-14.6,-22.0,0.020419553443962034
23154,-14.6,-21.0,0.040977254494169627
23155,-14.6,-20.0,0.020067878362183548
23156,-14.6,-19.0,0.008279178964112706
23157,-14.6,-18.0,0.029412139438269765
23158,-14.6,-17.0,0.0638325789444034
23159,-14.6,-16.0,0.03179328217024991
23160,-14.6,-15.0,0.04079312275466481
23161,-14.6,-14.0,0.08362962177797235
23162,-14.6,-13.0,0.037427737073343736
23163,-14.6,-12.0,0.008919620382853469
23164,-14.6,-11.0,0.02242366878418501
23165,-14.6,-10.0,0.04682107623130982
23166,-14.6,-9.0,0.022963987046481903
23167,-14.6,-8.0,0.018540271926149623
23168,-14.6,-7.0,0.035114791848534166
23169,-14.6,-6.0,0.01701121440850999
23170,-14.6,-5.0,0.005906820386361216
23171,-14.6,-4.0,0.012918439202913126
23172,-14.6,-3.0,0.02525951565546324
23173,-14.6,-2.0,0.012414105434688986
23174,-14.6,-1.0,0.00409303229489549
23175,-14.6,0.0,0.0005916821504381508
23176,-14.6,1.0,0.0034803749504627064
23177,-14.6,2.0,0.00853012435582897
23178,-14.6,3.0,0.0165372192742681
23179,-14.6,4.0,0.008011460767079214
23180,-14.6,5.0,0.0027827495095917765
23181,-14.6,6.0,0.006232399746598915
23182,-14.6,7.0,0.012322244696135375
23183,-14.6,8.0,0.006060126773934091
23184,-14.6,9.0,0.005197766190030428
23185,-14.6,10.0,0.009956445435455425
23186,-14.6,11.0,0.004590411046962894
23187,-14.6,12.0,0.001311898252115992
23188,-14.6,13.0,0.0035887084741131623
23189,-14.6,14.0,0.007587240346203013
23190,-14.6,15.0,0.0035406544948924238
23191,-14.6,16.0,0.0030521933279112363
23192,-14.6,17.0,0.00625972859796209
23193,-14.6,18.0,0.002723509336810672
23194,-14.6,19.0,0.0005753913638423362
23195,-14.6,20.0,0.002163615923955363
23196,-14.6,21.0,0.004922394415795671
23197,-14.6,22.0,0.0021967688537128595
23198,-14.6,23.0,0.0019125886791930473
23199,-14.6,24.0,0.004160368551157034
23200,-14.6,25.0,0.0017381390953574868
23201,-14.6,26.0,0.00027392542091033903
23202,-14.6,27.0,0.0014122215253860666
23203,-14.6,28.0,0.003370815596695973
23204,-14.6,29.0,0.0014690360132354732
23205,-14.6,30.0,0.0012932824877128358
23206,-14.6,31.0,0.0029045395987571435
23207,-14.6,32.0,0.001191460382457433
23208,-14.6,33.0,0.00015877376596778396
23209,-14.6,34.0,0.000986558816544359
23210,-14.6,35.0,0.002402619375998716
23211,-14.6,36.0,0.0009812646904086661
23212,-14.6,37.0,7.06027588280497e-05
23213,-14.6,38.0,4.352599082582437e-06
23214,-14.6,39.0,2.726003719579978e-06
23215,-14.6,40.0,2.0423206292802723e-06
23216,-14.6,41.0,1.5227411010711395e-06
23217,-14.6,42.0,1.1293146674116143e-06
23218,-14.6,43.0,8.33087087002849e-07
23219,-14.6,44.0,6.112970110875982e-07
23220,-14.6,45.0,4.461701370411438e-07
23221,-14.6,46.0,3.2391795478199076e-07
23222,-14.6,47.0,2.3391377292399278e-07
23223,-14.6,48.0,1.6802069624219777e-07
23224,-14.6,49.0,1.2004828287637801e-07
23225,-14.6,50.0,8.531694396885971e-08
23226,-14.6,51.0,6.031159019319293e-08
23227,-14.6,52.0,4.240845070131507e-08
23228,-14.6,53.0,2.9661298835471572e-08
23229,-14.6,54.0,2.0635454840137647e-08
23230,-14.6,55.0,1.4279863191162924e-08
23231,-14.6,56.0,9.829245070230237e-09
23232,-14.6,57.0,6.7298036523249805e-09
23233,-14.6,58.0,4.5832203266162e-09
23234,-14.6,59.0,3.104739647495091e-09
23235,-14.6,60.0,2.092019601911907e-09
23236,-14.6,61.0,1.4021433619200673e-09
23237,-14.6,62.0,9.347709332859149e-10
23238,-14.6,63.0,6.198749510227696e-10
23239,-14.6,64.0,4.0887361158365073e-10
23240,-14.6,65.0,2.682626346990532e-10
23241,-14.6,66.0,1.750722835842651e-10
23242,-14.6,67.0,1.1364771681603036e-10
23243,-14.6,68.0,7.33821009148513e-11
23244,-14.6,69.0,4.713089371729195e-11
23245,-14.6,70.0,3.01097615670061e-11
23246,-14.6,71.0,1.9133528397500322e-11
23247,-14.6,72.0,1.2093970965864613e-11
23248,-14.6,73.0,7.603768490070906e-12
23249,-14.6,74.0,4.755267548672228e-12
23250,-14.5,-75.0,3.5246978133021154e-07
23251,-14.5,-74.0,4.852387090415507e-07
23252,-14.5,-73.0,6.644695682736958e-07
23253,-14.5,-72.0,9.050672710125905e-07
23254,-14.5,-71.0,1.2262322454752536e-06
23255,-14.5,-70.0,1.652535172985861e-06
23256,-14.5,-69.0,2.2152094681080475e-06
23257,-14.5,-68.0,2.9536905502749545e-06
23258,-14.5,-67.0,3.9174304582392725e-06
23259,-14.5,-66.0,5.168014283111119e-06
23260,-14.5,-65.0,6.781600815667828e-06
23261,-14.5,-64.0,8.851703271701971e-06
23262,-14.5,-63.0,1.1492316529625613e-05
23263,-14.5,-62.0,1.4841384573474549e-05
23264,-14.5,-61.0,1.9064585437793894e-05
23265,-14.5,-60.0,2.4359390669276238e-05
23266,-14.5,-59.0,3.095933208929185e-05
23267,-14.5,-58.0,3.9138380616429606e-05
23268,-14.5,-57.0,4.9215310516682905e-05
23269,-14.5,-56.0,6.155788844174376e-05
23270,-14.5,-55.0,7.658669110762488e-05
23271,-14.5,-54.0,9.477831996113168e-05
23272,-14.5,-53.0,0.00011666774758046639
23273,-14.5,-52.0,0.0001428495011322906
23274,-14.5,-51.0,0.00017397736555513037
23275,-14.5,-50.0,0.00021076227608329094
23276,-14.5,-49.0,0.0002539680691951496
23277,-14.5,-48.0,0.0003044047772146615
23278,-14.5,-47.0,0.00036292334356898264
23279,-14.5,-46.0,0.00043262823749194295
23280,-14.5,-45.0,0.0007082812664754443
23281,-14.5,-44.0,0.003569216709066054
23282,-14.5,-43.0,0.008216452603532393
23283,-14.5,-42.0,0.007111064498776394
23284,-14.5,-41.0,0.0093206215655789
23285,-14.5,-40.0,0.004674788345640987
23286,-14.5,-39.0,0.005434807936655496
23287,-14.5,-38.0,0.01118316728645963
23288,-14.5,-37.0,0.005561623705690603
23289,-14.5,-36.0,0.0023823288955464295
23290,-14.5,-35.0,0.00711684512003064
23291,-14.5,-34.0,0.014821321971016876
23292,-14.5,-33.0,0.007995584458382783
23293,-14.5,-32.0,0.009326012513890666
23294,-14.5,-31.0,0.018418172509212807
23295,-14.5,-30.0,0.01002360003002431
23296,-14.5,-29.0,0.011732852868743959
23297,-14.5,-28.0,0.023009367655144553
23298,-14.5,-27.0,0.011850234541188134
23299,-14.5,-26.0,0.005518956831567482
23300,-14.5,-25.0,0.015396106752731559
23301,-14.5,-24.0,0.03148552883843797
23302,-14.5,-23.0,0.016845330927316177
23303,-14.5,-22.0,0.020378007072157908
23304,-14.5,-21.0,0.04086310512317269
23305,-14.5,-20.0,0.020034723574150006
23306,-14.5,-19.0,0.008286014277898391
23307,-14.5,-18.0,0.029240158559459568
23308,-14.5,-17.0,0.06337471788957179
23309,-14.5,-16.0,0.03170559178091862
23310,-14.5,-15.0,0.041960065312200506
23311,-14.5,-14.0,0.08474329612845312
23312,-14.5,-13.0,0.037844473222468186
23313,-14.5,-12.0,0.008890648564489885
23314,-14.5,-11.0,0.0223592253999631
23315,-14.5,-10.0,0.04674901282027436
23316,-14.5,-9.0,0.022905320480171687
23317,-14.5,-8.0,0.018463265469742668
23318,-14.5,-7.0,0.034995948463849624
23319,-14.5,-6.0,0.01694315001953859
23320,-14.5,-5.0,0.005870324896212376
23321,-14.5,-4.0,0.012854956030885082
23322,-14.5,-3.0,0.02514819022854445
23323,-14.5,-2.0,0.012357888844601478
23324,-14.5,-1.0,0.004073127131594006
23325,-14.5,0.0,0.000584494274630636
23326,-14.5,1.0,0.003467007439975575
23327,-14.5,2.0,0.008492139900516423
23328,-14.5,3.0,0.01645919079035156
23329,-14.5,4.0,0.007977516046078716
23330,-14.5,5.0,0.002775779701307531
23331,-14.5,6.0,0.006205753447379112
23332,-14.5,7.0,0.012260870120003493
23333,-14.5,8.0,0.0060340044191183615
23334,-14.5,9.0,0.005175131925562989
23335,-14.5,10.0,0.009904476008219207
23336,-14.5,11.0,0.004570298675646478
23337,-14.5,12.0,0.0013110138267802213
23338,-14.5,13.0,0.0035724880644247233
23339,-14.5,14.0,0.007544620011179122
23340,-14.5,15.0,0.003523414807276889
23341,-14.5,16.0,0.0030370005198843246
23342,-14.5,17.0,0.0062224324218224086
23343,-14.5,18.0,0.002709304476704853
23344,-14.5,19.0,0.0005750367891285248
23345,-14.5,20.0,0.0021516819412815257
23346,-14.5,21.0,0.004890783559554132
23347,-14.5,22.0,0.002183741397881828
23348,-14.5,23.0,0.001900938086178136
23349,-14.5,24.0,0.0041323090561024645
23350,-14.5,25.0,0.001727121019594056
23351,-14.5,26.0,0.0002731290764763758
23352,-14.5,27.0,0.001402830391509568
23353,-14.5,28.0,0.003346842618308902
23354,-14.5,29.0,0.0014588878947220723
23355,-14.5,30.0,0.0012841602555373288
23356,-14.5,31.0,0.002883235298293257
23357,-14.5,32.0,0.0011828939071553688
23358,-14.5,33.0,0.00015785874765980034
23359,-14.5,34.0,0.000979245245257311
23360,-14.5,35.0,0.002384432272196753
23361,-14.5,36.0,0.0009739038315724414
23362,-14.5,37.0,7.017277959235441e-05
23363,-14.5,38.0,4.404458982396674e-06
23364,-14.5,39.0,2.7707944785089824e-06
23365,-14.5,40.0,2.077008454134467e-06
23366,-14.5,41.0,1.5494292058445966e-06
23367,-14.5,42.0,1.149719709373798e-06
23368,-14.5,43.0,8.485916653643398e-07
23369,-14.5,44.0,6.230056592198566e-07
23370,-14.5,45.0,4.549582926799006e-07
23371,-14.5,46.0,3.304741399080609e-07
23372,-14.5,47.0,2.387754268566169e-07
23373,-14.5,48.0,1.7160423286163034e-07
23374,-14.5,49.0,1.2267400693132204e-07
23375,-14.5,50.0,8.722947797381314e-08
23376,-14.5,51.0,6.169644603073314e-08
23377,-14.5,52.0,4.3405339910094943e-08
23378,-14.5,53.0,3.0374721626772855e-08
23379,-14.5,54.0,2.114304703032792e-08
23380,-14.5,55.0,1.4638917554073513e-08
23381,-14.5,56.0,1.0081762678623363e-08
23382,-14.5,57.0,6.906373936551124e-09
23383,-14.5,58.0,4.705977210398376e-09
23384,-14.5,59.0,3.1895958749061346e-09
23385,-14.5,60.0,2.1503423682145714e-09
23386,-14.5,61.0,1.4420013661072697e-09
23387,-14.5,62.0,9.618555167879985e-10
23388,-14.5,63.0,6.381754846954892e-10
23389,-14.5,64.0,4.211691007853663e-10
23390,-14.5,65.0,2.7647699083046094e-10
23391,-14.5,66.0,1.8052925675506675e-10
23392,-14.5,67.0,1.172525514815862e-10
23393,-14.5,68.0,7.575008376466145e-11
23394,-14.5,69.0,4.867769894729564e-11
23395,-14.5,70.0,3.1114517522691803e-11
23396,-14.5,71.0,1.9782547130583952e-11
23397,-14.5,72.0,1.2510868367202944e-11
23398,-14.5,73.0,7.87007385345881e-12
23399,-14.5,74.0,4.9244334026742065e-12
23400,-14.4,-75.0,3.4340765750150094e-07
23401,-14.4,-74.0,4.730150008757858e-07
23402,-14.4,-73.0,6.480760321157734e-07
23403,-14.4,-72.0,8.832082436202571e-07
23404,-14.4,-71.0,1.1972542167375845e-06
23405,-14.4,-70.0,1.6143427369947595e-06
23406,-14.4,-69.0,2.1651661086671205e-06
23407,-14.4,-68.0,2.8885028760735676e-06
23408,-14.4,-67.0,3.833014795585627e-06
23409,-14.4,-66.0,5.059344991462928e-06
23410,-14.4,-65.0,6.642540344868525e-06
23411,-14.4,-64.0,8.674814859921735e-06
23412,-14.4,-63.0,1.1268661573434598e-05
23413,-14.4,-62.0,1.4560308104772441e-05
23414,-14.4,-61.0,1.8713494823920627e-05
23415,-14.4,-60.0,2.392353460478947e-05
23416,-14.4,-59.0,3.042158914344971e-05
23417,-14.4,-58.0,3.847906898864828e-05
23418,-14.4,-57.0,4.841203315527129e-05
23419,-14.4,-56.0,6.05854301913016e-05
23420,-14.4,-55.0,7.541698692875237e-05
23421,-14.4,-54.0,9.338051534315073e-05
23422,-14.4,-53.0,0.00011500837384686864
23423,-14.4,-52.0,0.0001408927892011651
23424,-14.4,-51.0,0.0001716857216318242
23425,-14.4,-50.0,0.00020809694149844445
23426,-14.4,-49.0,0.00025088998394117936
23427,-14.4,-48.0,0.00030087566249411776
23428,-14.4,-47.0,0.0003589070150116291
23429,-14.4,-46.0,0.0004280933764490644
23430,-14.4,-45.0,0.0007033089596484138
23431,-14.4,-44.0,0.003565207744140957
23432,-14.4,-43.0,0.008214339687296257
23433,-14.4,-42.0,0.007107187861162298
23434,-14.4,-41.0,0.009316528102678478
23435,-14.4,-40.0,0.004668212353242562
23436,-14.4,-39.0,0.0054269293224411316
23437,-14.4,-38.0,0.011175382309548596
23438,-14.4,-37.0,0.005552939106652851
23439,-14.4,-36.0,0.0023729486810001453
23440,-14.4,-35.0,0.007105617623820811
23441,-14.4,-34.0,0.014807444786263137
23442,-14.4,-33.0,0.007984432744529204
23443,-14.4,-32.0,0.009312333868753055
23444,-14.4,-31.0,0.018397848287796264
23445,-14.4,-30.0,0.01001108611706532
23446,-14.4,-29.0,0.011716181330967742
23447,-14.4,-28.0,0.02297858227814072
23448,-14.4,-27.0,0.011837317628507621
23449,-14.4,-26.0,0.005516605232534694
23450,-14.4,-25.0,0.015371161066067087
23451,-14.4,-24.0,0.03142303304200456
23452,-14.4,-23.0,0.016822152772414636
23453,-14.4,-22.0,0.020330534945061363
23454,-14.4,-21.0,0.04073776722545635
23455,-14.4,-20.0,0.019995749178505325
23456,-14.4,-19.0,0.008290426794535635
23457,-14.4,-18.0,0.02906546032357013
23458,-14.4,-17.0,0.06291340233601572
23459,-14.4,-16.0,0.0316225175786988
23460,-14.4,-15.0,0.043233326536683915
23461,-14.4,-14.0,0.08600557371281173
23462,-14.4,-13.0,0.038319908653052834
23463,-14.4,-12.0,0.008862221820333622
23464,-14.4,-11.0,0.02228315215476607
23465,-14.4,-10.0,0.04665272181672916
23466,-14.4,-9.0,0.022834546237687506
23467,-14.4,-8.0,0.018375865741218224
23468,-14.4,-7.0,0.03485740645433203
23469,-14.4,-6.0,0.016865414559836533
23470,-14.4,-5.0,0.005830296516899152
23471,-14.4,-4.0,0.012783931465946918
23472,-14.4,-3.0,0.025022308602256564
23473,-14.4,-2.0,0.012294388380515997
23474,-14.4,-1.0,0.0040506506926050595
23475,-14.4,0.0,0.000577037622641059
23476,-14.4,1.0,0.003451405678538479
23477,-14.4,2.0,0.00844906098346869
23478,-14.4,3.0,0.016371533041340095
23479,-14.4,4.0,0.007938802322139563
23480,-14.4,5.0,0.0027670275074153016
23481,-14.4,6.0,0.006175395348476232
23482,-14.4,7.0,0.01219236469393979
23483,-14.4,8.0,0.006004306467422558
23484,-14.4,9.0,0.005149434523690608
23485,-14.4,10.0,0.009846788475864439
23486,-14.4,11.0,0.0045474999456062435
23487,-14.4,12.0,0.0013093002855434875
23488,-14.4,13.0,0.0035541819238632828
23489,-14.4,14.0,0.007497694358086039
23490,-14.4,15.0,0.003504141426692013
23491,-14.4,16.0,0.003020061737831814
23492,-14.4,17.0,0.006181616248245887
23493,-14.4,18.0,0.002693553727624152
23494,-14.4,19.0,0.0005743375674593814
23495,-14.4,20.0,0.0021385306956126725
23496,-14.4,21.0,0.004856433938736995
23497,-14.4,22.0,0.0021694871073824613
23498,-14.4,23.0,0.0018882238799457645
23499,-14.4,24.0,0.00410194950339324
23500,-14.4,25.0,0.0017151402248833476
23501,-14.4,26.0,0.000272178949185437
23502,-14.4,27.0,0.0013926620524295733
23503,-14.4,28.0,0.0033210181514875675
23504,-14.4,29.0,0.001447932995429663
23505,-14.4,30.0,0.0012743299571727452
23506,-14.4,31.0,0.0028603415359256252
23507,-14.4,32.0,0.0011736757125058227
23508,-14.4,33.0,0.00015685743321675665
23509,-14.4,34.0,0.0009713942414831678
23510,-14.4,35.0,0.0023649356373657395
23511,-14.4,36.0,0.0009660084076813936
23512,-14.4,37.0,6.970473607808452e-05
23513,-14.4,38.0,4.45433139042509e-06
23514,-14.4,39.0,2.814435256662595e-06
23515,-14.4,40.0,2.110870292335647e-06
23516,-14.4,41.0,1.575528803944542e-06
23517,-14.4,42.0,1.1697092506727907e-06
23518,-14.4,43.0,8.63805689821444e-07
23519,-14.4,44.0,6.345131829965524e-07
23520,-14.4,45.0,4.6360873506624636e-07
23521,-14.4,46.0,3.3693713429879043e-07
23522,-14.4,47.0,2.435748273664172e-07
23523,-14.4,48.0,1.751467766632959e-07
23524,-14.4,49.0,1.252731754482039e-07
23525,-14.4,50.0,8.912513334664574e-08
23526,-14.4,51.0,6.307081634354612e-08
23527,-14.4,52.0,4.4395898788788245e-08
23528,-14.4,53.0,3.1084464122330726e-08
23529,-14.4,54.0,2.164861125916197e-08
23530,-14.4,55.0,1.4996945705875778e-08
23531,-14.4,56.0,1.0333839521000683e-08
23532,-14.4,57.0,7.082828408130621e-09
23533,-14.4,58.0,4.828784678732411e-09
23534,-14.4,59.0,3.274575969358103e-09
23535,-14.4,60.0,2.208810257229507e-09
23536,-14.4,61.0,1.4819988254279732e-09
23537,-14.4,62.0,9.890617735203681e-10
23538,-14.4,63.0,6.565761195389822e-10
23539,-14.4,64.0,4.3354367704667233e-10
23540,-14.4,65.0,2.8475197067946395e-10
23541,-14.4,66.0,1.8603160277267565e-10
23542,-14.4,67.0,1.2089068122402776e-10
23543,-14.4,68.0,7.81420912206983e-11
23544,-14.4,69.0,5.024158614574017e-11
23545,-14.4,70.0,3.2131260385865875e-11
23546,-14.4,71.0,2.043987751256228e-11
23547,-14.4,72.0,1.2933465942471099e-11
23548,-14.4,73.0,8.140248560789051e-12
23549,-14.4,74.0,5.096200616853285e-12
23550,-14.3,-75.0,3.34420377456901e-07
23551,-14.3,-74.0,4.608812719217038e-07
23552,-14.3,-73.0,6.317881797157288e-07
23553,-14.3,-72.0,8.614697645221191e-07
23554,-14.3,-71.0,1.1684084521239354e-06
23555,-14.3,-70.0,1.5762875595876746e-06
23556,-14.3,-69.0,2.11525297044779e-06
23557,-14.3,-68.0,2.8234186993225896e-06
23558,-14.3,-67.0,3.7486454574018816e-06
23559,-14.3,-66.0,4.9506195826230255e-06
23560,-14.3,-65.0,6.503256010536613e-06
23561,-14.3,-64.0,8.497442883862542e-06
23562,-14.3,-63.0,1.1044136476848953e-05
23563,-14.3,-62.0,1.4277802916586847e-05
23564,-14.3,-61.0,1.8360187351625147e-05
23565,-14.3,-60.0,2.3484371489294503e-05
23566,-14.3,-59.0,2.987905669440745e-05
23567,-14.3,-58.0,3.781298222140976e-05
23568,-14.3,-57.0,4.759935701310573e-05
23569,-14.3,-56.0,5.9600149532559775e-05
23570,-14.3,-55.0,7.423004435244068e-05
23571,-14.3,-54.0,9.195983815058154e-05
23572,-14.3,-53.0,0.00011331901319551013
23573,-14.3,-52.0,0.00013889719558000057
23574,-14.3,-51.0,0.0001693441809410497
23575,-14.3,-50.0,0.00020536819501276537
23576,-14.3,-49.0,0.00024773205304978583
23577,-14.3,-48.0,0.0002972468951459004
23578,-14.3,-47.0,0.0003547673656878371
23579,-14.3,-46.0,0.0004234062348567841
23580,-14.3,-45.0,0.0006980697732374913
23581,-14.3,-44.0,0.003559751923973971
23582,-14.3,-43.0,0.00820886350416194
23583,-14.3,-42.0,0.00710040088028897
23584,-14.3,-41.0,0.009308612363881422
23585,-14.3,-40.0,0.004659715500538553
23586,-14.3,-39.0,0.005416813947724339
23587,-14.3,-38.0,0.011162996678719388
23588,-14.3,-37.0,0.00554194012978305
23589,-14.3,-36.0,0.002362540250125222
23590,-14.3,-35.0,0.007091423737215775
23591,-14.3,-34.0,0.014787455613933558
23592,-14.3,-33.0,0.00796991763334602
23593,-14.3,-32.0,0.009294754670305756
23594,-14.3,-31.0,0.018369951586673965
23595,-14.3,-30.0,0.009994346051307758
23596,-14.3,-29.0,0.011694624549452935
23597,-14.3,-28.0,0.02293844380980843
23598,-14.3,-27.0,0.011819419887980994
23599,-14.3,-26.0,0.005511758272950402
23600,-14.3,-25.0,0.015340002084860437
23601,-14.3,-24.0,0.031348271504503006
23602,-14.3,-23.0,0.016792212163724743
23603,-14.3,-22.0,0.020275434203206006
23604,-14.3,-21.0,0.040597850236420395
23605,-14.3,-20.0,0.019949270736628087
23606,-14.3,-19.0,0.008291674100236278
23607,-14.3,-18.0,0.02888532059754148
23608,-14.3,-17.0,0.0624427307090032
23609,-14.3,-16.0,0.031543838648201934
23610,-14.3,-15.0,0.044649593299386475
23611,-14.3,-14.0,0.08747365907322752
23612,-14.3,-13.0,0.0388766645981318
23613,-14.3,-12.0,0.008834563890832467
23614,-14.3,-11.0,0.022190590521145328
23615,-14.3,-10.0,0.04652186547512027
23616,-14.3,-9.0,0.022746645478300916
23617,-14.3,-8.0,0.01827406579213535
23618,-14.3,-7.0,0.03469150199198931
23619,-14.3,-6.0,0.01677432301053102
23620,-14.3,-5.0,0.00578548935215029
23621,-14.3,-4.0,0.012702592626877722
23622,-14.3,-3.0,0.02487641197061678
23623,-14.3,-2.0,0.012220926967508443
23624,-14.3,-1.0,0.004024726175537669
23625,-14.3,0.0,0.0005691945361665832
23626,-14.3,1.0,0.0034328148046422345
23627,-14.3,2.0,0.0083990451486525
23628,-14.3,3.0,0.016270681836696447
23629,-14.3,4.0,0.007893584141226997
23630,-14.3,5.0,0.0027558790362779578
23631,-14.3,6.0,0.006139975506380378
23632,-14.3,7.0,0.012114079398267684
23633,-14.3,8.0,0.005969720271786038
23634,-14.3,9.0,0.005119548500279966
23635,-14.3,10.0,0.009781247636816712
23636,-14.3,11.0,0.004521020906253765
23637,-14.3,12.0,0.0013064615051774585
23638,-14.3,13.0,0.0035330139866555687
23639,-14.3,14.0,0.007444843235329887
23640,-14.3,15.0,0.003482071629794487
23641,-14.3,16.0,0.0030007202156097294
23642,-14.3,17.0,0.0061359484813479125
23643,-14.3,18.0,0.002675672616945257
23644,-14.3,19.0,0.000573163514847868
23645,-14.3,20.0,0.002123699410816693
23646,-14.3,21.0,0.004818303981314349
23647,-14.3,22.0,0.0021535384024408606
23648,-14.3,23.0,0.0018740397055970548
23649,-14.3,24.0,0.0040684128516734535
23650,-14.3,25.0,0.0017018285066721065
23651,-14.3,26.0,0.0002710146213987803
23652,-14.3,27.0,0.0013814184164242266
23653,-14.3,28.0,0.003292634635015272
23654,-14.3,29.0,0.0014358621937084364
23655,-14.3,30.0,0.0012635199071963647
23656,-14.3,31.0,0.002835250204194155
23657,-14.3,32.0,0.0011635559149055865
23658,-14.3,33.0,0.00015573595243883662
23659,-14.3,34.0,0.000962799427045809
23660,-14.3,35.0,0.002343627810936133
23661,-14.3,36.0,0.0009573733667772449
23662,-14.3,37.0,6.918362721773058e-05
23663,-14.3,38.0,4.501097581075157e-06
23664,-14.3,39.0,2.8561955416389573e-06
23665,-14.3,40.0,2.1433565581893003e-06
23666,-14.3,41.0,1.6006285089308276e-06
23667,-14.3,42.0,1.1889770240803994e-06
23668,-14.3,43.0,8.785023902540103e-07
23669,-14.3,44.0,6.456525869356777e-07
23670,-14.3,45.0,4.719991558617886e-07
23671,-14.3,46.0,3.432178459473673e-07
23672,-14.3,47.0,2.4824743108384114e-07
23673,-14.3,48.0,1.7860182329120261e-07
23674,-14.3,49.0,1.2781246392789393e-07
23675,-14.3,50.0,9.098016025725973e-08
23676,-14.3,51.0,6.441786729376084e-08
23677,-14.3,52.0,4.536826062560031e-08
23678,-14.3,53.0,3.178220674749964e-08
23679,-14.3,54.0,2.214634664293243e-08
23680,-14.3,55.0,1.534992503294119e-08
23681,-14.3,56.0,1.0582701367748461e-08
23682,-14.3,57.0,7.257264258137048e-09
23683,-14.3,58.0,4.95034475939455e-09
23684,-14.3,59.0,3.3587993853958374e-09
23685,-14.3,60.0,2.2668291779004946e-09
23686,-14.3,61.0,1.5217371119181933e-09
23687,-14.3,62.0,1.0161236955145138e-09
23688,-14.3,63.0,6.749003199693597e-10
23689,-14.3,64.0,4.4588082608994246e-10
23690,-14.3,65.0,2.9301109672171924e-10
23691,-14.3,66.0,1.915293993188197e-10
23692,-14.3,67.0,1.245296974384855e-10
23693,-14.3,68.0,8.053720004173825e-11
23694,-14.3,69.0,5.1809121510779327e-11
23695,-14.3,70.0,3.315141250256552e-11
23696,-14.3,71.0,2.110007281261149e-11
23697,-14.3,72.0,1.3358324160524353e-11
23698,-14.3,73.0,8.41213259794283e-12
23699,-14.3,74.0,5.269220209874739e-12
23700,-14.2,-75.0,3.254616952363619e-07
23701,-14.2,-74.0,4.4877390871522933e-07
23702,-14.2,-73.0,6.155189446255945e-07
23703,-14.2,-72.0,8.397332631793189e-07
23704,-14.2,-71.0,1.1395342854602873e-06
23705,-14.2,-70.0,1.5381530244451857e-06
23706,-14.2,-69.0,2.0651794677771962e-06
23707,-14.2,-68.0,2.758050163899232e-06
23708,-14.2,-67.0,3.6638073602969126e-06
23709,-14.2,-66.0,4.8411574568313935e-06
23710,-14.2,-65.0,6.362853045165336e-06
23711,-14.2,-64.0,8.318416956451139e-06
23712,-14.2,-63.0,1.0817218076862363e-05
23713,-14.2,-62.0,1.3991896779678024e-05
23714,-14.2,-61.0,1.8002122287630795e-05
23715,-14.2,-60.0,2.303864484658385e-05
23716,-14.2,-59.0,2.9327582139952632e-05
23717,-14.2,-58.0,3.713485198748148e-05
23718,-14.2,-57.0,4.67706323983481e-05
23719,-14.2,-56.0,5.8593696147447094e-05
23720,-14.2,-55.0,7.301543123444277e-05
23721,-14.2,-54.0,9.050332227783956e-05
23722,-14.2,-53.0,0.00011158363290411335
23723,-14.2,-52.0,0.00013684299771819883
23724,-14.2,-51.0,0.00016692860703568498
23725,-14.2,-50.0,0.00020254665103456413
23726,-14.2,-49.0,0.00024445868530923685
23727,-14.2,-48.0,0.0002934755912201948
23728,-14.2,-47.0,0.0003504529921057177
23729,-14.2,-46.0,0.00041850515500113433
23730,-14.2,-45.0,0.0006924584832900864
23731,-14.2,-44.0,0.0035522814648947525
23732,-14.2,-43.0,0.008198704269557785
23733,-14.2,-42.0,0.007089565043622986
23734,-14.2,-41.0,0.0092953802648098
23735,-14.2,-40.0,0.004648556806086913
23736,-14.2,-39.0,0.005403600681068042
23737,-14.2,-38.0,0.01114422279140037
23738,-14.2,-37.0,0.005527746909224233
23739,-14.2,-36.0,0.002350737472896112
23740,-14.2,-35.0,0.007073137322434359
23741,-14.2,-34.0,0.014758990852687618
23742,-14.2,-33.0,0.00795077134338773
23743,-14.2,-32.0,0.009271796587648633
23744,-14.2,-31.0,0.01833154895132722
23745,-14.2,-30.0,0.009971786847797044
23746,-14.2,-29.0,0.011666319825063382
23747,-14.2,-28.0,0.022885293128310405
23748,-14.2,-27.0,0.011794652846246605
23749,-14.2,-26.0,0.00550353083314507
23750,-14.2,-25.0,0.015300183438218436
23751,-14.2,-24.0,0.031256256398473056
23752,-14.2,-23.0,0.016752823184578484
23753,-14.2,-22.0,0.02020947082458213
23754,-14.2,-21.0,0.04043690880340912
23755,-14.2,-20.0,0.01989209409113119
23756,-14.2,-19.0,0.008288380250313103
23757,-14.2,-18.0,0.0286949029680847
23758,-14.2,-17.0,0.061952302594765196
23759,-14.2,-16.0,0.031469389801033386
23760,-14.2,-15.0,0.04627729857043479
23761,-14.2,-14.0,0.08925599690216056
23762,-14.2,-13.0,0.03955761250311905
23763,-14.2,-12.0,0.008808079335780091
23764,-14.2,-11.0,0.02207230826668931
23765,-14.2,-10.0,0.04633682115008363
23766,-14.2,-9.0,0.02263208661411128
23767,-14.2,-8.0,0.018150268962883385
23768,-14.2,-7.0,0.03448372598160166
23769,-14.2,-6.0,0.016662893116305293
23770,-14.2,-5.0,0.005733535932284616
23771,-14.2,-4.0,0.012605684304140248
23772,-14.2,-3.0,0.024700164443011614
23773,-14.2,-2.0,0.012132434180377077
23774,-14.2,-1.0,0.003993691292162471
23775,-14.2,0.0,0.0005607404615936883
23776,-14.2,1.0,0.0034098063048606663
23777,-14.2,2.0,0.00833860498052922
23778,-14.2,3.0,0.01614988960900272
23779,-14.2,4.0,0.007838578023524835
23780,-14.2,5.0,0.002741175365923587
23781,-14.2,6.0,0.0060969401454579256
23782,-14.2,7.0,0.01202099844700504
23783,-14.2,8.0,0.005927762741283824
23784,-14.2,9.0,0.005083344851003713
23785,-14.2,10.0,0.009703809691182877
23786,-14.2,11.0,0.004488981415851872
23787,-14.2,12.0,0.0013019402045746343
23788,-14.2,13.0,0.0035075161234160773
23789,-14.2,14.0,0.007382996851641974
23790,-14.2,15.0,0.0034557618381246226
23791,-14.2,16.0,0.0029777327773340035
23792,-14.2,17.0,0.006082904948395216
23793,-14.2,18.0,0.0026545544333327763
23794,-14.2,19.0,0.0005712697017438933
23795,-14.2,20.0,0.0021063114671823224
23796,-14.2,21.0,0.0047744180252173845
23797,-14.2,22.0,0.0021350090146991696
23798,-14.2,23.0,0.0018576151786207128
23799,-14.2,24.0,0.004030034770970879
23800,-14.2,25.0,0.0016864875443836655
23801,-14.2,26.0,0.0002695220487236327
23802,-14.2,27.0,0.0013685338930281513
23803,-14.2,28.0,0.0032603486696630695
23804,-14.2,29.0,0.00142208874686283
23805,-14.2,30.0,0.0012512143206408568
23806,-14.2,31.0,0.0028068063806804796
23807,-14.2,32.0,0.0011520600244532924
23808,-14.2,33.0,0.00015443011006860822
23809,-14.2,34.0,0.000953068806640359
23810,-14.2,35.0,0.002319555741348347
23811,-14.2,36.0,0.0009476091848814456
23812,-14.2,37.0,6.858100451588566e-05
23813,-14.2,38.0,4.542672192518622e-06
23814,-14.2,39.0,2.8947175131792875e-06
23815,-14.2,40.0,2.173445471734619e-06
23816,-14.2,41.0,1.6239632427633754e-06
23817,-14.2,42.0,1.2069532415852453e-06
23818,-14.2,43.0,8.92259701716106e-07
23819,-14.2,44.0,6.56112912157105e-07
23820,-14.2,45.0,4.799016868928359e-07
23821,-14.2,46.0,3.491501935461411e-07
23822,-14.2,47.0,2.526728415867537e-07
23823,-14.2,48.0,1.8188256439029682e-07
23824,-14.2,49.0,1.3022961884043645e-07
23825,-14.2,50.0,9.275015488456198e-08
23826,-14.2,51.0,6.570609746981659e-08
23827,-14.2,52.0,4.630019782940931e-08
23828,-14.2,53.0,3.2452350137812437e-08
23829,-14.2,54.0,2.2625364559180506e-08
23830,-14.2,55.0,1.569029609029691e-08
23831,-14.2,56.0,1.0823128378507298e-08
23832,-14.2,57.0,7.426096609440518e-09
23833,-14.2,58.0,5.068208724814222e-09
23834,-14.2,59.0,3.4406024989166435e-09
23835,-14.2,60.0,2.3232749967975995e-09
23836,-14.2,61.0,1.5604607371203123e-09
23837,-14.2,62.0,1.0425362907765665e-09
23838,-14.2,63.0,6.92812358257783e-10
23839,-14.2,64.0,4.579585569209509e-10
23840,-14.2,65.0,3.011083772188783e-10
23841,-14.2,66.0,1.969271547583109e-10
23842,-14.2,67.0,1.2810747806548222e-10
23843,-14.2,68.0,8.289521549442895e-11
23844,-14.2,69.0,5.335443872708128e-11
23845,-14.2,70.0,3.415841840724604e-11
23846,-14.2,71.0,2.175259428478092e-11
23847,-14.2,72.0,1.3778770707591204e-11
23848,-14.2,73.0,8.681524475814057e-12
23849,-14.2,74.0,5.440860892862582e-12
23850,-14.1,-75.0,3.1641586390451673e-07
23851,-14.1,-74.0,4.3653327717128555e-07
23852,-14.1,-73.0,5.990493066738614e-07
23853,-14.1,-72.0,8.176997997914063e-07
23854,-14.1,-71.0,1.1102258128093165e-06
23855,-14.1,-70.0,1.4993908527974729e-06
23856,-14.1,-69.0,2.0142088560473344e-06
23857,-14.1,-68.0,2.6914124232055453e-06
23858,-14.1,-67.0,3.5771908550085823e-06
23859,-14.1,-66.0,4.729226107476535e-06
23860,-14.1,-65.0,6.219051490117772e-06
23861,-14.1,-64.0,8.134752314480346e-06
23862,-14.1,-63.0,1.058401930388745e-05
23863,-14.1,-62.0,1.3697553958280498e-05
23864,-14.1,-61.0,1.7632809845575156e-05
23865,-14.1,-60.0,2.2578034675693706e-05
23866,-14.1,-59.0,2.875655486593035e-05
23867,-14.1,-58.0,3.643121718852416e-05
23868,-14.1,-57.0,4.590887132233942e-05
23869,-14.1,-56.0,5.754474333979765e-05
23870,-14.1,-55.0,7.174651433358863e-05
23871,-14.1,-54.0,8.897788190107658e-05
23872,-14.1,-53.0,0.00010976134683826089
23873,-14.1,-52.0,0.0001346799353245726
23874,-14.1,-51.0,0.00016437754063309133
23875,-14.1,-50.0,0.00019955755078346498
23876,-14.1,-49.0,0.00024097942253497966
23877,-14.1,-48.0,0.0002894528719530738
23878,-14.1,-47.0,0.0003458335318521712
23879,-14.1,-46.0,0.00041323398446914893
23880,-14.1,-45.0,0.0006862113765662525
23881,-14.1,-44.0,0.0035413971277547156
23882,-14.1,-43.0,0.008180617066219276
23883,-14.1,-42.0,0.007071878948165196
23884,-14.1,-41.0,0.009273156616074875
23885,-14.1,-40.0,0.004632908544904188
23886,-14.1,-39.0,0.0053851653625260135
23887,-14.1,-38.0,0.011114660744266983
23888,-14.1,-37.0,0.005508188217748142
23889,-14.1,-36.0,0.002336630260679833
23890,-14.1,-35.0,0.007047979995273603
23891,-14.1,-34.0,0.01471623052215422
23892,-14.1,-33.0,0.007923867705191311
23893,-14.1,-32.0,0.009239814625854315
23894,-14.1,-31.0,0.01827541655313145
23895,-14.1,-30.0,0.009939483526352428
23896,-14.1,-29.0,0.011626677695218204
23897,-14.1,-28.0,0.022810119294943608
23898,-14.1,-27.0,0.01175836804212981
23899,-14.1,-26.0,0.00548974762177258
23900,-14.1,-25.0,0.015245684587566581
23901,-14.1,-24.0,0.031134706350410563
23902,-14.1,-23.0,0.01669738263956223
23903,-14.1,-22.0,0.020124700524807457
23904,-14.1,-21.0,0.0402390964799107
23905,-14.1,-20.0,0.019816382003630003
23906,-14.1,-19.0,0.008277218962756535
23907,-14.1,-18.0,0.028482786838202302
23908,-14.1,-17.0,0.06141765882927346
23909,-14.1,-16.0,0.03139911489862119
23910,-14.1,-15.0,0.04828286849624897
23911,-14.1,-14.0,0.0916208172197485
23912,-14.1,-13.0,0.04046876063941636
23913,-14.1,-12.0,0.008783721547781653
23914,-14.1,-11.0,0.02190544953431746
23915,-14.1,-10.0,0.04604907496647222
23916,-14.1,-9.0,0.02246728454885018
23917,-14.1,-8.0,0.017985685819981886
23918,-14.1,-7.0,0.034198239882855606
23919,-14.1,-6.0,0.016513862725672852
23920,-14.1,-5.0,0.005668564665384568
23921,-14.1,-4.0,0.012480205345930686
23922,-14.1,-3.0,0.024468019117634836
23923,-14.1,-2.0,0.01201637354544902
23924,-14.1,-1.0,0.0039534317880583125
23925,-14.1,0.0,0.0005511154755315566
23926,-14.1,1.0,0.003378850364592704
23927,-14.1,2.0,0.008259121459345183
23928,-14.1,3.0,0.015992477088525258
23929,-14.1,4.0,0.007765672257851817
23930,-14.1,5.0,0.0027200594118727654
23931,-14.1,6.0,0.0060399806489691826
23932,-14.1,7.0,0.011900720640876064
23933,-14.1,8.0,0.005872300167170108
23934,-14.1,9.0,0.005035564490670122
23935,-14.1,10.0,0.009604474137797402
23936,-14.1,11.0,0.004446737258960346
23937,-14.1,12.0,0.001294366699180169
23938,-14.1,13.0,0.0034740614503144585
23939,-14.1,14.0,0.007304559845776298
23940,-14.1,15.0,0.0034216441817925373
23941,-14.1,16.0,0.0029480264975763957
23942,-14.1,17.0,0.006016237491379757
23943,-14.1,18.0,0.002627462679972723
23944,-14.1,19.0,0.0005680543791414282
23945,-14.1,20.0,0.0020841984598850755
23946,-14.1,21.0,0.004719882556128032
23947,-14.1,22.0,0.002111705344732583
23948,-14.1,23.0,0.0018370431172221983
23949,-14.1,24.0,0.003982691026440067
23950,-14.1,25.0,0.0016673879228664929
23951,-14.1,26.0,0.0002674201702839391
23952,-14.1,27.0,0.0013526071755285284
23953,-14.1,28.0,0.0032208295779153164
23954,-14.1,29.0,0.0014051583816513031
23955,-14.1,30.0,0.0012361345453544633
23956,-14.1,31.0,0.0027721457921663015
23957,-14.1,32.0,0.0011380115223129296
23958,-14.1,33.0,0.00015278105017184704
23959,-14.1,34.0,0.0009412301161665628
23960,-14.1,35.0,0.002290355053057646
23961,-14.1,36.0,0.0009357496029194623
23962,-14.1,37.0,6.782643248484844e-05
23963,-14.1,38.0,4.573994801205783e-06
23964,-14.1,39.0,2.9267186437332703e-06
23965,-14.1,40.0,2.198667120906687e-06
23966,-14.1,41.0,1.643683701347976e-06
23967,-14.1,42.0,1.2222606600596857e-06
23968,-14.1,43.0,9.040574182698078e-07
23969,-14.1,44.0,6.6514246715251e-07
23970,-14.1,45.0,4.86765437197142e-07
23971,-14.1,46.0,3.5433260315520565e-07
23972,-14.1,47.0,2.5655989402237607e-07
23973,-14.1,48.0,1.8477901623953302e-07
23974,-14.1,49.0,1.3237401233979342e-07
23975,-14.1,50.0,9.43276446713633e-08
23976,-14.1,51.0,6.685923536890078e-08
23977,-14.1,52.0,4.713787113048273e-08
23978,-14.1,53.0,3.305709289281e-08
23979,-14.1,54.0,2.3059265961995852e-08
23980,-14.1,55.0,1.5999721386343498e-08
23981,-14.1,56.0,1.1042450958497935e-08
23982,-14.1,57.0,7.580618706143385e-09
23983,-14.1,58.0,5.17642515488049e-09
23984,-14.1,59.0,3.515939036814474e-09
23985,-14.1,60.0,2.3754114381078847e-09
23986,-14.1,61.0,1.5963292070754372e-09
23987,-14.1,62.0,1.0670682178039021e-09
23988,-14.1,63.0,7.094928418993596e-10
23989,-14.1,64.0,4.692345258944929e-10
23990,-14.1,65.0,3.0868676468861934e-10
23991,-14.1,66.0,2.0199106828948195e-10
23992,-14.1,67.0,1.314717460850256e-10
23993,-14.1,68.0,8.511748899718546e-11
23994,-14.1,69.0,5.481397321586716e-11
23995,-14.1,70.0,3.511153940583692e-11
23996,-14.1,71.0,2.2371472261987906e-11
23997,-14.1,72.0,1.4178339407473246e-11
23998,-14.1,73.0,8.938039685151768e-12
23999,-14.1,74.0,5.6046086953528395e-12
24000,-14.0,-75.0,2.7405628758028357e-07
24001,-14.0,-74.0,3.782947082053872e-07
24002,-14.0,-73.0,5.194058891820974e-07
24003,-14.0,-72.0,7.093647119938995e-07
24004,-14.0,-71.0,9.636479427971177e-07
24005,-14.0,-70.0,1.3021269406451188e-06
24006,-14.0,-69.0,1.7501463143854816e-06
24007,-14.0,-68.0,2.3398148803356006e-06
24008,-14.0,-67.0,3.111535404395614e-06
24009,-14.0,-66.0,4.115798483287353e-06
24010,-14.0,-65.0,5.4152631564183735e-06
24011,-14.0,-64.0,7.087142041153114e-06
24012,-14.0,-63.0,9.225901538788717e-06
24013,-14.0,-62.0,1.1946277569443323e-05
24014,-14.0,-61.0,1.5386594010186675e-05
24015,-14.0,-60.0,1.9712354264504366e-05
24016,-14.0,-59.0,2.5120056042407538e-05
24017,-14.0,-58.0,3.1841155514376464e-05
24018,-14.0,-57.0,4.0146079779134665e-05
24019,-14.0,-56.0,5.034815658836716e-05
24020,-14.0,-55.0,6.280729834956594e-05
24021,-14.0,-54.0,7.79332447764167e-05
24022,-14.0,-53.0,9.618813673140797e-05
24023,-14.0,-52.0,0.00011808816471946226
24024,-14.0,-51.0,0.0001442040113774476
24025,-14.0,-50.0,0.0001751597906518216
24026,-14.0,-49.0,0.00021163017981202606
24027,-14.0,-48.0,0.0002543354478203765
24028,-14.0,-47.0,0.00030403780102161086
24029,-14.0,-46.0,0.00036350873429096827
24030,-14.0,-45.0,0.0006058477655365441
24031,-14.0,-44.0,0.003145527647912141
24032,-14.0,-43.0,0.007272395943596556
24033,-14.0,-42.0,0.006284931035118464
24034,-14.0,-41.0,0.00824210621527874
24035,-14.0,-40.0,0.004113752578327182
24036,-14.0,-39.0,0.0047814906415601455
24037,-14.0,-38.0,0.009876249069262707
24038,-14.0,-37.0,0.004890077076410916
24039,-14.0,-36.0,0.002069230330968623
24040,-14.0,-35.0,0.006256956530294083
24041,-14.0,-34.0,0.013073297774381968
24042,-14.0,-33.0,0.007035738011926323
24043,-14.0,-32.0,0.008203665838090544
24044,-14.0,-31.0,0.016232457983395756
24045,-14.0,-30.0,0.008826708804189096
24046,-14.0,-29.0,0.010323415990758884
24047,-14.0,-28.0,0.020255783058069226
24048,-14.0,-27.0,0.010443682976234407
24049,-14.0,-26.0,0.004878597069699435
24050,-14.0,-25.0,0.013534680685506232
24051,-14.0,-24.0,0.027631772459266703
24052,-14.0,-23.0,0.014827255325370119
24053,-14.0,-22.0,0.017855212807778756
24054,-14.0,-21.0,0.03567674682923439
24055,-14.0,-20.0,0.017588547658319638
24056,-14.0,-19.0,0.0073647330920605025
24057,-14.0,-18.0,0.025192913681991023
24058,-14.0,-17.0,0.05425822638014103
24059,-14.0,-16.0,0.028036749473900505
24060,-14.0,-15.0,0.04656912002393895
24061,-14.0,-14.0,0.1052250865197233
24062,-14.0,-13.0,0.04717622855992448
24063,-14.0,-12.0,0.009731284736809237
24064,-14.0,-11.0,0.02385454322938988
24065,-14.0,-10.0,0.050212340121407024
24066,-14.0,-9.0,0.024471722092094306
24067,-14.0,-8.0,0.019553981692028252
24068,-14.0,-7.0,0.03721001946598941
24069,-14.0,-6.0,0.01795592837160756
24070,-14.0,-5.0,0.0061483641572539485
24071,-14.0,-4.0,0.013555828083905035
24072,-14.0,-3.0,0.026592085645800838
24073,-14.0,-2.0,0.013057147909004396
24074,-14.0,-1.0,0.004293418733660368
24075,-14.0,0.0,0.0005942517247547563
24076,-14.0,1.0,0.0036731249571709387
24077,-14.0,2.0,0.008974677705162618
24078,-14.0,3.0,0.017374483292562828
24079,-14.0,4.0,0.008440479809723785
24080,-14.0,5.0,0.0029610954154536836
24081,-14.0,6.0,0.006564550945776595
24082,-14.0,7.0,0.01292576182846049
24083,-14.0,8.0,0.00638225012684422
24084,-14.0,9.0,0.005472615704149263
24085,-14.0,10.0,0.01042931499119307
24086,-14.0,11.0,0.004832646469596746
24087,-14.0,12.0,0.0014117667139365794
24088,-14.0,13.0,0.003775081524988911
24089,-14.0,14.0,0.007928795880502004
24090,-14.0,15.0,0.0037168784963132425
24091,-14.0,16.0,0.003202064168569861
24092,-14.0,17.0,0.006528164907821723
24093,-14.0,18.0,0.0028532202624372443
24094,-14.0,19.0,0.0006197150746352265
24095,-14.0,20.0,0.002262611867180173
24096,-14.0,21.0,0.005119105189240225
24097,-14.0,22.0,0.002291506218380207
24098,-14.0,23.0,0.0019931371903589
24099,-14.0,24.0,0.004318133819949739
24100,-14.0,25.0,0.0018086059500057338
24101,-14.0,26.0,0.00029111181612313477
24102,-14.0,27.0,0.0014666998933004288
24103,-14.0,28.0,0.0034907781949543378
24104,-14.0,29.0,0.0015232673238716266
24105,-14.0,30.0,0.0013398365843878227
24106,-14.0,31.0,0.0030037918857131825
24107,-14.0,32.0,0.001233302305759629
24108,-14.0,33.0,0.00016583230604269643
24109,-14.0,34.0,0.001019807326184562
24110,-14.0,35.0,0.0024811341619649005
24111,-14.0,36.0,0.0010137716248848569
24112,-14.0,37.0,7.359638893132088e-05
24113,-14.0,38.0,5.052869827631522e-06
24114,-14.0,39.0,3.2462344619454615e-06
24115,-14.0,40.0,2.440024669640194e-06
24116,-14.0,41.0,1.8250900724672502e-06
24117,-14.0,42.0,1.3578794657391393e-06
24118,-14.0,43.0,1.004904398824402e-06
24119,-14.0,44.0,7.397326132323597e-07
24120,-14.0,45.0,5.416405704678299e-07
24121,-14.0,46.0,3.9448812845176843e-07
24122,-14.0,47.0,2.8578732659734956e-07
24123,-14.0,48.0,2.0593882353902286e-07
24124,-14.0,49.0,1.4761132917786327e-07
24125,-14.0,50.0,1.0524157328150942e-07
24126,-14.0,51.0,7.463475849647154e-08
24127,-14.0,52.0,5.2647902947004545e-08
24128,-14.0,53.0,3.6940873250861244e-08
24129,-14.0,54.0,2.578216392824949e-08
24130,-14.0,55.0,1.789854364632802e-08
24131,-14.0,56.0,1.2359535310205382e-08
24132,-14.0,57.0,8.489316101095345e-09
24133,-14.0,58.0,5.80001851467668e-09
24134,-14.0,59.0,3.94159652206094e-09
24135,-14.0,60.0,2.6644100447502572e-09
24136,-14.0,61.0,1.7914969278496572e-09
24137,-14.0,62.0,1.198166525259482e-09
24138,-14.0,63.0,7.970845744502712e-10
24139,-14.0,64.0,5.274456746215909e-10
24140,-14.0,65.0,3.47165990541537e-10
24141,-14.0,66.0,2.2729125157370813e-10
24142,-14.0,67.0,1.4801794625498105e-10
24143,-14.0,68.0,9.588090745789249e-11
24144,-14.0,69.0,6.177830734485579e-11
24145,-14.0,70.0,3.9593690301135554e-11
24146,-14.0,71.0,2.5240739000412778e-11
24147,-14.0,72.0,1.600531618031288e-11
24148,-14.0,73.0,1.0095144908419272e-11
24149,-14.0,74.0,6.333546511304142e-12
24150,-13.9,-75.0,2.4794726061413945e-07
24151,-13.9,-74.0,3.4243740673514985e-07
24152,-13.9,-73.0,4.704236985047262e-07
24153,-13.9,-72.0,6.428109883829338e-07
24154,-13.9,-71.0,8.7370234160661e-07
24155,-13.9,-70.0,1.1812173428622398e-06
24156,-13.9,-69.0,1.5884817782139005e-06
24157,-13.9,-68.0,2.124813257401214e-06
24158,-13.9,-67.0,2.827127564528206e-06
24159,-13.9,-66.0,3.7415896029730317e-06
24160,-13.9,-65.0,4.925530387056317e-06
24161,-13.9,-64.0,6.449647255466746e-06
24162,-13.9,-63.0,8.400497955305368e-06
24163,-13.9,-62.0,1.0883290097419262e-05
24164,-13.9,-61.0,1.402495537945542e-05
24165,-13.9,-60.0,1.797748265311648e-05
24166,-13.9,-59.0,2.2921465231548154e-05
24167,-13.9,-58.0,2.9069795806051918e-05
24168,-13.9,-57.0,3.667141718854981e-05
24169,-13.9,-56.0,4.601500928852589e-05
24170,-13.9,-55.0,5.743246303271989e-05
24171,-13.9,-54.0,7.130196142643322e-05
24172,-13.9,-53.0,8.805045805814229e-05
24173,-13.9,-52.0,0.00010815531581887084
24174,-13.9,-51.0,0.00013214484550377377
24175,-13.9,-50.0,0.0001605974675920074
24176,-13.9,-49.0,0.00019413921332627192
24177,-13.9,-48.0,0.00023343928679459198
24178,-13.9,-47.0,0.000279206863299942
24179,-13.9,-46.0,0.00033401975094007457
24180,-13.9,-45.0,0.000558760401402605
24181,-13.9,-44.0,0.0029186291802237576
24182,-13.9,-43.0,0.006753586460959779
24183,-13.9,-42.0,0.005834875388833131
24184,-13.9,-41.0,0.0076526859322772
24185,-13.9,-40.0,0.003815807062213394
24186,-13.9,-39.0,0.0044349730221320775
24187,-13.9,-38.0,0.00916752596340701
24188,-13.9,-37.0,0.004535068915842369
24189,-13.9,-36.0,0.0019141483862697456
24190,-13.9,-35.0,0.005802597287296539
24191,-13.9,-34.0,0.012132135536990983
24192,-13.9,-33.0,0.006525916258273704
24193,-13.9,-32.0,0.007608742401255463
24194,-13.9,-31.0,0.015061388642493196
24195,-13.9,-30.0,0.008188281901897358
24196,-13.9,-29.0,0.009575293063033617
24197,-13.9,-28.0,0.018790386358953887
24198,-13.9,-27.0,0.00968991231546071
24199,-13.9,-26.0,0.004528808062324479
24200,-13.9,-25.0,0.012552046634814771
24201,-13.9,-24.0,0.02561789926605499
24202,-13.9,-23.0,0.013754338644097712
24203,-13.9,-22.0,0.016549166214788805
24204,-13.9,-21.0,0.03304481840664175
24205,-13.9,-20.0,0.016308411862274715
24206,-13.9,-19.0,0.00684543212563365
24207,-13.9,-18.0,0.023281103376091655
24208,-13.9,-17.0,0.05007646396726944
24209,-13.9,-16.0,0.025730242056117174
24210,-13.9,-15.0,0.0403356940738592
24211,-13.9,-14.0,0.08854499356253807
24212,-13.9,-13.0,0.04882632189244334
24213,-13.9,-12.0,0.010643789218018672
24214,-13.9,-11.0,0.026949531497819736
24215,-13.9,-10.0,0.05681506243789325
24216,-13.9,-9.0,0.027658908460957213
24217,-13.9,-8.0,0.022058460779877144
24218,-13.9,-7.0,0.04200974269999085
24219,-13.9,-6.0,0.020257945071456444
24220,-13.9,-5.0,0.006919091334042725
24221,-13.9,-4.0,0.015277295084755775
24222,-13.9,-3.0,0.02998663152591125
24223,-13.9,-2.0,0.014721081181366013
24224,-13.9,-1.0,0.004837582910180046
24225,-13.9,0.0,0.000664832630083804
24226,-13.9,1.0,0.004142827264891548
24227,-13.9,2.0,0.010118481012688151
24228,-13.9,3.0,0.019585062108135078
24229,-13.9,4.0,0.009518497517888401
24230,-13.9,5.0,0.00334445766447959
24231,-13.9,6.0,0.007402649754442119
24232,-13.9,7.0,0.014566529297437751
24233,-13.9,8.0,0.0071970476171291774
24234,-13.9,9.0,0.006171017389133405
24235,-13.9,10.0,0.011750483088239495
24236,-13.9,11.0,0.005449357561971024
24237,-13.9,12.0,0.0015976241163129553
24238,-13.9,13.0,0.004256307677224901
24239,-13.9,14.0,0.00892974629193488
24240,-13.9,15.0,0.004189297548312623
24241,-13.9,16.0,0.003608681157826235
24242,-13.9,17.0,0.007349814129035648
24243,-13.9,18.0,0.0032148057168934065
24244,-13.9,19.0,0.000701478396687966
24245,-13.9,20.0,0.0025486044906304515
24246,-13.9,21.0,0.00576070894691822
24247,-13.9,22.0,0.0025800598534110155
24248,-13.9,23.0,0.0022437589197489456
24249,-13.9,24.0,0.004857738750021704
24250,-13.9,25.0,0.0020355040643961
24251,-13.9,26.0,0.00032881993841526303
24252,-13.9,27.0,0.0016501795941476116
24253,-13.9,28.0,0.00392549558688901
24254,-13.9,29.0,0.0017133503487090892
24255,-13.9,30.0,0.0015068045001081132
24256,-13.9,31.0,0.003377074896436656
24257,-13.9,32.0,0.0013867899740986787
24258,-13.9,33.0,0.00018676606077993194
24259,-13.9,34.0,0.0011464579389357417
24260,-13.9,35.0,0.0027887785896531705
24261,-13.9,36.0,0.0011395611253584624
24262,-13.9,37.0,8.285973112218238e-05
24263,-13.9,38.0,5.791684843661514e-06
24264,-13.9,39.0,3.735681253581111e-06
24265,-13.9,40.0,2.8094405922057003e-06
24266,-13.9,41.0,2.102525420938319e-06
24267,-13.9,42.0,1.5651267175101884e-06
24268,-13.9,43.0,1.1588957666462325e-06
24269,-13.9,44.0,8.535436792038058e-07
24270,-13.9,45.0,6.253073514175683e-07
24271,-13.9,46.0,4.5566708184589904e-07
24272,-13.9,47.0,3.30284396971952e-07
24273,-13.9,48.0,2.381303209812286e-07
24274,-13.9,49.0,1.7077627713392334e-07
24275,-13.9,50.0,1.218222358349552e-07
24276,-13.9,51.0,8.643940141362875e-08
24277,-13.9,52.0,6.100747941913299e-08
24278,-13.9,53.0,4.2829257887121215e-08
24279,-13.9,54.0,2.990777775240746e-08
24280,-13.9,55.0,2.0773700329229214e-08
24281,-13.9,56.0,1.435257081309406e-08
24282,-13.9,57.0,9.863513633834554e-09
24283,-13.9,58.0,6.742480716209859e-09
24284,-13.9,59.0,4.5845201734762695e-09
24285,-13.9,60.0,3.1006601903900584e-09
24286,-13.9,61.0,2.085934023680007e-09
24287,-13.9,62.0,1.3958317455530384e-09
24288,-13.9,63.0,9.290769446679217e-10
24289,-13.9,64.0,6.151151206635108e-10
24290,-13.9,65.0,4.050859969248912e-10
24291,-13.9,66.0,2.653531003529699e-10
24292,-13.9,67.0,1.7289690116935908e-10
24293,-13.9,68.0,1.1205632116140072e-10
24294,-13.9,69.0,7.223898226783527e-11
24295,-13.9,70.0,4.6322606114848587e-11
24296,-13.9,71.0,2.954612007323511e-11
24297,-13.9,72.0,1.8745370971286522e-11
24298,-13.9,73.0,1.1829699920017182e-11
24299,-13.9,74.0,7.425736328258675e-12
24300,-13.8,-75.0,2.442299425760324e-07
24301,-13.8,-74.0,3.3748321804807315e-07
24302,-13.8,-73.0,4.6386495567330453e-07
24303,-13.8,-72.0,6.341865873674709e-07
24304,-13.8,-71.0,8.624395207209117e-07
24305,-13.8,-70.0,1.1666117703855293e-06
24306,-13.8,-69.0,1.5696765336461837e-06
24307,-13.8,-68.0,2.1007776340061116e-06
24308,-13.8,-67.0,2.796637082019376e-06
24309,-13.8,-66.0,3.703209195965025e-06
24310,-13.8,-65.0,4.8776034376011505e-06
24311,-13.8,-64.0,6.390293972572285e-06
24312,-13.8,-63.0,8.327627570177849e-06
24313,-13.8,-62.0,1.0794632430797058e-05
24314,-13.8,-61.0,1.3918118525912371e-05
24315,-13.8,-60.0,1.7850044781811347e-05
24316,-13.8,-59.0,2.2771109772561103e-05
24317,-13.8,-58.0,2.8894500507086563e-05
24318,-13.8,-57.0,3.646970860012273e-05
24319,-13.8,-56.0,4.57862950593568e-05
24320,-13.8,-55.0,5.717745484563172e-05
24321,-13.8,-54.0,7.102320133879746e-05
24322,-13.8,-53.0,8.775296028040876e-05
24323,-13.8,-52.0,0.00010784733441851064
24324,-13.8,-51.0,0.00013183877601597645
24325,-13.8,-50.0,0.00016031088692771266
24326,-13.8,-49.0,0.00019389605760000952
24327,-13.8,-48.0,0.00023327116071615266
24328,-13.8,-47.0,0.00027915450856614334
24329,-13.8,-46.0,0.0003341565338692774
24330,-13.8,-45.0,0.0005610822040428741
24331,-13.8,-44.0,0.002948580230085477
24332,-13.8,-43.0,0.006828714438705828
24333,-13.8,-42.0,0.005898072151024292
24334,-13.8,-41.0,0.007736360408701492
24335,-13.8,-40.0,0.003853723470109832
24336,-13.8,-39.0,0.004478825614023791
24337,-13.8,-38.0,0.009265281254215989
24338,-13.8,-37.0,0.004579261370374824
24339,-13.8,-36.0,0.0019278463040921655
24340,-13.8,-35.0,0.005859015070113366
24341,-13.8,-34.0,0.012258431849879452
24342,-13.8,-33.0,0.006590445739710805
24343,-13.8,-32.0,0.007683516879455098
24344,-13.8,-31.0,0.015215683654529705
24345,-13.8,-30.0,0.008270424341023487
24346,-13.8,-29.0,0.009669934834569302
24347,-13.8,-28.0,0.018978833858665594
24348,-13.8,-27.0,0.0097887560085749
24349,-13.8,-26.0,0.004577214123038582
24350,-13.8,-25.0,0.012674427126434545
24351,-13.8,-24.0,0.025860141010217087
24352,-13.8,-23.0,0.01389207156958971
24353,-13.8,-22.0,0.016701067226880875
24354,-13.8,-21.0,0.03332607036284068
24355,-13.8,-20.0,0.016464590585902765
24356,-13.8,-19.0,0.006927822713921201
24357,-13.8,-18.0,0.02342808775718598
24358,-13.8,-17.0,0.05033004825804051
24359,-13.8,-16.0,0.025820283666610443
24360,-13.8,-15.0,0.03946599234148518
24361,-13.8,-14.0,0.08627300565027722
24362,-13.8,-13.0,0.04675574312045257
24363,-13.8,-12.0,0.010502608810869684
24364,-13.8,-11.0,0.027125756420612136
24365,-13.8,-10.0,0.057272553502158326
24366,-13.8,-9.0,0.027850207621616753
24367,-13.8,-8.0,0.022167269377630555
24368,-13.8,-7.0,0.042251213556859596
24369,-13.8,-6.0,0.020359930698281185
24370,-13.8,-5.0,0.006935955311958396
24371,-13.8,-4.0,0.015337256920497795
24372,-13.8,-3.0,0.03012238584622286
24373,-13.8,-2.0,0.014784691488575565
24374,-13.8,-1.0,0.004855280773925345
24375,-13.8,0.0,0.0006625715241501485
24376,-13.8,1.0,0.004162141570758896
24377,-13.8,2.0,0.010162200623562066
24378,-13.8,3.0,0.0196661548013077
24379,-13.8,4.0,0.009561969938951032
24380,-13.8,5.0,0.0033648272825120124
24381,-13.8,6.0,0.007436122962862548
24382,-13.8,7.0,0.014623037320323851
24383,-13.8,8.0,0.00722960202872702
24384,-13.8,9.0,0.006198663759501255
24385,-13.8,10.0,0.011793369651765298
24386,-13.8,11.0,0.005473772870885136
24387,-13.8,12.0,0.0016104851527373185
24388,-13.8,13.0,0.0042748609408390925
24389,-13.8,14.0,0.008958890195691653
24390,-13.8,15.0,0.004206180009421357
24391,-13.8,16.0,0.003622857962015338
24392,-13.8,17.0,0.007371319191220243
24393,-13.8,18.0,0.0032267056858405686
24394,-13.8,19.0,0.0007073281342142572
24395,-13.8,20.0,0.0025572944560938887
24396,-13.8,21.0,0.005774858875300001
24397,-13.8,22.0,0.002587760513339982
24398,-13.8,23.0,0.002250095211790085
24399,-13.8,24.0,0.0048680534771319145
24400,-13.8,25.0,0.0020407286755958153
24401,-13.8,26.0,0.0003308670727198628
24402,-13.8,27.0,0.0016538880641193755
24403,-13.8,28.0,0.0039323215079681215
24404,-13.8,29.0,0.0017167221159724425
24405,-13.8,30.0,0.001509543196117315
24406,-13.8,31.0,0.0033821524487568054
24407,-13.8,32.0,0.0013891037314095718
24408,-13.8,33.0,0.00018737886874356085
24409,-13.8,34.0,0.0011481017467033373
24410,-13.8,35.0,0.002792278439943193
24411,-13.8,36.0,0.0011410815783124628
24412,-13.8,37.0,8.310453747954318e-05
24413,-13.8,38.0,5.9137088752349914e-06
24414,-13.8,39.0,3.829263853442894e-06
24415,-13.8,40.0,2.8813825598848424e-06
24416,-13.8,41.0,2.1575140893713882e-06
24417,-13.8,42.0,1.6069161678074186e-06
24418,-13.8,43.0,1.190472685584888e-06
24419,-13.8,44.0,8.772677491788578e-07
24420,-13.8,45.0,6.430301114086362e-07
24421,-13.8,46.0,4.6883151822479534e-07
24422,-13.8,47.0,3.4000756223938235e-07
24423,-13.8,48.0,2.452712215788044e-07
24424,-13.8,49.0,1.759911460265087e-07
24425,-13.8,50.0,1.256091354530606e-07
24426,-13.8,51.0,8.917390719934274e-08
24427,-13.8,52.0,6.297098883352851e-08
24428,-13.8,53.0,4.423126570323701e-08
24429,-13.8,54.0,3.090326385671862e-08
24430,-13.8,55.0,2.147659639796803e-08
24431,-13.8,56.0,1.4846110198386592e-08
24432,-13.8,57.0,1.0208125940285846e-08
24433,-13.8,58.0,6.981768942772389e-09
24434,-13.8,59.0,4.749753112754537e-09
24435,-13.8,60.0,3.214124611237228e-09
24436,-13.8,61.0,2.163418274933416e-09
24437,-13.8,62.0,1.4484529295855163e-09
24438,-13.8,63.0,9.64615836004154e-10
24439,-13.8,64.0,6.389847544914358e-10
24440,-13.8,65.0,4.2102968140934564e-10
24441,-13.8,66.0,2.7594405263014616e-10
24442,-13.8,67.0,1.7989349968014026e-10
24443,-13.8,68.0,1.1665302650553263e-10
24444,-13.8,69.0,7.52424032558918e-11
24445,-13.8,70.0,4.827423650739649e-11
24446,-13.8,71.0,3.08073453214639e-11
24447,-13.8,72.0,1.955596480502741e-11
24448,-13.8,73.0,1.2347820992991498e-11
24449,-13.8,74.0,7.75510192779626e-12
24450,-13.7,-75.0,2.400076582232879e-07
24451,-13.7,-74.0,3.3182550426260274e-07
24452,-13.7,-73.0,4.56331589812038e-07
24453,-13.7,-72.0,6.242196166775918e-07
24454,-13.7,-71.0,8.493376940161591e-07
24455,-13.7,-70.0,1.1495013675481776e-06
24456,-13.7,-69.0,1.547478747729427e-06
24457,-13.7,-68.0,2.0721729585336606e-06
24458,-13.7,-67.0,2.760027555812077e-06
24459,-13.7,-66.0,3.6566798754849954e-06
24460,-13.7,-65.0,4.818885116655556e-06
24461,-13.7,-64.0,6.316729962063621e-06
24462,-13.7,-63.0,8.236148291705181e-06
24463,-13.7,-62.0,1.0681742664673032e-05
24464,-13.7,-61.0,1.3779903373406789e-05
24465,-13.7,-60.0,1.768220172675591e-05
24466,-13.7,-59.0,2.2569015616562436e-05
24467,-13.7,-58.0,2.8653323345025026e-05
24468,-13.7,-57.0,3.618457631802997e-05
24469,-13.7,-56.0,4.5452532974266715e-05
24470,-13.7,-55.0,5.679090594571867e-05
24471,-13.7,-54.0,7.058064298347631e-05
24472,-13.7,-53.0,8.725263103205098e-05
24473,-13.7,-52.0,0.00010728958374098107
24474,-13.7,-51.0,0.00013122684773305971
24475,-13.7,-50.0,0.00015965184444216652
24476,-13.7,-49.0,0.0001932018548128129
24477,-13.7,-48.0,0.00023255985728752053
24478,-13.7,-47.0,0.0002784516550741089
24479,-13.7,-46.0,0.0003335145906334235
24480,-13.7,-45.0,0.0005621250096698529
24481,-13.7,-44.0,0.0029720916416179303
24482,-13.7,-43.0,0.006889021599950916
24483,-13.7,-42.0,0.005948433113324952
24484,-13.7,-41.0,0.007803208140189986
24485,-13.7,-40.0,0.0038831772474694774
24486,-13.7,-39.0,0.004512834844786167
24487,-13.7,-38.0,0.009342820093364951
24488,-13.7,-37.0,0.004613355840745478
24489,-13.7,-36.0,0.0019371617775028338
24490,-13.7,-35.0,0.00590250400254792
24491,-13.7,-34.0,0.012357900762479121
24492,-13.7,-33.0,0.00664042877691427
24493,-13.7,-32.0,0.007741337961016925
24494,-13.7,-31.0,0.01533663851802274
24495,-13.7,-30.0,0.008334323657966852
24496,-13.7,-29.0,0.009743261198996642
24497,-13.7,-28.0,0.019125683055883663
24498,-13.7,-27.0,0.009866045851851694
24499,-13.7,-26.0,0.004615442845067064
24500,-13.7,-25.0,0.012768966472510173
24501,-13.7,-24.0,0.02604577022224091
24502,-13.7,-23.0,0.013999385325285501
24503,-13.7,-22.0,0.01681649280822547
24504,-13.7,-21.0,0.03353462978602645
24505,-13.7,-20.0,0.016584936500779576
24506,-13.7,-19.0,0.006995359924768312
24507,-13.7,-18.0,0.023525651246337095
24508,-13.7,-17.0,0.050477946247205904
24509,-13.7,-16.0,0.025876637061899358
24510,-13.7,-15.0,0.038818580578812344
24511,-13.7,-14.0,0.08456926483089686
24512,-13.7,-13.0,0.04507724300398234
24513,-13.7,-12.0,0.010380626853570444
24514,-13.7,-11.0,0.027279391271675713
24515,-13.7,-10.0,0.05768346644994622
24516,-13.7,-9.0,0.028017949176015303
24517,-13.7,-8.0,0.022255460002849763
24518,-13.7,-7.0,0.04245390447379125
24519,-13.7,-6.0,0.020442820558692135
24520,-13.7,-5.0,0.006945782200873523
24521,-13.7,-4.0,0.015382241191354527
24522,-13.7,-3.0,0.030229247256277417
24523,-13.7,-2.0,0.014833917702631977
24524,-13.7,-1.0,0.004868002311173495
24525,-13.7,0.0,0.0006596620068658844
24526,-13.7,1.0,0.004177201809928818
24527,-13.7,2.0,0.010195907619713292
24528,-13.7,3.0,0.019728093423388816
24529,-13.7,4.0,0.009596077380060058
24530,-13.7,5.0,0.003381841694997293
24531,-13.7,6.0,0.0074623008042508775
24532,-13.7,7.0,0.014665279232108697
24533,-13.7,8.0,0.007255101796484262
24534,-13.7,9.0,0.006220259577452444
24535,-13.7,10.0,0.01182475160993525
24536,-13.7,11.0,0.005492866688852782
24537,-13.7,12.0,0.0016218057816503452
24538,-13.7,13.0,0.004289265112658465
24539,-13.7,14.0,0.008979294141672457
24540,-13.7,15.0,0.004218984716769199
24541,-13.7,16.0,0.003633524251328772
24542,-13.7,17.0,0.0073856273633004475
24543,-13.7,18.0,0.0032354808427852927
24544,-13.7,19.0,0.0007125271584824109
24545,-13.7,20.0,0.002563507670519498
24546,-13.7,21.0,0.005783358158411867
24547,-13.7,22.0,0.0025929470419324397
24548,-13.7,23.0,0.002254244476057583
24549,-13.7,24.0,0.0048735942841167754
24550,-13.7,25.0,0.002043965494147465
24551,-13.7,26.0,0.0003326102816297819
24552,-13.7,27.0,0.001655982327083712
24553,-13.7,28.0,0.003935279217757776
24554,-13.7,29.0,0.0017184121549437689
24555,-13.7,30.0,0.0015108017508930099
24556,-13.7,31.0,0.0033838961051682807
24557,-13.7,32.0,0.00139005259506141
24558,-13.7,33.0,0.00018781355432284847
24559,-13.7,34.0,0.0011486153510493243
24560,-13.7,35.0,0.002793019875399411
24561,-13.7,36.0,0.0011414767338650171
24562,-13.7,37.0,8.327028358647297e-05
24563,-13.7,38.0,6.032428528097271e-06
24564,-13.7,39.0,3.921082844653412e-06
24565,-13.7,40.0,2.952073236792829e-06
24566,-13.7,41.0,2.2116233055739994e-06
24567,-13.7,42.0,1.6480943338862902e-06
24568,-13.7,43.0,1.2216298154106671e-06
24569,-13.7,44.0,9.007073473987557e-07
24570,-13.7,45.0,6.605629541187053e-07
24571,-13.7,46.0,4.818713129692054e-07
24572,-13.7,47.0,3.4965055511899713e-07
24573,-13.7,48.0,2.5236180048803924e-07
24574,-13.7,49.0,1.81175397575181e-07
24575,-13.7,50.0,1.2937817266761392e-07
24576,-13.7,51.0,9.18986151319241e-08
24577,-13.7,52.0,6.492965118883055e-08
24578,-13.7,53.0,4.563134926733118e-08
24579,-13.7,54.0,3.189845737126926e-08
24580,-13.7,55.0,2.2180032309533124e-08
24581,-13.7,56.0,1.5340544928943626e-08
24582,-13.7,57.0,1.0553718719845055e-08
24583,-13.7,58.0,7.221981248293252e-09
24584,-13.7,59.0,4.915789859850427e-09
24585,-13.7,60.0,3.328253310659483e-09
24586,-13.7,61.0,2.241431884191899e-09
24587,-13.7,62.0,1.5014844094449455e-09
24588,-13.7,63.0,1.0004657307086545e-09
24589,-13.7,64.0,6.63085781463663e-10
24590,-13.7,65.0,4.3714279189341996e-10
24591,-13.7,66.0,2.866573195878367e-10
24592,-13.7,67.0,1.8697728845986553e-10
24593,-13.7,68.0,1.2131116870527106e-10
24594,-13.7,69.0,7.828865350850186e-11
24595,-13.7,70.0,5.025542709561339e-11
24596,-13.7,71.0,3.208878107243169e-11
24597,-13.7,72.0,2.038025341435149e-11
24598,-13.7,73.0,1.2875142575231005e-11
24599,-13.7,74.0,8.090597978269788e-12
24600,-13.6,-75.0,2.3555224404147238e-07
24601,-13.6,-74.0,3.2583917598138e-07
24602,-13.6,-73.0,4.4833790600623885e-07
24603,-13.6,-72.0,6.136118342051502e-07
24604,-13.6,-71.0,8.353492791874679e-07
24605,-13.6,-70.0,1.1311718399745132e-06
24606,-13.6,-69.0,1.523614774425474e-06
24607,-13.6,-68.0,2.0413048770464124e-06
24608,-13.6,-67.0,2.7203618674888567e-06
24609,-13.6,-66.0,3.6060487312066165e-06
24610,-13.6,-65.0,4.754694433983527e-06
24611,-13.6,-64.0,6.235908578476892e-06
24612,-13.6,-63.0,8.135101482242508e-06
24613,-13.6,-62.0,1.055631443538212e-05
24614,-13.6,-61.0,1.3625353176101744e-05
24615,-13.6,-60.0,1.7493202604468023e-05
24616,-13.6,-59.0,2.233968224587507e-05
24617,-13.6,-58.0,2.8377279936148612e-05
24618,-13.6,-57.0,3.58550757907062e-05
24619,-13.6,-56.0,4.506264015072147e-05
24620,-13.6,-55.0,5.633375857295603e-05
24621,-13.6,-54.0,7.004980507869457e-05
24622,-13.6,-53.0,8.664255318342237e-05
24623,-13.6,-52.0,0.00010659618442799135
24624,-13.6,-51.0,0.00013044822829077788
24625,-13.6,-50.0,0.0001587891478258028
24626,-13.6,-49.0,0.00019226027468793863
24627,-13.6,-48.0,0.00023154979908784424
24628,-13.6,-47.0,0.0002773900738980135
24629,-13.6,-46.0,0.0003324422049289512
24630,-13.6,-45.0,0.0005624636299248456
24631,-13.6,-44.0,0.0029920997467248176
24632,-13.6,-43.0,0.00694128089536213
24633,-13.6,-42.0,0.0059918160847566215
24634,-13.6,-41.0,0.007860908857253431
24635,-13.6,-40.0,0.003908011530402545
24636,-13.6,-39.0,0.004541468066762958
24637,-13.6,-38.0,0.009409350938455095
24638,-13.6,-37.0,0.004641922519402251
24639,-13.6,-36.0,0.0019440413532211226
24640,-13.6,-35.0,0.0059389116010580886
24641,-13.6,-34.0,0.01244273860850744
24642,-13.6,-33.0,0.006682437290535851
24643,-13.6,-32.0,0.007789869483723931
24644,-13.6,-31.0,0.015439402267350936
24645,-13.6,-30.0,0.008388220547841264
24646,-13.6,-29.0,0.009804913709594496
24647,-13.6,-28.0,0.019249847079589155
24648,-13.6,-27.0,0.009931526648692216
24649,-13.6,-26.0,0.00464803778728098
24650,-13.6,-25.0,0.012848307642437745
24651,-13.6,-24.0,0.026200622380509343
24652,-13.6,-23.0,0.014090120061433092
24653,-13.6,-22.0,0.016912142091322847
24654,-13.6,-21.0,0.03370392464439107
24655,-13.6,-20.0,0.016685881721941263
24656,-13.6,-19.0,0.0070548699481083055
24657,-13.6,-18.0,0.023597416291139286
24658,-13.6,-17.0,0.05057105504083207
24659,-13.6,-16.0,0.025915707305183715
24660,-13.6,-15.0,0.03829087058054759
24661,-13.6,-14.0,0.08317139517036752
24662,-13.6,-13.0,0.04361787502829793
24663,-13.6,-12.0,0.01026926102418888
24664,-13.6,-11.0,0.027421451756459356
24665,-13.6,-10.0,0.05807124786615099
24666,-13.6,-9.0,0.028173570013352703
24667,-13.6,-8.0,0.022332130039818765
24668,-13.6,-7.0,0.04263507535622263
24669,-13.6,-6.0,0.020514956626016965
24670,-13.6,-5.0,0.006951443605245329
24671,-13.6,-4.0,0.015418549905130615
24672,-13.6,-3.0,0.030319557785744085
24673,-13.6,-2.0,0.014874821814138108
24674,-13.6,-1.0,0.004877742213179918
24675,-13.6,0.0,0.0006563863467076184
24676,-13.6,1.0,0.004189707846662264
24677,-13.6,2.0,0.010223763705390593
24678,-13.6,3.0,0.01977894204134471
24679,-13.6,4.0,0.009624730769886
24680,-13.6,5.0,0.00339686467932505
24681,-13.6,6.0,0.007484224629571843
24682,-13.6,7.0,0.014699257982975259
24683,-13.6,8.0,0.0072765040877772165
24684,-13.6,9.0,0.006238340664899345
24685,-13.6,10.0,0.011849475857973166
24686,-13.6,11.0,0.005508878483892198
24687,-13.6,12.0,0.0016322321119807343
24688,-13.6,13.0,0.004301270247748133
24689,-13.6,14.0,0.00899464758250632
24690,-13.6,15.0,0.004229436827189045
24691,-13.6,16.0,0.0036421667325168858
24692,-13.6,17.0,0.007395779762545266
24693,-13.6,18.0,0.003242457039096984
24694,-13.6,19.0,0.0007173591377969837
24695,-13.6,20.0,0.0025682965895700433
24696,-13.6,21.0,0.005788595200253232
24697,-13.6,22.0,0.0025966868535026826
24698,-13.6,23.0,0.0022571356391585242
24699,-13.6,24.0,0.004876378035401767
24700,-13.6,25.0,0.002046058163144834
24701,-13.6,26.0,0.0003341838981745765
24702,-13.6,27.0,0.0016571472482814643
24703,-13.6,28.0,0.003936001125714747
24704,-13.6,29.0,0.0017191323514302186
24705,-13.6,30.0,0.0015112066235607523
24706,-13.6,31.0,0.003383711560513739
24707,-13.6,32.0,0.0013902134697318517
24708,-13.6,33.0,0.00018814736638109967
24709,-13.6,34.0,0.0011484761328911014
24710,-13.6,35.0,0.0027921648731657716
24711,-13.6,36.0,0.0011412212766609068
24712,-13.6,37.0,8.33912964900118e-05
24713,-13.6,38.0,6.150098633464696e-06
24714,-13.6,39.0,4.0125742908366755e-06
24715,-13.6,40.0,3.022592248983737e-06
24716,-13.6,41.0,2.2656608776490424e-06
24717,-13.6,42.0,1.6892624993999934e-06
24718,-13.6,43.0,1.252812389687128e-06
24719,-13.6,44.0,9.241904443494824e-07
24720,-13.6,45.0,6.781462167887686e-07
24721,-13.6,46.0,4.94961671643476e-07
24722,-13.6,47.0,3.593404377923335e-07
24723,-13.6,48.0,2.5949372773959404e-07
24724,-13.6,49.0,1.863948251540419e-07
24725,-13.6,50.0,1.3317632409123242e-07
24726,-13.6,51.0,9.464689296864674e-08
24727,-13.6,52.0,6.690704514530573e-08
24728,-13.6,53.0,4.7046083787981536e-08
24729,-13.6,54.0,3.2904950008718014e-08
24730,-13.6,55.0,2.2892072720358072e-08
24731,-13.6,56.0,1.5841456810199662e-08
24732,-13.6,57.0,1.0904135366876687e-08
24733,-13.6,58.0,7.465750369751828e-09
24734,-13.6,59.0,5.084424541311513e-09
24735,-13.6,60.0,3.444262621727722e-09
24736,-13.6,61.0,2.3207952153412513e-09
24737,-13.6,62.0,1.5554766325289982e-09
24738,-13.6,63.0,1.0369940642178453e-09
24739,-13.6,64.0,6.876622088668719e-10
24740,-13.6,65.0,4.5358653455035434e-10
24741,-13.6,66.0,2.975988554291839e-10
24742,-13.6,67.0,1.942175483011264e-10
24743,-13.6,68.0,1.2607581553253876e-10
24744,-13.6,69.0,8.140689912237595e-11
24745,-13.6,70.0,5.2284955902843466e-11
24746,-13.6,71.0,3.340245498460496e-11
24747,-13.6,72.0,2.1225901094297946e-11
24748,-13.6,73.0,1.3416523404658092e-11
24749,-13.6,74.0,8.435288806181184e-12
24750,-13.5,-75.0,2.3097619065003645e-07
24751,-13.5,-74.0,3.1967940377215097e-07
24752,-13.5,-73.0,4.4009679527178e-07
24753,-13.5,-72.0,6.026537498018034e-07
24754,-13.5,-71.0,8.208685705738058e-07
24755,-13.5,-70.0,1.11215546376859e-06
24756,-13.5,-69.0,1.4987992922936779e-06
24757,-13.5,-68.0,2.0091278160716057e-06
24758,-13.5,-67.0,2.678907764733249e-06
24759,-13.5,-66.0,3.5529906378996963e-06
24760,-13.5,-65.0,4.687232245771289e-06
24761,-13.5,-64.0,6.1507063022301766e-06
24762,-13.5,-63.0,8.028226458411399e-06
24763,-13.5,-62.0,1.0423182612383148e-05
24764,-13.5,-61.0,1.346068577480879e-05
24765,-13.5,-60.0,1.729100089918771e-05
24766,-13.5,-59.0,2.209322869046662e-05
24767,-13.5,-58.0,2.8079175429273955e-05
24768,-13.5,-57.0,3.549732443118606e-05
24769,-13.5,-56.0,4.4636794289309236e-05
24770,-13.5,-55.0,5.583113820498882e-05
24771,-13.5,-54.0,6.946180650655645e-05
24772,-13.5,-53.0,8.596106225434229e-05
24773,-13.5,-52.0,0.00010581410935487336
24774,-13.5,-51.0,0.00012956016592054342
24775,-13.5,-50.0,0.00015779219506596178
24776,-13.5,-49.0,0.0001911549934911048
24777,-13.5,-48.0,0.00023034133882016735
24778,-13.5,-47.0,0.00027608947575367396
24779,-13.5,-46.0,0.0003310821614334817
24780,-13.5,-45.0,0.0005623325259518301
24781,-13.5,-44.0,0.003009791977632002
24782,-13.5,-43.0,0.006988227823718263
24783,-13.5,-42.0,0.006030587915639047
24784,-13.5,-41.0,0.00791256504267097
24785,-13.5,-40.0,0.003929781070840829
24786,-13.5,-39.0,0.004566532598935509
24787,-13.5,-38.0,0.00946859504024024
24788,-13.5,-37.0,0.004666810594366773
24789,-13.5,-36.0,0.0019492753417355252
24790,-13.5,-35.0,0.005970603697812895
24791,-13.5,-34.0,0.012517875228731467
24792,-13.5,-33.0,0.006719129358074414
24793,-13.5,-32.0,0.00783221121411771
24794,-13.5,-31.0,0.015530098937866162
24795,-13.5,-30.0,0.008435446809484954
24796,-13.5,-29.0,0.009858791029982173
24797,-13.5,-28.0,0.019358972772090196
24798,-13.5,-27.0,0.009989136654060463
24799,-13.5,-26.0,0.004676832907921426
24800,-13.5,-25.0,0.012917562053532193
24801,-13.5,-24.0,0.026335147866085238
24802,-13.5,-23.0,0.014169868659123992
24803,-13.5,-22.0,0.016994767426050165
24804,-13.5,-21.0,0.033847483773615954
24805,-13.5,-20.0,0.016774066669017776
24806,-13.5,-19.0,0.0071090969529060445
24807,-13.5,-18.0,0.023652900699698616
24808,-13.5,-17.0,0.05062989510070017
24809,-13.5,-16.0,0.025944093947999083
24810,-13.5,-15.0,0.037841408747511004
24811,-13.5,-14.0,0.08197340730226343
24812,-13.5,-13.0,0.0423065887725333
24813,-13.5,-12.0,0.010164998159483052
24814,-13.5,-11.0,0.02755652290635355
24815,-13.5,-10.0,0.05844566242903727
24816,-13.5,-9.0,0.02832182458095544
24817,-13.5,-8.0,0.022401014154460778
24818,-13.5,-7.0,0.04280179430781643
24819,-13.5,-6.0,0.02057975702685692
24820,-13.5,-5.0,0.006954118030236134
24821,-13.5,-4.0,0.01544876082807702
24822,-13.5,-3.0,0.030398360616470523
24823,-13.5,-2.0,0.014909881040667556
24824,-13.5,-1.0,0.004885315542164718
24825,-13.5,0.0,0.0006528613894399246
24826,-13.5,1.0,0.004200352141893743
24827,-13.5,2.0,0.010247466793407777
24828,-13.5,3.0,0.019821992898803986
24829,-13.5,4.0,0.009649524805175448
24830,-13.5,5.0,0.0034104498113879745
24831,-13.5,6.0,0.0075031342102828595
24832,-13.5,7.0,0.014727424851265993
24833,-13.5,8.0,0.007295014437839379
24834,-13.5,9.0,0.006253940744488701
24835,-13.5,10.0,0.011869522371540328
24836,-13.5,11.0,0.0055227212316105116
24837,-13.5,12.0,0.0016420252040750714
24838,-13.5,13.0,0.004311589947390224
24839,-13.5,14.0,0.00900645888984148
24840,-13.5,15.0,0.004238240403772725
24841,-13.5,16.0,0.003649392280606932
24842,-13.5,17.0,0.007403020629843571
24843,-13.5,18.0,0.0032481758203749948
24844,-13.5,19.0,0.0007219387495507513
24845,-13.5,20.0,0.002572091383626269
24846,-13.5,21.0,0.0057915482045674295
24847,-13.5,22.0,0.002599416664479357
24848,-13.5,23.0,0.0022591488936617513
24849,-13.5,24.0,0.004877231355021339
24850,-13.5,25.0,0.0020473521742351286
24851,-13.5,26.0,0.0003356425639716798
24852,-13.5,27.0,0.0016576634887463066
24853,-13.5,28.0,0.00393515681201344
24854,-13.5,29.0,0.0017191746005027814
24855,-13.5,30.0,0.0015110147605816567
24856,-13.5,31.0,0.0033821756659406913
24857,-13.5,32.0,0.0013898230436108561
24858,-13.5,33.0,0.0001884119279303772
24859,-13.5,34.0,0.0011478800369813156
24860,-13.5,35.0,0.002790190492137961
24861,-13.5,36.0,0.0011405100751234259
24862,-13.5,37.0,8.348164290334937e-05
24863,-13.5,38.0,6.267624720414795e-06
24864,-13.5,39.0,4.104313350088294e-06
24865,-13.5,40.0,3.093372713659596e-06
24866,-13.5,41.0,2.319951471346974e-06
24867,-13.5,42.0,1.730662810669654e-06
24868,-13.5,43.0,1.2842001017077218e-06
24869,-13.5,44.0,9.478497185742392e-07
24870,-13.5,45.0,6.958773729036847e-07
24871,-13.5,46.0,5.081738453022776e-07
24872,-13.5,47.0,3.6912903259947863e-07
24873,-13.5,48.0,2.667045062849128e-07
24874,-13.5,49.0,1.9167643339297843e-07
24875,-13.5,50.0,1.3702293775924016e-07
24876,-13.5,51.0,9.74325338363511e-08
24877,-13.5,52.0,6.891295471556795e-08
24878,-13.5,53.0,4.8482374854269425e-08
24879,-13.5,54.0,3.392759146809006e-08
24880,-13.5,55.0,2.3616106539172683e-08
24881,-13.5,56.0,1.6351202174372846e-08
24882,-13.5,57.0,1.1261006097158153e-08
24883,-13.5,58.0,7.7141985472104e-09
24884,-13.5,59.0,5.256425860107592e-09
24885,-13.5,60.0,3.5626764624152995e-09
24886,-13.5,61.0,2.4018635720106323e-09
24887,-13.5,62.0,1.6106693535124614e-09
24888,-13.5,63.0,1.0743618139416335e-09
24889,-13.5,64.0,7.128215822269345e-10
24890,-13.5,65.0,4.7043239987536e-10
24891,-13.5,66.0,3.088159460514982e-10
24892,-13.5,67.0,2.0164539930549417e-10
24893,-13.5,68.0,1.3096734561518035e-10
24894,-13.5,69.0,8.461041807131402e-11
24895,-13.5,70.0,5.437143107954759e-11
24896,-13.5,71.0,3.475391979580006e-11
24897,-13.5,72.0,2.2096471713936758e-11
24898,-13.5,73.0,1.3974239372102824e-11
24899,-13.5,74.0,8.790620497028613e-12
24900,-13.4,-75.0,2.2633989756760898e-07
24901,-13.4,-74.0,3.1342955515225374e-07
24902,-13.4,-73.0,4.3172270060457946e-07
24903,-13.4,-72.0,5.915016104438403e-07
24904,-13.4,-71.0,8.061077289853113e-07
24905,-13.4,-70.0,1.0927387562829201e-06
24906,-13.4,-69.0,1.4734171322819955e-06
24907,-13.4,-68.0,1.9761558469828407e-06
24908,-13.4,-67.0,2.636348234313286e-06
24909,-13.4,-66.0,3.4984080757347664e-06
24910,-13.4,-65.0,4.617684595542479e-06
24911,-13.4,-64.0,6.062673385097536e-06
24912,-13.4,-63.0,7.917538538177605e-06
24913,-13.4,-62.0,1.028495290355447e-05
24914,-13.4,-61.0,1.328925197929995e-05
24915,-13.4,-60.0,1.707988226203083e-05
24916,-13.4,-59.0,2.18351066001373e-05
24917,-13.4,-58.0,2.776590720669762e-05
24918,-13.4,-57.0,3.512000158509045e-05
24919,-13.4,-56.0,4.418585807396132e-05
24920,-13.4,-55.0,5.529656668615372e-05
24921,-13.4,-54.0,6.883338838738293e-05
24922,-13.4,-53.0,8.522877328023477e-05
24923,-13.4,-52.0,0.00010496860703652358
24924,-13.4,-51.0,0.00012859341741174897
24925,-13.4,-50.0,0.00015669825113559424
24926,-13.4,-49.0,0.0001899309184802798
24927,-13.4,-48.0,0.00022898830215787154
24928,-13.4,-47.0,0.0002746140297299989
24929,-13.4,-46.0,0.0003295109417526676
24930,-13.4,-45.0,0.0005618566530243957
24931,-13.4,-44.0,0.003025795651600344
24932,-13.4,-43.0,0.00703130567701373
24933,-13.4,-42.0,0.006065997914902313
24934,-13.4,-41.0,0.007959814010084647
24935,-13.4,-40.0,0.003949307578059104
24936,-13.4,-39.0,0.004588983640714249
24937,-13.4,-38.0,0.009522516870303555
24938,-13.4,-37.0,0.00468899753695081
24939,-13.4,-36.0,0.001953282973758443
24940,-13.4,-35.0,0.005998830703057177
24941,-13.4,-34.0,0.012585913618988323
24942,-13.4,-33.0,0.006751909368802434
24943,-13.4,-32.0,0.007870000865595594
24944,-13.4,-31.0,0.015611962256501088
24945,-13.4,-30.0,0.008477761997827309
24946,-13.4,-29.0,0.009906952215455216
24947,-13.4,-28.0,0.019457098234150857
24948,-13.4,-27.0,0.010040954599941814
24949,-13.4,-26.0,0.004702794910446259
24950,-13.4,-25.0,0.012979428191842817
24951,-13.4,-24.0,0.02645486658245522
24952,-13.4,-23.0,0.014241582260663375
24953,-13.4,-22.0,0.01706793282749159
24954,-13.4,-21.0,0.033972453927656715
24955,-13.4,-20.0,0.01685299405495542
24956,-13.4,-19.0,0.007159479917126942
24957,-13.4,-18.0,0.023697094735171807
24958,-13.4,-17.0,0.05066522780970076
24959,-13.4,-16.0,0.025965247856719192
24960,-13.4,-15.0,0.03744834195862974
24961,-13.4,-14.0,0.08091944437768245
24962,-13.4,-13.0,0.04110533051599498
24963,-13.4,-12.0,0.010065964370712058
24964,-13.4,-11.0,0.027687114807162662
24965,-13.4,-10.0,0.05881206713246207
24966,-13.4,-9.0,0.02846531144949116
24967,-13.4,-8.0,0.022464109591583688
24968,-13.4,-7.0,0.04295782858759316
24969,-13.4,-6.0,0.02063904441594002
24970,-13.4,-5.0,0.006954434398860646
24971,-13.4,-4.0,0.015474243792766131
24972,-13.4,-3.0,0.03046833239382202
24973,-13.4,-2.0,0.014940410239569449
24974,-13.4,-1.0,0.004891154835413607
24975,-13.4,0.0,0.0006491500098556957
24976,-13.4,1.0,0.004209500731208074
24977,-13.4,2.0,0.010267915940835879
24978,-13.4,3.0,0.019858990626610756
24979,-13.4,4.0,0.009671303275620059
24980,-13.4,5.0,0.0034228883773912205
24981,-13.4,6.0,0.007519685235570178
24982,-13.4,7.0,0.014751078976898238
24983,-13.4,8.0,0.007311270461284745
24984,-13.4,9.0,0.006267606503776298
24985,-13.4,10.0,0.011885940935032275
24986,-13.4,11.0,0.005534877792340318
24987,-13.4,12.0,0.0016513216102815417
24988,-13.4,13.0,0.004320601701589833
24989,-13.4,14.0,0.009015528543592038
24990,-13.4,15.0,0.00424576828716465
24991,-13.4,16.0,0.003655522345181751
24992,-13.4,17.0,0.007408010856079304
24993,-13.4,18.0,0.0032529242482051334
24994,-13.4,19.0,0.0007263260185702354
24995,-13.4,20.0,0.0025751202621923275
24996,-13.4,21.0,0.005792737394774961
24997,-13.4,22.0,0.002601368436747168
24998,-13.4,23.0,0.002260486264648301
24999,-13.4,24.0,0.004876594226680004
25000,-13.4,25.0,0.0020480312454306793
25001,-13.4,26.0,0.00033701510346038243
25002,-13.4,27.0,0.0016576804140762864
25003,-13.4,28.0,0.003933103002538822
25004,-13.4,29.0,0.0017186943484483166
25005,-13.4,30.0,0.0015103630458753918
25006,-13.4,31.0,0.0033795959093277056
25007,-13.4,32.0,0.0013890074504181577
25008,-13.4,33.0,0.00018862405060420074
25009,-13.4,34.0,0.0011469315389824747
25010,-13.4,35.0,0.0027873511622365115
25011,-13.4,36.0,0.0011394470493667035
25012,-13.4,37.0,8.354881095469442e-05
25013,-13.4,38.0,6.385479367857504e-06
25014,-13.4,39.0,4.196599703698104e-06
25015,-13.4,40.0,3.164640952189908e-06
25016,-13.4,41.0,2.37466527012705e-06
25017,-13.4,42.0,1.7724226262990055e-06
25018,-13.4,43.0,1.3158878066341723e-06
25019,-13.4,44.0,9.717554801618183e-07
25020,-13.4,45.0,7.138082905419079e-07
25021,-13.4,46.0,5.21545915082637e-07
25022,-13.4,47.0,3.790441653522203e-07
25023,-13.4,48.0,2.740143716484568e-07
25024,-13.4,49.0,1.9703486798103587e-07
25025,-13.4,50.0,1.4092856320989125e-07
25026,-13.4,51.0,1.0026310056797426e-07
25027,-13.4,52.0,7.095277577158533e-08
25028,-13.4,53.0,4.9944053915218154e-08
25029,-13.4,54.0,3.496908936199789e-08
25030,-13.4,55.0,2.43540380398884e-08
25031,-13.4,56.0,1.687111389412875e-08
25032,-13.4,57.0,1.1625259365588285e-08
25033,-13.4,58.0,7.96796941922143e-09
25034,-13.4,59.0,5.432237862486881e-09
25035,-13.4,60.0,3.683799702786977e-09
25036,-13.4,61.0,2.4848452579006426e-09
25037,-13.4,62.0,1.6672042071182702e-09
25038,-13.4,63.0,1.112664815666655e-09
25039,-13.4,64.0,7.386284320924924e-10
25040,-13.4,65.0,4.877236269961307e-10
25041,-13.4,66.0,3.2033742224115776e-10
25042,-13.4,67.0,2.092799707246687e-10
25043,-13.4,68.0,1.3599838871659636e-10
25044,-13.4,69.0,8.790750775294695e-11
25045,-13.4,70.0,5.6520276775714605e-11
25046,-13.4,71.0,3.614670374644755e-11
25047,-13.4,72.0,2.299424884637478e-11
25048,-13.4,73.0,1.4549761080736193e-11
25049,-13.4,74.0,9.157535360135502e-12
25050,-13.3,-75.0,2.216804538190233e-07
25051,-13.3,-74.0,3.0714087868535023e-07
25052,-13.3,-73.0,4.2328604466065216e-07
25053,-13.3,-72.0,5.802516525354834e-07
25054,-13.3,-71.0,7.911975413946934e-07
25055,-13.3,-70.0,1.073098479756919e-06
25056,-13.3,-69.0,1.4477058778361657e-06
25057,-13.3,-68.0,1.9427065447555153e-06
25058,-13.3,-67.0,2.5931054405270176e-06
25059,-13.3,-66.0,3.4428591595458156e-06
25060,-13.3,-65.0,4.546785277280838e-06
25061,-13.3,-64.0,5.972769304853203e-06
25062,-13.3,-63.0,7.804285413990583e-06
25063,-13.3,-62.0,1.0143238900737976e-05
25064,-13.3,-61.0,1.3113127157037263e-05
25065,-13.3,-60.0,1.6862501378919585e-05
25066,-13.3,-59.0,2.1568693120456427e-05
25067,-13.3,-58.0,2.7441748009486688e-05
25068,-13.3,-57.0,3.472848357362459e-05
25069,-13.3,-56.0,4.3716559526182344e-05
25070,-13.3,-55.0,5.473841766585484e-05
25071,-13.3,-54.0,6.817491571726792e-05
25072,-13.3,-53.0,8.445844630676633e-05
25073,-13.3,-52.0,0.00010407530052235325
25074,-13.3,-51.0,0.00012756700719551795
25075,-13.3,-50.0,0.00015553035652317017
25076,-13.3,-49.0,0.00018861580251159577
25077,-13.3,-48.0,0.00022752393679996774
25078,-13.3,-47.0,0.00027300335087819544
25079,-13.3,-46.0,0.0003277757302602104
25080,-13.3,-45.0,0.0005611127083177909
25081,-13.3,-44.0,0.0030404923338232695
25082,-13.3,-43.0,0.00707139114857584
25083,-13.3,-42.0,0.006098805278287798
25084,-13.3,-41.0,0.00800365055429326
25085,-13.3,-40.0,0.003967091079469822
25086,-13.3,-39.0,0.004609402445310593
25087,-13.3,-38.0,0.00957231036688797
25088,-13.3,-37.0,0.004709078249262018
25089,-13.3,-36.0,0.0019563203563474885
25090,-13.3,-35.0,0.0060243535015088645
25091,-13.3,-34.0,0.012648436042662931
25092,-13.3,-33.0,0.006781631586929044
25093,-13.3,-32.0,0.007904234558860669
25094,-13.3,-31.0,0.01568695789067608
25095,-13.3,-30.0,0.008516235837848838
25096,-13.3,-29.0,0.00995064907548738
25097,-13.3,-28.0,0.019546678036691714
25098,-13.3,-27.0,0.010088243437897949
25099,-13.3,-26.0,0.004726510256616359
25100,-13.3,-25.0,0.013035545559794793
25101,-13.3,-24.0,0.02656313389713961
25102,-13.3,-23.0,0.01430705280938823
25103,-13.3,-22.0,0.017133802363879336
25104,-13.3,-21.0,0.03408317804643495
25105,-13.3,-20.0,0.016924789255104555
25106,-13.3,-19.0,0.0072068862172927255
25107,-13.3,-18.0,0.02373299975446551
25108,-13.3,-17.0,0.05068352454904999
25109,-13.3,-16.0,0.025981236610552808
25110,-13.3,-15.0,0.037098423166275034
25111,-13.3,-14.0,0.07997565853674977
25112,-13.3,-13.0,0.039990668288296415
25113,-13.3,-12.0,0.009971011269325957
25114,-13.3,-11.0,0.027814823907546107
25115,-13.3,-10.0,0.059173882249686144
25116,-13.3,-9.0,0.02860567991689855
25117,-13.3,-8.0,0.022522642900682684
25118,-13.3,-7.0,0.04310548120903887
25119,-13.3,-6.0,0.020693933399789834
25120,-13.3,-5.0,0.006952777353055648
25121,-13.3,-4.0,0.015495831973349418
25122,-13.3,-3.0,0.030531098598661374
25123,-13.3,-2.0,0.014967207985146168
25124,-13.3,-1.0,0.004895522754710544
25125,-13.3,0.0,0.0006452909756936048
25126,-13.3,1.0,0.004217374784876457
25127,-13.3,2.0,0.010285655387801095
25128,-13.3,3.0,0.019890992262970766
25129,-13.3,4.0,0.009690576480441474
25130,-13.3,5.0,0.0034343553383156524
25131,-13.3,6.0,0.007534273983919496
25132,-13.3,7.0,0.01477100750967646
25133,-13.3,8.0,0.007325657518433501
25134,-13.3,9.0,0.006279668294736955
25135,-13.3,10.0,0.011899367895834675
25136,-13.3,11.0,0.005545639961501343
25137,-13.3,12.0,0.001660202706858803
25138,-13.3,13.0,0.004328533674835059
25139,-13.3,14.0,0.00902234229852054
25140,-13.3,15.0,0.004252246126193326
25141,-13.3,16.0,0.003660751524785204
25142,-13.3,17.0,0.0074111519156469866
25143,-13.3,18.0,0.0032568762646258214
25144,-13.3,19.0,0.0007305567409432676
25145,-13.3,20.0,0.002577521642796271
25146,-13.3,21.0,0.005792479266652421
25147,-13.3,22.0,0.002602683074514139
25148,-13.3,23.0,0.002261270534452614
25149,-13.3,24.0,0.004874734605512877
25150,-13.3,25.0,0.002048207132503386
25151,-13.3,26.0,0.00033831887791794396
25152,-13.3,27.0,0.001657288973642271
25153,-13.3,28.0,0.003930057192179384
25154,-13.3,29.0,0.0017177863236339818
25155,-13.3,30.0,0.0015093349320619439
25156,-13.3,31.0,0.0033761598859094887
25157,-13.3,32.0,0.0013878436202051617
25158,-13.3,33.0,0.00018879395888520177
25159,-13.3,34.0,0.0011456943993264116
25160,-13.3,35.0,0.002783802207378971
25161,-13.3,36.0,0.0011380956342018815
25162,-13.3,37.0,8.359736249179357e-05
25163,-13.3,38.0,6.503944256995274e-06
25164,-13.3,39.0,4.28961182134374e-06
25165,-13.3,40.0,3.2365323217996225e-06
25166,-13.3,41.0,2.429904526151537e-06
25167,-13.3,42.0,1.8146188457704423e-06
25168,-13.3,43.0,1.3479330794587533e-06
25169,-13.3,44.0,9.959506434725606e-07
25170,-13.3,45.0,7.319708136848476e-07
25171,-13.3,46.0,5.351014046337797e-07
25172,-13.3,47.0,3.8910313542085007e-07
25173,-13.3,48.0,2.8143598864526034e-07
25174,-13.3,49.0,2.0247935897000116e-07
25175,-13.3,50.0,1.448998968073306e-07
25176,-13.3,51.0,1.0314342926859311e-07
25177,-13.3,52.0,7.302998499958633e-08
25178,-13.3,53.0,5.143360890598464e-08
25179,-13.3,54.0,3.603121586498805e-08
25180,-13.3,55.0,2.5107123707674227e-08
25181,-13.3,56.0,1.740207867777461e-08
25182,-13.3,57.0,1.199751799632501e-08
25183,-13.3,58.0,8.227498397189493e-09
25184,-13.3,59.0,5.612163499184644e-09
25185,-13.3,60.0,3.807842125748792e-09
25186,-13.3,61.0,2.569884844274124e-09
25187,-13.3,62.0,1.7251803439860724e-09
25188,-13.3,63.0,1.1519707397754305e-09
25189,-13.3,64.0,7.651287183851261e-10
25190,-13.3,65.0,5.054912776366551e-10
25191,-13.3,66.0,3.3218417338650467e-10
25192,-13.3,67.0,2.1713524130576002e-10
25193,-13.3,68.0,1.4117825252523464e-10
25194,-13.3,69.0,9.130433462093974e-11
25195,-13.3,70.0,5.873555778429847e-11
25196,-13.3,71.0,3.758347271475019e-11
25197,-13.3,72.0,2.392097201802959e-11
25198,-13.3,73.0,1.5144217808607775e-11
25199,-13.3,74.0,9.536762753115822e-12
25200,-13.2,-75.0,2.1702258208006988e-07
25201,-13.2,-74.0,3.008475894801887e-07
25202,-13.2,-73.0,4.148339132828767e-07
25203,-13.2,-72.0,5.689683101893678e-07
25204,-13.2,-71.0,7.762256871745255e-07
25205,-13.2,-70.0,1.053353276064589e-06
25206,-13.2,-69.0,1.4218251684577829e-06
25207,-13.2,-68.0,1.908993512350309e-06
25208,-13.2,-67.0,2.5494635947002216e-06
25209,-13.2,-66.0,3.3867199390840995e-06
25210,-13.2,-65.0,4.475029081760418e-06
25211,-13.2,-64.0,5.8816414615688446e-06
25212,-13.2,-63.0,7.689309452597772e-06
25213,-13.2,-62.0,9.99913056110075e-06
25214,-13.2,-61.0,1.293371379806988e-05
25215,-13.2,-60.0,1.6640652878760704e-05
25216,-13.2,-59.0,2.1296271937474225e-05
25217,-13.2,-58.0,2.7109587767861008e-05
25218,-13.2,-57.0,3.432640728434706e-05
25219,-13.2,-56.0,4.323345026912706e-05
25220,-13.2,-55.0,5.4162356131931766e-05
25221,-13.2,-54.0,6.749340030870826e-05
25222,-13.2,-53.0,8.365871236387114e-05
25223,-13.2,-52.0,0.00010314475551497781
25224,-13.2,-51.0,0.0001264937982052381
25225,-13.2,-50.0,0.00015430408486473313
25226,-13.2,-49.0,0.00018722839772833652
25227,-13.2,-48.0,0.00022597069837815018
25228,-13.2,-47.0,0.00027128418283864326
25229,-13.2,-46.0,0.00032590836117378925
25230,-13.2,-45.0,0.0005601521715744623
25231,-13.2,-44.0,0.0030541357333107796
25232,-13.2,-43.0,0.007109066338067023
25233,-13.2,-42.0,0.006129514323669426
25234,-13.2,-41.0,0.008044735362493243
25235,-13.2,-40.0,0.003983464215777799
25236,-13.2,-39.0,0.004628175679228276
25237,-13.2,-38.0,0.009618768726424696
25238,-13.2,-37.0,0.004727448550220616
25239,-13.2,-36.0,0.0019585585753937053
25240,-13.2,-35.0,0.00604767823685271
25241,-13.2,-34.0,0.012706493816088807
25242,-13.2,-33.0,0.006808864045215899
25243,-13.2,-32.0,0.007935574573413604
25244,-13.2,-31.0,0.01575639183610897
25245,-13.2,-30.0,0.008551579177357767
25246,-13.2,-29.0,0.009990713400568957
25247,-13.2,-28.0,0.019629342824071104
25248,-13.2,-27.0,0.01013184176777428
25249,-13.2,-26.0,0.004748367744406995
25250,-13.2,-25.0,0.013087002580660383
25251,-13.2,-24.0,0.026662178424753102
25252,-13.2,-23.0,0.014367469123344639
25253,-13.2,-22.0,0.01719381127856835
25254,-13.2,-21.0,0.034182538576356475
25255,-13.2,-20.0,0.01699086078370327
25256,-13.2,-19.0,0.007251886485151804
25257,-13.2,-18.0,0.023762582247426157
25258,-13.2,-17.0,0.05068902333503436
25259,-13.2,-16.0,0.02599340821536118
25260,-13.2,-15.0,0.03678288445133779
25261,-13.2,-14.0,0.07911965520470937
25262,-13.2,-13.0,0.038946847818716296
25263,-13.2,-12.0,0.009879370985297014
25264,-13.2,-11.0,0.027940772162048117
25265,-13.2,-10.0,0.059533525280689156
25266,-13.2,-9.0,0.0287440861683705
25267,-13.2,-8.0,0.022577435152005536
25268,-13.2,-7.0,0.04324628437337182
25269,-13.2,-6.0,0.020745165714834445
25270,-13.2,-5.0,0.00694940271130455
25271,-13.2,-4.0,0.015514075547377486
25272,-13.2,-3.0,0.03058773044769316
25273,-13.2,-2.0,0.014990800653909645
25274,-13.2,-1.0,0.0048985924442877405
25275,-13.2,0.0,0.0006413102814132948
25276,-13.2,1.0,0.004224119177517364
25277,-13.2,2.0,0.010301042308989868
25278,-13.2,3.0,0.019918692201905158
25279,-13.2,4.0,0.009707678902004314
25280,-13.2,5.0,0.0034449644132030434
25281,-13.2,6.0,0.0075471599667903755
25282,-13.2,7.0,0.014787727519365827
25283,-13.2,8.0,0.007338427958968905
25284,-13.2,9.0,0.00629034239384703
25285,-13.2,10.0,0.011910221471251394
25286,-13.2,11.0,0.005555198774784929
25287,-13.2,12.0,0.0016687208300940268
25288,-13.2,13.0,0.004335535272999743
25289,-13.2,14.0,0.009027219815519145
25290,-13.2,15.0,0.004257821917681768
25291,-13.2,16.0,0.003665207491291495
25292,-13.2,17.0,0.0074127083493957914
25293,-13.2,18.0,0.0032601461201967347
25294,-13.2,19.0,0.0007346539519534446
25295,-13.2,20.0,0.0025793865520634326
25296,-13.2,21.0,0.0057909827502983825
25297,-13.2,22.0,0.0026034534134145434
25298,-13.2,23.0,0.002261582649900831
25299,-13.2,24.0,0.004871829602770329
25300,-13.2,25.0,0.0020479535950727176
25301,-13.2,26.0,0.0003395652029503863
25302,-13.2,27.0,0.0016565492680902835
25303,-13.2,28.0,0.00392616333850191
25304,-13.2,29.0,0.0017165131871345269
25305,-13.2,30.0,0.0015079856506818095
25306,-13.2,31.0,0.00337199186087705
25307,-13.2,32.0,0.0013863824936137196
25308,-13.2,33.0,0.00018892839929920212
25309,-13.2,34.0,0.0011442108703093356
25310,-13.2,35.0,0.0027796465955750344
25311,-13.2,36.0,0.0011364978771999006
25312,-13.2,37.0,8.363031410729914e-05
25313,-13.2,38.0,6.623200745925203e-06
25314,-13.2,39.0,4.383464545331458e-06
25315,-13.2,40.0,3.309134439320143e-06
25316,-13.2,41.0,2.4857358474058002e-06
25317,-13.2,42.0,1.8573018990785206e-06
25318,-13.2,43.0,1.3803739448618275e-06
25319,-13.2,44.0,1.0204637610330402e-06
25320,-13.2,45.0,7.503862930427519e-07
25321,-13.2,46.0,5.488562123682918e-07
25322,-13.2,47.0,3.9931773113392605e-07
25323,-13.2,48.0,2.889780606931001e-07
25324,-13.2,49.0,2.080163044089948e-07
25325,-13.2,50.0,1.489416213510612e-07
25326,-13.2,51.0,1.0607693220691001e-07
25327,-13.2,52.0,7.514705776568443e-08
25328,-13.2,53.0,5.2952827436563784e-08
25329,-13.2,54.0,3.711525603173545e-08
25330,-13.2,55.0,2.587628306915414e-08
25331,-13.2,56.0,1.794475143193321e-08
25332,-13.2,57.0,1.2378246232607621e-08
25333,-13.2,58.0,8.493113004307263e-09
25334,-13.2,59.0,5.7964327281363244e-09
25335,-13.2,60.0,3.9349644049948e-09
25336,-13.2,61.0,2.6570940462583345e-09
25337,-13.2,62.0,1.784675055573498e-09
25338,-13.2,63.0,1.1923327953208254e-09
25339,-13.2,64.0,7.923588877073968e-10
25340,-13.2,65.0,5.237601905521332e-10
25341,-13.2,66.0,3.443730412842263e-10
25342,-13.2,67.0,2.2522257209161833e-10
25343,-13.2,68.0,1.4651456143511265e-10
25344,-13.2,69.0,9.480598889806657e-11
25345,-13.2,70.0,6.102065475615043e-11
25346,-13.2,71.0,3.9066460192874724e-11
25347,-13.2,72.0,2.4878109067774646e-11
25348,-13.2,73.0,1.5758569115737305e-11
25349,-13.2,74.0,9.928926635429704e-12
25350,-13.1,-75.0,2.1238368536905255e-07
25351,-13.1,-74.0,2.945738233616362e-07
25352,-13.1,-73.0,4.0639958722086963e-07
25353,-13.1,-72.0,5.576972104733265e-07
25354,-13.1,-71.0,7.612543613151018e-07
25355,-13.1,-70.0,1.0335874391326689e-06
25356,-13.1,-69.0,1.3958885966453942e-06
25357,-13.1,-68.0,1.875168951559831e-06
25358,-13.1,-67.0,2.505625470112045e-06
25359,-13.1,-66.0,3.330259027000437e-06
25360,-13.1,-65.0,4.402769819535414e-06
25361,-13.1,-64.0,5.7897532459993775e-06
25362,-13.1,-63.0,7.573214129679383e-06
25363,-13.1,-62.0,9.85340935314269e-06
25364,-13.1,-61.0,1.2752018152321862e-05
25365,-13.1,-60.0,1.6415625148261192e-05
25366,-13.1,-59.0,2.101948339865066e-05
25367,-13.1,-58.0,2.6771503201628344e-05
25368,-13.1,-57.0,3.391638713847852e-05
25369,-13.1,-56.0,4.273980319684551e-05
25370,-13.1,-55.0,5.35724563578883e-05
25371,-13.1,-54.0,6.679388567727861e-05
25372,-13.1,-53.0,8.283577992198802e-05
25373,-13.1,-52.0,0.00010218457190005514
25374,-13.1,-51.0,0.00012538304176376323
25375,-13.1,-50.0,0.00015303063513175905
25376,-13.1,-49.0,0.00018578218547451363
25377,-13.1,-48.0,0.00022434472573112753
25378,-13.1,-47.0,0.0002694757389770793
25379,-13.1,-46.0,0.00032393169294372905
25380,-13.1,-45.0,0.0005590118167038001
25381,-13.1,-44.0,0.0030669053291450693
25382,-13.1,-43.0,0.007144742422709801
25383,-13.1,-42.0,0.006158481459537957
25384,-13.1,-41.0,0.00808353525061139
25385,-13.1,-40.0,0.003998662433230251
25386,-13.1,-39.0,0.0046455770185424424
25387,-13.1,-38.0,0.009662452570942288
25388,-13.1,-37.0,0.004744388653330903
25389,-13.1,-36.0,0.0019601192700671806
25390,-13.1,-35.0,0.006069163128889681
25391,-13.1,-34.0,0.012760830071119606
25392,-13.1,-33.0,0.006834008594301008
25393,-13.1,-32.0,0.007964489353997562
25394,-13.1,-31.0,0.015821187145336528
25395,-13.1,-30.0,0.00858429453185151
25396,-13.1,-29.0,0.010027733121371441
25397,-13.1,-28.0,0.01970624486605573
25398,-13.1,-27.0,0.010172341878762862
25399,-13.1,-26.0,0.004768641523731224
25400,-13.1,-25.0,0.013134567683045644
25401,-13.1,-24.0,0.026753574285379923
25402,-13.1,-23.0,0.014423669865433362
25403,-13.1,-22.0,0.01724897144608428
25404,-13.1,-21.0,0.0342725691046981
25405,-13.1,-20.0,0.017052200847144657
25406,-13.1,-19.0,0.007294879504979047
25407,-13.1,-18.0,0.02378720855171375
25408,-13.1,-17.0,0.05068466648973615
25409,-13.1,-16.0,0.026002693622743246
25410,-13.1,-15.0,0.03649555833604144
25411,-13.1,-14.0,0.07833568830394623
25412,-13.1,-13.0,0.03796261097409609
25413,-13.1,-12.0,0.009790498263908529
25414,-13.1,-11.0,0.028065808700412052
25415,-13.1,-10.0,0.05989283980240681
25416,-13.1,-9.0,0.028881402691794726
25417,-13.1,-8.0,0.022629069144670482
25418,-13.1,-7.0,0.043381316696807636
25419,-13.1,-6.0,0.02079326361768695
25420,-13.1,-5.0,0.00694449037387799
25421,-13.1,-4.0,0.015529357831843546
25422,-13.1,-3.0,0.030638972319314922
25423,-13.1,-2.0,0.015011554150152224
25424,-13.1,-1.0,0.004900484323546892
25425,-13.1,0.0,0.0006372263605323985
25426,-13.1,1.0,0.004229833864681451
25427,-13.1,2.0,0.010314323597507514
25428,-13.1,3.0,0.019942570950319323
25429,-13.1,4.0,0.00972284136696941
25430,-13.1,5.0,0.003454793264001415
25431,-13.1,6.0,0.007558522059682113
25432,-13.1,7.0,0.014801596757135613
25433,-13.1,8.0,0.007349755697548586
25434,-13.1,9.0,0.00629977780599577
25435,-13.1,10.0,0.011918791185080196
25436,-13.1,11.0,0.005563685840730676
25437,-13.1,12.0,0.001676911212621625
25438,-13.1,13.0,0.00434170944435159
25439,-13.1,14.0,0.009030382740348558
25440,-13.1,15.0,0.004262597843796371
25441,-13.1,16.0,0.00366897842678997
25442,-13.1,17.0,0.007412863877969659
25443,-13.1,18.0,0.003262812839894036
25444,-13.1,19.0,0.0007386331628533247
25445,-13.1,20.0,0.0025807780455784084
25446,-13.1,21.0,0.005788393277421041
25447,-13.1,22.0,0.0026037439146561346
25448,-13.1,23.0,0.0022614788609662696
25449,-13.1,24.0,0.004868002696974954
25450,-13.1,25.0,0.0020473219610079845
25451,-13.1,26.0,0.0003407618256053325
25452,-13.1,27.0,0.0016555031841065237
25453,-13.1,28.0,0.003921521979437524
25454,-13.1,29.0,0.0017149186660540656
25455,-13.1,30.0,0.001506353769489325
25456,-13.1,31.0,0.003367178704478022
25457,-13.1,32.0,0.0013846596650697355
25458,-13.1,33.0,0.0001890320645719702
25459,-13.1,34.0,0.0011425105033237737
25460,-13.1,35.0,0.0027749563779556055
25461,-13.1,36.0,0.0011346831964316115
25462,-13.1,37.0,8.364976983543003e-05
25463,-13.1,38.0,6.743370896827906e-06
25464,-13.1,39.0,4.478235103576058e-06
25465,-13.1,40.0,3.3825066995113784e-06
25466,-13.1,41.0,2.5422047719260573e-06
25467,-13.1,42.0,1.9005065714279112e-06
25468,-13.1,43.0,1.413236874323925e-06
25469,-13.1,44.0,1.0453149002951548e-06
25470,-13.1,45.0,7.690698817164047e-07
25471,-13.1,46.0,5.628217347352204e-07
25472,-13.1,47.0,4.096964885785243e-07
25473,-13.1,48.0,2.9664695473987895e-07
25474,-13.1,49.0,2.1365043307395296e-07
25475,-13.1,50.0,1.5305723366051152e-07
25476,-13.1,51.0,1.0906618373137008e-07
25477,-13.1,52.0,7.730588073399899e-08
25478,-13.1,53.0,5.450308582743254e-08
25479,-13.1,54.0,3.822220919045953e-08
25480,-13.1,55.0,2.66622382747259e-08
25481,-13.1,56.0,1.8499651490857586e-08
25482,-13.1,57.0,1.2767815726557702e-08
25483,-13.1,58.0,8.76507788869553e-09
25484,-13.1,59.0,5.985233056341526e-09
25485,-13.1,60.0,4.065298718244371e-09
25486,-13.1,61.0,2.7465655614416617e-09
25487,-13.1,62.0,1.845753015473079e-09
25488,-13.1,63.0,1.2337958686700659e-09
25489,-13.1,64.0,8.20349929443108e-10
25490,-13.1,65.0,5.425516474265149e-10
25491,-13.1,66.0,3.569185630603594e-10
25492,-13.1,67.0,2.335518398970955e-10
25493,-13.1,68.0,1.520139897900643e-10
25494,-13.1,69.0,9.841695640830768e-11
25495,-13.1,70.0,6.337856621605139e-11
25496,-13.1,71.0,4.0597659586117415e-11
25497,-13.1,72.0,2.5866977942341932e-11
25498,-13.1,73.0,1.639368157880722e-11
25499,-13.1,74.0,1.0334593659105626e-11
25500,-13.0,-75.0,2.0029170587208031e-07
25501,-13.0,-74.0,2.7795043221781775e-07
25502,-13.0,-73.0,3.8367000655147617e-07
25503,-13.0,-72.0,5.267862768970468e-07
25504,-13.0,-71.0,7.194442792742444e-07
25505,-13.0,-70.0,9.773406936624484e-07
25506,-13.0,-69.0,1.3206292369729e-06
25507,-13.0,-68.0,1.7750146468920582e-06
25508,-13.0,-67.0,2.3730619831462322e-06
25509,-13.0,-66.0,3.1557481061603035e-06
25510,-13.0,-65.0,4.1742810480713116e-06
25511,-13.0,-64.0,5.492210188605057e-06
25512,-13.0,-63.0,7.187845281420552e-06
25513,-13.0,-62.0,9.356995028089407e-06
25514,-13.0,-61.0,1.2116025664428794e-05
25515,-13.0,-60.0,1.5605226551274177e-05
25516,-13.0,-59.0,1.9992452777587404e-05
25517,-13.0,-58.0,2.5476994145874493e-05
25518,-13.0,-57.0,3.2293595653933117e-05
25519,-13.0,-56.0,4.071652697693574e-05
25520,-13.0,-55.0,5.1063568030736965e-05
25521,-13.0,-54.0,6.369974532177535e-05
25522,-13.0,-53.0,7.904062067321244e-05
25523,-13.0,-52.0,9.755490164001197e-05
25524,-13.0,-51.0,0.00011976611342649143
25525,-13.0,-50.0,0.0001462530476632942
25526,-13.0,-49.0,0.00017764868651155955
25527,-13.0,-48.0,0.0002146372950177162
25528,-13.0,-47.0,0.0002579529256301045
25529,-13.0,-46.0,0.0003102683694233638
25530,-13.0,-45.0,0.0005376283033486366
25531,-13.0,-44.0,0.0029680208755289983
25532,-13.0,-43.0,0.006920122599232604
25533,-13.0,-42.0,0.005963131697644489
25534,-13.0,-41.0,0.007827872581219862
25535,-13.0,-40.0,0.0038683039990824062
25536,-13.0,-39.0,0.00449387580593114
25537,-13.0,-38.0,0.00935421527017251
25538,-13.0,-37.0,0.004588631821036395
25539,-13.0,-36.0,0.0018904480979665887
25540,-13.0,-35.0,0.005869725469863696
25541,-13.0,-34.0,0.012350465187085082
25542,-13.0,-33.0,0.006610338457678927
25543,-13.0,-32.0,0.0077034523545267
25544,-13.0,-31.0,0.01530990472867739
25545,-13.0,-30.0,0.00830442246471309
25546,-13.0,-29.0,0.009699672263924722
25547,-13.0,-28.0,0.019065760314858737
25548,-13.0,-27.0,0.00984237783856787
25549,-13.0,-26.0,0.0046150714534590066
25550,-13.0,-25.0,0.012704065245437922
25551,-13.0,-24.0,0.02587167583710931
25552,-13.0,-23.0,0.013954791862529672
25553,-13.0,-22.0,0.016676826062271194
25554,-13.0,-21.0,0.03311720029627335
25555,-13.0,-20.0,0.016493199488874413
25556,-13.0,-19.0,0.007071884494913497
25557,-13.0,-18.0,0.0229502329848353
25558,-13.0,-17.0,0.048847194922730694
25559,-13.0,-16.0,0.0250728072564941
25560,-13.0,-15.0,0.03492671720224962
25561,-13.0,-14.0,0.07481633775781454
25562,-13.0,-13.0,0.03602323527985082
25563,-13.0,-12.0,0.010102609454299985
25564,-13.0,-11.0,0.02934863076113363
25565,-13.0,-10.0,0.06272840865973728
25566,-13.0,-9.0,0.03021034402072288
25567,-13.0,-8.0,0.02360954326348616
25568,-13.0,-7.0,0.04529872986514023
25569,-13.0,-6.0,0.021694618906034028
25570,-13.0,-5.0,0.007223178375692361
25571,-13.0,-4.0,0.016180388785743224
25572,-13.0,-3.0,0.031945854486928396
25573,-13.0,-2.0,0.015647123954927716
25574,-13.0,-1.0,0.005102620422711333
25575,-13.0,0.0,0.0006590573786510013
25576,-13.0,1.0,0.004408538865291204
25577,-13.0,2.0,0.010749834329090994
25578,-13.0,3.0,0.020783012299809993
25579,-13.0,4.0,0.01013617376372401
25580,-13.0,5.0,0.003606186663740709
25581,-13.0,6.0,0.007879386336979087
25582,-13.0,7.0,0.015421355006529323
25583,-13.0,8.0,0.00766208930407966
25584,-13.0,9.0,0.006567204196315541
25585,-13.0,10.0,0.0124151517204581
25586,-13.0,11.0,0.005800048603706898
25587,-13.0,12.0,0.0017540063850258966
25588,-13.0,13.0,0.00452570104055697
25589,-13.0,14.0,0.009403006592727086
25590,-13.0,15.0,0.004441912325911211
25591,-13.0,16.0,0.0038229710915670904
25592,-13.0,17.0,0.007716210804714772
25593,-13.0,18.0,0.0033990500014249325
25594,-13.0,19.0,0.000773005731438197
25595,-13.0,20.0,0.0026877941886384337
25596,-13.0,21.0,0.006022444622945046
25597,-13.0,22.0,0.002710551740806862
25598,-13.0,23.0,0.002353877078176494
25599,-13.0,24.0,0.005063119719994136
25600,-13.0,25.0,0.002130409247187356
25601,-13.0,26.0,0.00035595937704454336
25602,-13.0,27.0,0.0017221314875327867
25603,-13.0,28.0,0.00407707598865499
25604,-13.0,29.0,0.0017834024906150283
25605,-13.0,30.0,0.0015662677780548407
25606,-13.0,31.0,0.0034998788797598497
25607,-13.0,32.0,0.0014394995723097574
25608,-13.0,33.0,0.00019687653466663292
25609,-13.0,34.0,0.0011874689562543911
25610,-13.0,35.0,0.0028835611544050736
25611,-13.0,36.0,0.0011792009290240194
25612,-13.0,37.0,8.70937264259425e-05
25613,-13.0,38.0,7.146520360629149e-06
25614,-13.0,39.0,4.761866430822453e-06
25615,-13.0,40.0,3.5986843365321403e-06
25616,-13.0,41.0,2.706119156519143e-06
25617,-13.0,42.0,2.024123833118051e-06
25618,-13.0,43.0,1.5059619416054481e-06
25619,-13.0,44.0,1.114493456720539e-06
25620,-13.0,45.0,8.204035708617805e-07
25621,-13.0,46.0,6.007087563622654e-07
25622,-13.0,47.0,4.37508720658166e-07
25623,-13.0,48.0,3.1695363845457527e-07
25624,-13.0,49.0,2.2839731977237853e-07
25625,-13.0,50.0,1.637089664439783e-07
25626,-13.0,51.0,1.1671861018265174e-07
25627,-13.0,52.0,8.277399331274115e-08
25628,-13.0,53.0,5.83893785450009e-08
25629,-13.0,54.0,4.0969431093934144e-08
25630,-13.0,55.0,2.859381751313379e-08
25631,-13.0,56.0,1.9850455229368798e-08
25632,-13.0,57.0,1.3707394700873779e-08
25633,-13.0,58.0,9.415111783540273e-09
25634,-13.0,59.0,6.43253496653733e-09
25635,-13.0,60.0,4.3714442269418e-09
25636,-13.0,61.0,2.9549751840757225e-09
25637,-13.0,62.0,1.9868672145919033e-09
25638,-13.0,63.0,1.328831632168641e-09
25639,-13.0,64.0,8.840100050481848e-10
25640,-13.0,65.0,5.849658473273659e-10
25641,-13.0,66.0,3.8502590426221964e-10
25642,-13.0,67.0,2.5207832003229606e-10
25643,-13.0,68.0,1.6415992682624823e-10
25644,-13.0,69.0,1.0633712431874958e-10
25645,-13.0,70.0,6.851549200467116e-11
25646,-13.0,71.0,4.3911549018650315e-11
25647,-13.0,72.0,2.799334791613997e-11
25648,-13.0,73.0,1.7750763332880062e-11
25649,-13.0,74.0,1.1196062986927925e-11
25650,-12.9,-75.0,1.89974685637938e-07
25651,-12.9,-74.0,2.637737126065506e-07
25652,-12.9,-73.0,3.642951565028865e-07
25653,-12.9,-72.0,5.00450802099405e-07
25654,-12.9,-71.0,6.838415576364049e-07
25655,-12.9,-70.0,9.29470685773207e-07
25656,-12.9,-69.0,1.2566143427044984e-06
25657,-12.9,-68.0,1.6898744313993119e-06
25658,-12.9,-67.0,2.2604399020667188e-06
25659,-12.9,-66.0,3.0075828700863446e-06
25660,-12.9,-65.0,3.9804149405875135e-06
25661,-12.9,-64.0,5.239926561528365e-06
25662,-12.9,-63.0,6.86132767655227e-06
25663,-12.9,-62.0,8.936701006198875e-06
25664,-12.9,-61.0,1.157796955392812e-05
25665,-12.9,-60.0,1.4920167056563188e-05
25666,-12.9,-59.0,1.9124983800938106e-05
25667,-12.9,-58.0,2.4384540355605935e-05
25668,-12.9,-57.0,3.092531833376256e-05
25669,-12.9,-56.0,3.901215054527547e-05
25670,-12.9,-55.0,4.895214331304143e-05
25671,-12.9,-54.0,6.109837213267079e-05
25672,-12.9,-53.0,7.585315939766763e-05
25673,-12.9,-52.0,9.367071110677606e-05
25674,-12.9,-51.0,0.00011505886018266695
25675,-12.9,-50.0,0.000140579639452414
25676,-12.9,-49.0,0.00017084838992390057
25677,-12.9,-48.0,0.00020653110342553943
25678,-12.9,-47.0,0.0002483431593485594
25679,-12.9,-46.0,0.0002988911596604591
25680,-12.9,-45.0,0.000520061906839596
25681,-12.9,-44.0,0.0028890395843513142
25682,-12.9,-43.0,0.006741547313217655
25683,-12.9,-42.0,0.0058075605738435255
25684,-12.9,-41.0,0.007624377426809482
25685,-12.9,-40.0,0.0037639506908969176
25686,-12.9,-39.0,0.004372395881791879
25687,-12.9,-38.0,0.009108457454306133
25688,-12.9,-37.0,0.004463762927958851
25689,-12.9,-36.0,0.0018337866854805142
25690,-12.9,-35.0,0.005709801870704447
25691,-12.9,-34.0,0.012022762968408693
25692,-12.9,-33.0,0.006431090269310986
25693,-12.9,-32.0,0.007494215245193305
25694,-12.9,-31.0,0.014901239381323624
25695,-12.9,-30.0,0.0080802755151813
25696,-12.9,-29.0,0.009436799300371014
25697,-12.9,-28.0,0.018553328478573234
25698,-12.9,-27.0,0.009578355991648196
25699,-12.9,-26.0,0.004492219078940863
25700,-12.9,-25.0,0.012359081479930733
25701,-12.9,-24.0,0.025164544356194616
25702,-12.9,-23.0,0.01357963860413615
25703,-12.9,-22.0,0.01621764323662388
25704,-12.9,-21.0,0.0321877157759401
25705,-12.9,-20.0,0.016045518840114896
25706,-12.9,-19.0,0.0068955156638063975
25707,-12.9,-18.0,0.022273476474038205
25708,-12.9,-17.0,0.0473550670337448
25709,-12.9,-16.0,0.02432065345111668
25710,-12.9,-15.0,0.033644414885665844
25711,-12.9,-14.0,0.07192890895920952
25712,-12.9,-13.0,0.03256685617840548
25713,-12.9,-12.0,0.010369028001674557
25714,-12.9,-11.0,0.030521962795025632
25715,-12.9,-10.0,0.06533909522361102
25716,-12.9,-9.0,0.03142706698537518
25717,-12.9,-8.0,0.02449504217026311
25718,-12.9,-7.0,0.04703696881491409
25719,-12.9,-6.0,0.0225084522610275
25720,-12.9,-5.0,0.007470532501301009
25721,-12.9,-4.0,0.016763797988952205
25722,-12.9,-3.0,0.033121373488535444
25723,-12.9,-2.0,0.016217785533597397
25724,-12.9,-1.0,0.005282920364552173
25725,-12.9,0.0,0.0006777922547334461
25726,-12.9,1.0,0.0045686739617913025
25727,-12.9,2.0,0.01114048660566618
25728,-12.9,3.0,0.021536881331613165
25729,-12.9,4.0,0.010507462854250003
25730,-12.9,5.0,0.0037428552883538905
25731,-12.9,6.0,0.008167515352230037
25732,-12.9,7.0,0.015976558908233247
25733,-12.9,8.0,0.007942657268354922
25734,-12.9,9.0,0.006807380126550059
25735,-12.9,10.0,0.012859355180727219
25736,-12.9,11.0,0.006012381863580788
25737,-12.9,12.0,0.001824260172195218
25738,-12.9,13.0,0.0046909184264848245
25739,-12.9,14.0,0.009735890112759585
25740,-12.9,15.0,0.004602716413256198
25741,-12.9,16.0,0.0039610104898897165
25742,-12.9,17.0,0.007986766675287265
25743,-12.9,18.0,0.0035210574857472967
25744,-12.9,19.0,0.0008044225593487259
25745,-12.9,20.0,0.0027835074521005143
25746,-12.9,21.0,0.006230695841600551
25747,-12.9,22.0,0.0028058731278477033
25748,-12.9,23.0,0.0024362739987928046
25749,-12.9,24.0,0.005236416525090779
25750,-12.9,25.0,0.002204401672671531
25751,-12.9,26.0,0.0003697528179265867
25752,-12.9,27.0,0.0017813660452468338
25753,-12.9,28.0,0.004214933837074604
25754,-12.9,29.0,0.0018441855832814248
25755,-12.9,30.0,0.0016194005079362829
25756,-12.9,31.0,0.003617320626424967
25757,-12.9,32.0,0.0014880876682019796
25758,-12.9,33.0,0.0002038978851691807
25759,-12.9,34.0,0.0012272476659563598
25760,-12.9,35.0,0.002979535311274384
25761,-12.9,36.0,0.0012185634411493553
25762,-12.9,37.0,9.01716883362762e-05
25763,-12.9,38.0,7.531127642306263e-06
25764,-12.9,39.0,5.034639436777779e-06
25765,-12.9,40.0,3.806883575238288e-06
25766,-12.9,41.0,2.8642046979301832e-06
25767,-12.9,42.0,2.143510082373118e-06
25768,-12.9,43.0,1.5956358319402393e-06
25769,-12.9,44.0,1.1814861953709797e-06
25770,-12.9,45.0,8.701818603098708e-07
25771,-12.9,46.0,6.374965073018275e-07
25772,-12.9,47.0,4.645494291897354e-07
25773,-12.9,48.0,3.367226516825404e-07
25774,-12.9,49.0,2.427722104402741e-07
25775,-12.9,50.0,1.7410522994185023e-07
25776,-12.9,51.0,1.2419692440913393e-07
25777,-12.9,52.0,8.812437015097724e-08
25778,-12.9,53.0,6.219670208708939e-08
25779,-12.9,54.0,4.366413132913301e-08
25780,-12.9,55.0,3.049077196213399e-08
25781,-12.9,56.0,2.1178643388081518e-08
25782,-12.9,57.0,1.4632346386792455e-08
25783,-12.9,58.0,1.0055783731054377e-08
25784,-12.9,59.0,6.873912320700325e-09
25785,-12.9,60.0,4.673886516159353e-09
25786,-12.9,61.0,3.1611015562545432e-09
25787,-12.9,62.0,2.126595267980551e-09
25788,-12.9,63.0,1.4230407823509797e-09
25789,-12.9,64.0,9.471875005111492e-10
25790,-12.9,65.0,6.271055987468648e-10
25791,-12.9,66.0,4.1298236397039996e-10
25792,-12.9,67.0,2.7052564517791304e-10
25793,-12.9,68.0,1.762671914361872e-10
25794,-12.9,69.0,1.1424064214108615e-10
25795,-12.9,70.0,7.364714133359187e-11
25796,-12.9,71.0,4.7225575615557335e-11
25797,-12.9,72.0,3.012206446687012e-11
25798,-12.9,73.0,1.9110775677243186e-11
25799,-12.9,74.0,1.2060297011291114e-11
25800,-12.8,-75.0,1.858267920682636e-07
25801,-12.8,-74.0,2.5815200146819627e-07
25802,-12.8,-73.0,3.567210772033631e-07
25803,-12.8,-72.0,4.90307066590496e-07
25804,-12.8,-71.0,6.703376953144488e-07
25805,-12.8,-70.0,9.116019357457123e-07
25806,-12.8,-69.0,1.2331131895001928e-06
25807,-12.8,-68.0,1.6591542156722794e-06
25808,-12.8,-67.0,2.2205301493262535e-06
25809,-12.8,-66.0,2.9560562987837664e-06
25810,-12.8,-65.0,3.914306557625247e-06
25811,-12.8,-64.0,5.1556458495783965e-06
25812,-12.8,-63.0,6.75456564248309e-06
25813,-12.8,-62.0,8.802334808124033e-06
25814,-12.8,-61.0,1.1409968563769507e-05
25815,-12.8,-60.0,1.4711505543663262e-05
25816,-12.8,-59.0,1.8867566925324832e-05
25817,-12.8,-58.0,2.4069151806022383e-05
25818,-12.8,-57.0,3.054159968532956e-05
25819,-12.8,-56.0,3.8548624172699994e-05
25820,-12.8,-55.0,4.8396292382154e-05
25821,-12.8,-54.0,6.0436792686310745e-05
25822,-12.8,-53.0,7.507180070920808e-05
25823,-12.8,-52.0,9.275522113384705e-05
25824,-12.8,-51.0,0.00011399505293860968
25825,-12.8,-50.0,0.0001393541002411943
25826,-12.8,-49.0,0.00016944923247754707
25827,-12.8,-48.0,0.00020494888988689856
25828,-12.8,-47.0,0.0002465720086702477
25829,-12.8,-46.0,0.00029694021674654957
25830,-12.8,-45.0,0.0005188345200349293
25831,-12.8,-44.0,0.002900339971166385
25832,-12.8,-43.0,0.006773495621767654
25833,-12.8,-42.0,0.005833384129510417
25834,-12.8,-41.0,0.007659001322828355
25835,-12.8,-40.0,0.0037772320937872546
25836,-12.8,-39.0,0.004387567725314442
25837,-12.8,-38.0,0.009147210918658031
25838,-12.8,-37.0,0.004478400531033511
25839,-12.8,-36.0,0.0018345250252331763
25840,-12.8,-35.0,0.005728322812706066
25841,-12.8,-34.0,0.012070651683949963
25842,-12.8,-33.0,0.006452784544144113
25843,-12.8,-32.0,0.007519156321928236
25844,-12.8,-31.0,0.014958141487888385
25845,-12.8,-30.0,0.008108559175193424
25846,-12.8,-29.0,0.009468792123161589
25847,-12.8,-28.0,0.018620691394671828
25848,-12.8,-27.0,0.009613523509736125
25849,-12.8,-26.0,0.0045095270476705005
25850,-12.8,-25.0,0.012400378354924378
25851,-12.8,-24.0,0.025244341179295658
25852,-12.8,-23.0,0.013628843226732494
25853,-12.8,-22.0,0.016265774348157784
25854,-12.8,-21.0,0.03226597435896019
25855,-12.8,-20.0,0.016099614416508187
25856,-12.8,-19.0,0.006934275256181266
25857,-12.8,-18.0,0.02229632715659134
25858,-12.8,-17.0,0.047352630743190384
25859,-12.8,-16.0,0.024334258447194224
25860,-12.8,-15.0,0.03344676166108922
25861,-12.8,-14.0,0.07137154985772538
25862,-12.8,-13.0,0.03237749235521616
25863,-12.8,-12.0,0.010261159430236463
25864,-12.8,-11.0,0.03060177494791115
25865,-12.8,-10.0,0.06561405426946973
25866,-12.8,-9.0,0.03151795157949365
25867,-12.8,-8.0,0.024498030969473235
25868,-12.8,-7.0,0.04708201325678876
25869,-12.8,-6.0,0.022511055375617643
25870,-12.8,-5.0,0.007447353574864887
25871,-12.8,-4.0,0.016741554194873425
25872,-12.8,-3.0,0.03310149029056685
25873,-12.8,-2.0,0.016202745140757292
25874,-12.8,-1.0,0.005271972198365526
25875,-12.8,0.0,0.000671901327250228
25876,-12.8,1.0,0.004563535370299243
25877,-12.8,2.0,0.011128575572545362
25878,-12.8,3.0,0.021512742469245158
25879,-12.8,4.0,0.010499202016012024
25880,-12.8,5.0,0.0037443649053586236
25881,-12.8,6.0,0.008160582781357516
25882,-12.8,7.0,0.015954467990662472
25883,-12.8,8.0,0.007936341289300155
25884,-12.8,9.0,0.0068016652474806125
25885,-12.8,10.0,0.012838825870942013
25886,-12.8,11.0,0.006007571408285671
25887,-12.8,12.0,0.0018288091964978519
25888,-12.8,13.0,0.004686713159951894
25889,-12.8,14.0,0.009716828649829848
25890,-12.8,15.0,0.004597255577502533
25891,-12.8,16.0,0.003955958017952939
25892,-12.8,17.0,0.00796853333770264
25893,-12.8,18.0,0.003515850891224022
25894,-12.8,19.0,0.0008069094377327367
25895,-12.8,20.0,0.0027786343560622334
25896,-12.8,21.0,0.00621356555503242
25897,-12.8,22.0,0.0027997605515496103
25898,-12.8,23.0,0.002430587326736379
25899,-12.8,24.0,0.005220239531593924
25900,-12.8,25.0,0.0021986742271093095
25901,-12.8,26.0,0.0003702334253065303
25902,-12.8,27.0,0.001776160798567608
25903,-12.8,28.0,0.00420022140292184
25904,-12.8,29.0,0.0018382347197126497
25905,-12.8,30.0,0.0016139253018762586
25906,-12.8,31.0,0.0036037926682662936
25907,-12.8,32.0,0.0014828104955873932
25908,-12.8,33.0,0.0002035558235438535
25909,-12.8,34.0,0.0012225925025081468
25910,-12.8,35.0,0.0029676038722725637
25911,-12.8,36.0,0.0012138004338092655
25912,-12.8,37.0,8.999255094842581e-05
25913,-12.8,38.0,7.650049128191647e-06
25914,-12.8,39.0,5.130645640792298e-06
25915,-12.8,40.0,3.881573647515608e-06
25916,-12.8,41.0,2.9219553921710724e-06
25917,-12.8,42.0,2.1878944798485197e-06
25918,-12.8,43.0,1.6295434780637824e-06
25919,-12.8,44.0,1.2072359712796304e-06
25920,-12.8,45.0,8.896207330720109e-07
25921,-12.8,46.0,6.520847479394769e-07
25922,-12.8,47.0,4.7543322927441996e-07
25923,-12.8,48.0,3.4479527721445655e-07
25924,-12.8,49.0,2.487249350573324e-07
25925,-12.8,50.0,1.7846931280539456e-07
25926,-12.8,51.0,1.2737786299210086e-07
25927,-12.8,52.0,9.04295829498238e-08
25928,-12.8,53.0,6.385769601218019e-08
25929,-12.8,54.0,4.485409506555802e-08
25930,-12.8,55.0,3.1338418940243834e-08
25931,-12.8,56.0,2.177901267809707e-08
25932,-12.8,57.0,1.505516126669305e-08
25933,-12.8,58.0,1.0351868617977647e-08
25934,-12.8,59.0,7.080080637664297e-09
25935,-12.8,60.0,4.8166353431263125e-09
25936,-12.8,61.0,3.2593833473418714e-09
25937,-12.8,62.0,2.1938818034621012e-09
25938,-12.8,63.0,1.468848887063616e-09
25939,-12.8,64.0,9.781987859033073e-10
25940,-12.8,65.0,6.479824275366281e-10
25941,-12.8,66.0,4.269582851655617e-10
25942,-12.8,67.0,2.798296764214484e-10
25943,-12.8,68.0,1.824266162869137e-10
25944,-12.8,69.0,1.1829564127036264e-10
25945,-12.8,70.0,7.63019066929806e-11
25946,-12.8,71.0,4.8953995756027605e-11
25947,-12.8,72.0,3.124114975677235e-11
25948,-12.8,73.0,1.9831336284803897e-11
25949,-12.8,74.0,1.2521693147740985e-11
25950,-12.7,-75.0,1.8172098904628326e-07
25951,-12.7,-74.0,2.5258272706809917e-07
25952,-12.7,-73.0,3.4921131849643183e-07
25953,-12.7,-72.0,4.802408317105189e-07
25954,-12.7,-71.0,6.569252591229658e-07
25955,-12.7,-70.0,8.938382739301965e-07
25956,-12.7,-69.0,1.2097288575421631e-06
25957,-12.7,-68.0,1.6285580430012294e-06
25958,-12.7,-67.0,2.1807433175164326e-06
25959,-12.7,-66.0,2.9046376769425583e-06
25960,-12.7,-65.0,3.848269600238193e-06
25961,-12.7,-64.0,5.071367943852692e-06
25962,-12.7,-63.0,6.64769154360254e-06
25963,-12.7,-62.0,8.667676737717981e-06
25964,-12.7,-61.0,1.1241406678668178e-05
25965,-12.7,-60.0,1.4501893808537926e-05
25966,-12.7,-59.0,1.860865093128475e-05
25967,-12.7,-58.0,2.3751506738882606e-05
25968,-12.7,-57.0,3.0154598414177653e-05
25969,-12.7,-56.0,3.808044723184984e-05
25970,-12.7,-55.0,4.783399336412937e-05
25971,-12.7,-54.0,5.9766434132249325e-05
25972,-12.7,-53.0,7.427867683455671e-05
25973,-12.7,-52.0,9.182418449930817e-05
25974,-12.7,-51.0,0.00011291096229140544
25975,-12.7,-50.0,0.00013810240602460202
25976,-12.7,-49.0,0.00016801671475479113
25977,-12.7,-48.0,0.00020332456048771953
25978,-12.7,-47.0,0.00024474820353572737
25979,-12.7,-46.0,0.00029492372344092863
25980,-12.7,-45.0,0.0005174973988839415
25981,-12.7,-44.0,0.0029111030684165554
25982,-12.7,-43.0,0.00680421370636135
25983,-12.7,-42.0,0.0058581332995248205
25984,-12.7,-41.0,0.007692214428715651
25985,-12.7,-40.0,0.003789782159982455
25986,-12.7,-39.0,0.004401883490143422
25987,-12.7,-38.0,0.009184241716487353
25988,-12.7,-37.0,0.004492137770262471
25989,-12.7,-36.0,0.001834820901349749
25990,-12.7,-35.0,0.005745681186550976
25991,-12.7,-34.0,0.012116215003840712
25992,-12.7,-33.0,0.006473151354910686
25993,-12.7,-32.0,0.007542557327022573
25994,-12.7,-31.0,0.015012138257381475
25995,-12.7,-30.0,0.008135164651641838
25996,-12.7,-29.0,0.00949884857574982
25997,-12.7,-28.0,0.018684450160325806
25998,-12.7,-27.0,0.009646709140496073
25999,-12.7,-26.0,0.004525774708638757
26000,-12.7,-25.0,0.012439219397721324
26001,-12.7,-24.0,0.025319413665623573
26002,-12.7,-23.0,0.013675394584800849
26003,-12.7,-22.0,0.01631091757235112
26004,-12.7,-21.0,0.03233861906445327
26005,-12.7,-20.0,0.016150798575781628
26006,-12.7,-19.0,0.0069717504058050064
26007,-12.7,-18.0,0.022316482742038284
26008,-12.7,-17.0,0.047345118936564526
26009,-12.7,-16.0,0.02434618748782133
26010,-12.7,-15.0,0.03326234599256104
26011,-12.7,-14.0,0.07084839413685311
26012,-12.7,-13.0,0.03220159757464985
26013,-12.7,-12.0,0.010156183606934993
26014,-12.7,-11.0,0.030685027613713636
26015,-12.7,-10.0,0.06589795867385193
26016,-12.7,-9.0,0.031612161550845494
26017,-12.7,-8.0,0.024500782042744435
26018,-12.7,-7.0,0.04712661099748968
26019,-12.7,-6.0,0.022513124317548153
26020,-12.7,-5.0,0.007423559540236909
26021,-12.7,-4.0,0.01671827903538301
26022,-12.7,-3.0,0.03307993732646121
26023,-12.7,-2.0,0.016186695489929598
26024,-12.7,-1.0,0.005260448587874766
26025,-12.7,0.0,0.0006660122675509639
26026,-12.7,1.0,0.004557857494603304
26027,-12.7,2.0,0.011115790592779274
26028,-12.7,3.0,0.02148719508080086
26029,-12.7,4.0,0.010490148784149745
26030,-12.7,5.0,0.003745466063880877
26031,-12.7,6.0,0.008153016253128515
26032,-12.7,7.0,0.015931331685283087
26033,-12.7,8.0,0.007929449015335776
26034,-12.7,9.0,0.006795454665870305
26035,-12.7,10.0,0.012817480564614158
26036,-12.7,11.0,0.006002346093232363
26037,-12.7,12.0,0.001833193088594943
26038,-12.7,13.0,0.004682195826605947
26039,-12.7,14.0,0.009697184773842345
26040,-12.7,15.0,0.004591509904721925
26041,-12.7,16.0,0.003950665938839495
26042,-12.7,17.0,0.007949843378844794
26043,-12.7,18.0,0.0035104421376061772
26044,-12.7,19.0,0.0008093501568025136
26045,-12.7,20.0,0.0027736095905992863
26046,-12.7,21.0,0.006196095910014098
26047,-12.7,22.0,0.0027934994472168027
26048,-12.7,23.0,0.0024247746943181154
26049,-12.7,24.0,0.005203784007829515
26050,-12.7,25.0,0.0021928343697319216
26051,-12.7,26.0,0.00037070208381172036
26052,-12.7,27.0,0.00177086714948438
26053,-12.7,28.0,0.004185288536354265
26054,-12.7,29.0,0.0018321909772736305
26055,-12.7,30.0,0.0016083695382553248
26056,-12.7,31.0,0.003590076680456397
26057,-12.7,32.0,0.001477458492233132
26058,-12.7,33.0,0.0002032070707846317
26059,-12.7,34.0,0.00121787622332536
26060,-12.7,35.0,0.0029555184240225626
26061,-12.7,36.0,0.001208975734584496
26062,-12.7,37.0,8.981077687890224e-05
26063,-12.7,38.0,7.77032209406456e-06
26064,-12.7,39.0,5.227817982455101e-06
26065,-12.7,40.0,3.957225245377477e-06
26066,-12.7,41.0,2.980490985018571e-06
26067,-12.7,42.0,2.232913579024323e-06
26068,-12.7,43.0,1.6639597748922146e-06
26069,-12.7,44.0,1.2333898799706694e-06
26070,-12.7,45.0,9.093780399616389e-07
26071,-12.7,46.0,6.669218878058061e-07
26072,-12.7,47.0,4.865100649697251e-07
26073,-12.7,48.0,3.530164791082195e-07
26074,-12.7,49.0,2.5479117068576976e-07
26075,-12.7,50.0,1.829194892347743e-07
26076,-12.7,51.0,1.3062363642761126e-07
26077,-12.7,52.0,9.278328054635074e-08
26078,-12.7,53.0,6.555469887529552e-08
26079,-12.7,54.0,4.607062113723346e-08
26080,-12.7,55.0,3.2205529049873064e-08
26081,-12.7,56.0,2.23935492101626e-08
26082,-12.7,57.0,1.5488221251569517e-08
26083,-12.7,58.0,1.0655314483085134e-08
26084,-12.7,59.0,7.291503917648291e-09
26085,-12.7,60.0,4.963111892585697e-09
26086,-12.7,61.0,3.3602928641409436e-09
26087,-12.7,62.0,2.2630091110509892e-09
26088,-12.7,63.0,1.5159385045956713e-09
26089,-12.7,64.0,1.0100967510347658e-09
26090,-12.7,65.0,6.694690012414242e-10
26091,-12.7,66.0,4.413509631329849e-10
26092,-12.7,67.0,2.894168368674775e-10
26093,-12.7,68.0,1.8877723223645304e-10
26094,-12.7,69.0,1.2247897515353112e-10
26095,-12.7,70.0,7.904230212444215e-11
26096,-12.7,71.0,5.073921282159964e-11
26097,-12.7,72.0,3.2397684909177624e-11
26098,-12.7,73.0,2.0576444676940648e-11
26099,-12.7,74.0,1.2999085610996755e-11
26100,-12.6,-75.0,1.7766242097513568e-07
26101,-12.6,-74.0,2.4707313233603383e-07
26102,-12.6,-73.0,3.4177600886424773e-07
26103,-12.6,-72.0,4.702661663560152e-07
26104,-12.6,-71.0,6.436236620561888e-07
26105,-12.6,-70.0,8.762063118666676e-07
26106,-12.6,-69.0,1.1864975893144576e-06
26107,-12.6,-68.0,1.5981349544030794e-06
26108,-12.6,-67.0,2.14114534156542e-06
26109,-12.6,-66.0,2.8534150902406035e-06
26110,-12.6,-65.0,3.7824210038887727e-06
26111,-12.6,-64.0,4.98724710471526e-06
26112,-12.6,-63.0,6.540907609329177e-06
26113,-12.6,-62.0,8.532990264084619e-06
26114,-12.6,-61.0,1.107262503096656e-05
26115,-12.6,-60.0,1.4291770821811707e-05
26116,-12.6,-59.0,1.8348797226121145e-05
26117,-12.6,-58.0,2.343231876368048e-05
26118,-12.6,-57.0,2.976521607565874e-05
26119,-12.6,-56.0,3.76087518155673e-05
26120,-12.6,-55.0,4.7266659244435034e-05
26121,-12.6,-54.0,5.908904941033626e-05
26122,-12.6,-53.0,7.34759493833328e-05
26123,-12.6,-52.0,9.088025077294761e-05
26124,-12.6,-51.0,0.00011180981649682927
26125,-12.6,-50.0,0.00013682846666412534
26126,-12.6,-49.0,0.00016655554394716862
26127,-12.6,-48.0,0.00020166374869165233
26128,-12.6,-47.0,0.00024287844607007452
26129,-12.6,-46.0,0.0002928496417369526
26130,-12.6,-45.0,0.000516063057643049
26131,-12.6,-44.0,0.0029213871346582113
26132,-12.6,-43.0,0.006833834036959792
26133,-12.6,-42.0,0.005881923202087958
26134,-12.6,-41.0,0.007724167357305965
26135,-12.6,-40.0,0.0038016775682192055
26136,-12.6,-39.0,0.004415432284518743
26137,-12.6,-38.0,0.00921973103048673
26138,-12.6,-37.0,0.00450506601339691
26139,-12.6,-36.0,0.0018347149089465687
26140,-12.6,-35.0,0.005761993610075987
26141,-12.6,-34.0,0.01215969317618043
26142,-12.6,-33.0,0.006492321251958578
26143,-12.6,-32.0,0.007564570252745348
26144,-12.6,-31.0,0.015063527817541604
26145,-12.6,-30.0,0.008160254512930482
26146,-12.6,-29.0,0.009527158604177813
26147,-12.6,-28.0,0.018744976269005495
26148,-12.6,-27.0,0.00967810345866752
26149,-12.6,-26.0,0.004541049610459919
26150,-12.6,-25.0,0.012475850950796445
26151,-12.6,-24.0,0.02539026728524741
26152,-12.6,-23.0,0.013719560337223964
26153,-12.6,-22.0,0.016353394282328584
26154,-12.6,-21.0,0.03240629765811801
26155,-12.6,-20.0,0.01619938496248847
26156,-12.6,-19.0,0.007008062175139985
26157,-12.6,-18.0,0.02233434666443223
26158,-12.6,-17.0,0.047333397593378526
26159,-12.6,-16.0,0.024356735540887648
26160,-12.6,-15.0,0.03308965959574775
26161,-12.6,-14.0,0.07035556011716347
26162,-12.6,-13.0,0.03203764126026944
26163,-12.6,-12.0,0.010053813331159064
26164,-12.6,-11.0,0.03077195587567464
26165,-12.6,-10.0,0.06619139746257711
26166,-12.6,-9.0,0.03170993259060415
26167,-12.6,-8.0,0.024503286685782215
26168,-12.6,-7.0,0.04717070737308431
26169,-12.6,-6.0,0.022514632605468796
26170,-12.6,-5.0,0.0073991399950089085
26171,-12.6,-4.0,0.016693936481235464
26172,-12.6,-3.0,0.03305663691169349
26173,-12.6,-2.0,0.016169599567625766
26174,-12.6,-1.0,0.005248338503829018
26175,-12.6,0.0,0.0006601239499488177
26176,-12.6,1.0,0.004551628670667848
26177,-12.6,2.0,0.011102101992450762
26178,-12.6,3.0,0.021460181622520433
26179,-12.6,4.0,0.01048027396950658
26180,-12.6,5.0,0.003746146872046318
26181,-12.6,6.0,0.008144792357636795
26182,-12.6,7.0,0.01590710657109712
26183,-12.6,8.0,0.007921957372644724
26184,-12.6,9.0,0.006788728401900145
26185,-12.6,10.0,0.012795284390262635
26186,-12.6,11.0,0.00599668811884216
26187,-12.6,12.0,0.0018374045577938252
26188,-12.6,13.0,0.004677352467033261
26189,-12.6,14.0,0.009676932667234649
26190,-12.6,15.0,0.004585466107595631
26191,-12.6,16.0,0.003945122852652193
26192,-12.6,17.0,0.007930676222367098
26193,-12.6,18.0,0.003504821330432739
26194,-12.6,19.0,0.0008117413911795946
26195,-12.6,20.0,0.002768425522653107
26196,-12.6,21.0,0.006178271599857211
26197,-12.6,22.0,0.0027870824948384725
26198,-12.6,23.0,0.0024188298396386502
26199,-12.6,24.0,0.005187037551626687
26200,-12.6,25.0,0.002186876618391505
26201,-12.6,26.0,0.000371157529768069
26202,-12.6,27.0,0.001765480817926611
26203,-12.6,28.0,0.004170125673942616
26204,-12.6,29.0,0.0018260500751114328
26205,-12.6,30.0,0.0016027295162980017
26206,-12.6,31.0,0.0035761646617399174
26207,-12.6,32.0,0.0014720283200895018
26208,-12.6,33.0,0.00020285110963920867
26209,-12.6,34.0,0.001213096141116048
26210,-12.6,35.0,0.002943272539244821
26211,-12.6,36.0,0.0012040867029281055
26212,-12.6,37.0,8.96261532928063e-05
26213,-12.6,38.0,7.891917525502298e-06
26214,-12.6,39.0,5.326137628240814e-06
26215,-12.6,40.0,4.033825574606536e-06
26216,-12.6,41.0,3.039803039339213e-06
26217,-12.6,42.0,2.2785620317723116e-06
26218,-12.6,43.0,1.698881518784938e-06
26219,-12.6,44.0,1.2599461694675826e-06
26220,-12.6,45.0,9.294529809906121e-07
26221,-12.6,46.0,6.820077253508986e-07
26222,-12.6,47.0,4.977800885064766e-07
26223,-12.6,48.0,3.6138659855073953e-07
26224,-12.6,49.0,2.6097134012860134e-07
26225,-12.6,50.0,1.8745619686924133e-07
26226,-12.6,51.0,1.3393465836047966e-07
26227,-12.6,52.0,9.51858324753922e-08
26228,-12.6,53.0,6.728802806801353e-08
26229,-12.6,54.0,4.731397417926358e-08
26230,-12.6,55.0,3.309231778140398e-08
26231,-12.6,56.0,2.3022425043538694e-08
26232,-12.6,57.0,1.5931661429195946e-08
26233,-12.6,58.0,1.096622582913895e-08
26234,-12.6,59.0,7.508261937702523e-09
26235,-12.6,60.0,5.113376334322687e-09
26236,-12.6,61.0,3.463874984481887e-09
26237,-12.6,62.0,2.334010316116166e-09
26238,-12.6,63.0,1.5643338467786722e-09
26239,-12.6,64.0,1.042898928624252e-09
26240,-12.6,65.0,6.91577903508607e-10
26241,-12.6,66.0,4.5616935259677377e-10
26242,-12.6,67.0,2.992934465068451e-10
26243,-12.6,68.0,1.9532346426307348e-10
26244,-12.6,69.0,1.2679371799826625e-10
26245,-12.6,70.0,8.187044729266005e-11
26246,-12.6,71.0,5.258267754441727e-11
26247,-12.6,72.0,3.359265565626836e-11
26248,-12.6,73.0,2.134676588242975e-11
26249,-12.6,74.0,1.3492919937910806e-11
26250,-12.5,-75.0,1.7365518139136554e-07
26251,-12.5,-74.0,2.4162901334184306e-07
26252,-12.5,-73.0,3.344232957595593e-07
26253,-12.5,-72.0,4.6039444202951886e-07
26254,-12.5,-71.0,6.30448664607192e-07
26255,-12.5,-70.0,8.587277425992412e-07
26256,-12.5,-69.0,1.1634490405130504e-06
26257,-12.5,-68.0,1.56792521850484e-06
26258,-12.5,-67.0,2.1017905374090443e-06
26259,-12.5,-66.0,2.802461319517804e-06
26260,-12.5,-65.0,3.716857654602477e-06
26261,-12.5,-64.0,4.903411471383227e-06
26262,-12.5,-63.0,6.43438222346966e-06
26263,-12.5,-62.0,8.398495241312521e-06
26264,-12.5,-61.0,1.0903908854951913e-05
26265,-12.5,-60.0,1.408150430361735e-05
26266,-12.5,-59.0,1.8088476891083355e-05
26267,-12.5,-58.0,2.311218760249437e-05
26268,-12.5,-57.0,2.9374211408256756e-05
26269,-12.5,-56.0,3.7134491890458555e-05
26270,-12.5,-55.0,4.6695482043040195e-05
26271,-12.5,-54.0,5.8406118830938466e-05
26272,-12.5,-53.0,7.266544540320828e-05
26273,-12.5,-52.0,8.992566116827244e-05
26274,-12.5,-51.0,0.00011069434805859675
26275,-12.5,-50.0,0.00013553559339464082
26276,-12.5,-49.0,0.0001650697082653562
26277,-12.5,-48.0,0.0001999712290436261
26278,-12.5,-47.0,0.00024096841776783282
26279,-12.5,-46.0,0.00029072472134622376
26280,-12.5,-45.0,0.0005145420582957094
26281,-12.5,-44.0,0.002931240853343012
26282,-12.5,-43.0,0.006862467129692513
26283,-12.5,-42.0,0.005904849933443668
26284,-12.5,-41.0,0.007754985803175904
26285,-12.5,-40.0,0.0038129824522028996
26286,-12.5,-39.0,0.004428288632607998
26287,-12.5,-38.0,0.009253830124698149
26288,-12.5,-37.0,0.004517261707088279
26289,-12.5,-36.0,0.001834241205031496
26290,-12.5,-35.0,0.005777357613683645
26291,-12.5,-34.0,0.012201286777605295
26292,-12.5,-33.0,0.006510403369684131
26293,-12.5,-32.0,0.007585322104025002
26294,-12.5,-31.0,0.015112558975960541
26295,-12.5,-30.0,0.008183964508321531
26296,-12.5,-29.0,0.009553880735006712
26297,-12.5,-28.0,0.018802579547235125
26298,-12.5,-27.0,0.009707865361607174
26299,-12.5,-26.0,0.004555424646756182
26300,-12.5,-25.0,0.012510478109771394
26301,-12.5,-24.0,0.025457322931005673
26302,-12.5,-23.0,0.013761563059205752
26303,-12.5,-22.0,0.01639347120630053
26304,-12.5,-21.0,0.0324695479617181
26305,-12.5,-20.0,0.01624563357356856
26306,-12.5,-19.0,0.00704330993568063
26307,-12.5,-18.0,0.02235024674914355
26308,-12.5,-17.0,0.0473181693293484
26309,-12.5,-16.0,0.024366140431421348
26310,-12.5,-15.0,0.03292745304106669
26311,-12.5,-14.0,0.06988983468834249
26312,-12.5,-13.0,0.031884355886642846
26313,-12.5,-12.0,0.009953808465301457
26314,-12.5,-11.0,0.030862813499275357
26315,-12.5,-10.0,0.06649500711628437
26316,-12.5,-9.0,0.031811518181137165
26317,-12.5,-8.0,0.02450552980681149
26318,-12.5,-7.0,0.047214231526886086
26319,-12.5,-6.0,0.02251554609321914
26320,-12.5,-5.0,0.007374082067404204
26321,-12.5,-4.0,0.016668484265270646
26322,-12.5,-3.0,0.03303149860856828
26323,-12.5,-2.0,0.016151414258043176
26324,-12.5,-1.0,0.005235629102769732
26325,-12.5,0.0,0.0006542350394713321
26326,-12.5,1.0,0.004544835625506932
26327,-12.5,2.0,0.011087475921844508
26328,-12.5,3.0,0.021431636336724836
26329,-12.5,4.0,0.010469544386170728
26330,-12.5,5.0,0.0037463940229219275
26331,-12.5,6.0,0.00813588458482861
26332,-12.5,7.0,0.015881743166228493
26333,-12.5,8.0,0.007913840242054604
26334,-12.5,9.0,0.006781463867806566
26335,-12.5,10.0,0.012772197613385421
26336,-12.5,11.0,0.005990577364071136
26337,-12.5,12.0,0.0018414355472532362
26338,-12.5,13.0,0.004672167307712071
26339,-12.5,14.0,0.009656042854024884
26340,-12.5,15.0,0.004579109124247853
26341,-12.5,16.0,0.0039393158332831565
26342,-12.5,17.0,0.007911008313033393
26343,-12.5,18.0,0.0034989772219039773
26344,-12.5,19.0,0.0008140794535776403
26345,-12.5,20.0,0.0027630734547743805
26346,-12.5,21.0,0.006160075024328255
26347,-12.5,22.0,0.0027805013160661085
26348,-12.5,23.0,0.0024127455854441654
26349,-12.5,24.0,0.005169985854615378
26350,-12.5,25.0,0.0021807946702554247
26351,-12.5,26.0,0.0003715983373606893
26352,-12.5,27.0,0.0017599968675615168
26353,-12.5,28.0,0.004154721739997351
26354,-12.5,29.0,0.0018198070619092365
26355,-12.5,30.0,0.0015970009495413105
26356,-12.5,31.0,0.0035620473253372303
26357,-12.5,32.0,0.0014665161069659994
26358,-12.5,33.0,0.0002024873425544985
26359,-12.5,34.0,0.0012082491321246318
26360,-12.5,35.0,0.0029308587425955165
26361,-12.5,36.0,0.0011991302674697606
26362,-12.5,37.0,8.943843222937731e-05
26363,-12.5,38.0,8.014800964224257e-06
26364,-12.5,39.0,5.425581796623993e-06
26365,-12.5,40.0,4.111358819887368e-06
26366,-12.5,41.0,3.099880820813972e-06
26367,-12.5,42.0,2.3248327546434153e-06
26368,-12.5,43.0,1.7343042038699341e-06
26369,-12.5,44.0,1.2869021170797101e-06
26370,-12.5,45.0,9.498440374553206e-07
26371,-12.5,46.0,6.973415305190783e-07
26372,-12.5,47.0,5.092430661657732e-07
26373,-12.5,48.0,3.6990569685842444e-07
26374,-12.5,49.0,2.6726566468600783e-07
26375,-12.5,50.0,1.9207972931920286e-07
26376,-12.5,51.0,1.3731124024702856e-07
26377,-12.5,52.0,9.763753631517626e-08
26378,-12.5,53.0,6.905795070390574e-08
26379,-12.5,54.0,4.858438397415077e-08
26380,-12.5,55.0,3.3998976662312834e-08
26381,-12.5,56.0,2.3665795900519487e-08
26382,-12.5,57.0,1.6385605846796554e-08
26383,-12.5,58.0,1.1284699765721265e-08
26384,-12.5,59.0,7.730429571510596e-09
26385,-12.5,60.0,5.267485618985388e-09
26386,-12.5,61.0,3.570172495591178e-09
26387,-12.5,62.0,2.4069172021141977e-09
26388,-12.5,63.0,1.614058275026012e-09
26389,-12.5,64.0,1.0766223200204658e-09
26390,-12.5,65.0,7.143213912287412e-10
26391,-12.5,66.0,4.714222110225904e-10
26392,-12.5,67.0,3.0946570883553524e-10
26393,-12.5,68.0,2.0206967038901897e-10
26394,-12.5,69.0,1.3124290686191296e-10
26395,-12.5,70.0,8.478844223589323e-11
26396,-12.5,71.0,5.4485831041343716e-11
26397,-12.5,72.0,3.482704362237523e-11
26398,-12.5,73.0,2.2142963694554394e-11
26399,-12.5,74.0,1.4003641806774069e-11
26400,-12.4,-75.0,1.6970253562859273e-07
26401,-12.4,-74.0,2.3625502540552672e-07
26402,-12.4,-73.0,3.2715976419146213e-07
26403,-12.4,-72.0,4.50634902178528e-07
26404,-12.4,-71.0,6.174131450292664e-07
26405,-12.4,-70.0,8.414203772188621e-07
26406,-12.4,-69.0,1.1406076675019686e-06
26407,-12.4,-68.0,1.5379621788343397e-06
26408,-12.4,-67.0,2.0627240484402557e-06
26409,-12.4,-66.0,2.7518370635007116e-06
26410,-12.4,-65.0,3.6516606117343145e-06
26411,-12.4,-64.0,4.819968565677753e-06
26412,-12.4,-63.0,6.328257059468635e-06
26413,-12.4,-62.0,8.26437710977421e-06
26414,-12.4,-61.0,1.0735499289505914e-05
26415,-12.4,-60.0,1.3871405782765828e-05
26416,-12.4,-59.0,1.782808979373228e-05
26417,-12.4,-58.0,2.279162321793887e-05
26418,-12.4,-57.0,2.8982230631991804e-05
26419,-12.4,-56.0,3.6658481142279576e-05
26420,-12.4,-55.0,4.612147983636206e-05
26421,-12.4,-54.0,5.771890818927906e-05
26422,-12.4,-53.0,7.184872882321609e-05
26423,-12.4,-52.0,8.89623359071685e-05
26424,-12.4,-51.0,0.00010956689999733221
26425,-12.4,-50.0,0.00013422662740457118
26426,-12.4,-49.0,0.00016356263169199216
26427,-12.4,-48.0,0.00019825110243794282
26428,-12.4,-47.0,0.00023902300012338488
26429,-12.4,-46.0,0.0002885547623886672
26430,-12.4,-45.0,0.00051294343843652
26431,-12.4,-44.0,0.002940705471575652
26432,-12.4,-43.0,0.0068902064644955525
26433,-12.4,-42.0,0.005926994825410603
26434,-12.4,-41.0,0.007784776122216908
26435,-12.4,-40.0,0.0038237512021917102
26436,-12.4,-39.0,0.00444051573168804
26437,-12.4,-38.0,0.00928666704086702
26438,-12.4,-37.0,0.0045287897099575225
26439,-12.4,-36.0,0.0018334289394467385
26440,-12.4,-35.0,0.005791855905552563
26441,-12.4,-34.0,0.012241165590626315
26442,-12.4,-33.0,0.00652749021675301
26443,-12.4,-32.0,0.007604920486832124
26444,-12.4,-31.0,0.015159442254834484
26445,-12.4,-30.0,0.008206409572201586
26446,-12.4,-29.0,0.009579149106316586
26447,-12.4,-28.0,0.018857521946541448
26448,-12.4,-27.0,0.009736129167075773
26449,-12.4,-26.0,0.004568961355723387
26450,-12.4,-25.0,0.01254327395552614
26451,-12.4,-24.0,0.025520935815041133
26452,-12.4,-23.0,0.013801590340860034
26453,-12.4,-22.0,0.01643137266161787
26454,-12.4,-21.0,0.032528822417001516
26455,-12.4,-20.0,0.016289762780531195
26456,-12.4,-19.0,0.007077576302381381
26457,-12.4,-18.0,0.022364452588358962
26458,-12.4,-17.0,0.04730001098917043
26459,-12.4,-16.0,0.024374596058212294
26460,-12.4,-15.0,0.03277467744269156
26461,-12.4,-14.0,0.06944852259053778
26462,-12.4,-13.0,0.03174067772261349
26463,-12.4,-12.0,0.00985596569122026
26464,-12.4,-11.0,0.03095787638545856
26465,-12.4,-10.0,0.06680948036489251
26466,-12.4,-9.0,0.031917193134223996
26467,-12.4,-8.0,0.024507489800284603
26468,-12.4,-7.0,0.04725709555466798
26469,-12.4,-6.0,0.022515822593193145
26470,-12.4,-5.0,0.007348370332221119
26471,-12.4,-4.0,0.016641873612462967
26472,-12.4,-3.0,0.03300441863360101
26473,-12.4,-2.0,0.016132090069734706
26474,-12.4,-1.0,0.005222305658196846
26475,-12.4,0.0,0.0006483439900420597
26476,-12.4,1.0,0.004537463411069426
26477,-12.4,2.0,0.011071874177690845
26478,-12.4,3.0,0.021401484900483873
26479,-12.4,4.0,0.010457922677010813
26480,-12.4,5.0,0.003746192728305418
26481,-12.4,6.0,0.008126263191203483
26482,-12.4,7.0,0.01585518567704411
26483,-12.4,8.0,0.007905068327206728
26484,-12.4,9.0,0.00677363575580505
26485,-12.4,10.0,0.012748175439669936
26486,-12.4,11.0,0.0059839912861438214
26487,-12.4,12.0,0.0018452771931088772
26488,-12.4,13.0,0.004666622683419404
26489,-12.4,14.0,0.009634482056910768
26490,-12.4,15.0,0.004572422043947072
26491,-12.4,16.0,0.003933230365027041
26492,-12.4,17.0,0.007890813004024597
26493,-12.4,18.0,0.003492897155518009
26494,-12.4,19.0,0.0008163602747283927
26495,-12.4,20.0,0.002757543582585191
26496,-12.4,21.0,0.0061414862070118805
26497,-12.4,22.0,0.0027737464335558914
26498,-12.4,23.0,0.002406513804483847
26499,-12.4,24.0,0.005152612636153054
26500,-12.4,25.0,0.0021745813715580197
26501,-12.4,26.0,0.0003720229102993482
26502,-12.4,27.0,0.0017544096824344006
26503,-12.4,28.0,0.0041390640967174435
26504,-12.4,29.0,0.001813456292905853
26505,-12.4,30.0,0.001591178946133853
26506,-12.4,31.0,0.0035477140579915287
26507,-12.4,32.0,0.0014609174289664662
26508,-12.4,33.0,0.00020211508830983273
26509,-12.4,34.0,0.0012033316222569979
26510,-12.4,35.0,0.0029182684785586015
26511,-12.4,36.0,0.0011941029125770856
26512,-12.4,37.0,8.924732915089992e-05
26513,-12.4,38.0,8.13893202929669e-06
26514,-12.4,39.0,5.526123389854465e-06
26515,-12.4,40.0,4.189805857545733e-06
26516,-12.4,41.0,3.160711075139783e-06
26517,-12.4,42.0,2.3717167570783457e-06
26518,-12.4,43.0,1.770221890362405e-06
26519,-12.4,44.0,1.3142539290580094e-06
26520,-12.4,45.0,9.70548895922231e-07
26521,-12.4,46.0,7.129219875047372e-07
26522,-12.4,47.0,5.20898335424784e-07
26523,-12.4,48.0,3.785735235854814e-07
26524,-12.4,49.0,2.7367414056254986e-07
26525,-12.4,50.0,1.9679021881649966e-07
26526,-12.4,51.0,1.4075357867237321e-07
26527,-12.4,52.0,1.0013860847152903e-07
26528,-12.4,53.0,7.086467696200958e-08
26529,-12.4,54.0,4.98820406726428e-08
26530,-12.4,55.0,3.4925669846535125e-08
26531,-12.4,56.0,2.4323798747114514e-08
26532,-12.4,57.0,1.6850165805289005e-08
26533,-12.4,58.0,1.1610824813874416e-08
26534,-12.4,59.0,7.958075956803143e-09
26535,-12.4,60.0,5.425492901718072e-09
26536,-12.4,61.0,3.6792256975419135e-09
26537,-12.4,62.0,2.4817599394360668e-09
26538,-12.4,63.0,1.6651341160701108e-09
26539,-12.4,64.0,1.1112832707637098e-09
26540,-12.4,65.0,7.377113110231824e-10
26541,-12.4,66.0,4.871180429231602e-10
26542,-12.4,67.0,3.199396739465334e-10
26543,-12.4,68.0,2.0902011737730644e-10
26544,-12.4,69.0,1.3582952575077351e-10
26545,-12.4,70.0,8.779835702978514e-11
26546,-12.4,71.0,5.645009813863263e-11
26547,-12.4,72.0,3.610182204117924e-11
26548,-12.4,73.0,2.296569794151694e-11
26549,-12.4,74.0,1.4531695309286308e-11
26550,-12.3,-75.0,1.6580708532804238e-07
26551,-12.3,-74.0,2.3095490919006756e-07
26552,-12.3,-73.0,3.1999074579323757e-07
26553,-12.3,-72.0,4.4099508243443795e-07
26554,-12.3,-71.0,6.045276676856888e-07
26555,-12.3,-70.0,8.242989094266066e-07
26556,-12.3,-69.0,1.1179937503492735e-06
26557,-12.3,-68.0,1.5082736154200635e-06
26558,-12.3,-67.0,2.023983648072346e-06
26559,-12.3,-66.0,2.701593312444736e-06
26560,-12.3,-65.0,3.5868982169995067e-06
26561,-12.3,-64.0,4.737009342638843e-06
26562,-12.3,-63.0,6.222652329743738e-06
26563,-12.3,-62.0,8.130793662814529e-06
26564,-12.3,-61.0,1.0567602054467055e-05
26565,-12.3,-60.0,1.3661741662725965e-05
26566,-12.3,-59.0,1.7567978626862415e-05
26567,-12.3,-58.0,2.2471063529354675e-05
26568,-12.3,-57.0,2.8589829686661538e-05
26569,-12.3,-56.0,3.618142074268404e-05
26570,-12.3,-55.0,4.554553124342801e-05
26571,-12.3,-54.0,5.702851137045365e-05
26572,-12.3,-53.0,7.102715281057834e-05
26573,-12.3,-52.0,8.799193822039858e-05
26574,-12.3,-51.0,0.00010842950367059562
26575,-12.3,-50.0,0.0001329040339593588
26576,-12.3,-49.0,0.00016203728722264798
26577,-12.3,-48.0,0.0001965069316399455
26578,-12.3,-47.0,0.00023704643596224998
26579,-12.3,-46.0,0.00028634480740617985
26580,-12.3,-45.0,0.0005112750234721902
26581,-12.3,-44.0,0.002949816356002632
26582,-12.3,-43.0,0.006917132060990822
26583,-12.3,-42.0,0.005948427541680902
26584,-12.3,-41.0,0.00781362938916357
26585,-12.3,-40.0,0.003834030503239646
26586,-12.3,-39.0,0.004452167821889001
26587,-12.3,-38.0,0.00931835146864706
26588,-12.3,-37.0,0.004539705717584769
26589,-12.3,-36.0,0.0018323032969681135
26590,-12.3,-35.0,0.005805559474836131
26591,-12.3,-34.0,0.012279475060757545
26592,-12.3,-33.0,0.006543661160889663
26593,-12.3,-32.0,0.007623457673846759
26594,-12.3,-31.0,0.015204357918089141
26595,-12.3,-30.0,0.008227688191788827
26596,-12.3,-29.0,0.009603078582913717
26597,-12.3,-28.0,0.018910027577751405
26598,-12.3,-27.0,0.00976300977614115
26599,-12.3,-26.0,0.0045817123189626704
26600,-12.3,-25.0,0.012574386271823824
26601,-12.3,-24.0,0.025581409222123305
26602,-12.3,-23.0,0.013839802134515208
26603,-12.3,-22.0,0.016467289459501846
26604,-12.3,-21.0,0.032584505972002624
26605,-12.3,-20.0,0.016331958078382138
26606,-12.3,-19.0,0.0071109307164071425
26607,-12.3,-18.0,0.022377188158161202
26608,-12.3,-17.0,0.04727940094714944
26609,-12.3,-16.0,0.024382261985448742
26610,-12.3,-15.0,0.032630442049094814
26611,-12.3,-14.0,0.06902933681100681
26612,-12.3,-13.0,0.03160570373668036
26613,-12.3,-12.0,0.009760111009556028
26614,-12.3,-11.0,0.031057446436303114
26615,-12.3,-10.0,0.06713557602786416
26616,-12.3,-9.0,0.03202725749700619
26617,-12.3,-8.0,0.02450913815497266
26618,-12.3,-7.0,0.04729919302862388
26619,-12.3,-6.0,0.022515411206876033
26620,-12.3,-5.0,0.0073219866356260144
26621,-12.3,-4.0,0.0166140487569175
26622,-12.3,-3.0,0.03297527883709006
26623,-12.3,-2.0,0.016111570655061108
26624,-12.3,-1.0,0.005208351427003065
26625,-12.3,0.0,0.0006424490347549281
26626,-12.3,1.0,0.004529495281686268
26627,-12.3,2.0,0.01105525388486581
26628,-12.3,3.0,0.021369643800984054
26629,-12.3,4.0,0.010445367005930002
26630,-12.3,5.0,0.0037455266050724296
26631,-12.3,6.0,0.00811589496320819
26632,-12.3,7.0,0.01582737154548636
26633,-12.3,8.0,0.007895608921939051
26634,-12.3,9.0,0.006765215839728531
26635,-12.3,10.0,0.012723167656191182
26636,-12.3,11.0,0.005976904743894125
26637,-12.3,12.0,0.0018489197595965672
26638,-12.3,13.0,0.004660698900062477
26639,-12.3,14.0,0.009612212932161433
26640,-12.3,15.0,0.004565385974454384
26641,-12.3,16.0,0.003926850229011816
26642,-12.3,17.0,0.00787006034434309
26643,-12.3,18.0,0.0034865669661556737
26644,-12.3,19.0,0.0008185793724613775
26645,-12.3,20.0,0.002751824917109308
26646,-12.3,21.0,0.006122482635165193
26647,-12.3,22.0,0.002766807195084091
26648,-12.3,23.0,0.002400125354331259
26649,-12.3,24.0,0.005134899512395784
26650,-12.3,25.0,0.002168228659816448
26651,-12.3,26.0,0.0003724294685512925
26652,-12.3,27.0,0.001748712921447444
26653,-12.3,28.0,0.004123138442423443
26654,-12.3,29.0,0.0018069913840841547
26655,-12.3,30.0,0.0015852579691265837
26656,-12.3,31.0,0.0035331528346220016
26657,-12.3,32.0,0.001455227274588971
26658,-12.3,33.0,0.0002017335760401245
26659,-12.3,34.0,0.0011983395581371672
26660,-12.3,35.0,0.0029054920429144367
26661,-12.3,36.0,0.001189000649988663
26662,-12.3,37.0,8.905252033934167e-05
26663,-12.3,38.0,8.264263804533063e-06
26664,-12.3,39.0,5.6277305309695375e-06
26665,-12.3,40.0,4.269143895491323e-06
26666,-12.3,41.0,3.222277749583179e-06
26667,-12.3,42.0,2.4192029272976175e-06
26668,-12.3,43.0,1.8066270408635997e-06
26669,-12.3,44.0,1.3419966161493252e-06
26670,-12.3,45.0,9.915643541655643e-07
26671,-12.3,46.0,7.287471240631364e-07
26672,-12.3,47.0,5.327447521383103e-07
26673,-12.3,48.0,3.873894772858803e-07
26674,-12.3,49.0,2.801965098862583e-07
26675,-12.3,50.0,2.015876149333279e-07
26676,-12.3,51.0,1.442617398141941e-07
26677,-12.3,52.0,1.0268917290172104e-07
26678,-12.3,53.0,7.270835195040541e-08
26679,-12.3,54.0,5.1207088957186834e-08
26680,-12.3,55.0,3.587252995228497e-08
26681,-12.3,56.0,2.4996548842373247e-08
26682,-12.3,57.0,1.7325437779830424e-08
26683,-12.3,58.0,1.1944679449311988e-08
26684,-12.3,59.0,8.191263480851578e-09
26685,-12.3,60.0,5.587446839873338e-09
26686,-12.3,61.0,3.791071920007806e-09
26687,-12.3,62.0,2.558566754882316e-09
26688,-12.3,63.0,1.7175824372573996e-09
26689,-12.3,64.0,1.146897318747023e-09
26690,-12.3,65.0,7.617589972669924e-10
26691,-12.3,66.0,5.032650317876172e-10
26692,-12.3,67.0,3.307211933711514e-10
26693,-12.3,68.0,2.1617895095808706e-10
26694,-12.3,69.0,1.405564861119185e-10
26695,-12.3,70.0,9.090221908513984e-11
26696,-12.3,71.0,5.847687915324558e-11
26697,-12.3,72.0,3.741795047168631e-11
26698,-12.3,73.0,2.3815621110870378e-11
26699,-12.3,74.0,1.5077520808036436e-11
26700,-12.2,-75.0,1.619708926840056e-07
26701,-12.2,-74.0,2.2573166140643871e-07
26702,-12.2,-73.0,3.129205521037885e-07
26703,-12.2,-72.0,4.314811277037043e-07
26704,-12.2,-71.0,5.918009117561532e-07
26705,-12.2,-70.0,8.073754920472457e-07
26706,-12.2,-69.0,1.0956241639694815e-06
26707,-12.2,-68.0,1.4788827707664586e-06
26708,-12.2,-67.0,1.98560109748377e-06
26709,-12.2,-66.0,2.6517731353624084e-06
26710,-12.2,-65.0,3.5226284345179814e-06
26711,-12.2,-64.0,4.654611238084039e-06
26712,-12.2,-63.0,6.117670733578724e-06
26713,-12.2,-62.0,7.997880133795199e-06
26714,-12.2,-61.0,1.0400393970727015e-05
26715,-12.2,-60.0,1.3452741534134616e-05
26716,-12.2,-59.0,1.7308439449976714e-05
26717,-12.2,-58.0,2.21508877100898e-05
26718,-12.2,-57.0,2.8197490916522058e-05
26719,-12.2,-56.0,3.570392017338976e-05
26720,-12.2,-55.0,4.496840127900646e-05
26721,-12.2,-54.0,5.633588227623872e-05
26722,-12.2,-53.0,7.020189898963371e-05
26723,-12.2,-52.0,8.701592226956664e-05
26724,-12.2,-51.0,0.00010728393701981971
26725,-12.2,-50.0,0.0001315699728240465
26726,-12.2,-49.0,0.00016049628155966568
26727,-12.2,-48.0,0.0001947418426055882
26728,-12.2,-47.0,0.000235042450011834
26729,-12.2,-46.0,0.00028409928480723005
26730,-12.2,-45.0,0.0005095436594285992
26731,-12.2,-44.0,0.0029586041495497906
26732,-12.2,-43.0,0.006943313135818361
26733,-12.2,-42.0,0.005969208379074085
26734,-12.2,-41.0,0.007841624413087443
26735,-12.2,-40.0,0.003843860850655288
26736,-12.2,-39.0,0.004463291948155528
26737,-12.2,-38.0,0.009348978365458968
26738,-12.2,-37.0,0.00455005806556174
26739,-12.2,-36.0,0.0018308862728728008
26740,-12.2,-35.0,0.005818529899001348
26741,-12.2,-34.0,0.01231634109640537
26742,-12.2,-33.0,0.006558985019645522
26743,-12.2,-32.0,0.007641013627260765
26744,-12.2,-31.0,0.015247461938892402
26745,-12.2,-30.0,0.008247885654102737
26746,-12.2,-29.0,0.009625768559472234
26747,-12.2,-28.0,0.01896029017179883
26748,-12.2,-27.0,0.009788606511110182
26749,-12.2,-26.0,0.004593722943705413
26750,-12.2,-25.0,0.012603942540648541
26751,-12.2,-24.0,0.02563900473955374
26752,-12.2,-23.0,0.013876336217696753
26753,-12.2,-22.0,0.016501385528673
26754,-12.2,-21.0,0.03263692939075094
26755,-12.2,-20.0,0.016372378592183358
26756,-12.2,-19.0,0.007143432103183504
26757,-12.2,-18.0,0.022388641176087135
26758,-12.2,-17.0,0.04725673935558615
26759,-12.2,-16.0,0.024389270551405908
26760,-12.2,-15.0,0.032493982726284655
26761,-12.2,-14.0,0.06863031714260596
26762,-12.2,-13.0,0.03147865957454029
26763,-12.2,-12.0,0.009666094127588279
26764,-12.2,-11.0,0.03116185600655493
26765,-12.2,-10.0,0.06747413034279587
26766,-12.2,-9.0,0.032142041007957894
26767,-12.2,-8.0,0.0245104388090559
26768,-12.2,-7.0,0.04734039689578249
26769,-12.2,-6.0,0.022514251362413855
26770,-12.2,-5.0,0.00729490983129735
26771,-12.2,-4.0,0.01658494624843706
26772,-12.2,-3.0,0.03294394525757017
26773,-12.2,-2.0,0.01608979212440345
26774,-12.2,-1.0,0.005193747452601499
26775,-12.2,0.0,0.0006365481687685031
26776,-12.2,1.0,0.004520912515981968
26777,-12.2,2.0,0.011037567039304391
26778,-12.2,3.0,0.021336019440841503
26779,-12.2,4.0,0.010431830618208711
26780,-12.2,5.0,0.0037443775142948854
26781,-12.2,6.0,0.008104742878467634
26782,-12.2,7.0,0.015798230797433317
26783,-12.2,8.0,0.007885425577924111
26784,-12.2,9.0,0.0067561726913067345
26785,-12.2,10.0,0.012697118113098213
26786,-12.2,11.0,0.005969289745491192
26787,-12.2,12.0,0.0018523525499156406
26788,-12.2,13.0,0.004654374038574775
26789,-12.2,14.0,0.009589193684482869
26790,-12.2,15.0,0.0045579798517453255
26791,-12.2,16.0,0.003920157340099772
26792,-12.2,17.0,0.007848716768317105
26793,-12.2,18.0,0.0034799708362469165
26794,-12.2,19.0,0.0008207318097568283
26795,-12.2,20.0,0.0027459051725313246
26796,-12.2,21.0,0.006103039023868853
26797,-12.2,22.0,0.002759671663102437
26798,-12.2,23.0,0.0023935699822798437
26799,-12.2,24.0,0.005116825802183465
26800,-12.2,25.0,0.0021617274791125665
26801,-12.2,26.0,0.0003728160301073847
26802,-12.2,27.0,0.0017428994512125023
26803,-12.2,28.0,0.004106928659366428
26804,-12.2,29.0,0.0018004051441339668
26805,-12.2,30.0,0.0015792317773083507
26806,-12.2,31.0,0.003518350089942646
26807,-12.2,32.0,0.00144943999102127
26808,-12.2,33.0,0.00020134193668386918
26809,-12.2,34.0,0.0011932683635599785
26810,-12.2,35.0,0.0028925184789749593
26811,-12.2,36.0,0.0011838189759934225
26812,-12.2,37.0,8.88536391581446e-05
26813,-12.2,38.0,8.390742079746206e-06
26814,-12.2,39.0,5.7303659959856895e-06
26815,-12.2,40.0,4.349346032457707e-06
26816,-12.2,41.0,3.284561652709532e-06
26817,-12.2,42.0,2.4672777710745343e-06
26818,-12.2,43.0,1.8435103209374278e-06
26819,-12.2,44.0,1.3701238422081153e-06
26820,-12.2,45.0,1.0128862068898916e-06
26821,-12.2,46.0,7.448142257328339e-07
26822,-12.2,47.0,5.447806265171942e-07
26823,-12.2,48.0,3.963525580003662e-07
26824,-12.2,49.0,2.868322256476034e-07
26825,-12.2,50.0,2.0647165885713204e-07
26826,-12.2,51.0,1.478356406753599e-07
26827,-12.2,52.0,1.0528924750135688e-07
26828,-12.2,53.0,7.458904588847544e-08
26829,-12.2,54.0,5.255962100214109e-08
26830,-12.2,55.0,3.683965304331322e-08
26831,-12.2,56.0,2.5684136181173072e-08
26832,-12.2,57.0,1.7811500913146377e-08
26833,-12.2,58.0,1.2286330346315041e-08
26834,-12.2,59.0,8.430046557372523e-09
26835,-12.2,60.0,5.753390746135799e-09
26836,-12.2,61.0,3.905744939327517e-09
26837,-12.2,62.0,2.6373635327724094e-09
26838,-12.2,63.0,1.7714227752104554e-09
26839,-12.2,64.0,1.1834790107395397e-09
26840,-12.2,65.0,7.864751487627334e-10
26841,-12.2,66.0,5.198709576822498e-10
26842,-12.2,67.0,3.4181586535557754e-10
26843,-12.2,68.0,2.235501597047681e-10
26844,-12.2,69.0,1.454266031318111e-10
26845,-12.2,70.0,9.41019976919089e-11
26846,-12.2,71.0,6.0567539875523e-11
26847,-12.2,72.0,3.8776368345817865e-11
26848,-12.2,73.0,2.4693374219131537e-11
26849,-12.2,74.0,1.564155230901389e-11
26850,-12.1,-75.0,1.581955760940733e-07
26851,-12.1,-74.0,2.2058766619523823e-07
26852,-12.1,-73.0,3.059526540592751e-07
26853,-12.1,-72.0,4.2209803607081886e-07
26854,-12.1,-71.0,5.792400008886542e-07
26855,-12.1,-70.0,7.90660180190629e-07
26856,-12.1,-69.0,1.073512970691725e-06
26857,-12.1,-68.0,1.4498091379641423e-06
26858,-12.1,-67.0,1.947603188199634e-06
26859,-12.1,-66.0,2.60241305188266e-06
26860,-12.1,-65.0,3.4589006463238224e-06
26861,-12.1,-64.0,4.572840506079968e-06
26862,-12.1,-63.0,6.013400483949823e-06
26863,-12.1,-62.0,7.86575309473466e-06
26864,-12.1,-61.0,1.0234027955109565e-05
26865,-12.1,-60.0,1.324460454018414e-05
26866,-12.1,-59.0,1.7049729758190002e-05
26867,-12.1,-58.0,2.1831426361591565e-05
26868,-12.1,-57.0,2.7805635830849264e-05
26869,-12.1,-56.0,3.522651314601089e-05
26870,-12.1,-55.0,4.4390761109797156e-05
26871,-12.1,-54.0,5.56418592124817e-05
26872,-12.1,-53.0,6.937400738695998e-05
26873,-12.1,-52.0,8.603556972232619e-05
26874,-12.1,-51.0,0.00010613176900770172
26875,-12.1,-50.0,0.0001302263519679878
26876,-12.1,-49.0,0.0001589419196744979
26877,-12.1,-48.0,0.00019295860168726855
26878,-12.1,-47.0,0.00023301434074113095
26879,-12.1,-46.0,0.0002818221180849279
26880,-12.1,-45.0,0.0005077553898821097
26881,-12.1,-44.0,0.002967095647859309
26882,-12.1,-43.0,0.006968810115134054
26883,-12.1,-42.0,0.005989390010599346
26884,-12.1,-41.0,0.007868830021319821
26885,-12.1,-40.0,0.0038532776983089367
26886,-12.1,-39.0,0.004473929295355532
26887,-12.1,-38.0,0.009378630698451716
26888,-12.1,-37.0,0.00455988909573944
26889,-12.1,-36.0,0.0018291972611648953
26890,-12.1,-35.0,0.005830821092207357
26891,-12.1,-34.0,0.01235187370506937
26892,-12.1,-33.0,0.006573522023311977
26893,-12.1,-32.0,0.0076576582891674655
26894,-12.1,-31.0,0.015288890520838053
26895,-12.1,-30.0,0.008267076505898327
26896,-12.1,-29.0,0.009647305842204286
26897,-12.1,-28.0,0.019008478733149745
26898,-12.1,-27.0,0.009813006023045367
26899,-12.1,-26.0,0.0046050328121913465
26900,-12.1,-25.0,0.012632053727828479
26901,-12.1,-24.0,0.02569395001183417
26902,-12.1,-23.0,0.013911312332694069
26903,-12.1,-22.0,0.01653380293627579
26904,-12.1,-21.0,0.03268637934647004
26905,-12.1,-20.0,0.016411162008345876
26906,-12.1,-19.0,0.0071751308817915695
26907,-12.1,-18.0,0.022398970169758954
26908,-12.1,-17.0,0.047232363439599204
26909,-12.1,-16.0,0.024395732233772484
26910,-12.1,-15.0,0.03236463809190148
26911,-12.1,-14.0,0.06824976852093487
26912,-12.1,-13.0,0.03135887531451426
26913,-12.1,-12.0,0.009573784180142977
26914,-12.1,-11.0,0.03127147313795132
26915,-12.1,-10.0,0.06782607028436119
26916,-12.1,-9.0,0.0322619083041678
26917,-12.1,-8.0,0.024511347240610427
26918,-12.1,-7.0,0.04738055669233486
26919,-12.1,-6.0,0.022512271533399176
26920,-12.1,-5.0,0.007267115422298096
26921,-12.1,-4.0,0.016554494032677287
26922,-12.1,-3.0,0.03291026621672642
26923,-12.1,-2.0,0.01606668213906269
26924,-12.1,-1.0,0.005178472300442128
26925,-12.1,0.0,0.000630639124623354
26926,-12.1,1.0,0.004511694179180698
26927,-12.1,2.0,0.011018759901588302
26928,-12.1,3.0,0.02130050695273731
26929,-12.1,4.0,0.010417261258673143
26930,-12.1,5.0,0.0037427253492124746
26931,-12.1,6.0,0.00809276565696824
26932,-12.1,7.0,0.0157676851772394
26933,-12.1,8.0,0.007874477664805209
26934,-12.1,9.0,0.0067464713044764766
26935,-12.1,10.0,0.01266996403408796
26936,-12.1,11.0,0.005961115114661479
26937,-12.1,12.0,0.0018555637905183088
26938,-12.1,13.0,0.0046476236953156905
26939,-12.1,14.0,0.009565377553302666
26940,-12.1,15.0,0.004550180187730996
26941,-12.1,16.0,0.003913131530522981
26942,-12.1,17.0,0.007826744680415061
26943,-12.1,18.0,0.003473091104752406
26944,-12.1,19.0,0.00082281214067006
26945,-12.1,20.0,0.002739770616866045
26946,-12.1,21.0,0.006083126999439231
26947,-12.1,22.0,0.0027523264673045686
26948,-12.1,23.0,0.00238683619823676
26949,-12.1,24.0,0.005098368265671984
26950,-12.1,25.0,0.00215506766661653
26951,-12.1,26.0,0.0003731803873257156
26952,-12.1,27.0,0.001736961255856618
26953,-12.1,28.0,0.0040904166079988764
26954,-12.1,29.0,0.0017936894827743867
26955,-12.1,30.0,0.001573093345366816
26956,-12.1,31.0,0.0035032905444612227
26957,-12.1,32.0,0.0014435492115363235
26958,-12.1,33.0,0.00020093919166330068
26959,-12.1,34.0,0.0011881128804652344
26960,-12.1,35.0,0.002879335436532187
26961,-12.1,36.0,0.001178552813303257
26962,-12.1,37.0,8.865027109603672e-05
26963,-12.1,38.0,8.51830442329514e-06
26964,-12.1,39.0,5.833986524126533e-06
26965,-12.1,40.0,4.4303807232197055e-06
26966,-12.1,41.0,3.3475400419945234e-06
26967,-12.1,42.0,2.5159250954804396e-06
26968,-12.1,43.0,1.88086035791875e-06
26969,-12.1,44.0,1.3986277412699276e-06
26970,-12.1,45.0,1.0345091077637058e-06
26971,-12.1,46.0,7.611197323579031e-07
26972,-12.1,47.0,5.570036459506618e-07
26973,-12.1,48.0,4.0546131001635824e-07
26974,-12.1,49.0,2.935804094843773e-07
26975,-12.1,50.0,2.1144185243150774e-07
26976,-12.1,51.0,1.514750265075225e-07
26977,-12.1,52.0,1.0793872773388517e-07
26978,-12.1,53.0,7.650674230362105e-08
26979,-12.1,54.0,5.3939668011797546e-08
26980,-12.1,55.0,3.782709259689606e-08
26981,-12.1,56.0,2.6386621218909132e-08
26982,-12.1,57.0,1.830841400265391e-08
26983,-12.1,58.0,1.2635830266691015e-08
26984,-12.1,59.0,8.674470155886504e-09
26985,-12.1,60.0,5.923361569920604e-09
26986,-12.1,61.0,4.023274277078067e-09
26987,-12.1,62.0,2.718173334733153e-09
26988,-12.1,63.0,1.8266728089784931e-09
26989,-12.1,64.0,1.2210416812197163e-09
26990,-12.1,65.0,8.118696799620681e-10
26991,-12.1,66.0,5.369430977559501e-10
26992,-12.1,67.0,3.532289687171005e-10
26993,-12.1,68.0,2.3113753132218312e-10
26994,-12.1,69.0,1.5044256702063334e-10
26995,-12.1,70.0,9.739958526758773e-11
26996,-12.1,71.0,6.272339939763333e-11
26997,-12.1,72.0,4.017798711552878e-11
26998,-12.1,73.0,2.5599581775902902e-11
26999,-12.1,74.0,1.622421425186372e-11
27000,-12.0,-75.0,1.5302745432488546e-07
27001,-12.0,-74.0,2.1349496362617087e-07
27002,-12.0,-73.0,2.962729642640351e-07
27003,-12.0,-72.0,4.089615879824519e-07
27004,-12.0,-71.0,5.615121032357148e-07
27005,-12.0,-70.0,7.668701485462875e-07
27006,-12.0,-69.0,1.0417671312715444e-06
27007,-12.0,-68.0,1.4076853042095398e-06
27008,-12.0,-67.0,1.8920238650130006e-06
27009,-12.0,-66.0,2.5294945667796448e-06
27010,-12.0,-65.0,3.3637754704048737e-06
27011,-12.0,-64.0,4.4494502487914865e-06
27012,-12.0,-63.0,5.854257465820359e-06
27013,-12.0,-62.0,7.661669065255769e-06
27014,-12.0,-61.0,9.973809471911215e-06
27015,-12.0,-60.0,1.2914715800428723e-05
27016,-12.0,-59.0,1.6633925306274254e-05
27017,-12.0,-58.0,2.131035810976105e-05
27018,-12.0,-57.0,2.715644122553675e-05
27019,-12.0,-56.0,3.442239407505982e-05
27020,-12.0,-55.0,4.34005662295207e-05
27021,-12.0,-54.0,5.4429685702049574e-05
27022,-12.0,-53.0,6.789884159833545e-05
27023,-12.0,-52.0,8.425098963606021e-05
27024,-12.0,-51.0,0.00010398573463891138
27025,-12.0,-50.0,0.00012766111266717658
27026,-12.0,-49.0,0.00015589406937821393
27027,-12.0,-48.0,0.000189359314310399
27028,-12.0,-47.0,0.00022878979929233443
27029,-12.0,-46.0,0.0002768842927996935
27030,-12.0,-45.0,0.0005011508284914199
27031,-12.0,-44.0,0.0029472926619802144
27032,-12.0,-43.0,0.006927809034979192
27033,-12.0,-42.0,0.005952425281059523
27034,-12.0,-41.0,0.007820948020501414
27035,-12.0,-40.0,0.003825936695219386
27036,-12.0,-39.0,0.004441884357056844
27037,-12.0,-38.0,0.009318781885764071
27038,-12.0,-37.0,0.004526202680301344
27039,-12.0,-36.0,0.0018100442499151977
27040,-12.0,-35.0,0.005787455578908766
27041,-12.0,-34.0,0.012269515594861991
27042,-12.0,-33.0,0.006525285231177652
27043,-12.0,-32.0,0.0076011839867210435
27044,-12.0,-31.0,0.015184395735711963
27045,-12.0,-30.0,0.008207294406463323
27046,-12.0,-29.0,0.0095767148631841
27047,-12.0,-28.0,0.018875282410017562
27048,-12.0,-27.0,0.009743645409218472
27049,-12.0,-26.0,0.00457220581043658
27050,-12.0,-25.0,0.012539595179851898
27051,-12.0,-24.0,0.025503962098408887
27052,-12.0,-23.0,0.013813501506561465
27053,-12.0,-22.0,0.016408658060876463
27054,-12.0,-21.0,0.03242482250027813
27055,-12.0,-20.0,0.01629351541328762
27056,-12.0,-19.0,0.007138203008664267
27057,-12.0,-18.0,0.022197266174771673
27058,-12.0,-17.0,0.04676196308889027
27059,-12.0,-16.0,0.024171921712012576
27060,-12.0,-15.0,0.03193817431662714
27061,-12.0,-14.0,0.06724685433698765
27062,-12.0,-13.0,0.03095149101714579
27063,-12.0,-12.0,0.009418101102169927
27064,-12.0,-11.0,0.03139504051003469
27065,-12.0,-10.0,0.06821053353819388
27066,-12.0,-9.0,0.032395863447470294
27067,-12.0,-8.0,0.024518316772966967
27068,-12.0,-7.0,0.047432084118054156
27069,-12.0,-6.0,0.022515363488722715
27070,-12.0,-5.0,0.007240496827226696
27071,-12.0,-4.0,0.01652699677330685
27072,-12.0,-3.0,0.03288279745106756
27073,-12.0,-2.0,0.016046417699057864
27074,-12.0,-1.0,0.005163872282030608
27075,-12.0,0.0,0.0006248851926414163
27076,-12.0,1.0,0.004503011981022439
27077,-12.0,2.0,0.011001692225958112
27078,-12.0,3.0,0.021268633680605324
27079,-12.0,4.0,0.010404361893272056
27080,-12.0,5.0,0.0037415408227893477
27081,-12.0,6.0,0.008082062281007626
27082,-12.0,7.0,0.015739824612150795
27083,-12.0,8.0,0.007864807239378229
27084,-12.0,9.0,0.006737860938905339
27085,-12.0,10.0,0.012644991292647796
27086,-12.0,11.0,0.005953926320638675
27087,-12.0,12.0,0.001859033898765193
27088,-12.0,13.0,0.004641652610661781
27089,-12.0,14.0,0.0095432450659624
27090,-12.0,15.0,0.004543166568351787
27091,-12.0,16.0,0.003906787189726669
27092,-12.0,17.0,0.007806173790838684
27093,-12.0,18.0,0.0034668281679368688
27094,-12.0,19.0,0.0008250333177958802
27095,-12.0,20.0,0.0027341315578530254
27096,-12.0,21.0,0.006064324249326988
27097,-12.0,22.0,0.0027454853060516616
27098,-12.0,23.0,0.002380542941265904
27099,-12.0,24.0,0.005080849296593468
27100,-12.0,25.0,0.0021488081307608447
27101,-12.0,26.0,0.0003736192408930913
27102,-12.0,27.0,0.0017313488453540285
27103,-12.0,28.0,0.004074663334424566
27104,-12.0,29.0,0.0017873096697674008
27105,-12.0,30.0,0.0015672507313362017
27106,-12.0,31.0,0.003488882978215125
27107,-12.0,32.0,0.001437929408477194
27108,-12.0,33.0,0.00020057747496471577
27109,-12.0,34.0,0.001183182744801651
27110,-12.0,35.0,0.0028674543047198654
27111,-12.0,36.0,0.0012417871792818709
27112,-12.0,37.0,0.0010996906626335066
27113,-12.0,38.0,0.0024919457660925793
27114,-12.0,39.0,0.0010171247855563863
27115,-12.0,40.0,7.278705830050243e-05
27116,-12.0,41.0,4.176448593502797e-06
27117,-12.0,42.0,2.5672255526906344e-06
27118,-12.0,43.0,1.9191732620103596e-06
27119,-12.0,44.0,1.427877675736912e-06
27120,-12.0,45.0,1.0567068679602806e-06
27121,-12.0,46.0,7.778655698704251e-07
27122,-12.0,47.0,5.695619518123872e-07
27123,-12.0,48.0,4.148238530465656e-07
27124,-12.0,49.0,3.005195629999404e-07
27125,-12.0,50.0,2.165548976280005e-07
27126,-12.0,51.0,1.5522064139978982e-07
27127,-12.0,52.0,1.1066673945463445e-07
27128,-12.0,53.0,7.848215410743733e-08
27129,-12.0,54.0,5.536188386963906e-08
27130,-12.0,55.0,3.88451623042964e-08
27131,-12.0,56.0,2.71112254317236e-08
27132,-12.0,57.0,1.8821207290651567e-08
27133,-12.0,58.0,1.2996665018453974e-08
27134,-12.0,59.0,8.926937367184113e-09
27135,-12.0,60.0,6.099007433866957e-09
27136,-12.0,61.0,4.144784439656898e-09
27137,-12.0,62.0,2.8017594476088453e-09
27138,-12.0,63.0,1.8838479658394607e-09
27139,-12.0,64.0,1.2599315891969152e-09
27140,-12.0,65.0,8.381740045641703e-10
27141,-12.0,66.0,5.546353140663e-10
27142,-12.0,67.0,3.650622755325207e-10
27143,-12.0,68.0,2.3900803583525226e-10
27144,-12.0,69.0,1.5564821944455003e-10
27145,-12.0,70.0,1.0082353459249162e-10
27146,-12.0,71.0,6.496295741031732e-11
27147,-12.0,72.0,4.163473114263207e-11
27148,-12.0,73.0,2.6541890238844294e-11
27149,-12.0,74.0,1.6830384613101695e-11
27150,-11.9,-75.0,1.4801024518021137e-07
27151,-11.9,-74.0,2.0660529518450326e-07
27152,-11.9,-73.0,2.868647765989809e-07
27153,-11.9,-72.0,3.961859870478089e-07
27154,-11.9,-71.0,5.44260859523806e-07
27155,-11.9,-70.0,7.437058595489273e-07
27156,-11.9,-69.0,1.010837653209765e-06
27157,-11.9,-68.0,1.3666198543017703e-06
27158,-11.9,-67.0,1.8378080455908735e-06
27159,-11.9,-66.0,2.4583214950195465e-06
27160,-11.9,-65.0,3.270870245577364e-06
27161,-11.9,-64.0,4.328865190619175e-06
27162,-11.9,-63.0,5.698635954334182e-06
27163,-11.9,-62.0,7.461976448132578e-06
27164,-11.9,-61.0,9.719030423244164e-06
27165,-11.9,-60.0,1.2591518755743179e-05
27166,-11.9,-59.0,1.6226296196106166e-05
27167,-11.9,-58.0,2.0799207590859042e-05
27168,-11.9,-57.0,2.6519191971239728e-05
27169,-11.9,-56.0,3.363255741977547e-05
27170,-11.9,-55.0,4.242732052495794e-05
27171,-11.9,-54.0,5.323747206183195e-05
27172,-11.9,-53.0,6.644699617411665e-05
27173,-11.9,-52.0,8.249343503533958e-05
27174,-11.9,-51.0,0.00010187075637667497
27175,-11.9,-50.0,0.00012513124941781806
27176,-11.9,-49.0,0.00015288614800690835
27177,-11.9,-48.0,0.00018580466193163602
27178,-11.9,-47.0,0.0002246146460324443
27179,-11.9,-46.0,0.0002720004563027047
27180,-11.9,-45.0,0.000494598893938256
27181,-11.9,-44.0,0.002927465540046794
27182,-11.9,-43.0,0.006886655154008179
27183,-11.9,-42.0,0.00591535184946731
27184,-11.9,-41.0,0.007772907619645596
27185,-11.9,-40.0,0.0037985678123606988
27186,-11.9,-39.0,0.004409806152357826
27187,-11.9,-38.0,0.00925876498968713
27188,-11.9,-37.0,0.004492477559197354
27189,-11.9,-36.0,0.001790924090499368
27190,-11.9,-35.0,0.005744033194062922
27191,-11.9,-34.0,0.012186954674705486
27192,-11.9,-33.0,0.006476950420015776
27193,-11.9,-32.0,0.007544605554034557
27194,-11.9,-31.0,0.015079673215419658
27195,-11.9,-30.0,0.008147353563275075
27196,-11.9,-29.0,0.009505975238657734
27197,-11.9,-28.0,0.018741872318899178
27198,-11.9,-27.0,0.00967406059482357
27199,-11.9,-26.0,0.004539140666356634
27200,-11.9,-25.0,0.01244700020198098
27201,-11.9,-24.0,0.02531401941032948
27202,-11.9,-23.0,0.0137154935556372
27203,-11.9,-22.0,0.01628361409395781
27204,-11.9,-21.0,0.032164078677519733
27205,-11.9,-20.0,0.01617586837969942
27206,-11.9,-19.0,0.007100900464523264
27207,-11.9,-18.0,0.021997366219658997
27208,-11.9,-17.0,0.04629685883569405
27209,-11.9,-16.0,0.023950718655334106
27210,-11.9,-15.0,0.03152400728904477
27211,-11.9,-14.0,0.06627473842752334
27212,-11.9,-13.0,0.030556225560054436
27213,-11.9,-12.0,0.00935481061545202
27214,-11.9,-11.0,0.03181178889130439
27215,-11.9,-10.0,0.06923549413978727
27216,-11.9,-9.0,0.032832077815192096
27217,-11.9,-8.0,0.024748077725554138
27218,-11.9,-7.0,0.047914536459234866
27219,-11.9,-6.0,0.02272247659638451
27220,-11.9,-5.0,0.007278760684781482
27221,-11.9,-4.0,0.01664817451673147
27222,-11.9,-3.0,0.033151725540479356
27223,-11.9,-2.0,0.01617054069141236
27224,-11.9,-1.0,0.005195419013359863
27225,-11.9,0.0,0.0006247516356491968
27226,-11.9,1.0,0.004534554322296471
27227,-11.9,2.0,0.011083370849637928
27228,-11.9,3.0,0.021427946753135935
27229,-11.9,4.0,0.010484902291446678
27230,-11.9,5.0,0.0037738562151588915
27231,-11.9,6.0,0.008143911636114791
27232,-11.9,7.0,0.015853401344563815
27233,-11.9,8.0,0.007925784125052343
27234,-11.9,9.0,0.006789768075611788
27235,-11.9,10.0,0.012733645486229324
27236,-11.9,11.0,0.006000239668464981
27237,-11.9,12.0,0.0018792127452656382
27238,-11.9,13.0,0.0046773987119091715
27239,-11.9,14.0,0.009606874238035544
27240,-11.9,15.0,0.004576997680926163
27241,-11.9,16.0,0.003935568896340123
27242,-11.9,17.0,0.007855755337805316
27243,-11.9,18.0,0.0034917419256334844
27244,-11.9,19.0,0.0008347022627577578
27245,-11.9,20.0,0.0027530827745818397
27246,-11.9,21.0,0.0061000149775363895
27247,-11.9,22.0,0.002763332184271757
27248,-11.9,23.0,0.0023956562340663227
27249,-11.9,24.0,0.005108979253434867
27250,-11.9,25.0,0.0021618686290316978
27251,-11.9,26.0,0.00037743646653447575
27252,-11.9,27.0,0.0017413010889937778
27253,-11.9,28.0,0.0040955091929281515
27254,-11.9,29.0,0.0017969916885160614
27255,-11.9,30.0,0.0015754913871117821
27256,-11.9,31.0,0.0035058067353657975
27257,-11.9,32.0,0.001445227954520866
27258,-11.9,33.0,0.00020202495960705016
27259,-11.9,34.0,0.0011888789900553905
27260,-11.9,35.0,0.002880550075332187
27261,-11.9,36.0,0.0012475765970412838
27262,-11.9,37.0,0.001104682861988424
27263,-11.9,38.0,0.0025029095568417058
27264,-11.9,39.0,0.001021664603303317
27265,-11.9,40.0,7.320829297848077e-05
27266,-11.9,41.0,4.276640971774541e-06
27267,-11.9,42.0,2.641491483951874e-06
27268,-11.9,43.0,1.97577018320063e-06
27269,-11.9,44.0,1.4707693824449871e-06
27270,-11.9,45.0,1.0890290172248298e-06
27271,-11.9,46.0,8.02085796561148e-07
27272,-11.9,47.0,5.876092311118197e-07
27273,-11.9,48.0,4.281961230736183e-07
27274,-11.9,49.0,3.1037242743579724e-07
27275,-11.9,50.0,2.237740760587182e-07
27276,-11.9,51.0,1.6048062872011895e-07
27277,-11.9,52.0,1.1447789661999105e-07
27278,-11.9,53.0,8.122819936033347e-08
27279,-11.9,54.0,5.732950043251278e-08
27280,-11.9,55.0,4.024719562162189e-08
27281,-11.9,56.0,2.8104717223482144e-08
27282,-11.9,57.0,1.9521309081258914e-08
27283,-11.9,58.0,1.3487292418425894e-08
27284,-11.9,59.0,9.268868580065817e-09
27285,-11.9,60.0,6.335994452098863e-09
27286,-11.9,61.0,4.3081316220670465e-09
27287,-11.9,62.0,2.913729618376819e-09
27288,-11.9,63.0,1.9601785986137955e-09
27289,-11.9,64.0,1.3116807549223483e-09
27290,-11.9,65.0,8.730653619574539e-10
27291,-11.9,66.0,5.780314628941123e-10
27292,-11.9,67.0,3.8066443749235067e-10
27293,-11.9,68.0,2.4935566632643527e-10
27294,-11.9,69.0,1.6247340596176618e-10
27295,-11.9,70.0,1.0530074301797158e-10
27296,-11.9,71.0,6.78838857890812e-11
27297,-11.9,72.0,4.352993915797598e-11
27298,-11.9,73.0,2.7764862925747786e-11
27299,-11.9,74.0,1.761526231599974e-11
27300,-11.8,-75.0,1.4446420671697588e-07
27301,-11.8,-74.0,2.0176290226459085e-07
27302,-11.8,-73.0,2.802905676943643e-07
27303,-11.8,-72.0,3.8731271758198543e-07
27304,-11.8,-71.0,5.323547571105679e-07
27305,-11.8,-70.0,7.278244293982983e-07
27306,-11.8,-69.0,9.89778977611087e-07
27307,-11.8,-68.0,1.3388623522215769e-06
27308,-11.8,-67.0,1.801439750063582e-06
27309,-11.8,-66.0,2.4109580890225427e-06
27310,-11.8,-65.0,3.20956139565193e-06
27311,-11.8,-64.0,4.249989157266784e-06
27312,-11.8,-63.0,5.597783064980235e-06
27313,-11.8,-62.0,7.333822816375401e-06
27314,-11.8,-61.0,9.55720430743553e-06
27315,-11.8,-60.0,1.238846318419036e-05
27316,-11.8,-59.0,1.5973132948884643e-05
27317,-11.8,-58.0,2.048560930937515e-05
27318,-11.8,-57.0,2.6133271039012193e-05
27319,-11.8,-56.0,3.316078227326732e-05
27320,-11.8,-55.0,4.1854472139484474e-05
27321,-11.8,-54.0,5.254665541598585e-05
27322,-11.8,-53.0,6.561972340067096e-05
27323,-11.8,-52.0,8.150979856421695e-05
27324,-11.8,-51.0,0.00010070971148920273
27325,-11.8,-50.0,0.00012377102606523233
27326,-11.8,-49.0,0.0001513048112933894
27327,-11.8,-48.0,0.00018398083912124716
27328,-11.8,-47.0,0.00022252844910976988
27329,-11.8,-46.0,0.0002696420845946194
27330,-11.8,-45.0,0.0004926148744990854
27331,-11.8,-44.0,0.002934511512822162
27332,-11.8,-43.0,0.006908672023227974
27333,-11.8,-42.0,0.005932546522228478
27334,-11.8,-41.0,0.007796167318164738
27335,-11.8,-40.0,0.0038060574476566442
27336,-11.8,-39.0,0.004418192001192466
27337,-11.8,-38.0,0.009283673377025107
27338,-11.8,-37.0,0.004499961178240727
27339,-11.8,-36.0,0.0017882295557815732
27340,-11.8,-35.0,0.005753289657914122
27341,-11.8,-34.0,0.012216163855552992
27342,-11.8,-33.0,0.006487988113940184
27343,-11.8,-32.0,0.007557193639157416
27344,-11.8,-31.0,0.015113250106164896
27345,-11.8,-30.0,0.008162069362179582
27346,-11.8,-29.0,0.009522369999429289
27347,-11.8,-28.0,0.0187803863500359
27348,-11.8,-27.0,0.009693099859026671
27349,-11.8,-26.0,0.004547523619132534
27350,-11.8,-25.0,0.01246855254571345
27351,-11.8,-24.0,0.025356526132730806
27352,-11.8,-23.0,0.013743254408108502
27353,-11.8,-22.0,0.016308136827060216
27354,-11.8,-21.0,0.032199246333637355
27355,-11.8,-20.0,0.01620675656524104
27356,-11.8,-19.0,0.007128557268771473
27357,-11.8,-18.0,0.022000838095026426
27358,-11.8,-17.0,0.046260850103022305
27359,-11.8,-16.0,0.023951504635696272
27360,-11.8,-15.0,0.0314090763613096
27361,-11.8,-14.0,0.0659354554312567
27362,-11.8,-13.0,0.030451243423766716
27363,-11.8,-12.0,0.009445669255846535
27364,-11.8,-11.0,0.031936788186239067
27365,-11.8,-10.0,0.06962913705228276
27366,-11.8,-9.0,0.03296688797054088
27367,-11.8,-8.0,0.0247442228527135
27368,-11.8,-7.0,0.04794449622601832
27369,-11.8,-6.0,0.02271447706740038
27370,-11.8,-5.0,0.007247394932458901
27371,-11.8,-4.0,0.016610643562255167
27372,-11.8,-3.0,0.03310518645227773
27373,-11.8,-2.0,0.016140539153136957
27374,-11.8,-1.0,0.00517713173986784
27375,-11.8,0.0,0.0006186636827348248
27376,-11.8,1.0,0.004522581284173142
27377,-11.8,2.0,0.011059158617282802
27378,-11.8,3.0,0.021382825738094732
27379,-11.8,4.0,0.010465322095496575
27380,-11.8,5.0,0.0037700292894830875
27381,-11.8,6.0,0.008127963043503656
27382,-11.8,7.0,0.015815678920717478
27383,-11.8,8.0,0.007911091239252889
27384,-11.8,9.0,0.006776844421327134
27385,-11.8,10.0,0.012700775145819338
27386,-11.8,11.0,0.005989286355947111
27387,-11.8,12.0,0.0018814552832328686
27388,-11.8,13.0,0.004668510694680856
27389,-11.8,14.0,0.009578828254242642
27390,-11.8,15.0,0.004567166421380527
27391,-11.8,16.0,0.0039268099314001235
27392,-11.8,17.0,0.007830374952399901
27393,-11.8,18.0,0.003483355474026008
27394,-11.8,19.0,0.0008364365203553409
27395,-11.8,20.0,0.0027457813887644903
27396,-11.8,21.0,0.006077494213218454
27397,-11.8,22.0,0.002754825264303745
27398,-11.8,23.0,0.0023879226541552827
27399,-11.8,24.0,0.005088349102788215
27400,-11.8,25.0,0.0021543095867680396
27401,-11.8,26.0,0.0003776719581404365
27402,-11.8,27.0,0.0017346435102993795
27403,-11.8,28.0,0.0040772589352977414
27404,-11.8,29.0,0.0017895271531765751
27405,-11.8,30.0,0.0015686981879423963
27406,-11.8,31.0,0.0034892580645212857
27407,-11.8,32.0,0.0014387329867021883
27408,-11.8,33.0,0.0002015512824106936
27409,-11.8,34.0,0.0011832266574711876
27410,-11.8,35.0,0.0028661379051190864
27411,-11.8,36.0,0.0012414545026601207
27412,-11.8,37.0,0.0010991272998289719
27413,-11.8,38.0,0.002489969137695712
27414,-11.8,39.0,0.0010164482311215927
27415,-11.8,40.0,7.293235552650141e-05
27416,-11.8,41.0,4.337660762701133e-06
27417,-11.8,42.0,2.691853840629816e-06
27418,-11.8,43.0,2.0145385856911493e-06
27419,-11.8,44.0,1.5004277093129921e-06
27420,-11.8,45.0,1.1115814504763744e-06
27421,-11.8,46.0,8.191322395685864e-07
27422,-11.8,47.0,6.004172566029262e-07
27423,-11.8,48.0,4.3776260082886036e-07
27424,-11.8,49.0,3.1747565801671543e-07
27425,-11.8,50.0,2.2901738405592234e-07
27426,-11.8,51.0,1.6432841823248738e-07
27427,-11.8,52.0,1.1728516468347005e-07
27428,-11.8,53.0,8.326445647141464e-08
27429,-11.8,54.0,5.87979749162535e-08
27430,-11.8,55.0,4.1300111360937406e-08
27431,-11.8,56.0,2.885534063759577e-08
27432,-11.8,57.0,2.0053367426586527e-08
27433,-11.8,58.0,1.3862275806980637e-08
27434,-11.8,59.0,9.53164535125264e-09
27435,-11.8,60.0,6.519095265495229e-09
27436,-11.8,61.0,4.434992518863536e-09
27437,-11.8,62.0,3.001128325439543e-09
27438,-11.8,63.0,2.020051071441491e-09
27439,-11.8,64.0,1.3524656448748177e-09
27440,-11.8,65.0,9.006918706506683e-10
27441,-11.8,66.0,5.96639980766054e-10
27442,-11.8,67.0,3.931285359350097e-10
27443,-11.8,68.0,2.576575624011449e-10
27444,-11.8,69.0,1.6797216746512465e-10
27445,-11.8,70.0,1.0892256662047763e-10
27446,-11.8,71.0,7.025617703057209e-11
27447,-11.8,72.0,4.507515920969443e-11
27448,-11.8,73.0,2.8765778511696493e-11
27449,-11.8,74.0,1.8260013847152844e-11
27450,-11.7,-75.0,1.4098195880162954e-07
27451,-11.7,-74.0,1.9700442850943484e-07
27452,-11.7,-73.0,2.738259133331696e-07
27453,-11.7,-72.0,3.7858134379784717e-07
27454,-11.7,-71.0,5.206309468959029e-07
27455,-11.7,-70.0,7.121752194182175e-07
27456,-11.7,-69.0,9.690135369592827e-07
27457,-11.7,-68.0,1.3114717429298504e-06
27458,-11.7,-67.0,1.7655260861153827e-06
27459,-11.7,-66.0,2.3641522822862976e-06
27460,-11.7,-65.0,3.148928962891009e-06
27461,-11.7,-64.0,4.171923988109411e-06
27462,-11.7,-63.0,5.497889642705538e-06
27463,-11.7,-62.0,7.206788166450423e-06
27464,-11.7,-61.0,9.39666194411778e-06
27465,-11.7,-60.0,1.218685254794162e-05
27466,-11.7,-59.0,1.5721559281893852e-05
27467,-11.7,-58.0,2.0173710594958348e-05
27468,-11.7,-57.0,2.5749100507810937e-05
27469,-11.7,-56.0,3.269071700904922e-05
27470,-11.7,-55.0,4.128316042999055e-05
27471,-11.7,-54.0,5.1857017593186736e-05
27472,-11.7,-53.0,6.479302287569944e-05
27473,-11.7,-52.0,8.05258014334373e-05
27474,-11.7,-51.0,9.954695429279089e-05
27475,-11.7,-50.0,0.0001224072118218731
27476,-11.7,-49.0,0.00014971735360594753
27477,-11.7,-48.0,0.0001821475727433291
27478,-11.7,-47.0,0.00022042853640959388
27479,-11.7,-46.0,0.00026726446061337656
27480,-11.7,-45.0,0.0004905921673364325
27481,-11.7,-44.0,0.0029413325225571656
27482,-11.7,-43.0,0.006930161961797198
27483,-11.7,-42.0,0.0059492803482085015
27484,-11.7,-41.0,0.00781881794829872
27485,-11.7,-40.0,0.003813229665834523
27486,-11.7,-39.0,0.004426202915589014
27487,-11.7,-38.0,0.009307826885060842
27488,-11.7,-37.0,0.0045070396606074386
27489,-11.7,-36.0,0.001785321075388075
27490,-11.7,-35.0,0.005762014942550844
27491,-11.7,-34.0,0.012244333423798801
27492,-11.7,-33.0,0.006498404272275172
27493,-11.7,-32.0,0.00756906203850212
27494,-11.7,-31.0,0.015145516264059161
27495,-11.7,-30.0,0.00817598222120266
27496,-11.7,-29.0,0.009537848499286381
27497,-11.7,-28.0,0.018817278526293234
27498,-11.7,-27.0,0.009711176491822932
27499,-11.7,-26.0,0.004555315501908183
27500,-11.7,-25.0,0.012488957398556497
27501,-11.7,-24.0,0.02539698784879581
27502,-11.7,-23.0,0.013769774295458772
27503,-11.7,-22.0,0.01633135379716378
27504,-11.7,-21.0,0.032232192762510284
27505,-11.7,-20.0,0.016236363524222818
27506,-11.7,-19.0,0.007155531403207138
27507,-11.7,-18.0,0.022003554483234204
27508,-11.7,-17.0,0.04622391131370901
27509,-11.7,-16.0,0.023951956807493523
27510,-11.7,-15.0,0.03129916210762904
27511,-11.7,-14.0,0.06560934158916344
27512,-11.7,-13.0,0.030351398359654225
27513,-11.7,-12.0,0.009538228388899821
27514,-11.7,-11.0,0.03206912129362862
27515,-11.7,-10.0,0.07004147711609959
27516,-11.7,-9.0,0.03310888479672406
27517,-11.7,-8.0,0.024739766073201604
27518,-11.7,-7.0,0.04797263355679001
27519,-11.7,-6.0,0.02270529291906186
27520,-11.7,-5.0,0.007215194492540323
27521,-11.7,-4.0,0.016571412391044454
27522,-11.7,-3.0,0.03305555907966988
27523,-11.7,-2.0,0.016108853105294293
27524,-11.7,-1.0,0.005158070169792943
27525,-11.7,0.0,0.0006125586046313443
27526,-11.7,1.0,0.004509871519706537
27527,-11.7,2.0,0.01103356728313707
27528,-11.7,3.0,0.02133531230093416
27529,-11.7,4.0,0.010444456810716598
27530,-11.7,5.0,0.003765601315448584
27531,-11.7,6.0,0.008110990898087105
27532,-11.7,7.0,0.015776177714212292
27533,-11.7,8.0,0.00789543852298016
27534,-11.7,9.0,0.0067630945822600074
27535,-11.7,10.0,0.012666501536566215
27536,-11.7,11.0,0.0059776238340895635
27537,-11.7,12.0,0.0018834183528822293
27538,-11.7,13.0,0.004659080371015405
27539,-11.7,14.0,0.009549764108268972
27540,-11.7,15.0,0.0045568295029390655
27541,-11.7,16.0,0.003917621916498937
27542,-11.7,17.0,0.007804188969458843
27543,-11.7,18.0,0.0034746014040864352
27544,-11.7,19.0,0.0008380717516503506
27545,-11.7,20.0,0.002738200091089359
27546,-11.7,21.0,0.006054372290188974
27547,-11.7,22.0,0.0027460456112203377
27548,-11.7,23.0,0.002379956581639099
27549,-11.7,24.0,0.005067226973031079
27550,-11.7,25.0,0.002146544240196712
27551,-11.7,26.0,0.00037787440407244753
27552,-11.7,27.0,0.00172782378953252
27553,-11.7,28.0,0.004058622568163015
27554,-11.7,29.0,0.0017818956159684199
27555,-11.7,30.0,0.0015617602032934573
27556,-11.7,31.0,0.0034723822992078915
27557,-11.7,32.0,0.0014321051144355077
27558,-11.7,33.0,0.00020106182402258442
27559,-11.7,34.0,0.0011774663236373461
27560,-11.7,35.0,0.0028514596706034666
27561,-11.7,36.0,0.0012352182998855278
27562,-11.7,37.0,0.001093471458704102
27563,-11.7,38.0,0.0024767990514701073
27564,-11.7,39.0,0.0010111387704430843
27565,-11.7,40.0,7.265072925312779e-05
27566,-11.7,41.0,4.399167213691824e-06
27567,-11.7,42.0,2.7426889279695666e-06
27568,-11.7,43.0,2.053701984072011e-06
27569,-11.7,44.0,1.5304115667920758e-06
27570,-11.7,45.0,1.1343989002176169e-06
27571,-11.7,46.0,8.363920161555621e-07
27572,-11.7,47.0,6.133952194223892e-07
27573,-11.7,48.0,4.4746311900952345e-07
27574,-11.7,49.0,3.24683631803905e-07
27575,-11.7,50.0,2.3434181559684084e-07
27576,-11.7,51.0,1.6823850331999695e-07
27577,-11.7,52.0,1.2013987783768085e-07
27578,-11.7,53.0,8.533656155251235e-08
27579,-11.7,54.0,6.029332615409549e-08
27580,-11.7,55.0,4.23730264039972e-08
27581,-11.7,56.0,2.9620736580043368e-08
27582,-11.7,57.0,2.0596259146038745e-08
27583,-11.7,58.0,1.424514781532454e-08
27584,-11.7,59.0,9.800126648819317e-09
27585,-11.7,60.0,6.706293086586185e-09
27586,-11.7,61.0,4.564776121513237e-09
27587,-11.7,62.0,3.090598189099168e-09
27588,-11.7,63.0,2.081381636453622e-09
27589,-11.7,64.0,1.394270376575299e-09
27590,-11.7,65.0,9.29027116319841e-10
27591,-11.7,66.0,6.157379033757905e-10
27592,-11.7,67.0,4.059284540261917e-10
27593,-11.7,68.0,2.661884508528117e-10
27594,-11.7,69.0,1.7362610810480337e-10
27595,-11.7,70.0,1.1264890118706872e-10
27596,-11.7,71.0,7.269842412098276e-11
27597,-11.7,72.0,4.666692029619944e-11
27598,-11.7,73.0,2.979747014905129e-11
27599,-11.7,74.0,1.8924994108485133e-11
27600,-11.6,-75.0,1.3756372670023222e-07
27601,-11.6,-74.0,1.923303271953438e-07
27602,-11.6,-73.0,2.67471624683187e-07
27603,-11.6,-72.0,3.6999322226718456e-07
27604,-11.6,-71.0,5.090915971296519e-07
27605,-11.6,-70.0,6.967615820751237e-07
27606,-11.6,-69.0,9.485463821047817e-07
27607,-11.6,-68.0,1.2844554763850339e-06
27608,-11.6,-67.0,1.7300778464888607e-06
27609,-11.6,-66.0,2.3179194669068305e-06
27610,-11.6,-65.0,3.0889945938928326e-06
27611,-11.6,-64.0,4.094699741653753e-06
27612,-11.6,-63.0,5.398996941441879e-06
27613,-11.6,-62.0,7.080928503348815e-06
27614,-11.6,-61.0,9.237478586851869e-06
27615,-11.6,-60.0,1.1986786983023243e-05
27616,-11.6,-59.0,1.5471707203317952e-05
27617,-11.6,-58.0,1.9863683916785048e-05
27618,-11.6,-57.0,2.5366903760671996e-05
27619,-11.6,-56.0,3.222264852325044e-05
27620,-11.6,-55.0,4.07137508449739e-05
27621,-11.6,-54.0,5.1169020370297074e-05
27622,-11.6,-53.0,6.396747350607317e-05
27623,-11.6,-52.0,7.95421637750995e-05
27624,-11.6,-51.0,9.83833737647994e-05
27625,-11.6,-50.0,0.00012104089583185473
27626,-11.6,-49.0,0.00014812509938070425
27627,-11.6,-48.0,0.00018030646146203054
27628,-11.6,-47.0,0.00021831682347675394
27629,-11.6,-46.0,0.00026486987120710037
27630,-11.6,-45.0,0.0004885342099816483
27631,-11.6,-44.0,0.002947942795407096
27632,-11.6,-43.0,0.006951156648961455
27633,-11.6,-42.0,0.005965581086724559
27634,-11.6,-41.0,0.00784089572092697
27635,-11.6,-40.0,0.003820103485644207
27636,-11.6,-39.0,0.004433860988785956
27637,-11.6,-38.0,0.009331269356193746
27638,-11.6,-37.0,0.004513735852203035
27639,-11.6,-36.0,0.0017822096626560649
27640,-11.6,-35.0,0.005770238064511258
27641,-11.6,-34.0,0.012271521598174757
27642,-11.6,-33.0,0.006508231254110244
27643,-11.6,-32.0,0.007580248184808771
27644,-11.6,-31.0,0.015176543585922062
27645,-11.6,-30.0,0.008189131874461178
27646,-11.6,-29.0,0.009552456752359908
27647,-11.6,-28.0,0.018852637512345026
27648,-11.6,-27.0,0.009728336114621443
27649,-11.6,-26.0,0.00456253720097273
27650,-11.6,-25.0,0.012508272290110204
27651,-11.6,-24.0,0.02543552212425686
27652,-11.6,-23.0,0.013795114590343936
27653,-11.6,-22.0,0.016353336511739706
27654,-11.6,-21.0,0.03226306221645263
27655,-11.6,-20.0,0.0162647576968485
27656,-11.6,-19.0,0.0071818459955029345
27657,-11.6,-18.0,0.022005582589218295
27658,-11.6,-17.0,0.04618618373148847
27659,-11.6,-16.0,0.023952115834205482
27660,-11.6,-15.0,0.03119390493614581
27661,-11.6,-14.0,0.065295484179061
27662,-11.6,-13.0,0.03025632764547379
27663,-11.6,-12.0,0.009632615735754434
27664,-11.6,-11.0,0.03220946469446485
27665,-11.6,-10.0,0.07047422729946949
27666,-11.6,-9.0,0.033258735846423054
27667,-11.6,-8.0,0.024734591303937264
27668,-11.6,-7.0,0.04799859811808832
27669,-11.6,-6.0,0.02269475946137618
27670,-11.6,-5.0,0.0071821070080664825
27671,-11.6,-4.0,0.016530338412769068
27672,-11.6,-3.0,0.03300254678337837
27673,-11.6,-2.0,0.01607534098651566
27674,-11.6,-1.0,0.005138192453939194
27675,-11.6,0.0,0.0006064319454808531
27676,-11.6,1.0,0.00449638591306446
27677,-11.6,2.0,0.01100649631722252
27678,-11.6,3.0,0.02128520980440479
27679,-11.6,4.0,0.01042220937143584
27680,-11.6,5.0,0.003760536136735113
27681,-11.6,6.0,0.008092919253284633
27682,-11.6,7.0,0.01573475206664948
27683,-11.6,8.0,0.007878751335244526
27684,-11.6,9.0,0.006748454461729757
27685,-11.6,10.0,0.012630707959363007
27686,-11.6,11.0,0.005965195059097729
27687,-11.6,12.0,0.0018850814931633986
27688,-11.6,13.0,0.004649063165708335
27689,-11.6,14.0,0.009519594628768523
27690,-11.6,15.0,0.004545943756104726
27691,-11.6,16.0,0.003907967776502402
27692,-11.6,17.0,0.007777126980104445
27693,-11.6,18.0,0.0034654470875657858
27694,-11.6,19.0,0.0008395984338768818
27695,-11.6,20.0,0.0027303134046544825
27696,-11.6,21.0,0.006030595656571158
27697,-11.6,22.0,0.002736968203752583
27698,-11.6,23.0,0.00237173646098604
27699,-11.6,24.0,0.005045568745121921
27700,-11.6,25.0,0.002138553414089518
27701,-11.6,26.0,0.0003780397858757502
27702,-11.6,27.0,0.0017208267183334432
27703,-11.6,28.0,0.004039565429881712
27704,-11.6,29.0,0.00177408164970671
27705,-11.6,30.0,0.001554664005090692
27706,-11.6,31.0,0.0034551501377992596
27707,-11.6,32.0,0.0014253321366589852
27708,-11.6,33.0,0.00020055471803522425
27709,-11.6,34.0,0.0011715880708586316
27710,-11.6,35.0,0.002836491604440979
27711,-11.6,36.0,0.0012288576564525122
27712,-11.6,37.0,0.0010877062380058376
27713,-11.6,38.0,0.0024633787955502307
27714,-11.6,39.0,0.001005727833792011
27715,-11.6,40.0,7.236278575225288e-05
27716,-11.6,41.0,4.461103191314748e-06
27717,-11.6,42.0,2.793959117794499e-06
27718,-11.6,43.0,2.0932327797838144e-06
27719,-11.6,44.0,1.560700872423488e-06
27720,-11.6,45.0,1.1574668769563907e-06
27721,-11.6,46.0,8.538547640012417e-07
27722,-11.6,47.0,6.26535776727362e-07
27723,-11.6,48.0,4.572925244085131e-07
27724,-11.6,49.0,3.319927690047076e-07
27725,-11.6,50.0,2.3974491081743637e-07
27726,-11.6,51.0,1.7220921338889443e-07
27727,-11.6,52.0,1.23040915941857e-07
27728,-11.6,53.0,8.744377411960621e-08
27729,-11.6,54.0,6.181507241483895e-08
27730,-11.6,55.0,4.34656331014597e-08
27731,-11.6,56.0,3.0400712857340534e-08
27732,-11.6,57.0,2.1149867399785722e-08
27733,-11.6,58.0,1.4635839884310604e-08
27734,-11.6,59.0,1.007427417936092e-08
27735,-11.6,60.0,6.89756809219513e-09
27736,-11.6,61.0,4.697473495151156e-09
27737,-11.6,62.0,3.1821363940888367e-09
27738,-11.6,63.0,2.1441706771651765e-09
27739,-11.6,64.0,1.43709680304296e-09
27740,-11.6,65.0,9.580734440471956e-10
27741,-11.6,66.0,6.353275525131481e-10
27742,-11.6,67.0,4.1906624958153923e-10
27743,-11.6,68.0,2.749500408959382e-10
27744,-11.6,69.0,1.7943658678086063e-10
27745,-11.6,70.0,1.164807928668563e-10
27746,-11.6,71.0,7.52114123914531e-11
27747,-11.6,72.0,4.830579990973776e-11
27748,-11.6,73.0,3.086035512736466e-11
27749,-11.6,74.0,1.961050006564658e-11
27750,-11.5,-75.0,1.3420957206982957e-07
27751,-11.5,-74.0,1.8774082355231133e-07
27752,-11.5,-73.0,2.612281971402531e-07
27753,-11.5,-72.0,3.6154927516663e-07
27754,-11.5,-71.0,4.977382823420115e-07
27755,-11.5,-70.0,6.815860635569513e-07
27756,-11.5,-69.0,9.283814759287965e-07
27757,-11.5,-68.0,1.2578195437474413e-06
27758,-11.5,-67.0,1.6951038801838637e-06
27759,-11.5,-66.0,2.272272461242259e-06
27760,-11.5,-65.0,3.029776548469462e-06
27761,-11.5,-64.0,4.018342047215632e-06
27762,-11.5,-63.0,5.301140458220213e-06
27763,-11.5,-62.0,6.956292395111972e-06
27764,-11.5,-61.0,9.07971994023427e-06
27765,-11.5,-60.0,1.1788354438756751e-05
27766,-11.5,-59.0,1.5223693261754794e-05
27767,-11.5,-58.0,1.9555682249903743e-05
27768,-11.5,-57.0,2.4986879745377767e-05
27769,-11.5,-56.0,3.175683326463662e-05
27770,-11.5,-55.0,4.014657111784838e-05
27771,-11.5,-54.0,5.048307908057863e-05
27772,-11.5,-53.0,6.314359734019294e-05
27773,-11.5,-52.0,7.85595365164967e-05
27774,-11.5,-51.0,9.721977513685068e-05
27775,-11.5,-50.0,0.0001196730664792042
27776,-11.5,-49.0,0.00014652925251463968
27777,-11.5,-48.0,0.0001784589605589851
27778,-11.5,-47.0,0.00021619505626127082
27779,-11.5,-46.0,0.00026246040282551953
27780,-11.5,-45.0,0.0004864441238259592
27781,-11.5,-44.0,0.002954355058334799
27782,-11.5,-43.0,0.006971684344307581
27783,-11.5,-42.0,0.0059814735312184175
27784,-11.5,-41.0,0.00786243296566926
27785,-11.5,-40.0,0.0038266959650904045
27786,-11.5,-39.0,0.004441186036698226
27787,-11.5,-38.0,0.009354039975663545
27788,-11.5,-37.0,0.004520070273755045
27789,-11.5,-36.0,0.0017789053264922737
27790,-11.5,-35.0,0.005777985072644638
27791,-11.5,-34.0,0.012297780433296953
27792,-11.5,-33.0,0.006517498099621663
27793,-11.5,-32.0,0.007590785640224394
27794,-11.5,-31.0,0.015206396316125964
27795,-11.5,-30.0,0.008201553915433814
27796,-11.5,-29.0,0.009566235921073562
27797,-11.5,-28.0,0.01888654241462679
27798,-11.5,-27.0,0.009744619474239198
27799,-11.5,-26.0,0.004569207390292774
27800,-11.5,-25.0,0.012526548404460122
27801,-11.5,-24.0,0.025472233438424148
27802,-11.5,-23.0,0.013819329739309015
27803,-11.5,-22.0,0.016374148125069717
27804,-11.5,-21.0,0.03229198207534467
27805,-11.5,-20.0,0.016291999330247327
27806,-11.5,-19.0,0.007207520984344842
27807,-11.5,-18.0,0.02200697922437913
27808,-11.5,-17.0,0.0461477864230049
27809,-11.5,-16.0,0.023952014448510958
27810,-11.5,-15.0,0.031092979793151697
27811,-11.5,-14.0,0.06499306008721274
27812,-11.5,-13.0,0.030165703850682266
27813,-11.5,-12.0,0.009728978155466866
27814,-11.5,-11.0,0.032358600159480354
27815,-11.5,-10.0,0.07092936811810173
27816,-11.5,-9.0,0.033417212222007005
27817,-11.5,-8.0,0.024728559625079787
27818,-11.5,-7.0,0.04802197438300481
27819,-11.5,-6.0,0.022682681770097527
27820,-11.5,-5.0,0.007148071320505937
27821,-11.5,-4.0,0.016487256857102325
27822,-11.5,-3.0,0.03294580731596168
27823,-11.5,-2.0,0.016039839441585536
27824,-11.5,-1.0,0.005117450294040815
27825,-11.5,0.0,0.0006002785903291481
27826,-11.5,1.0,0.0044820795897581225
27827,-11.5,2.0,0.010977830497916407
27828,-11.5,3.0,0.021232292878095683
27829,-11.5,4.0,0.010398468644609433
27830,-11.5,5.0,0.003754792514357998
27831,-11.5,6.0,0.008073661285949944
27832,-11.5,7.0,0.01569123525000962
27833,-11.5,8.0,0.007860944376354765
27834,-11.5,9.0,0.00673285084954737
27835,-11.5,10.0,0.012593260881283467
27836,-11.5,11.0,0.005951934890607701
27837,-11.5,12.0,0.0018864214989512678
27838,-11.5,13.0,0.004638408196548712
27839,-11.5,14.0,0.009488220052745504
27840,-11.5,15.0,0.004534459867413738
27841,-11.5,16.0,0.003897805161496991
27842,-11.5,17.0,0.007749108365597159
27843,-11.5,18.0,0.0034558552317207813
27844,-11.5,19.0,0.000841005764722566
27845,-11.5,20.0,0.002722092196932324
27846,-11.5,21.0,0.006006102939634754
27847,-11.5,22.0,0.0027275643984237016
27848,-11.5,23.0,0.0023632376093259662
27849,-11.5,24.0,0.005023323821432122
27850,-11.5,25.0,0.0021303151348850418
27851,-11.5,26.0,0.0003781635204811925
27852,-11.5,27.0,0.0017136348573080315
27853,-11.5,28.0,0.0040200477380241215
27854,-11.5,29.0,0.0017660675525265493
27855,-11.5,30.0,0.0015473941811695406
27856,-11.5,31.0,0.0034375279356834787
27857,-11.5,32.0,0.0014184000448261543
27858,-11.5,33.0,0.0002000278224280695
27859,-11.5,34.0,0.001165580507958475
27860,-11.5,35.0,0.0028212064068357306
27861,-11.5,36.0,0.0012223607035847766
27862,-11.5,37.0,0.0010818211822660705
27863,-11.5,38.0,0.002449684816275997
27864,-11.5,39.0,0.001000205784665076
27865,-11.5,40.0,7.206780173820135e-05
27866,-11.5,41.0,4.523401757529809e-06
27867,-11.5,42.0,2.8456200100543815e-06
27868,-11.5,43.0,2.133098237339366e-06
27869,-11.5,44.0,1.5912716682930114e-06
27870,-11.5,45.0,1.1807679841734536e-06
27871,-11.5,46.0,8.71507952702999e-07
27872,-11.5,47.0,6.398299780094635e-07
27873,-11.5,48.0,4.6724447858968336e-07
27874,-11.5,49.0,3.3939862108933414e-07
27875,-11.5,50.0,2.4522357679090587e-07
27876,-11.5,51.0,1.7623841920742585e-07
27877,-11.5,52.0,1.2598682852333694e-07
27878,-11.5,53.0,8.95851171619389e-08
27879,-11.5,54.0,6.336256360261304e-08
27880,-11.5,55.0,4.457750466495951e-08
27881,-11.5,56.0,3.119499346898104e-08
27882,-11.5,57.0,2.1714016744900537e-08
27883,-11.5,58.0,1.5034242720096744e-08
27884,-11.5,59.0,1.0354021504456055e-08
27885,-11.5,60.0,7.092881129654748e-09
27886,-11.5,61.0,4.833062509917985e-09
27887,-11.5,62.0,3.275731172419537e-09
27888,-11.5,63.0,2.2084125397679775e-09
27889,-11.5,64.0,1.4809427309558926e-09
27890,-11.5,65.0,9.878305036994297e-10
27891,-11.5,66.0,6.554094658629696e-10
27892,-11.5,67.0,4.325428068040535e-10
27893,-11.5,68.0,2.839432745838825e-10
27894,-11.5,69.0,1.854044641011788e-10
27895,-11.5,70.0,1.2041896622570142e-10
27896,-11.5,71.0,7.779572097314519e-11
27897,-11.5,72.0,4.999224418924311e-11
27898,-11.5,73.0,3.195476761358519e-11
27899,-11.5,74.0,2.031677643407397e-11
27900,-11.4,-75.0,1.309194144631146e-07
27901,-11.4,-74.0,1.8323594425330692e-07
27902,-11.4,-73.0,2.550958505388226e-07
27903,-11.4,-72.0,3.532500447990443e-07
27904,-11.4,-71.0,4.865720568542097e-07
27905,-11.4,-70.0,6.666505023321537e-07
27906,-11.4,-69.0,9.0852182474812e-07
27907,-11.4,-68.0,1.231568651600461e-06
27908,-11.4,-67.0,1.660611322162838e-06
27909,-11.4,-66.0,2.2272218110939754e-06
27910,-11.4,-65.0,2.9712900923611353e-06
27911,-11.4,-64.0,3.942872614161505e-06
27912,-11.4,-63.0,5.204350589882488e-06
27913,-11.4,-62.0,6.832921815070503e-06
27914,-11.4,-61.0,8.92344323416077e-06
27915,-11.4,-60.0,1.1591632040481338e-05
27916,-11.4,-59.0,1.4977620265431245e-05
27917,-11.4,-58.0,1.9249841232406856e-05
27918,-11.4,-57.0,2.4609205666464878e-05
27919,-11.4,-56.0,3.129350057587099e-05
27920,-11.4,-55.0,3.958191539163948e-05
27921,-11.4,-54.0,4.979956767806686e-05
27922,-11.4,-53.0,6.232186575266779e-05
27923,-11.4,-52.0,7.757850889237749e-05
27924,-11.4,-51.0,9.605688897074655e-05
27925,-11.4,-50.0,0.00011830462229425974
27926,-11.4,-49.0,0.00014493090940168084
27927,-11.4,-48.0,0.00017660639743188763
27928,-11.4,-47.0,0.00021406482944667378
27929,-11.4,-46.0,0.00026003796317366286
27930,-11.4,-45.0,0.00048432474779269686
27931,-11.4,-44.0,0.0029605806936792317
27932,-11.4,-43.0,0.006991770238483576
27933,-11.4,-42.0,0.005996979814254497
27934,-11.4,-41.0,0.00788345852995772
27935,-11.4,-40.0,0.003833022404787537
27936,-11.4,-39.0,0.004448195834523895
27937,-11.4,-38.0,0.009376173752469266
27938,-11.4,-37.0,0.004526061363381043
27939,-11.4,-36.0,0.0017754171792859173
27940,-11.4,-35.0,0.005785279358689157
27941,-11.4,-34.0,0.012323156459783949
27942,-11.4,-33.0,0.006526230878046922
27943,-11.4,-32.0,0.007600704502746335
27944,-11.4,-31.0,0.015235131844532452
27945,-11.4,-30.0,0.008213280232434134
27946,-11.4,-29.0,0.009579222827360121
27947,-11.4,-28.0,0.018919063782262976
27948,-11.4,-27.0,0.009760062956750675
27949,-11.4,-26.0,0.004575342768737915
27950,-11.4,-25.0,0.012543831252876904
27951,-11.4,-24.0,0.025507214566716556
27952,-11.4,-23.0,0.01384246799581287
27953,-11.4,-22.0,0.016393844333723078
27954,-11.4,-21.0,0.03231906465939513
27955,-11.4,-20.0,0.016318141353557494
27956,-11.4,-19.0,0.007232573459944535
27957,-11.4,-18.0,0.02200779202283401
27958,-11.4,-17.0,0.04610881890138565
27959,-11.4,-16.0,0.02395167830211811
27960,-11.4,-15.0,0.030996091019605845
27961,-11.4,-14.0,0.06470132267240677
27962,-11.4,-13.0,0.030079229668760813
27963,-11.4,-12.0,0.009827485826919431
27964,-11.4,-11.0,0.032517439182313035
27965,-11.4,-10.0,0.07140920983107954
27966,-11.4,-9.0,0.03358521261683917
27967,-11.4,-8.0,0.02472150368987044
27968,-11.4,-7.0,0.048042265815732024
27969,-11.4,-6.0,0.02266882737831296
27970,-11.4,-5.0,0.007113015393127688
27971,-11.4,-4.0,0.016441975677521342
27972,-11.4,-3.0,0.0328849423928688
27973,-11.4,-2.0,0.016002158319935168
27974,-11.4,-1.0,0.005095787439925837
27975,-11.4,0.0,0.0005940926099740733
27976,-11.4,1.0,0.0044669005791627475
27977,-11.4,2.0,0.010947436547676994
27978,-11.4,3.0,0.021176300865804982
27979,-11.4,4.0,0.01037310621649362
27980,-11.4,5.0,0.0037483229599850378
27981,-11.4,6.0,0.008053116811580843
27982,-11.4,7.0,0.01564543466071019
27983,-11.4,8.0,0.007841919258246946
27984,-11.4,9.0,0.006716199344535528
27985,-11.4,10.0,0.012554006095767012
27986,-11.4,11.0,0.005937768249245194
27987,-11.4,12.0,0.0018874118023317601
27988,-11.4,13.0,0.004627056840146508
27989,-11.4,14.0,0.009455525152455133
27990,-11.4,15.0,0.004522320982685691
27991,-11.4,16.0,0.003887085247829219
27992,-11.4,17.0,0.007720039966018567
27993,-11.4,18.0,0.003445782819191103
27994,-11.4,19.0,0.0008422813778838375
27995,-11.4,20.0,0.0027135028486782804
27996,-11.4,21.0,0.005980823156995591
27997,-11.4,22.0,0.0027178011044896727
27998,-11.4,23.0,0.002354431503802114
27999,-11.4,24.0,0.005000433641525959
28000,-11.4,25.0,0.002121803992142423
28001,-11.4,26.0,0.00037824033470819417
28002,-11.4,27.0,0.0017062280261520063
28003,-11.4,28.0,0.004000023413498988
28004,-11.4,29.0,0.0017578328268349533
28005,-11.4,30.0,0.0015399328804250206
28006,-11.4,31.0,0.0034194767063951957
28007,-11.4,32.0,0.0014112926079760013
28008,-11.4,33.0,0.00019947865733975902
28009,-11.4,34.0,0.0011594304315008066
28010,-11.4,35.0,0.002805572431662311
28011,-11.4,36.0,0.0012157136822773125
28012,-11.4,37.0,0.0010758041690459926
28013,-11.4,38.0,0.0024356898052685697
28014,-11.4,39.0,0.0009945614496169762
28015,-11.4,40.0,7.176493740109594e-05
28016,-11.4,41.0,4.58598409810726e-06
28017,-11.4,42.0,2.8976190141310874e-06
28018,-11.4,43.0,2.1732594064676633e-06
28019,-11.4,44.0,1.6220953062656355e-06
28020,-11.4,45.0,1.204281305718746e-06
28021,-11.4,46.0,8.89336425634929e-07
28022,-11.4,47.0,6.532669243022006e-07
28023,-11.4,48.0,4.773112057437049e-07
28024,-11.4,49.0,3.468956852355332e-07
28025,-11.4,50.0,2.507739517083657e-07
28026,-11.4,51.0,1.8032343402532182e-07
28027,-11.4,52.0,1.28975763176638e-07
28028,-11.4,53.0,9.175932557370224e-08
28029,-11.4,54.0,6.493494431651739e-08
28030,-11.4,55.0,4.57080688480212e-08
28031,-11.4,56.0,3.200319995697778e-08
28032,-11.4,57.0,2.2288459990536672e-08
28033,-11.4,58.0,1.544019707981039e-08
28034,-11.4,59.0,1.0639267616530077e-08
28035,-11.4,60.0,7.2921692622498015e-09
28036,-11.4,61.0,4.9715047688934346e-09
28037,-11.4,62.0,3.3713596962540784e-09
28038,-11.4,63.0,2.27409409571765e-09
28039,-11.4,64.0,1.5258009454345199e-09
28040,-11.4,65.0,1.0182945918966689e-09
28041,-11.4,66.0,6.7598195541957e-10
28042,-11.4,67.0,4.463575415681869e-10
28043,-11.4,68.0,2.9316813119038784e-10
28044,-11.4,69.0,1.9152997325033496e-10
28045,-11.4,70.0,1.2446373947197803e-10
28046,-11.4,71.0,8.045166744875172e-11
28047,-11.4,72.0,5.172653198234664e-11
28048,-11.4,73.0,3.30809354458153e-11
28049,-11.4,74.0,2.1044000776604555e-11
28050,-11.3,-75.0,1.276930492023806e-07
28051,-11.3,-74.0,1.7881554191454656e-07
28052,-11.3,-73.0,2.490745625432099e-07
28053,-11.3,-72.0,3.4509573884283445e-07
28054,-11.3,-71.0,4.7559351574843337e-07
28055,-11.3,-70.0,6.519561108361814e-07
28056,-11.3,-69.0,8.889695871383826e-07
28057,-11.3,-68.0,1.2057063661076898e-06
28058,-11.3,-67.0,1.6266057832399345e-06
28059,-11.3,-66.0,2.1827760384316173e-06
28060,-11.3,-65.0,2.9135478212028956e-06
28061,-11.3,-64.0,3.868309651521334e-06
28062,-11.3,-63.0,5.108653173550334e-06
28063,-11.3,-62.0,6.710852834108375e-06
28064,-11.3,-61.0,8.768698105602887e-06
28065,-11.3,-60.0,1.1396687206509938e-05
28066,-11.3,-59.0,1.4733578689255914e-05
28067,-11.3,-58.0,1.894628092816656e-05
28068,-11.3,-57.0,2.4234039181425623e-05
28069,-11.3,-56.0,3.08328554147761e-05
28070,-11.3,-55.0,3.9020047572400374e-05
28071,-11.3,-54.0,4.911882284744609e-05
28072,-11.3,-53.0,6.150270445386611e-05
28073,-11.3,-52.0,7.659961451793787e-05
28074,-11.3,-51.0,9.489537848073362e-05
28075,-11.3,-50.0,0.0001169363807344106
28076,-11.3,-49.0,0.00014333106940552558
28077,-11.3,-48.0,0.000174749984018102
28078,-11.3,-47.0,0.00021192760110852712
28079,-11.3,-46.0,0.0002576042984839795
28080,-11.3,-45.0,0.0004821786646654541
28081,-11.3,-44.0,0.002966629855097967
28082,-11.3,-43.0,0.007011436714447508
28083,-11.3,-42.0,0.006012119635273015
28084,-11.3,-41.0,0.00790399807679792
28085,-11.3,-40.0,0.003839096500931513
28086,-11.3,-39.0,0.004454906294814157
28087,-11.3,-38.0,0.009397701879056438
28088,-11.3,-37.0,0.0045317256593955
28089,-11.3,-36.0,0.0017717535198665817
28090,-11.3,-35.0,0.005792141891417517
28091,-11.3,-34.0,0.012347691164112988
28092,-11.3,-33.0,0.006534452949761695
28093,-11.3,-32.0,0.007610031712481651
28094,-11.3,-31.0,0.015262801305534597
28095,-11.3,-30.0,0.008224339336327987
28096,-11.3,-29.0,0.009591450337769161
28097,-11.3,-28.0,0.018950264359771554
28098,-11.3,-27.0,0.009774698973775042
28099,-11.3,-26.0,0.0045809582381625726
28100,-11.3,-25.0,0.0125601611808759
28101,-11.3,-24.0,0.025540547624115346
28102,-11.3,-23.0,0.013864571971587601
28103,-11.3,-22.0,0.016412474052887344
28104,-11.3,-21.0,0.032344408603214615
28105,-11.3,-20.0,0.01634323003689741
28106,-11.3,-19.0,0.007257017914565047
28107,-11.3,-18.0,0.022008060353651656
28108,-11.3,-17.0,0.04606936311755607
28109,-11.3,-16.0,0.023951126565231174
28110,-11.3,-15.0,0.03090296795359043
28111,-11.3,-14.0,0.06441959060058663
28112,-11.3,-13.0,0.029996633525880105
28113,-11.3,-12.0,0.009928337738976858
28114,-11.3,-11.0,0.03268705524959522
28115,-11.3,-10.0,0.07191647458259988
28116,-11.3,-9.0,0.03376379506232672
28117,-11.3,-8.0,0.02471322032040744
28118,-11.3,-7.0,0.048058873939112935
28119,-11.3,-6.0,0.022652916603736837
28120,-11.3,-5.0,0.007076853564489487
28121,-11.3,-4.0,0.01639426882827778
28122,-11.3,-3.0,0.032819483942311205
28123,-11.3,-2.0,0.01596207407863994
28124,-11.3,-1.0,0.0050731377038183605
28125,-11.3,0.0,0.0005878670554982324
28126,-11.3,1.0,0.00445078804766447
28127,-11.3,2.0,0.010915158693437964
28128,-11.3,3.0,0.021116929181128605
28129,-11.3,4.0,0.010345972153093226
28130,-11.3,5.0,0.003741072196145178
28131,-11.3,6.0,0.008031169005433741
28132,-11.3,7.0,0.01559712547809299
28133,-11.3,8.0,0.007821561298804448
28134,-11.3,9.0,0.00669840161335116
28135,-11.3,10.0,0.01251276365540485
28136,-11.3,11.0,0.005922607685852769
28137,-11.3,12.0,0.0018880216570837814
28138,-11.3,13.0,0.004614940839765927
28139,-11.3,14.0,0.009421375443423953
28140,-11.3,15.0,0.004509460864200258
28141,-11.3,16.0,0.003875751156205125
28142,-11.3,17.0,0.007689813002982102
28143,-11.3,18.0,0.003435179709266228
28144,-11.3,19.0,0.0008434109685458743
28145,-11.3,20.0,0.0027045061573081177
28146,-11.3,21.0,0.005954673354969763
28147,-11.3,22.0,0.002707639695082251
28148,-11.3,23.0,0.0023452848410155463
28149,-11.3,24.0,0.004976829722302295
28150,-11.3,25.0,0.0021129902956847735
28151,-11.3,26.0,0.00037826410003772003
28152,-11.3,27.0,0.0016985826305321865
28153,-11.3,28.0,0.00397943852749707
28154,-11.3,29.0,0.0017493534912981304
28155,-11.3,30.0,0.001532259212160701
28156,-11.3,31.0,0.0034009508021322684
28157,-11.3,32.0,0.0014039908247300906
28158,-11.3,33.0,0.00019890432303166732
28159,-11.3,34.0,0.0011531223782920055
28160,-11.3,35.0,0.002789552611155175
28161,-11.3,36.0,0.0012089004760048527
28162,-11.3,37.0,0.001069640996581092
28163,-11.3,38.0,0.0024213617696225223
28164,-11.3,39.0,0.0009887817378472653
28165,-11.3,40.0,7.145320784760299e-05
28166,-11.3,41.0,4.648756819297041e-06
28167,-11.3,42.0,2.9498935009085708e-06
28168,-11.3,43.0,2.2136697186720877e-06
28169,-11.3,44.0,1.6531373874894447e-06
28170,-11.3,45.0,1.2279816087282926e-06
28171,-11.3,46.0,9.073218040442318e-07
28172,-11.3,47.0,6.668333250577972e-07
28173,-11.3,48.0,4.874831649348692e-07
28174,-11.3,49.0,3.544771632039609e-07
28175,-11.3,50.0,2.5639122843503113e-07
28176,-11.3,51.0,1.8446088515172746e-07
28177,-11.3,52.0,1.3200537259422172e-07
28178,-11.3,53.0,9.396477921133737e-08
28179,-11.3,54.0,6.653110590713066e-08
28180,-11.3,55.0,4.6856573794029755e-08
28181,-11.3,56.0,3.2824827208848333e-08
28182,-11.3,57.0,2.2872861146393043e-08
28183,-11.3,58.0,1.5853481820129104e-08
28184,-11.3,59.0,1.092986860726764e-08
28185,-11.3,60.0,7.495339992432731e-09
28186,-11.3,61.0,5.1127416243410365e-09
28187,-11.3,62.0,3.4689853455024182e-09
28188,-11.3,63.0,2.341192877754257e-09
28189,-11.3,64.0,1.571657945367066e-09
28190,-11.3,65.0,1.0494577986062705e-09
28191,-11.3,66.0,6.970405347304443e-10
28192,-11.3,67.0,4.605080191070228e-10
28193,-11.3,68.0,3.0262337340443635e-10
28194,-11.3,69.0,1.9781255241344662e-10
28195,-11.3,70.0,1.2861491441622543e-10
28196,-11.3,71.0,8.317923598752276e-11
28197,-11.3,72.0,5.350872816807629e-11
28198,-11.3,73.0,3.4238949981394134e-11
28199,-11.3,74.0,2.1792264132904458e-11
28200,-11.2,-75.0,1.2453016217316085e-07
28201,-11.2,-74.0,1.7447931535911803e-07
28202,-11.2,-73.0,2.4316409624234253e-07
28203,-11.2,-72.0,3.3708626771220936e-07
28204,-11.2,-71.0,4.648028451568615e-07
28205,-11.2,-70.0,6.375035427727313e-07
28206,-11.2,-69.0,8.697261634839728e-07
28207,-11.2,-68.0,1.1802352314822944e-06
28208,-11.2,-67.0,1.5930915059110973e-06
28209,-11.2,-66.0,2.138941845194217e-06
28210,-11.2,-65.0,2.8565599255441023e-06
28211,-11.2,-64.0,3.7946682106540775e-06
28212,-11.2,-63.0,5.0140699271700485e-06
28213,-11.2,-62.0,6.590116183836616e-06
28214,-11.2,-61.0,8.61552731447456e-06
28215,-11.2,-60.0,1.1203578552955296e-05
28216,-11.2,-59.0,1.4491647812043972e-05
28217,-11.2,-58.0,1.864510724811794e-05
28218,-11.2,-57.0,2.3861520167041843e-05
28219,-11.2,-56.0,3.037508053720537e-05
28220,-11.2,-55.0,3.8461204011779905e-05
28221,-11.2,-54.0,4.844114728232229e-05
28222,-11.2,-53.0,6.068649747388006e-05
28223,-11.2,-52.0,7.562333620348566e-05
28224,-11.2,-51.0,9.373584531978979e-05
28225,-11.2,-50.0,0.0001155690850995559
28226,-11.2,-49.0,0.00014173064307889443
28227,-11.2,-48.0,0.00017289082650951348
28228,-11.2,-47.0,0.00020978470413369454
28229,-11.2,-46.0,0.0002551610069115709
28230,-11.2,-45.0,0.0004800082207856349
28231,-11.2,-44.0,0.0029725115474660865
28232,-11.2,-43.0,0.007030703524846331
28233,-11.2,-42.0,0.006026910416054236
28234,-11.2,-41.0,0.00792407428767177
28235,-11.2,-40.0,0.0038449304513674225
28236,-11.2,-39.0,0.004461331591069654
28237,-11.2,-38.0,0.009418651977687756
28238,-11.2,-37.0,0.0045370779275727335
28239,-11.2,-36.0,0.0017679218936507005
28240,-11.2,-35.0,0.0057985913797659935
28241,-11.2,-34.0,0.012371421318926087
28242,-11.2,-33.0,0.0065421851485012944
28243,-11.2,-32.0,0.007618791264792064
28244,-11.2,-31.0,0.015289449991683303
28245,-11.2,-30.0,0.0082347565880194
28246,-11.2,-29.0,0.009602947631335707
28247,-11.2,-28.0,0.01898019960861079
28248,-11.2,-27.0,0.009788556230007555
28249,-11.2,-26.0,0.004586067026444057
28250,-11.2,-25.0,0.012575573721318378
28251,-11.2,-24.0,0.02557230479360139
28252,-11.2,-23.0,0.01388567901887848
28253,-11.2,-22.0,0.016430079889359857
28254,-11.2,-21.0,0.032368099823842755
28255,-11.2,-20.0,0.01636730544937057
28256,-11.2,-19.0,0.007280866408376857
28257,-11.2,-18.0,0.02200781595353742
28258,-11.2,-17.0,0.046029484854793364
28259,-11.2,-16.0,0.023950372286151843
28260,-11.2,-15.0,0.030813361080586944
28261,-11.2,-14.0,0.06414723815623297
28262,-11.2,-13.0,0.02991766577211027
28263,-11.2,-12.0,0.01003176903270138
28264,-11.2,-11.0,0.03286872726684231
28265,-11.2,-10.0,0.07245440694258955
28266,-11.2,-9.0,0.03395421964543553
28267,-11.2,-8.0,0.02470346052024697
28268,-11.2,-7.0,0.04807107011839571
28269,-11.2,-6.0,0.022634609509658902
28270,-11.2,-5.0,0.007039482847072258
28271,-11.2,-4.0,0.016343867225867
28272,-11.2,-3.0,0.03274887563015873
28273,-11.2,-2.0,0.015919320914826153
28274,-11.2,-1.0,0.005049422286572503
28275,-11.2,0.0,0.0005815936809707751
28276,-11.2,1.0,0.004433669920073659
28277,-11.2,2.0,0.0108808126959689
28278,-11.2,3.0,0.02105381768536229
28279,-11.2,4.0,0.010316889299702594
28280,-11.2,5.0,0.0037329750852338863
28281,-11.2,6.0,0.008007679993067592
28282,-11.2,7.0,0.015546042136659367
28283,-11.2,8.0,0.007799735211459464
28284,-11.2,9.0,0.006679341704436825
28285,-11.2,10.0,0.012469321057094798
28286,-11.2,11.0,0.005906350113198192
28287,-11.2,12.0,0.0018882150432227062
28288,-11.2,13.0,0.004601979761170956
28289,-11.2,14.0,0.009385612083984814
28290,-11.2,15.0,0.004495801412833458
28291,-11.2,16.0,0.003863735824616704
28292,-11.2,17.0,0.007658298939976249
28293,-11.2,18.0,0.003423986757076419
28294,-11.2,19.0,0.0008443777908178327
28295,-11.2,20.0,0.002695055862217672
28296,-11.2,21.0,0.005927555430990247
28297,-11.2,22.0,0.0026970345427096113
28298,-11.2,23.0,0.0023357582719195345
28299,-11.2,24.0,0.004952431020570087
28300,-11.2,25.0,0.0021038389417685627
28301,-11.2,26.0,0.00037822761090110647
28302,-11.2,27.0,0.0016906707564541452
28303,-11.2,28.0,0.003958229211033501
28304,-11.2,29.0,0.0017406011549795715
28305,-11.2,30.0,0.0015243484377248497
28306,-11.2,31.0,0.0033818961374150612
28307,-11.2,32.0,0.0013964721856935141
28308,-11.2,33.0,0.00019830138966188014
28309,-11.2,34.0,0.001146638022966922
28310,-11.2,35.0,0.002773103008025929
28311,-11.2,36.0,0.0012019019815840343
28312,-11.2,37.0,0.0010633148285678219
28313,-11.2,38.0,0.0024066627798057204
28314,-11.2,39.0,0.0009828511289617441
28315,-11.2,40.0,7.113144469581437e-05
28316,-11.2,41.0,4.711608351563411e-06
28317,-11.2,42.0,3.0023683489428787e-06
28318,-11.2,43.0,2.2542731243306233e-06
28319,-11.2,44.0,1.6843563552300985e-06
28320,-11.2,45.0,1.2518382863582411e-06
28321,-11.2,46.0,9.2544169690928e-07
28322,-11.2,47.0,6.805129107847507e-07
28323,-11.2,48.0,4.97748615804953e-07
28324,-11.2,49.0,3.621346419322569e-07
28325,-11.2,50.0,2.6206942085493283e-07
28326,-11.2,51.0,1.8864654394211707e-07
28327,-11.2,52.0,1.3507269152214676e-07
28328,-11.2,53.0,9.619941431836402e-08
28329,-11.2,54.0,6.814962305571085e-08
28330,-11.2,55.0,4.8022042869439243e-08
28331,-11.2,56.0,3.3659211463286386e-08
28332,-11.2,57.0,2.346677288077409e-08
28333,-11.2,58.0,1.627379810035784e-08
28334,-11.2,59.0,1.1225626656912121e-08
28335,-11.2,60.0,7.702263628442463e-09
28336,-11.2,61.0,5.256688914182112e-09
28337,-11.2,62.0,3.568554097942237e-09
28338,-11.2,63.0,2.4096746174774175e-09
28339,-11.2,64.0,1.6184922727580586e-09
28340,-11.2,65.0,1.081306879790867e-09
28341,-11.2,66.0,7.185771622686178e-10
28342,-11.2,67.0,4.749894489417349e-10
28343,-11.2,68.0,3.12306212004294e-10
28344,-11.2,69.0,2.042506233516228e-10
28345,-11.2,70.0,1.3287163105054104e-10
28346,-11.2,71.0,8.59779823579138e-11
28347,-11.2,72.0,5.533862194859341e-11
28348,-11.2,73.0,3.542872622594017e-11
28349,-11.2,74.0,2.2561545398014457e-11
28350,-11.1,-75.0,1.2143034189671457e-07
28351,-11.1,-74.0,1.7022682613150905e-07
28352,-11.1,-73.0,2.3736402260605925e-07
28353,-11.1,-72.0,3.292212749113227e-07
28354,-11.1,-71.0,4.5419986304769135e-07
28355,-11.1,-70.0,6.232929475919912e-07
28356,-11.1,-69.0,8.507922683146398e-07
28357,-11.1,-68.0,1.1551568654687958e-06
28358,-11.1,-67.0,1.5600714896435158e-06
28359,-11.1,-66.0,2.0957242767249082e-06
28360,-11.1,-65.0,2.8003344027886264e-06
28361,-11.1,-64.0,3.7219604584757323e-06
28362,-11.1,-63.0,4.920618799685637e-06
28363,-11.1,-62.0,6.470737702751785e-06
28364,-11.1,-61.0,8.463967308760535e-06
28365,-11.1,-60.0,1.1012356605367208e-05
28366,-11.1,-59.0,1.4251896607410803e-05
28367,-11.1,-58.0,1.834641305905241e-05
28368,-11.1,-57.0,2.3491772091322848e-05
28369,-11.1,-56.0,2.9920338184674212e-05
28370,-11.1,-55.0,3.790559557088632e-05
28371,-11.1,-54.0,4.776681219447764e-05
28372,-11.1,-53.0,5.987359019549651e-05
28373,-11.1,-52.0,7.465010959904139e-05
28374,-11.1,-51.0,9.257883393362751e-05
28375,-11.1,-50.0,0.00011420340970318936
28376,-11.1,-49.0,0.00014013045826908555
28377,-11.1,-48.0,0.00017102993251916134
28378,-11.1,-47.0,0.00020763735458308213
28379,-11.1,-46.0,0.00025270954825804736
28380,-11.1,-45.0,0.0004778155392896267
28381,-11.1,-44.0,0.002978233670093277
28382,-11.1,-43.0,0.0070495878835471065
28383,-11.1,-42.0,0.006041367382343595
28384,-11.1,-41.0,0.007943706968486503
28385,-11.1,-40.0,0.0038505350140624274
28386,-11.1,-39.0,0.004467484226087753
28387,-11.1,-38.0,0.009439048231240551
28388,-11.1,-37.0,0.004542131232162355
28389,-11.1,-36.0,0.0017639291301781304
28390,-11.1,-35.0,0.005804644364074985
28391,-11.1,-34.0,0.012394379161125329
28392,-11.1,-33.0,0.006549445882686507
28393,-11.1,-32.0,0.007627004329142608
28394,-11.1,-31.0,0.015315117578837
28395,-11.1,-30.0,0.00824455432432704
28396,-11.1,-29.0,0.009613740348684471
28397,-11.1,-28.0,0.019008917994073046
28398,-11.1,-27.0,0.009801659870233074
28399,-11.1,-26.0,0.004590680754666267
28400,-11.1,-25.0,0.012590099791603165
28401,-11.1,-24.0,0.025602548735809184
28402,-11.1,-23.0,0.013905821441078178
28403,-11.1,-22.0,0.016446698409094976
28404,-11.1,-21.0,0.032390212079862875
28405,-11.1,-20.0,0.016390401713449305
28406,-11.1,-19.0,0.007304128648188587
28407,-11.1,-18.0,0.022007083279879523
28408,-11.1,-17.0,0.045989234530142115
28409,-11.1,-16.0,0.023949422498432075
28410,-11.1,-15.0,0.03072703855284653
28411,-11.1,-14.0,0.0638836865965982
28412,-11.1,-13.0,0.029842095285179976
28413,-11.1,-12.0,0.010138061032270898
28414,-11.1,-11.0,0.03306399926794537
28415,-11.1,-10.0,0.07302692590721711
28416,-11.1,-9.0,0.034158007240739786
28417,-11.1,-8.0,0.024691915716349832
28418,-11.1,-7.0,0.048077956716481046
28419,-11.1,-6.0,0.022613487952224225
28420,-11.1,-5.0,0.007000777830318099
28421,-11.1,-4.0,0.01629044633086613
28422,-11.1,-3.0,0.032672447491508674
28423,-11.1,-2.0,0.01587357858445536
28424,-11.1,-1.0,0.005024546098468362
28425,-11.1,0.0,0.0005752625609914361
28426,-11.1,1.0,0.0044154596073167915
28427,-11.1,2.0,0.010844177643876855
28428,-11.1,3.0,0.020986534718664022
28429,-11.1,4.0,0.010285645447788165
28430,-11.1,5.0,0.003723953782985581
28431,-11.1,6.0,0.007982484790290586
28432,-11.1,7.0,0.015491866606390356
28433,-11.1,8.0,0.007776279182086537
28434,-11.1,9.0,0.006658880982561718
28435,-11.1,10.0,0.012423423875469693
28436,-11.1,11.0,0.0058888723150785525
28437,-11.1,12.0,0.0018879491632188864
28438,-11.1,13.0,0.004588077496687881
28439,-11.1,14.0,0.009348044864083336
28440,-11.1,15.0,0.004481249263116018
28441,-11.1,16.0,0.003850959085369705
28442,-11.1,17.0,0.007625343791224049
28443,-11.1,18.0,0.003412133228981351
28444,-11.1,19.0,0.0008451619685144029
28445,-11.1,20.0,0.0026850966181247342
28446,-11.1,21.0,0.005899351764240689
28447,-11.1,22.0,0.0026859310062280644
28448,-11.1,23.0,0.0023258046627706182
28449,-11.1,24.0,0.004927140305824259
28450,-11.1,25.0,0.0020943078543013667
28451,-11.1,26.0,0.0003781222806194668
28452,-11.1,27.0,0.001682458925017213
28453,-11.1,28.0,0.003936318779315064
28454,-11.1,29.0,0.0017315417440217978
28455,-11.1,30.0,0.0015161708586962075
28456,-11.1,31.0,0.0033622477451754093
28457,-11.1,32.0,0.0013887096588489608
28458,-11.1,33.0,0.00019766574592052955
28459,-11.1,34.0,0.0011399553492125007
28460,-11.1,35.0,0.002756170823101968
28461,-11.1,36.0,0.0011946952435271125
28462,-11.1,37.0,0.001056805430178697
28463,-11.1,38.0,0.002391547246524578
28464,-11.1,39.0,0.0009767509680773593
28465,-11.1,40.0,7.079824329316087e-05
28466,-11.1,41.0,4.774404058929432e-06
28467,-11.1,42.0,3.0549526134636365e-06
28468,-11.1,43.0,2.2950015648181993e-06
28469,-11.1,44.0,1.7157015861064818e-06
28470,-11.1,45.0,1.275813924163263e-06
28471,-11.1,46.0,9.436686299102422e-07
28472,-11.1,47.0,6.942856371602757e-07
28473,-11.1,48.0,5.08093030292905e-07
28474,-11.1,49.0,3.6985766102326476e-07
28475,-11.1,50.0,2.678010475765575e-07
28476,-11.1,51.0,1.9287509572636825e-07
28477,-11.1,52.0,1.381739702987913e-07
28478,-11.1,53.0,9.846060373028224e-08
28479,-11.1,54.0,6.978866802306077e-08
28480,-11.1,55.0,4.9203213609727594e-08
28481,-11.1,56.0,3.450548707257416e-08
28482,-11.1,57.0,2.4069606064112116e-08
28483,-11.1,58.0,1.6700748043738053e-08
28484,-11.1,59.0,1.1526275163804817e-08
28485,-11.1,60.0,7.912762976923393e-09
28486,-11.1,61.0,5.403229855784615e-09
28487,-11.1,62.0,3.6699896562636907e-09
28488,-11.1,63.0,2.4794899217379132e-09
28489,-11.1,64.0,1.666272258027098e-09
28490,-11.1,65.0,1.113821736060634e-09
28491,-11.1,66.0,7.405792204300886e-10
28492,-11.1,67.0,4.897940033553134e-10
28493,-11.1,68.0,3.2221185338274554e-10
28494,-11.1,69.0,2.108412926157252e-10
28495,-11.1,70.0,1.372321713120848e-10
28496,-11.1,71.0,8.884690573868233e-11
28497,-11.1,72.0,5.7215643563379134e-11
28498,-11.1,73.0,3.66499490138105e-11
28499,-11.1,74.0,2.3351676731935903e-11
28500,-11.0,-75.0,1.141363203551719e-07
28501,-11.0,-74.0,1.600869905529858e-07
28502,-11.0,-73.0,2.2334401611734087e-07
28503,-11.0,-72.0,3.0994077135039077e-07
28504,-11.0,-71.0,4.278280009343013e-07
28505,-11.0,-70.0,5.874160500326963e-07
28506,-11.0,-69.0,8.022477715995831e-07
28507,-11.0,-68.0,1.0898264343351755e-06
28508,-11.0,-67.0,1.4726253206704662e-06
28509,-11.0,-66.0,1.9793076212410332e-06
28510,-11.0,-65.0,2.646186428457304e-06
28511,-11.0,-64.0,3.5189547805573053e-06
28512,-11.0,-63.0,4.654714430732239e-06
28513,-11.0,-62.0,6.1243288909179994e-06
28514,-11.0,-61.0,8.015120872792588e-06
28515,-11.0,-60.0,1.0433926054322908e-05
28516,-11.0,-59.0,1.3510503690065726e-05
28517,-11.0,-58.0,1.740128956018031e-05
28518,-11.0,-57.0,2.2293457814146485e-05
28519,-11.0,-56.0,2.8409235251966415e-05
28520,-11.0,-55.0,3.6010384537966664e-05
28521,-11.0,-54.0,4.540274205456509e-05
28522,-11.0,-53.0,5.6940662178740836e-05
28523,-11.0,-52.0,7.10311836622101e-05
28524,-11.0,-51.0,8.813769686917107e-05
28525,-11.0,-50.0,0.0001087828546336707
28526,-11.0,-49.0,0.00013355043660436184
28527,-11.0,-48.0,0.00016308585076564767
28528,-11.0,-47.0,0.00019809847929772124
28529,-11.0,-46.0,0.00024125358207289772
28530,-11.0,-45.0,0.0004585024577906391
28531,-11.0,-44.0,0.002876521762620125
28532,-11.0,-43.0,0.0068139740366224165
28533,-11.0,-42.0,0.005837780735165731
28534,-11.0,-41.0,0.007676610194157496
28535,-11.0,-40.0,0.0037172817114075663
28536,-11.0,-39.0,0.004312536910021104
28537,-11.0,-38.0,0.00911882060429508
28538,-11.0,-37.0,0.00438341536952562
28539,-11.0,-36.0,0.0016965092320549938
28540,-11.0,-35.0,0.0056014080330716335
28541,-11.0,-34.0,0.01197015956781849
28542,-11.0,-33.0,0.006320524171727765
28543,-11.0,-32.0,0.007360187544806265
28544,-11.0,-31.0,0.014788301361479649
28545,-11.0,-30.0,0.007956992042967537
28546,-11.0,-29.0,0.009277829515346229
28547,-11.0,-28.0,0.0183520138671017
28548,-11.0,-27.0,0.009461172532726454
28549,-11.0,-26.0,0.004429605195539815
28550,-11.0,-25.0,0.012150603155524879
28551,-11.0,-24.0,0.02470976994425624
28552,-11.0,-23.0,0.013424358629915327
28553,-11.0,-22.0,0.01587046363730436
28554,-11.0,-21.0,0.031245491513362655
28555,-11.0,-20.0,0.01582244150177648
28556,-11.0,-19.0,0.007063379834950801
28557,-11.0,-18.0,0.02121466834385027
28558,-11.0,-17.0,0.04429658500335859
28559,-11.0,-16.0,0.023087228784891434
28560,-11.0,-15.0,0.02954199987237355
28561,-11.0,-14.0,0.06134066660574934
28562,-11.0,-13.0,0.028699350315409024
28563,-11.0,-12.0,0.009879109188721797
28564,-11.0,-11.0,0.035954536945121573
28565,-11.0,-10.0,0.07605244312465502
28566,-11.0,-9.0,0.03550377167823285
28567,-11.0,-8.0,0.025487056771243598
28568,-11.0,-7.0,0.0496542416401809
28569,-11.0,-6.0,0.023329413615870886
28570,-11.0,-5.0,0.00718872520575581
28571,-11.0,-4.0,0.01676568522788241
28572,-11.0,-3.0,0.033657537401792864
28573,-11.0,-2.0,0.016343121310707663
28574,-11.0,-1.0,0.00516222105825624
28575,-11.0,0.0,0.0005875066897359825
28576,-11.0,1.0,0.004540137404552531
28577,-11.0,2.0,0.011159131098018837
28578,-11.0,3.0,0.021600054960871026
28579,-11.0,4.0,0.010588003680482797
28580,-11.0,5.0,0.003835641836386673
28581,-11.0,6.0,0.008216130259287396
28582,-11.0,7.0,0.015940087235052587
28583,-11.0,8.0,0.008005045007752317
28584,-11.0,9.0,0.006854381979681431
28585,-11.0,10.0,0.012780360689727509
28586,-11.0,11.0,0.006062421925953984
28587,-11.0,12.0,0.0019490267291841022
28588,-11.0,13.0,0.004723006908672394
28589,-11.0,14.0,0.00961353801714899
28590,-11.0,15.0,0.004612059523320476
28591,-11.0,16.0,0.003963096565251928
28592,-11.0,17.0,0.007839556636760834
28593,-11.0,18.0,0.003510957058803338
28594,-11.0,19.0,0.0008734596834984968
28595,-11.0,20.0,0.002762223183856541
28596,-11.0,21.0,0.006062312902118945
28597,-11.0,22.0,0.002761914853127312
28598,-11.0,23.0,0.0023912556454036005
28599,-11.0,24.0,0.005061470097992268
28600,-11.0,25.0,0.002152662795034415
28601,-11.0,26.0,0.00039032508916422956
28602,-11.0,27.0,0.0017287706843965229
28603,-11.0,28.0,0.004041887197647556
28604,-11.0,29.0,0.0017785787652872234
28605,-11.0,30.0,0.0015571066589811398
28606,-11.0,31.0,0.0034514620922009623
28607,-11.0,32.0,0.001425923431509887
28608,-11.0,33.0,0.00020344905464240355
28609,-11.0,34.0,0.0011701845112658887
28610,-11.0,35.0,0.0028284555834704383
28611,-11.0,36.0,0.0012261658910864847
28612,-11.0,37.0,0.0010845060242717559
28613,-11.0,38.0,0.0024538344960563898
28614,-11.0,39.0,0.001002266446230336
28615,-11.0,40.0,7.276103598820786e-05
28616,-11.0,41.0,4.995517391790009e-06
28617,-11.0,42.0,3.2093881824769277e-06
28618,-11.0,43.0,2.4123292483939423e-06
28619,-11.0,44.0,1.80437444651549e-06
28620,-11.0,45.0,1.342466898697009e-06
28621,-11.0,46.0,9.934982638848903e-07
28622,-11.0,47.0,7.313363020851933e-07
28623,-11.0,48.0,5.354926966574479e-07
28624,-11.0,49.0,3.9001050368425805e-07
28625,-11.0,50.0,2.8254350677231437e-07
28626,-11.0,51.0,2.0360132157035964e-07
28627,-11.0,52.0,1.4593587155107503e-07
28628,-11.0,53.0,1.0404703220128358e-07
28629,-11.0,54.0,7.37876190794439e-08
28630,-11.0,55.0,5.205032462413288e-08
28631,-11.0,56.0,3.6521577061516623e-08
28632,-11.0,57.0,2.548952430885659e-08
28633,-11.0,58.0,1.7695386804453724e-08
28634,-11.0,59.0,1.2219248803645373e-08
28635,-11.0,60.0,8.392958392733693e-09
28636,-11.0,61.0,5.734185591756389e-09
28637,-11.0,62.0,3.896857557976066e-09
28638,-11.0,63.0,2.6341677445472084e-09
28639,-11.0,64.0,1.771162599801458e-09
28640,-11.0,65.0,1.1845667747925683e-09
28641,-11.0,66.0,7.88037291718681e-10
28642,-11.0,67.0,5.214589195182859e-10
28643,-11.0,68.0,3.4322549417276955e-10
28644,-11.0,69.0,2.2471138955991547e-10
28645,-11.0,70.0,1.46337873334185e-10
28646,-11.0,71.0,9.479261431292572e-11
28647,-11.0,72.0,6.107709466160512e-11
28648,-11.0,73.0,3.9144283397497447e-11
28649,-11.0,74.0,2.4954244807185537e-11
28650,-10.9,-75.0,1.0683403667129735e-07
28651,-10.9,-74.0,1.4992470425965035e-07
28652,-10.9,-73.0,2.0927766007886953e-07
28653,-10.9,-72.0,2.905752689062025e-07
28654,-10.9,-71.0,4.013105097396447e-07
28655,-10.9,-70.0,5.513006772258169e-07
28656,-10.9,-69.0,7.533254263127811e-07
28657,-10.9,-68.0,1.0239124732715114e-06
28658,-10.9,-67.0,1.384296588672584e-06
28659,-10.9,-66.0,1.861579429084385e-06
28660,-10.9,-65.0,2.490118995933013e-06
28661,-10.9,-64.0,3.3131777711928243e-06
28662,-10.9,-63.0,4.384857498839174e-06
28663,-10.9,-62.0,5.772345752800559e-06
28664,-10.9,-61.0,7.558494419197984e-06
28665,-10.9,-60.0,9.844742572524566e-06
28666,-10.9,-59.0,1.275438550443688e-05
28667,-10.9,-58.0,1.643617747858414e-05
28668,-10.9,-57.0,2.1068237831089873e-05
28669,-10.9,-56.0,2.6862208144119583e-05
28670,-10.9,-55.0,3.4067582406313705e-05
28671,-10.9,-54.0,4.2976102596742066e-05
28672,-10.9,-53.0,5.392607954053086e-05
28673,-10.9,-52.0,6.730646407765331e-05
28674,-10.9,-51.0,8.356045783166848e-05
28675,-10.9,-50.0,0.00010318841782799669
28676,-10.9,-49.0,0.00012674977694802897
28677,-10.9,-48.0,0.00015486367618174657
28678,-10.9,-47.0,0.00018821139772987898
28679,-10.9,-46.0,0.0002293590157553291
28680,-10.9,-45.0,0.0004381656085340482
28681,-10.9,-44.0,0.0027669123270166827
28682,-10.9,-43.0,0.00655924968207928
28683,-10.9,-42.0,0.005617945046511038
28684,-10.9,-41.0,0.0073880956303710105
28685,-10.9,-40.0,0.0035739369166091412
28686,-10.9,-39.0,0.0041459025898826106
28687,-10.9,-38.0,0.008773347081125597
28688,-10.9,-37.0,0.004212891754830059
28689,-10.9,-36.0,0.0016249261508587433
28690,-10.9,-35.0,0.0053831005088444284
28691,-10.9,-34.0,0.011513046104133375
28692,-10.9,-33.0,0.006074543500265839
28693,-10.9,-32.0,0.007073525443491577
28694,-10.9,-31.0,0.014221024263347704
28695,-10.9,-30.0,0.007647881606634647
28696,-10.9,-29.0,0.008916854944364457
28697,-10.9,-28.0,0.017645130795262493
28698,-10.9,-27.0,0.009094938597751352
28699,-10.9,-26.0,0.004256467349829455
28700,-10.9,-25.0,0.011678279164912587
28701,-10.9,-24.0,0.023750426047234232
28702,-10.9,-23.0,0.012906332098362727
28703,-10.9,-22.0,0.015251665051811851
28704,-10.9,-21.0,0.030018073944190097
28705,-10.9,-20.0,0.015211561198357202
28706,-10.9,-19.0,0.006802371515759769
28707,-10.9,-18.0,0.020367729878621347
28708,-10.9,-17.0,0.04249351888694932
28709,-10.9,-16.0,0.02216596568088721
28710,-10.9,-15.0,0.028290345342507347
28711,-10.9,-14.0,0.05866713399051556
28712,-10.9,-13.0,0.027491442466434604
28713,-10.9,-12.0,0.009590135905687178
28714,-10.9,-11.0,0.037185706872386655
28715,-10.9,-10.0,0.07963204081133425
28716,-10.9,-9.0,0.03709951177772032
28717,-10.9,-8.0,0.026433003967957735
28718,-10.9,-7.0,0.05152343099047246
28719,-10.9,-6.0,0.02418085553583307
28720,-10.9,-5.0,0.007415600152569832
28721,-10.9,-4.0,0.01733437922187605
28722,-10.9,-3.0,0.03483267881666806
28723,-10.9,-2.0,0.016904155511516524
28724,-10.9,-1.0,0.00532781585872456
28725,-10.9,0.0,0.0006027648203732791
28726,-10.9,1.0,0.004689545002660526
28727,-10.9,2.0,0.011535880941632822
28728,-10.9,3.0,0.022333736657863177
28729,-10.9,4.0,0.010949253619406837
28730,-10.9,5.0,0.003968665274735384
28731,-10.9,6.0,0.00849537276653727
28732,-10.9,7.0,0.01647664482513757
28733,-10.9,8.0,0.008278349034785632
28734,-10.9,9.0,0.007087986189734745
28735,-10.9,10.0,0.013207977246723363
28736,-10.9,11.0,0.006269736539645343
28737,-10.9,12.0,0.0020212589167309157
28738,-10.9,13.0,0.004884231432740806
28739,-10.9,14.0,0.009932030753483652
28740,-10.9,15.0,0.004768508500969914
28741,-10.9,16.0,0.004097252276051621
28742,-10.9,17.0,0.008096859745281935
28743,-10.9,18.0,0.003629265444752043
28744,-10.9,19.0,0.0009068457964294845
28745,-10.9,20.0,0.0028546467244599597
28746,-10.9,21.0,0.006258437062962257
28747,-10.9,22.0,0.0028531255875433367
28748,-10.9,23.0,0.002469871151801082
28749,-10.9,24.0,0.005223381953620029
28750,-10.9,25.0,0.0022228340781598388
28751,-10.9,26.0,0.00040478438302184617
28752,-10.9,27.0,0.0017845384913087064
28753,-10.9,28.0,0.004169373876427521
28754,-10.9,29.0,0.0018353031472250628
28755,-10.9,30.0,0.0016065085326987419
28756,-10.9,31.0,0.0035593326569190002
28757,-10.9,32.0,0.001470871309292596
28758,-10.9,33.0,0.00021037140960374342
28759,-10.9,34.0,0.0012067407908561926
28760,-10.9,35.0,0.0029159751519740027
28761,-10.9,36.0,0.001264251486999321
28762,-10.9,37.0,0.0011180489058069296
28763,-10.9,38.0,0.0025293111879477123
28764,-10.9,39.0,0.0010331750049532246
28765,-10.9,40.0,7.512406735822931e-05
28766,-10.9,41.0,5.250981550086509e-06
28767,-10.9,42.0,3.386923472006491e-06
28768,-10.9,43.0,2.5471552948548957e-06
28769,-10.9,44.0,1.9062366982835796e-06
28770,-10.9,45.0,1.4190087580727348e-06
28771,-10.9,46.0,1.050702939363576e-06
28772,-10.9,47.0,7.7385807975637e-07
28773,-10.9,48.0,5.669295643744057e-07
28774,-10.9,49.0,4.1312666423162467e-07
28775,-10.9,50.0,2.99449524894409e-07
28776,-10.9,51.0,2.15898819727889e-07
28777,-10.9,52.0,1.5483285168730515e-07
28778,-10.9,53.0,1.1044908865449631e-07
28779,-10.9,54.0,7.836954431627705e-08
28780,-10.9,55.0,5.531190965892402e-08
28781,-10.9,56.0,3.883078051358173e-08
28782,-10.9,57.0,2.7115631015916647e-08
28783,-10.9,58.0,1.883429780794271e-08
28784,-10.9,59.0,1.3012635626742475e-08
28785,-10.9,60.0,8.94267031237357e-09
28786,-10.9,61.0,6.113012499498166e-09
28787,-10.9,62.0,4.156516021956932e-09
28788,-10.9,63.0,2.8111870538957332e-09
28789,-10.9,64.0,1.8911942498001355e-09
28790,-10.9,65.0,1.2655189190601885e-09
28791,-10.9,66.0,8.423396691512017e-10
28792,-10.9,67.0,5.576888654952035e-10
28793,-10.9,68.0,3.672677560085825e-10
28794,-10.9,69.0,2.4058011991617954e-10
28795,-10.9,70.0,1.5675549733969673e-10
28796,-10.9,71.0,1.0159490560508156e-10
28797,-10.9,72.0,6.549485569793934e-11
28798,-10.9,73.0,4.1997994819416833e-11
28799,-10.9,74.0,2.6787737172927233e-11
28800,-10.8,-75.0,1.03918823472001e-07
28801,-10.8,-74.0,1.4591138268861573e-07
28802,-10.8,-73.0,2.0378407021173278e-07
28803,-10.8,-72.0,2.8309838967229727e-07
28804,-10.8,-71.0,3.911926382289959e-07
28805,-10.8,-70.0,5.376876421925309e-07
28806,-10.8,-69.0,7.351154397442815e-07
28807,-10.8,-68.0,9.996941281261154e-07
28808,-10.8,-67.0,1.3522744594106208e-06
28809,-10.8,-66.0,1.8194857448459185e-06
28810,-10.8,-65.0,2.4351099581557724e-06
28811,-10.8,-64.0,3.241713305366079e-06
28812,-10.8,-63.0,4.292563593716473e-06
28813,-10.8,-62.0,5.65385908083351e-06
28814,-10.8,-61.0,7.407289679907317e-06
28815,-10.8,-60.0,9.652943984024556e-06
28816,-10.8,-59.0,1.2512565109872401e-05
28817,-10.8,-58.0,1.613314444737798e-05
28818,-10.8,-57.0,2.0690824720380106e-05
28819,-10.8,-56.0,2.639506212738956e-05
28820,-10.8,-55.0,3.349297173664541e-05
28821,-10.8,-54.0,4.227375098898245e-05
28822,-10.8,-53.0,5.307304363931257e-05
28823,-10.8,-52.0,6.627707160566369e-05
28824,-10.8,-51.0,8.232632623301478e-05
28825,-10.8,-50.0,0.00010171857505402671
28826,-10.8,-49.0,0.00012501090727169275
28827,-10.8,-48.0,0.0001528205143491517
28828,-10.8,-47.0,0.00018582729792639323
28829,-10.8,-46.0,0.00022659874237114408
28830,-10.8,-45.0,0.00043517115174306325
28831,-10.8,-44.0,0.0027659968894237197
28832,-10.8,-43.0,0.006561973763474331
28833,-10.8,-42.0,0.005618677115375684
28834,-10.8,-41.0,0.007389617832999268
28835,-10.8,-40.0,0.0035710427726295996
28836,-10.8,-39.0,0.004142204970330956
28837,-10.8,-38.0,0.008772388084736278
28838,-10.8,-37.0,0.0042079684216980206
28839,-10.8,-36.0,0.0016174213038617684
28840,-10.8,-35.0,0.005376395523814971
28841,-10.8,-34.0,0.01150814707780201
28842,-10.8,-33.0,0.00606730687934875
28843,-10.8,-32.0,0.007064880929410651
28844,-10.8,-31.0,0.014212412025655381
28845,-10.8,-30.0,0.007639300725755641
28846,-10.8,-29.0,0.0089063145238987
28847,-10.8,-28.0,0.017631551232415686
28848,-10.8,-27.0,0.009086021052740754
28849,-10.8,-26.0,0.004250496197333214
28850,-10.8,-25.0,0.011664921717992415
28851,-10.8,-24.0,0.0237247091446827
28852,-10.8,-23.0,0.012895378629627793
28853,-10.8,-22.0,0.01523249866004906
28854,-10.8,-21.0,0.02997158071257684
28855,-10.8,-20.0,0.01519847199395443
28856,-10.8,-19.0,0.00680802560604983
28857,-10.8,-18.0,0.020323130660718062
28858,-10.8,-17.0,0.042366491547576025
28859,-10.8,-16.0,0.022118124814495134
28860,-10.8,-15.0,0.028159322849130065
28861,-10.8,-14.0,0.05832238843517246
28862,-10.8,-13.0,0.027372351284935703
28863,-10.8,-12.0,0.00967838725126803
28864,-10.8,-11.0,0.038154521777421395
28865,-10.8,-10.0,0.08043647411363837
28866,-10.8,-9.0,0.03739507617089409
28867,-10.8,-8.0,0.026426026524388656
28868,-10.8,-7.0,0.051532660282516206
28869,-10.8,-6.0,0.024158072060259835
28870,-10.8,-5.0,0.007372582422289915
28871,-10.8,-4.0,0.01727363316624093
28872,-10.8,-3.0,0.03474441620693658
28873,-10.8,-2.0,0.016851555638419925
28874,-10.8,-1.0,0.005299368707508077
28875,-10.8,0.0,0.0005960198214768799
28876,-10.8,1.0,0.0046682102491087535
28877,-10.8,2.0,0.011493364827292914
28878,-10.8,3.0,0.022256135454695215
28879,-10.8,4.0,0.010912700603879152
28880,-10.8,5.0,0.003957426804885795
28881,-10.8,6.0,0.008465893547128534
28882,-10.8,7.0,0.01641448877861258
28883,-10.8,8.0,0.008250894458471691
28884,-10.8,9.0,0.007064057577095411
28885,-10.8,10.0,0.013155587224728666
28886,-10.8,11.0,0.006249292153855779
28887,-10.8,12.0,0.0020201890113804633
28888,-10.8,13.0,0.004868026969745762
28889,-10.8,14.0,0.00988950453687431
28890,-10.8,15.0,0.004751725650662757
28891,-10.8,16.0,0.0040825577296644665
28892,-10.8,17.0,0.008059796970435676
28893,-10.8,18.0,0.0036157210692824367
28894,-10.8,19.0,0.0009074042834549044
28895,-10.8,20.0,0.0028433480860350544
28896,-10.8,21.0,0.006226962662847587
28897,-10.8,22.0,0.0028406386408491623
28898,-10.8,23.0,0.002458710747038556
28899,-10.8,24.0,0.005195287847544983
28900,-10.8,25.0,0.002212192929092795
28901,-10.8,26.0,0.0004045882629235913
28902,-10.8,27.0,0.0017754131453364234
28903,-10.8,28.0,0.004145143669565669
28904,-10.8,29.0,0.0018252672627907015
28905,-10.8,30.0,0.0015974657404640917
28906,-10.8,31.0,0.0035376551583497806
28907,-10.8,32.0,0.0014622992459665622
28908,-10.8,33.0,0.0002096592178434167
28909,-10.8,34.0,0.0011993782615719087
28910,-10.8,35.0,0.002897336027094459
28911,-10.8,36.0,0.0012563170176294138
28912,-10.8,37.0,0.001110889632433964
28913,-10.8,38.0,0.0025126923789633945
28914,-10.8,39.0,0.001026467787636776
28915,-10.8,40.0,7.475713960236431e-05
28916,-10.8,41.0,5.319709011977024e-06
28917,-10.8,42.0,3.4446351452310472e-06
28918,-10.8,43.0,2.59196336750503e-06
28919,-10.8,44.0,1.940803544236802e-06
28920,-10.8,45.0,1.4455101865317237e-06
28921,-10.8,46.0,1.0708961850503756e-06
28922,-10.8,47.0,7.891509794714892e-07
28923,-10.8,48.0,5.784412372650979e-07
28924,-10.8,49.0,4.2173994445881665e-07
28925,-10.8,50.0,3.0585565355625217e-07
28926,-10.8,51.0,2.2063506258637105e-07
28927,-10.8,52.0,1.5831379347425842e-07
28928,-10.8,53.0,1.1299238159174611e-07
28929,-10.8,54.0,8.021687366887755e-08
28930,-10.8,55.0,5.6645895808641734e-08
28931,-10.8,56.0,3.9788475850896345e-08
28932,-10.8,57.0,2.7799199234466856e-08
28933,-10.8,58.0,1.9319389204760227e-08
28934,-10.8,59.0,1.3354899248678314e-08
28935,-10.8,60.0,9.182775260899829e-09
28936,-10.8,61.0,6.280488260043331e-09
28937,-10.8,62.0,4.272666269433094e-09
28938,-10.8,63.0,2.8912832911906685e-09
28939,-10.8,64.0,1.9461146865005144e-09
28940,-10.8,65.0,1.3029637179420725e-09
28941,-10.8,66.0,8.677254264834348e-10
28942,-10.8,67.0,5.748022144279897e-10
28943,-10.8,68.0,3.787395419263425e-10
28944,-10.8,69.0,2.482269747363238e-10
28945,-10.8,70.0,1.6182417694713772e-10
28946,-10.8,71.0,1.0493586503245095e-10
28947,-10.8,72.0,6.768471345578879e-11
28948,-10.8,73.0,4.3425352247029087e-11
28949,-10.8,74.0,2.771291519391415e-11
28950,-10.7,-75.0,1.0105787067787845e-07
28951,-10.7,-74.0,1.4196996794944847e-07
28952,-10.7,-73.0,1.983850461372693e-07
28953,-10.7,-72.0,2.7574490005730585e-07
28954,-10.7,-71.0,3.812344622113327e-07
28955,-10.7,-70.0,5.242795565658435e-07
28956,-10.7,-69.0,7.171661816492446e-07
28957,-10.7,-68.0,9.758044359297196e-07
28958,-10.7,-67.0,1.320662607421554e-06
28959,-10.7,-66.0,1.77789898785843e-06
28960,-10.7,-65.0,2.380720388599975e-06
28961,-10.7,-64.0,3.1709968263794563e-06
28962,-10.7,-63.0,4.201161055740576e-06
28963,-10.7,-62.0,5.536419148940694e-06
28964,-10.7,-61.0,7.257293725426695e-06
28965,-10.7,-60.0,9.462514256276482e-06
28966,-10.7,-59.0,1.2272258665879227e-05
28967,-10.7,-58.0,1.5831736814682602e-05
28968,-10.7,-57.0,2.0315089043539246e-05
28969,-10.7,-56.0,2.592955158868734e-05
28970,-10.7,-55.0,3.291981531161392e-05
28971,-10.7,-54.0,4.157247503806107e-05
28972,-10.7,-53.0,5.222043436080852e-05
28973,-10.7,-52.0,6.524709586390432e-05
28974,-10.7,-51.0,8.10901305797193e-05
28975,-10.7,-50.0,0.00010024458470107015
28976,-10.7,-49.0,0.00012326504814415588
28977,-10.7,-48.0,0.00015076658192527065
28978,-10.7,-47.0,0.00018342749926905666
28979,-10.7,-46.0,0.00022381611394973618
28980,-10.7,-45.0,0.000432115564629001
28981,-10.7,-44.0,0.0027645795028770066
28982,-10.7,-43.0,0.0065634772866376605
28983,-10.7,-42.0,0.0056183667888398394
28984,-10.7,-41.0,0.00738976181399856
28985,-10.7,-40.0,0.0035674884267207735
28986,-10.7,-39.0,0.004137737049006248
28987,-10.7,-38.0,0.008769782048129381
28988,-10.7,-37.0,0.004202248668599148
28989,-10.7,-36.0,0.0016095982232556781
28990,-10.7,-35.0,0.00536866087816281
28991,-10.7,-34.0,0.011501062698372666
28992,-10.7,-33.0,0.006058883957189599
28993,-10.7,-32.0,0.007054857322058993
28994,-10.7,-31.0,0.014201086244440091
28995,-10.7,-30.0,0.007629197169908418
28996,-10.7,-29.0,0.008894015943768636
28997,-10.7,-28.0,0.017614615132734355
28998,-10.7,-27.0,0.009075266501854622
28999,-10.7,-26.0,0.00424354210808911
29000,-10.7,-25.0,0.011649283479609104
29001,-10.7,-24.0,0.02369461226085167
29002,-10.7,-23.0,0.012881894935268399
29003,-10.7,-22.0,0.015210504267053558
29004,-10.7,-21.0,0.029919900825859158
29005,-10.7,-20.0,0.01518253239020446
29006,-10.7,-19.0,0.006812198836058278
29007,-10.7,-18.0,0.020275521822267183
29008,-10.7,-17.0,0.042233929530384205
29009,-10.7,-16.0,0.022067256562860908
29010,-10.7,-15.0,0.028027300377885235
29011,-10.7,-14.0,0.057977442841966154
29012,-10.7,-13.0,0.027252434722037554
29013,-10.7,-12.0,0.009769406940458305
29014,-10.7,-11.0,0.03918209515328921
29015,-10.7,-10.0,0.08131386698269055
29016,-10.7,-9.0,0.037719179832997336
29017,-10.7,-8.0,0.02641597276533234
29018,-10.7,-7.0,0.05153159659825256
29019,-10.7,-6.0,0.024130116843589896
29020,-10.7,-5.0,0.007327476855255391
29021,-10.7,-4.0,0.017207973603598343
29022,-10.7,-3.0,0.034646468646837035
29023,-10.7,-2.0,0.0167941010321426
29024,-10.7,-1.0,0.0052691836203261275
29025,-10.7,0.0,0.0005891597148197485
29026,-10.7,1.0,0.0046452588170126895
29027,-10.7,2.0,0.011447259760975836
29028,-10.7,3.0,0.02217184487460566
29029,-10.7,4.0,0.01087274282634835
29030,-10.7,5.0,0.003944801046045216
29031,-10.7,6.0,0.008433739837463669
29032,-10.7,7.0,0.016347383598648898
29033,-10.7,8.0,0.008220863886196073
29034,-10.7,9.0,0.007037917420656685
29035,-10.7,10.0,0.01309925758201106
29036,-10.7,11.0,0.0062269090321523425
29037,-10.7,12.0,0.0020184113143464776
29038,-10.7,13.0,0.004850321615093309
29039,-10.7,14.0,0.009844064880116871
29040,-10.7,15.0,0.004733507159009596
29041,-10.7,16.0,0.004066635819223221
29042,-10.7,17.0,0.008020394835272292
29043,-10.7,18.0,0.00360110536700475
29044,-10.7,19.0,0.0009076671267537774
29045,-10.7,20.0,0.0028312192712768285
29046,-10.7,21.0,0.006193715786770823
29047,-10.7,22.0,0.0028273357158229086
29048,-10.7,23.0,0.002446849337876755
29049,-10.7,24.0,0.00516573337589623
29050,-10.7,25.0,0.002200927209208049
29051,-10.7,26.0,0.00040427481496030723
29052,-10.7,27.0,0.0017657928452836287
29053,-10.7,28.0,0.004119763249147902
29054,-10.7,29.0,0.001814725359322594
29055,-10.7,30.0,0.0015879826596832368
29056,-10.7,31.0,0.0035150029385148554
29057,-10.7,32.0,0.0014533251558886584
29058,-10.7,33.0,0.00020889078897653505
29059,-10.7,34.0,0.0011916884629544417
29060,-10.7,35.0,0.0028779042218523006
29061,-10.7,36.0,0.0012480396469388164
29062,-10.7,37.0,0.0011034283786996826
29063,-10.7,38.0,0.0024953890539373543
29064,-10.7,39.0,0.0010194814552626401
29065,-10.7,40.0,7.437065702034614e-05
29066,-10.7,41.0,5.387704361187781e-06
29067,-10.7,42.0,3.502011676428543e-06
29068,-10.7,43.0,2.636566314587647e-06
29069,-10.7,44.0,1.975252996896636e-06
29070,-10.7,45.0,1.4719519657676784e-06
29071,-10.7,46.0,1.0910664342822763e-06
29072,-10.7,47.0,8.044430002126704e-07
29073,-10.7,48.0,5.899643720851587e-07
29074,-10.7,49.0,4.3037064795892407e-07
29075,-10.7,50.0,3.1228116701642475e-07
29076,-10.7,51.0,2.2539028299254447e-07
29077,-10.7,52.0,1.618120256385324e-07
29078,-10.7,53.0,1.1555070099443936e-07
29079,-10.7,54.0,8.207682316083731e-08
29080,-10.7,55.0,5.799020464965865e-08
29081,-10.7,56.0,4.075443551601568e-08
29082,-10.7,57.0,2.8489265491180188e-08
29083,-10.7,58.0,1.980951058901003e-08
29084,-10.7,59.0,1.3701002909742362e-08
29085,-10.7,60.0,9.425775391875644e-09
29086,-10.7,61.0,6.4501219842771485e-09
29087,-10.7,62.0,4.390407999550158e-09
29088,-10.7,63.0,2.97254162123466e-09
29089,-10.7,64.0,2.0018757423252268e-09
29090,-10.7,65.0,1.341011180373669e-09
29091,-10.7,66.0,8.935395679246387e-10
29092,-10.7,67.0,5.922175687580375e-10
29093,-10.7,68.0,3.904225496191079e-10
29094,-10.7,69.0,2.5602042091488794e-10
29095,-10.7,70.0,1.669938313867161e-10
29096,-10.7,71.0,1.0834586927086556e-10
29097,-10.7,72.0,6.992144506522813e-11
29098,-10.7,73.0,4.488430861202522e-11
29099,-10.7,74.0,2.8659248082769844e-11
29100,-10.6,-75.0,9.824868977532944e-08
29101,-10.6,-74.0,1.3809708062716802e-07
29102,-10.6,-73.0,1.9307601893937467e-07
29103,-10.6,-72.0,2.685086498117628e-07
29104,-10.6,-71.0,3.714277380568436e-07
29105,-10.6,-70.0,5.110654168931335e-07
29106,-10.6,-69.0,6.994630247799115e-07
29107,-10.6,-68.0,9.522240299114506e-07
29108,-10.6,-67.0,1.2894354910207013e-06
29109,-10.6,-66.0,1.7367856017631869e-06
29110,-10.6,-65.0,2.326906366866946e-06
29111,-10.6,-64.0,3.100971060629055e-06
29112,-10.6,-63.0,4.110575468774704e-06
29113,-10.6,-62.0,5.4199296123523384e-06
29114,-10.6,-61.0,7.108382259612938e-06
29115,-10.6,-60.0,9.273293591268104e-06
29116,-10.6,-59.0,1.2033261442985133e-05
29117,-10.6,-58.0,1.5531693189385864e-05
29118,-10.6,-57.0,1.9940698214627637e-05
29119,-10.6,-56.0,2.546525481628449e-05
29120,-10.6,-55.0,3.234758026607533e-05
29121,-10.6,-54.0,4.087160378640206e-05
29122,-10.6,-53.0,5.1367409862982344e-05
29123,-10.6,-52.0,6.421548440261547e-05
29124,-10.6,-51.0,7.985055993754767e-05
29125,-10.6,-50.0,9.876481994978821e-05
29126,-10.6,-49.0,0.00012151018841840872
29127,-10.6,-48.0,0.00014869940229152357
29128,-10.6,-47.0,0.000181008963949741
29129,-10.6,-46.0,0.00022100737337403653
29130,-10.6,-45.0,0.0004289901991240566
29131,-10.6,-44.0,0.002762593425612681
29132,-10.6,-43.0,0.0065635987122367526
29133,-10.6,-42.0,0.005616876855758331
29134,-10.6,-41.0,0.007388346748317284
29135,-10.6,-40.0,0.003563189083155915
29136,-10.6,-39.0,0.004132400684364543
29137,-10.6,-38.0,0.008765316230213448
29138,-10.6,-37.0,0.004195633770845745
29139,-10.6,-36.0,0.001601423153542493
29140,-10.6,-35.0,0.005359770605782296
29141,-10.6,-34.0,0.011491516186170862
29142,-10.6,-33.0,0.006049132448156995
29143,-10.6,-32.0,0.007043288783633465
29144,-10.6,-31.0,0.014186706261670172
29145,-10.6,-30.0,0.0076173910949435715
29146,-10.6,-29.0,0.008879749256820406
29147,-10.6,-28.0,0.017593900420504478
29148,-10.6,-27.0,0.009062459462421268
29149,-10.6,-26.0,0.004235506130260095
29150,-10.6,-25.0,0.011631086763723115
29151,-10.6,-24.0,0.02365956734739245
29152,-10.6,-23.0,0.012865570767129597
29153,-10.6,-22.0,0.015185315515007668
29154,-10.6,-21.0,0.029862315560921865
29155,-10.6,-20.0,0.015163372307475326
29156,-10.6,-19.0,0.0068147174532572396
29157,-10.6,-18.0,0.020224399003739874
29158,-10.6,-17.0,0.04209479122099024
29159,-10.6,-16.0,0.02201279800013609
29160,-10.6,-15.0,0.027893433674458647
29161,-10.6,-14.0,0.05763051272872916
29162,-10.6,-13.0,0.02713087126698271
29163,-10.6,-12.0,0.009863735727681271
29164,-10.6,-11.0,0.04027951046483641
29165,-10.6,-10.0,0.08228014443174365
29166,-10.6,-9.0,0.0380780541535106
29167,-10.6,-8.0,0.026401866205177538
29168,-10.6,-7.0,0.05151718840767413
29169,-10.6,-6.0,0.024095572979000654
29170,-10.6,-5.0,0.007279870071336454
29171,-10.6,-4.0,0.017136372424738196
29172,-10.6,-3.0,0.034536729546896835
29173,-10.6,-2.0,0.016730781369757145
29174,-10.6,-1.0,0.005236956746955983
29175,-10.6,0.0,0.0005821527755135721
29176,-10.6,1.0,0.004620418336905232
29177,-10.6,2.0,0.011396878673926837
29178,-10.6,3.0,0.022079525954758764
29179,-10.6,4.0,0.010828723062262225
29180,-10.6,5.0,0.003930548467559232
29181,-10.6,6.0,0.008398402212277617
29182,-10.6,7.0,0.01627434499309227
29183,-10.6,8.0,0.008187758795939864
29184,-10.6,9.0,0.007009139081987065
29185,-10.6,10.0,0.013038201260984504
29186,-10.6,11.0,0.006202208590309722
29187,-10.6,12.0,0.0020157975220553292
29188,-10.6,13.0,0.004830820425777378
29189,-10.6,14.0,0.009795122779634506
29190,-10.6,15.0,0.004713565983655407
29191,-10.6,16.0,0.004049240099442815
29192,-10.6,17.0,0.00797817560417049
29193,-10.6,18.0,0.0035852005680822325
29194,-10.6,19.0,0.0009075752322732515
29195,-10.6,20.0,0.0028180896288372333
29196,-10.6,21.0,0.006158330231269753
29197,-10.6,22.0,0.002813047642363105
29198,-10.6,23.0,0.0024341408458040444
29199,-10.6,24.0,0.005134414939930788
29200,-10.6,25.0,0.0021889061564635192
29201,-10.6,26.0,0.000403818153168319
29202,-10.6,27.0,0.0017555732633754571
29203,-10.6,28.0,0.004092992318369874
29204,-10.6,29.0,0.0018035709185639608
29205,-10.6,30.0,0.0015779663351897751
29206,-10.6,31.0,0.003491171978264828
29207,-10.6,32.0,0.0014438642817610862
29208,-10.6,33.0,0.0002080534042710095
29209,-10.6,34.0,0.0011836022247371833
29210,-10.6,35.0,0.002857513572236281
29211,-10.6,36.0,0.0012393471668096807
29212,-10.6,37.0,0.0010956014403426504
29213,-10.6,38.0,0.0024772575739901675
29214,-10.6,39.0,0.001012157244996997
29215,-10.6,40.0,7.396021455354811e-05
29216,-10.6,41.0,5.454557376351419e-06
29217,-10.6,42.0,3.5587749076162527e-06
29218,-10.6,43.0,2.68075421711277e-06
29219,-10.6,44.0,2.0094274887217076e-06
29220,-10.6,45.0,1.498216496320194e-06
29221,-10.6,46.0,1.1111264174101192e-06
29222,-10.6,47.0,8.196697493478321e-07
29223,-10.6,48.0,6.014517277634107e-07
29224,-10.6,49.0,4.389843152061142e-07
29225,-10.6,50.0,3.187010733302949e-07
29226,-10.6,51.0,2.3014645961132168e-07
29227,-10.6,52.0,1.6531462811356657e-07
29228,-10.6,53.0,1.1811483753628495e-07
29229,-10.6,54.0,8.394286644109166e-08
29230,-10.6,55.0,5.934023799873704e-08
29231,-10.6,56.0,4.172543867128496e-08
29232,-10.6,57.0,2.918358687957791e-08
29233,-10.6,58.0,2.0303109195157034e-08
29234,-10.6,59.0,1.404987793620887e-08
29235,-10.6,60.0,9.67093953163924e-09
29236,-10.6,61.0,6.621416366813133e-09
29237,-10.6,62.0,4.509404976901943e-09
29238,-10.6,63.0,3.0547360634385567e-09
29239,-10.6,64.0,2.0583264456768853e-09
29240,-10.6,65.0,1.3795610518337294e-09
29241,-10.6,66.0,9.197159199053635e-10
29242,-10.6,67.0,6.098915151353145e-10
29243,-10.6,68.0,4.022884713378923e-10
29244,-10.6,69.0,2.639421135841108e-10
29245,-10.6,70.0,1.7225264566221319e-10
29246,-10.6,71.0,1.1181735620423851e-10
29247,-10.6,72.0,7.220024076941163e-11
29248,-10.6,73.0,4.637182407757076e-11
29249,-10.6,74.0,2.962482686574936e-11
29250,-10.5,-75.0,9.548798553538181e-08
29251,-10.5,-74.0,1.3428819946483792e-07
29252,-10.5,-73.0,1.8785081251706985e-07
29253,-10.5,-72.0,2.61381239075542e-07
29254,-10.5,-71.0,3.61761090741593e-07
29255,-10.5,-70.0,4.980298849746176e-07
29256,-10.5,-69.0,6.819853743946581e-07
29257,-10.5,-68.0,9.289253731777073e-07
29258,-10.5,-67.0,1.2585564440488891e-06
29259,-10.5,-66.0,1.6960969658506452e-06
29260,-10.5,-65.0,2.2736036842066218e-06
29261,-10.5,-64.0,3.031551559251402e-06
29262,-10.5,-63.0,4.020696214377871e-06
29263,-10.5,-62.0,5.30424615968677e-06
29264,-10.5,-61.0,6.960367776185831e-06
29265,-10.5,-60.0,9.085039342682963e-06
29266,-10.5,-59.0,1.1795260709201248e-05
29267,-10.5,-58.0,1.5232612143807077e-05
29268,-10.5,-57.0,1.9567139050854728e-05
29269,-10.5,-56.0,2.5001518442405603e-05
29270,-10.5,-55.0,3.1775438175112106e-05
29271,-10.5,-54.0,4.017009120107964e-05
29272,-10.5,-53.0,5.051265486223779e-05
29273,-10.5,-52.0,6.318059035413185e-05
29274,-10.5,-51.0,7.860556104078429e-05
29275,-10.5,-50.0,9.727673186165367e-05
29276,-10.5,-49.0,0.00011974317758478362
29277,-10.5,-48.0,0.00014661509851651697
29278,-10.5,-47.0,0.00017856694222248342
29279,-10.5,-46.0,0.0002181666617912307
29280,-10.5,-45.0,0.0004257821022453771
29281,-10.5,-44.0,0.0027599424000964655
29282,-10.5,-43.0,0.006562105895511348
29283,-10.5,-42.0,0.005614009851369373
29284,-10.5,-41.0,0.007385112506448595
29285,-10.5,-40.0,0.0035580220799471874
29286,-10.5,-39.0,0.004126053864865242
29287,-10.5,-38.0,0.008758684123606659
29288,-10.5,-37.0,0.004187980610386324
29289,-10.5,-36.0,0.0015928460182568528
29290,-10.5,-35.0,0.005349542098844847
29291,-10.5,-34.0,0.011479108274623402
29292,-10.5,-33.0,0.006037846144964656
29293,-10.5,-32.0,0.0070299350759659845
29294,-10.5,-31.0,0.014168780521844618
29295,-10.5,-30.0,0.007603622162791653
29296,-10.5,-29.0,0.008863210726041662
29297,-10.5,-28.0,0.017568798212748548
29298,-10.5,-27.0,0.0090472886052965
29299,-10.5,-26.0,0.0042262449091556645
29300,-10.5,-25.0,0.01160993100651599
29301,-10.5,-24.0,0.02361875585824577
29302,-10.5,-23.0,0.012845959567818182
29303,-10.5,-22.0,0.015156405703820746
29304,-10.5,-21.0,0.029797791318744545
29305,-10.5,-20.0,0.015140460943321103
29306,-10.5,-19.0,0.0068153345774281835
29307,-10.5,-18.0,0.02016904645258311
29308,-10.5,-17.0,0.041947598143246584
29309,-10.5,-16.0,0.021953956719541028
29310,-10.5,-15.0,0.02775660542783563
29311,-10.5,-14.0,0.057279261312215154
29312,-10.5,-13.0,0.02700657689226344
29313,-10.5,-12.0,0.009962135111774224
29314,-10.5,-11.0,0.04146227543357284
29315,-10.5,-10.0,0.08335795206983117
29316,-10.5,-9.0,0.03848055656633435
29317,-10.5,-8.0,0.026382294099818283
29318,-10.5,-7.0,0.051485042625380936
29319,-10.5,-6.0,0.02405240220853301
29320,-10.5,-5.0,0.007229170803514496
29321,-10.5,-4.0,0.017057370583226962
29322,-10.5,-3.0,0.03441221379435708
29323,-10.5,-2.0,0.01666016388651012
29324,-10.5,-1.0,0.005202255888391201
29325,-10.5,0.0,0.0005749538141589567
29326,-10.5,1.0,0.004593302377051382
29327,-10.5,2.0,0.011341249234802474
29328,-10.5,3.0,0.021977285029984334
29329,-10.5,4.0,0.01077971196018553
29330,-10.5,5.0,0.003914330615811281
29331,-10.5,6.0,0.008359160603846737
29332,-10.5,7.0,0.016193981248347762
29333,-10.5,8.0,0.008150874860135828
29334,-10.5,9.0,0.006977119880972451
29335,-10.5,10.0,0.012971305456912304
29336,-10.5,11.0,0.006174656213825152
29337,-10.5,12.0,0.0020121672737757495
29338,-10.5,13.0,0.004809106982636155
29339,-10.5,14.0,0.009741845270865296
29340,-10.5,15.0,0.004691496745482249
29341,-10.5,16.0,0.00403002252791488
29342,-10.5,17.0,0.007932463420900426
29343,-10.5,18.0,0.0035676990543000134
29344,-10.5,19.0,0.0009070457094292905
29345,-10.5,20.0,0.0028037180331009796
29346,-10.5,21.0,0.006120287576039451
29347,-10.5,22.0,0.002797535205562211
29348,-10.5,23.0,0.002420378668000599
29349,-10.5,24.0,0.005100902504624918
29350,-10.5,25.0,0.0021759447357548823
29351,-10.5,26.0,0.00040318188727878583
29352,-10.5,27.0,0.001744606692614823
29353,-10.5,28.0,0.004064490266863794
29354,-10.5,29.0,0.001791653036185776
29355,-10.5,30.0,0.0015672850450220161
29356,-10.5,31.0,0.0034658729615452423
29357,-10.5,32.0,0.0014337964755749958
29358,-10.5,33.0,0.0002071290931305795
29359,-10.5,34.0,0.0011750214535408547
29360,-10.5,35.0,0.0028359283374919516
29361,-10.5,36.0,0.0012301371479338486
29362,-10.5,37.0,0.0010873184348752219
29363,-10.5,38.0,0.0024580941046314056
29364,-10.5,39.0,0.0010044117743585215
29365,-10.5,40.0,7.351957107407849e-05
29366,-10.5,41.0,5.519693455646653e-06
29367,-10.5,42.0,3.6145354179410154e-06
29368,-10.5,43.0,2.724232844983531e-06
29369,-10.5,44.0,2.0431058853992257e-06
29370,-10.5,45.0,1.5241385079782561e-06
29371,-10.5,46.0,1.1309533058059904e-06
29372,-10.5,47.0,8.347404514322254e-07
29373,-10.5,48.0,6.128365932026136e-07
29374,-10.5,49.0,4.475321949472612e-07
29375,-10.5,50.0,3.2507994597742314e-07
29376,-10.5,51.0,2.3487799343355474e-07
29377,-10.5,52.0,1.6880320730595e-07
29378,-10.5,53.0,1.2067164939793066e-07
29379,-10.5,54.0,8.580566695855505e-08
29380,-10.5,55.0,6.068940023037645e-08
29381,-10.5,56.0,4.269685233776798e-08
29382,-10.5,57.0,2.987892749568129e-08
29383,-10.5,58.0,2.0797937739785816e-08
29384,-10.5,59.0,1.4399972503053006e-08
29385,-10.5,60.0,9.917202198743485e-09
29386,-10.5,61.0,6.793644025576478e-09
29387,-10.5,62.0,4.629163473283839e-09
29388,-10.5,63.0,3.137533408794891e-09
29389,-10.5,64.0,2.115243211122754e-09
29390,-10.5,65.0,1.418464168857309e-09
29391,-10.5,66.0,9.461555434338e-10
29392,-10.5,67.0,6.277588078348311e-10
29393,-10.5,68.0,4.1429453018247247e-10
29394,-10.5,69.0,2.7196417023180974e-10
29395,-10.5,70.0,1.775825516925719e-10
29396,-10.5,71.0,1.1533868614334909e-10
29397,-10.5,72.0,7.451364619589339e-11
29398,-10.5,73.0,4.7883152819444416e-11
29399,-10.5,74.0,3.0606648006419466e-11
29400,-10.4,-75.0,9.27710918056839e-08
29401,-10.4,-74.0,1.3053686444169407e-07
29402,-10.4,-73.0,1.827005239362625e-07
29403,-10.4,-72.0,2.543504536587028e-07
29404,-10.4,-71.0,3.5221783874497014e-07
29405,-10.4,-70.0,4.851502803244602e-07
29406,-10.4,-69.0,6.647025317810097e-07
29407,-10.4,-68.0,9.05867099740804e-07
29408,-10.4,-67.0,1.2279699751476014e-06
29409,-10.4,-66.0,1.655758971581607e-06
29410,-10.4,-65.0,2.22071380954939e-06
29411,-10.4,-64.0,2.962607903450189e-06
29412,-10.4,-63.0,3.931351435204272e-06
29413,-10.4,-62.0,5.1891433386294635e-06
29414,-10.4,-61.0,6.812955835254299e-06
29415,-10.4,-60.0,8.897368694991985e-06
29416,-10.4,-59.0,1.1557760982444837e-05
29417,-10.4,-58.0,1.4933855259478035e-05
29418,-10.4,-57.0,1.919359268282391e-05
29419,-10.4,-56.0,2.4537296911041135e-05
29420,-10.4,-55.0,3.120206013241411e-05
29421,-10.4,-54.0,3.946625597899215e-05
29422,-10.4,-53.0,4.9654052012876166e-05
29423,-10.4,-52.0,6.213975959846278e-05
29424,-10.4,-51.0,7.735182241993752e-05
29425,-10.4,-50.0,9.577620817879495e-05
29426,-10.4,-49.0,0.00011795893303211821
29427,-10.4,-48.0,0.00014450741847468935
29428,-10.4,-47.0,0.00017609377987737364
29429,-10.4,-46.0,0.00021528455379219786
29430,-10.4,-45.0,0.0004224710205224109
29431,-10.4,-44.0,0.002756480165482943
29432,-10.4,-43.0,0.006558647090686484
29433,-10.4,-42.0,0.005609466236445386
29434,-10.4,-41.0,0.007379664609464593
29435,-10.4,-40.0,0.0035518005865233576
29436,-10.4,-39.0,0.00411848023051946
29437,-10.4,-38.0,0.008749420345024666
29438,-10.4,-37.0,0.0041790708172899866
29439,-10.4,-36.0,0.001583789030632917
29440,-10.4,-35.0,0.005337696721986229
29441,-10.4,-34.0,0.01146323211170864
29442,-10.4,-33.0,0.006024710456698256
29443,-10.4,-32.0,0.007014429805993678
29444,-10.4,-31.0,0.014146561698745825
29445,-10.4,-30.0,0.007587493532046201
29446,-10.4,-29.0,0.008843937562972371
29447,-10.4,-28.0,0.017538382955518354
29448,-10.4,-27.0,0.009029280047294369
29449,-10.4,-26.0,0.004215539694725305
29450,-10.4,-25.0,0.011585207248270722
29451,-10.4,-24.0,0.02357093456603785
29452,-10.4,-23.0,0.012822383621574472
29453,-10.4,-22.0,0.015122976191598438
29454,-10.4,-21.0,0.02972476057669445
29455,-10.4,-20.0,0.01511299493762491
29456,-10.4,-19.0,0.006813679254784327
29457,-10.4,-18.0,0.020108389313373894
29458,-10.4,-17.0,0.04179012947951826
29459,-10.4,-16.0,0.0218895498159652
29460,-10.4,-15.0,0.027615223590461962
29461,-10.4,-14.0,0.05692038649134119
29462,-10.4,-13.0,0.02687801088292315
29463,-10.4,-12.0,0.010065743857004542
29464,-10.4,-11.0,0.042753451936563255
29465,-10.4,-10.0,0.08458151211700143
29466,-10.4,-9.0,0.03894006740352252
29467,-10.4,-8.0,0.026355091278245462
29468,-10.4,-7.0,0.05142845440964343
29469,-10.4,-6.0,0.02399749514686527
29470,-10.4,-5.0,0.007174480678702709
29471,-10.4,-4.0,0.01696876714085496
29472,-10.4,-3.0,0.0342684250761736
29473,-10.4,-2.0,0.01658008873499438
29474,-10.4,-1.0,0.005164427417793632
29475,-10.4,0.0,0.000567494335301376
29476,-10.4,1.0,0.00456332780518092
29477,-10.4,2.0,0.011278907837621444
29478,-10.4,3.0,0.02186227350038157
29479,-10.4,4.0,0.010724311655087268
29480,-10.4,5.0,0.0038956386826374556
29481,-10.4,6.0,0.008314932228398214
29482,-10.4,7.0,0.016104199091892035
29483,-10.4,8.0,0.00810915343460888
29484,-10.4,9.0,0.006940954044003241
29485,-10.4,10.0,0.012896896375898937
29486,-10.4,11.0,0.006143448689681567
29487,-10.4,12.0,0.00200725073436935
29488,-10.4,13.0,0.00478455574945889
29489,-10.4,14.0,0.00968297917338744
29490,-10.4,15.0,0.004666690341026449
29491,-10.4,16.0,0.004008460151317445
29492,-10.4,17.0,0.007882241111577497
29493,-10.4,18.0,0.003548138516659192
29494,-10.4,19.0,0.0009059548229526202
29495,-10.4,20.0,0.0027877420099737594
29496,-10.4,21.0,0.006078807087338185
29497,-10.4,22.0,0.002780438547829735
29498,-10.4,23.0,0.0024052519478225546
29499,-10.4,24.0,0.005064548094631264
29500,-10.4,25.0,0.0021617644085048593
29501,-10.4,26.0,0.00040231159319055053
29502,-10.4,27.0,0.001732670673800503
29503,-10.4,28.0,0.004033743515226119
29504,-10.4,29.0,0.001778744298150345
29505,-10.4,30.0,0.0015557402357964593
29506,-10.4,31.0,0.0034386694635915546
29507,-10.4,32.0,0.0014229405676154272
29508,-10.4,33.0,0.00020609085021192333
29509,-10.4,34.0,0.001165798175144378
29510,-10.4,35.0,0.0028127927506487165
29511,-10.4,36.0,0.0012202550329165412
29512,-10.4,37.0,0.0010784429583718597
29513,-10.4,38.0,0.0024375909532774486
29514,-10.4,39.0,0.0009961191869951624
29515,-10.4,40.0,7.303932301703569e-05
29516,-10.4,41.0,5.58225882221698e-06
29517,-10.4,42.0,3.6687152787774245e-06
29518,-10.4,43.0,2.766565179641224e-06
29519,-10.4,44.0,2.075959437069996e-06
29520,-10.4,45.0,1.5494720556320544e-06
29521,-10.4,46.0,1.150364114333215e-06
29522,-10.4,47.0,8.495197133440541e-07
29523,-10.4,48.0,6.240193410206373e-07
29524,-10.4,49.0,4.5594138167657606e-07
29525,-10.4,50.0,3.3136472833796993e-07
29526,-10.4,51.0,2.395464859289346e-07
29527,-10.4,52.0,1.7225012668635522e-07
29528,-10.4,53.0,1.2320135575682064e-07
29529,-10.4,54.0,8.765114495604181e-08
29530,-10.4,55.0,6.20277250449927e-08
29531,-10.4,56.0,4.3661661016031374e-08
29532,-10.4,57.0,3.0570376372624335e-08
29533,-10.4,58.0,2.12905775545212e-08
29534,-10.4,59.0,1.4748920002744413e-08
29535,-10.4,60.0,1.01629342004434e-08
29536,-10.4,61.0,6.965689656644903e-09
29537,-10.4,62.0,4.74892423656629e-09
29538,-10.4,63.0,3.220419674924171e-09
29539,-10.4,64.0,2.1722800378183323e-09
29540,-10.4,65.0,1.457488914681773e-09
29541,-10.4,66.0,9.727042600220277e-10
29542,-10.4,67.0,6.457173915751866e-10
29543,-10.4,68.0,4.2637355204611794e-10
29544,-10.4,69.0,2.8004262458120177e-10
29545,-10.4,70.0,1.829549350306387e-10
29546,-10.4,71.0,1.1889134103832106e-10
29547,-10.4,72.0,7.684974493237539e-11
29548,-10.4,73.0,4.941066997289906e-11
29549,-10.4,74.0,3.1599860285738895e-11
29550,-10.3,-75.0,9.009071708083274e-08
29551,-10.3,-74.0,1.2683290558933904e-07
29552,-10.3,-73.0,1.776110358960037e-07
29553,-10.3,-72.0,2.473967899825193e-07
29554,-10.3,-71.0,3.4277116520701293e-07
29555,-10.3,-70.0,4.723899057827363e-07
29556,-10.3,-69.0,6.475645179638835e-07
29557,-10.3,-68.0,8.829814654877407e-07
29558,-10.3,-67.0,1.197584697493078e-06
29559,-10.3,-66.0,1.6156489254929414e-06
29560,-10.3,-65.0,2.1680728037615654e-06
29561,-10.3,-64.0,2.893922089298515e-06
29562,-10.3,-63.0,3.842252619750171e-06
29563,-10.3,-62.0,5.0742411564051454e-06
29564,-10.3,-61.0,6.665648359476623e-06
29565,-10.3,-60.0,8.709631933110836e-06
29566,-10.3,-59.0,1.1319918832884718e-05
29567,-10.3,-58.0,1.4634332930101684e-05
29568,-10.3,-57.0,1.8818658300051344e-05
29569,-10.3,-56.0,2.4070798079812758e-05
29570,-10.3,-55.0,3.062516451991133e-05
29571,-10.3,-54.0,3.8757207543834815e-05
29572,-10.3,-53.0,4.878795721289312e-05
29573,-10.3,-52.0,6.108842067921107e-05
29574,-10.3,-51.0,7.608363757478706e-05
29575,-10.3,-50.0,9.425616080821959e-05
29576,-10.3,-49.0,0.00011614869431261797
29577,-10.3,-48.0,0.00014236558874853973
29578,-10.3,-47.0,0.00017357629392502586
29579,-10.3,-46.0,0.0002123448352358599
29580,-10.3,-45.0,0.0004190228345323952
29581,-10.3,-44.0,0.0027519657334637887
29582,-10.3,-43.0,0.006552644038939854
29583,-10.3,-42.0,0.005602753125824977
29584,-10.3,-41.0,0.00737135410139836
29585,-10.3,-40.0,0.0035442161681841526
29586,-10.3,-39.0,0.004109322514174078
29587,-10.3,-38.0,0.008736758514907631
29588,-10.3,-37.0,0.004168543368288419
29589,-10.3,-36.0,0.0015741217605868166
29590,-10.3,-35.0,0.005323773779778996
29591,-10.3,-34.0,0.011442887469289965
29592,-10.3,-33.0,0.006009205288818093
29593,-10.3,-32.0,0.006996167373918248
29594,-10.3,-31.0,0.01411881770399846
29595,-10.3,-30.0,0.007568349515763532
29596,-10.3,-29.0,0.008821165371448898
29597,-10.3,-28.0,0.01750112883590737
29598,-10.3,-27.0,0.009007651649360876
29599,-10.3,-26.0,0.004203028617049066
29600,-10.3,-25.0,0.011555911332642095
29601,-10.3,-24.0,0.02351405512663073
29602,-10.3,-23.0,0.012793726907138796
29603,-10.3,-22.0,0.015083712619427269
29604,-10.3,-21.0,0.029640643359388385
29605,-10.3,-20.0,0.015079654138858388
29606,-10.3,-19.0,0.006809145291577524
29607,-10.3,-18.0,0.020040670907510865
29608,-10.3,-17.0,0.0416187544108922
29609,-10.3,-16.0,0.021817652242842635
29610,-10.3,-15.0,0.027466782156004295
29611,-10.3,-14.0,0.05654872157238972
29612,-10.3,-13.0,0.026742753108030433
29613,-10.3,-12.0,0.010176419931329807
29614,-10.3,-11.0,0.04419048681991139
29615,-10.3,-10.0,0.086007291124003
29616,-10.3,-9.0,0.039478656549024604
29617,-10.3,-8.0,0.026316646615566205
29618,-10.3,-7.0,0.05133627952077318
29619,-10.3,-6.0,0.023925684344913843
29620,-10.3,-5.0,0.007114309890677396
29621,-10.3,-4.0,0.01686693603200407
29622,-10.3,-3.0,0.034097966544455884
29623,-10.3,-2.0,0.016486999747677127
29624,-10.3,-1.0,0.005122391481579916
29625,-10.3,0.0,0.000559660826687164
29626,-10.3,1.0,0.004529533016245754
29627,-10.3,2.0,0.011207446793229678
29628,-10.3,3.0,0.02172980831289843
29629,-10.3,4.0,0.010660224198877119
29630,-10.3,5.0,0.0038736365274726057
29631,-10.3,6.0,0.008263937359228866
29632,-10.3,7.0,0.016001557200649042
29633,-10.3,8.0,0.008060855197752043
29634,-10.3,9.0,0.006899153488817005
29635,-10.3,10.0,0.01281222214040225
29636,-10.3,11.0,0.006107266841727524
29637,-10.3,12.0,0.0020006064660445426
29638,-10.3,13.0,0.00475613948127789
29639,-10.3,14.0,0.00961646360272696
29640,-10.3,15.0,0.004638146290474064
29641,-10.3,16.0,0.003983693982992591
29642,-10.3,17.0,0.00782583533010624
29643,-10.3,18.0,0.0035257594439435202
29644,-10.3,19.0,0.0009041006020235761
29645,-10.3,20.0,0.0027695659144667288
29646,-10.3,21.0,0.006032603591127883
29647,-10.3,22.0,0.002761165931953365
29648,-10.3,23.0,0.002388249431472222
29649,-10.3,24.0,0.005024284521674422
29650,-10.3,25.0,0.0021459068698491367
29651,-10.3,26.0,0.0004011182941714236
29652,-10.3,27.0,0.0017193989992740997
29653,-10.3,28.0,0.003999905666089778
29654,-10.3,29.0,0.0017644701200354186
29655,-10.3,30.0,0.0015430047854432761
29656,-10.3,31.0,0.0034088419389074563
29657,-10.3,32.0,0.0014109979765301178
29658,-10.3,33.0,0.00020489432492323562
29659,-10.3,34.0,0.0011556884193926053
29660,-10.3,35.0,0.0027875199902349834
29661,-10.3,36.0,0.0012094459276088612
29662,-10.3,37.0,0.0010687500156328076
29663,-10.3,38.0,0.0024152404682770425
29664,-10.3,39.0,0.0009870718576468352
29665,-10.3,40.0,7.250398824244256e-05
29666,-10.3,41.0,5.6408704859085945e-06
29667,-10.3,42.0,3.720380089803357e-06
29668,-10.3,43.0,2.8070442994668005e-06
29669,-10.3,44.0,2.107456057966887e-06
29670,-10.3,45.0,1.5738188222055717e-06
29671,-10.3,46.0,1.169062283503955e-06
29672,-10.3,47.0,8.637879366999341e-07
29673,-10.3,48.0,6.348382452697576e-07
29674,-10.3,49.0,4.640934179451469e-07
29675,-10.3,50.0,3.374691273221825e-07
29676,-10.3,51.0,2.4408941701908065e-07
29677,-10.3,52.0,1.756103365717051e-07
29678,-10.3,53.0,1.256716722977707e-07
29679,-10.3,54.0,8.945629036538523e-08
29680,-10.3,55.0,6.333890185569e-08
29681,-10.3,56.0,4.460836609234628e-08
29682,-10.3,57.0,3.124987147986661e-08
29683,-10.3,58.0,2.177540697027465e-08
29684,-10.3,59.0,1.5092821852048925e-08
29685,-10.3,60.0,1.0405446678996425e-08
29686,-10.3,61.0,7.1357088940985536e-09
29687,-10.3,62.0,4.86742908512107e-09
29688,-10.3,63.0,3.3025412600883167e-09
29689,-10.3,64.0,2.2288609799498922e-09
29690,-10.3,65.0,1.4962488146713753e-09
29691,-10.3,66.0,9.991041573906374e-10
29692,-10.3,67.0,6.635960941391387e-10
29693,-10.3,68.0,4.3841255647686093e-10
29694,-10.3,69.0,2.881033147721516e-10
29695,-10.3,70.0,1.8832138249179433e-10
29696,-10.3,71.0,1.2244389042260254e-10
29697,-10.3,72.0,7.91882442477229e-11
29698,-10.3,73.0,5.0941345941122165e-11
29699,-10.3,74.0,3.2596143757787286e-11
29700,-10.2,-75.0,8.743357169769419e-08
29701,-10.2,-74.0,1.2315768223980623e-07
29702,-10.2,-73.0,1.725563325657378e-07
29703,-10.2,-72.0,2.40484120268804e-07
29704,-10.2,-71.0,3.333711505857971e-07
29705,-10.2,-70.0,4.596801297695896e-07
29706,-10.2,-69.0,6.304774472097832e-07
29707,-10.2,-68.0,8.601406808501721e-07
29708,-10.2,-67.0,1.167227546086405e-06
29709,-10.2,-66.0,1.5755336220562582e-06
29710,-10.2,-65.0,2.1153680000316334e-06
29711,-10.2,-64.0,2.8250770212595756e-06
29712,-10.2,-63.0,3.752846166243508e-06
29713,-10.2,-62.0,4.958808533148024e-06
29714,-10.2,-61.0,6.517484766170796e-06
29715,-10.2,-60.0,8.520573303751098e-06
29716,-10.2,-59.0,1.1080100943375763e-05
29717,-10.2,-58.0,1.433193151941106e-05
29718,-10.2,-57.0,1.843961457785463e-05
29719,-10.2,-56.0,2.3598536026998223e-05
29720,-10.2,-55.0,3.0040308721415274e-05
29721,-10.2,-54.0,3.803731288534401e-05
29722,-10.2,-53.0,4.7907264555170496e-05
29723,-10.2,-52.0,6.001765549572011e-05
29724,-10.2,-51.0,7.478987136555917e-05
29725,-10.2,-50.0,9.270275771681572e-05
29726,-10.2,-49.0,0.00011429536757248783
29727,-10.2,-48.0,0.000140168593140508
29728,-10.2,-47.0,0.00017098877835217892
29729,-10.2,-46.0,0.00020931591891083833
29730,-10.2,-45.0,0.0004153721273835478
29731,-10.2,-44.0,0.00274594509457911
29732,-10.2,-43.0,0.0065430093038715016
29733,-10.2,-42.0,0.005592942937131488
29734,-10.2,-41.0,0.007358959904737474
29735,-10.2,-40.0,0.0035346868255086666
29736,-10.2,-39.0,0.00409790643324996
29737,-10.2,-38.0,0.008719255387217642
29738,-10.2,-37.0,0.0041557162157347
29739,-10.2,-36.0,0.0015635950080070621
29740,-10.2,-35.0,0.005306902825987571
29741,-10.2,-34.0,0.011416189277933928
29742,-10.2,-33.0,0.005990348009864689
29743,-10.2,-32.0,0.006974003769660559
29744,-10.2,-31.0,0.014083225874083111
29745,-10.2,-30.0,0.007544951799626041
29746,-10.2,-29.0,0.008793450858529984
29747,-10.2,-28.0,0.017454159456182155
29748,-10.2,-27.0,0.008980927435066021
29749,-10.2,-26.0,0.0041880273803462115
29750,-10.2,-25.0,0.011520149531715708
29751,-10.2,-24.0,0.023444257352978577
29752,-10.2,-23.0,0.01275788696672719
29753,-10.2,-22.0,0.015036139744845854
29754,-10.2,-21.0,0.02954058066856228
29755,-10.2,-20.0,0.0150379553656363
29756,-10.2,-19.0,0.0068005973398043585
29757,-10.2,-18.0,0.01996259840894315
29758,-10.2,-17.0,0.041426664020879
29759,-10.2,-16.0,0.021734666142348702
29760,-10.2,-15.0,0.027306699546032997
29761,-10.2,-14.0,0.05615485643646159
29762,-10.2,-13.0,0.02659638630347601
29763,-10.2,-12.0,0.01029764614843789
29764,-10.2,-11.0,0.045843285866591324
29765,-10.2,-10.0,0.08774242061916347
29766,-10.2,-9.0,0.040138183132468044
29767,-10.2,-8.0,0.02626005866963289
29768,-10.2,-7.0,0.05118727730364633
29769,-10.2,-6.0,0.023827118515223122
29770,-10.2,-5.0,0.007045818441361952
29771,-10.2,-4.0,0.016745005293703773
29772,-10.2,-3.0,0.03388684051002467
29773,-10.2,-2.0,0.01637416131750053
29774,-10.2,-1.0,0.0050740954653948
29775,-10.2,0.0,0.0005512366625970521
29776,-10.2,1.0,0.004490093002165094
29777,-10.2,2.0,0.011122307226884056
29778,-10.2,3.0,0.021571027806238294
29779,-10.2,4.0,0.010583101303680575
29780,-10.2,5.0,0.0038467422879580296
29781,-10.2,6.0,0.008202808417189882
29782,-10.2,7.0,0.015879542806276507
29783,-10.2,8.0,0.008002690305933077
29784,-10.2,9.0,0.006848903604484424
29785,-10.2,10.0,0.01271207419859904
29786,-10.2,11.0,0.006063616260550583
29787,-10.2,12.0,0.0019914028066213307
29788,-10.2,13.0,0.004721915922514336
29789,-10.2,14.0,0.009538396760412042
29790,-10.2,15.0,0.0046039725665418625
29791,-10.2,16.0,0.003954099532035678
29792,-10.2,17.0,0.007760076902834612
29793,-10.2,18.0,0.003499125239982519
29794,-10.2,19.0,0.0009011033839579408
29795,-10.2,20.0,0.0027480628242293717
29796,-10.2,21.0,0.005979241624448825
29797,-10.2,22.0,0.0027385971347072616
29798,-10.2,23.0,0.002368403090686178
29799,-10.2,24.0,0.004978088414197064
29800,-10.2,25.0,0.0021275039879225894
29801,-10.2,26.0,0.0003994345084036705
29802,-10.2,27.0,0.0017040976714145764
29803,-10.2,28.0,0.003961370948816654
29804,-10.2,29.0,0.0017481202286936252
29805,-10.2,30.0,0.001528458278254727
29806,-10.2,31.0,0.00337502471914046
29807,-10.2,32.0,0.0013974022349014011
29808,-10.2,33.0,0.00020345567787500194
29809,-10.2,34.0,0.0011442291455109872
29810,-10.2,35.0,0.002758995807409214
29811,-10.2,36.0,0.0011972259252881476
29812,-10.2,37.0,0.001057812387375558
29813,-10.2,38.0,0.002390078486547618
29814,-10.2,39.0,0.0009768754951222525
29815,-10.2,40.0,7.188422965448444e-05
29816,-10.2,41.0,5.692955782439716e-06
29817,-10.2,42.0,3.7677960834434332e-06
29818,-10.2,43.0,2.844358304058195e-06
29819,-10.2,44.0,2.1366080855622202e-06
29820,-10.2,45.0,1.596439243149153e-06
29821,-10.2,46.0,1.1864970023943653e-06
29822,-10.2,47.0,8.771370960924492e-07
29823,-10.2,48.0,6.449926779965157e-07
29824,-10.2,49.0,4.7176799674068667e-07
29825,-10.2,50.0,3.432325658977486e-07
29826,-10.2,51.0,2.483903756995507e-07
29827,-10.2,52.0,1.7879989878766606e-07
29828,-10.2,53.0,1.2802240140984396e-07
29829,-10.2,54.0,9.117816411645422e-08
29830,-10.2,55.0,6.45924672148645e-08
29831,-10.2,56.0,4.551547155439681e-08
29832,-10.2,57.0,3.1902326314310085e-08
29833,-10.2,58.0,2.224189496544914e-08
29834,-10.2,59.0,1.5424366608739468e-08
29835,-10.2,60.0,1.063969086388283e-08
29836,-10.2,61.0,7.3002342286429214e-09
29837,-10.2,62.0,4.982309382261456e-09
29838,-10.2,63.0,3.382288899637407e-09
29839,-10.2,64.0,2.283898600593335e-09
29840,-10.2,65.0,1.534013019854494e-09
29841,-10.2,66.0,1.0248666984555855e-09
29842,-10.2,67.0,6.810701176915252e-10
29843,-10.2,68.0,4.5019677340100214e-10
29844,-10.2,69.0,2.9600499394391657e-10
29845,-10.2,70.0,1.9358950352036868e-10
29846,-10.2,71.0,1.259362280757097e-10
29847,-10.2,72.0,8.149025273571732e-11
29848,-10.2,73.0,5.245015252701044e-11
29849,-10.2,74.0,3.357947901403226e-11
29850,-10.1,-75.0,8.476752324526268e-08
29851,-10.1,-74.0,1.1946595813410885e-07
29852,-10.1,-73.0,1.674730595852774e-07
29853,-10.1,-72.0,2.335241748007165e-07
29854,-10.1,-71.0,3.238954484610419e-07
29855,-10.1,-70.0,4.4685225270572644e-07
29856,-10.1,-69.0,6.132099112892705e-07
29857,-10.1,-68.0,8.370289659050219e-07
29858,-10.1,-67.0,1.1364698441333907e-06
29859,-10.1,-66.0,1.5348341473541686e-06
29860,-10.1,-65.0,2.0618216567059453e-06
29861,-10.1,-64.0,2.755033275040974e-06
29862,-10.1,-63.0,3.6617501471524794e-06
29863,-10.1,-62.0,4.84101774181909e-06
29864,-10.1,-61.0,6.366060306008738e-06
29865,-10.1,-60.0,8.327045352609767e-06
29866,-10.1,-59.0,1.0834209248078144e-05
29867,-10.1,-58.0,1.4021343074869932e-05
29868,-10.1,-57.0,1.804962236117301e-05
29869,-10.1,-56.0,2.311174470335518e-05
29870,-10.1,-55.0,2.9436315611867503e-05
29871,-10.1,-54.0,3.729239515253715e-05
29872,-10.1,-53.0,4.699408645887788e-05
29873,-10.1,-52.0,5.8905012601529235e-05
29874,-10.1,-51.0,7.344249162743241e-05
29875,-10.1,-50.0,9.108118223225228e-05
29876,-10.1,-49.0,0.00011235593632755281
29877,-10.1,-48.0,0.00013786356298862185
29878,-10.1,-47.0,0.00016826659550545528
29879,-10.1,-46.0,0.00020611844461677973
29880,-10.1,-45.0,0.0004113566216350223
29881,-10.1,-44.0,0.0027373080241610364
29882,-10.1,-43.0,0.0065270876913625115
29883,-10.1,-42.0,0.005577769379140051
29884,-10.1,-41.0,0.007339499088386926
29885,-10.1,-40.0,0.003521787488374442
29886,-10.1,-39.0,0.0040825806467699385
29887,-10.1,-38.0,0.008693382756882308
29888,-10.1,-37.0,0.004138917636460145
29889,-10.1,-36.0,0.0015515923604791123
29890,-10.1,-35.0,0.0052849500748453826
29891,-10.1,-34.0,0.0113785261104355
29892,-10.1,-33.0,0.005965729865459973
29893,-10.1,-32.0,0.006945134874625002
29894,-10.1,-31.0,0.014034102724610743
29895,-10.1,-30.0,0.007514265639146897
29896,-10.1,-29.0,0.008757257404495247
29897,-10.1,-28.0,0.017390435754916705
29898,-10.1,-27.0,0.008945492200514781
29899,-10.1,-26.0,0.004168856804292393
29900,-10.1,-25.0,0.01147328521956784
29901,-10.1,-24.0,0.023352095594900923
29902,-10.1,-23.0,0.012709720412113934
29903,-10.1,-22.0,0.014974202798604473
29904,-10.1,-21.0,0.029412685839162265
29905,-10.1,-20.0,0.014981830293986012
29906,-10.1,-19.0,0.006785270186280118
29907,-10.1,-18.0,0.01986613906694002
29908,-10.1,-17.0,0.04119723830332105
29909,-10.1,-16.0,0.021631831259781978
29910,-10.1,-15.0,0.027123961487058704
29911,-10.1,-14.0,0.055716210479729085
29912,-10.1,-13.0,0.02642830448182626
29913,-10.1,-12.0,0.010437929220288465
29914,-10.1,-11.0,0.04788197901716946
29915,-10.1,-10.0,0.09005206912558955
29916,-10.1,-9.0,0.041022225704972805
29917,-10.1,-8.0,0.026168182333415693
29918,-10.1,-7.0,0.05092878787732537
29919,-10.1,-6.0,0.02367735821295247
29920,-10.1,-5.0,0.006961944451365069
29921,-10.1,-4.0,0.016585975764573973
29922,-10.1,-3.0,0.033600472420785954
29923,-10.1,-2.0,0.01622492080712635
29924,-10.1,-1.0,0.005014445449148743
29925,-10.1,0.0,0.0005416815601952823
29926,-10.1,1.0,0.004440484615660579
29927,-10.1,2.0,0.011012215505453398
29928,-10.1,3.0,0.021364031243186067
29929,-10.1,4.0,0.010482196594614615
29930,-10.1,5.0,0.0038110470015056607
29931,-10.1,6.0,0.008123222122965935
29932,-10.1,7.0,0.015722056315986423
29933,-10.1,8.0,0.007926530561405172
29934,-10.1,9.0,0.006783250128878542
29935,-10.1,10.0,0.012583574934181675
29936,-10.1,11.0,0.0060063355077261595
29937,-10.1,12.0,0.001977592652467686
29938,-10.1,13.0,0.004677087671007651
29939,-10.1,14.0,0.00943912878172706
29940,-10.1,15.0,0.004559494940304643
29941,-10.1,16.0,0.003915663346401388
29942,-10.1,17.0,0.007677125131521796
29943,-10.1,18.0,0.003464686133965198
29944,-10.1,19.0,0.000896030705570121
29945,-10.1,20.0,0.002720447471260332
29946,-10.1,21.0,0.005912692153827183
29947,-10.1,22.0,0.0027099618007554284
29948,-10.1,23.0,0.002343318536454502
29949,-10.1,24.0,0.004920948435049649
29950,-10.1,25.0,0.00210440761682696
29951,-10.1,26.0,0.0003968484170896124
29952,-10.1,27.0,0.0016850486558796511
29953,-10.1,28.0,0.0039141598244885915
29954,-10.1,29.0,0.0017279353286581165
29955,-10.1,30.0,0.001510563646955278
29956,-10.1,31.0,0.0033338319245537827
29957,-10.1,32.0,0.0013807494897588918
29958,-10.1,33.0,0.00020156790541490377
29959,-10.1,34.0,0.0011302723679318986
29960,-10.1,35.0,0.002724456450346715
29961,-10.1,36.0,0.0011823949755540453
29962,-10.1,37.0,0.0010445704159559067
29963,-10.1,38.0,0.0023597129155276493
29964,-10.1,39.0,0.0009645519787620389
29965,-10.1,40.0,7.110744461225246e-05
29966,-10.1,41.0,5.732279602075452e-06
29967,-10.1,42.0,3.8067749987612563e-06
29968,-10.1,43.0,2.8753385293594767e-06
29969,-10.1,44.0,2.161030259392078e-06
29970,-10.1,45.0,1.615547360458131e-06
29971,-10.1,46.0,1.2013381781156971e-06
29972,-10.1,47.0,8.88581893589863e-07
29973,-10.1,48.0,6.537566541962957e-07
29974,-10.1,49.0,4.78433056549124e-07
29975,-10.1,50.0,3.4826718868680634e-07
29976,-10.1,51.0,2.5216813870729235e-07
29977,-10.1,52.0,1.8161599565216432e-07
29978,-10.1,53.0,1.3010805306160034e-07
29979,-10.1,54.0,9.271295763532698e-08
29980,-10.1,55.0,6.571474860719283e-08
29981,-10.1,56.0,4.6330971841457565e-08
29982,-10.1,57.0,3.2491226337686806e-08
29983,-10.1,58.0,2.2664540768346952e-08
29984,-10.1,59.0,1.5725840459996515e-08
29985,-10.1,60.0,1.0853427873368719e-08
29986,-10.1,61.0,7.450854766922922e-09
29987,-10.1,62.0,5.0878158546088864e-09
29988,-10.1,63.0,3.4557536987620135e-09
29989,-10.1,64.0,2.334749487226696e-09
29990,-10.1,65.0,1.5690034736184946e-09
29991,-10.1,66.0,1.048802297735006e-09
29992,-10.1,67.0,6.973478456157487e-10
29993,-10.1,68.0,4.61202236861281e-10
29994,-10.1,69.0,3.034027091089932e-10
29995,-10.1,70.0,1.9853341427407144e-10
29996,-10.1,71.0,1.292212316706336e-10
29997,-10.1,72.0,8.366046007949591e-11
29998,-10.1,73.0,5.387567551688759e-11
29999,-10.1,74.0,3.451050513119341e-11
30000,-10.0,-75.0,7.32037195449727e-08
30001,-10.0,-74.0,1.0322365060726444e-07
30002,-10.0,-73.0,1.4478093851446872e-07
30003,-10.0,-72.0,2.0198990657118169e-07
30004,-10.0,-71.0,2.803070730794683e-07
30005,-10.0,-70.0,3.8692300532400675e-07
30006,-10.0,-69.0,5.312527065967116e-07
30007,-10.0,-68.0,7.255441862709341e-07
30008,-10.0,-67.0,9.856272107801258e-07
30009,-10.0,-66.0,1.3318263730885282e-06
30010,-10.0,-65.0,1.7900643520265904e-06
30011,-10.0,-64.0,2.393182314645948e-06
30012,-10.0,-63.0,3.182504549302746e-06
30013,-10.0,-62.0,4.2096732624579e-06
30014,-10.0,-61.0,5.5387766459692845e-06
30015,-10.0,-60.0,7.248788413482829e-06
30016,-10.0,-59.0,9.43632959378699e-06
30017,-10.0,-58.0,1.2218753049789444e-05
30018,-10.0,-57.0,1.5737537604912785e-05
30019,-10.0,-56.0,2.0161961530512667e-05
30020,-10.0,-55.0,2.5693004335019105e-05
30021,-10.0,-54.0,3.256740133388989e-05
30022,-10.0,-53.0,4.106174763535568e-05
30023,-10.0,-52.0,5.1496517495872526e-05
30024,-10.0,-51.0,6.423983234917879e-05
30025,-10.0,-50.0,7.971077741634977e-05
30026,-10.0,-49.0,9.838203425368704e-05
30027,-10.0,-48.0,0.00012078156778240411
30028,-10.0,-47.0,0.00014749611757261167
30029,-10.0,-46.0,0.00018079432643625367
30030,-10.0,-45.0,0.00036289475257551547
30031,-10.0,-44.0,0.002430735959797815
30032,-10.0,-43.0,0.00580018157114951
30033,-10.0,-42.0,0.004955201009819047
30034,-10.0,-41.0,0.006520734525065865
30035,-10.0,-40.0,0.0031257637947608445
30036,-10.0,-39.0,0.0036231621465810672
30037,-10.0,-38.0,0.007721076325747571
30038,-10.0,-37.0,0.003672031422540492
30039,-10.0,-36.0,0.0013715063574371365
30040,-10.0,-35.0,0.004688330354286459
30041,-10.0,-34.0,0.010102514541001488
30042,-10.0,-33.0,0.005292379565374925
30043,-10.0,-32.0,0.006161054420253594
30044,-10.0,-31.0,0.01245790876518911
30045,-10.0,-30.0,0.006666390188558284
30046,-10.0,-29.0,0.007768757927235521
30047,-10.0,-28.0,0.015434760904244362
30048,-10.0,-27.0,0.007937066780044667
30049,-10.0,-26.0,0.003696443122441965
30050,-10.0,-25.0,0.010178703079632916
30051,-10.0,-24.0,0.02072024429294145
30052,-10.0,-23.0,0.011278932920967103
30053,-10.0,-22.0,0.013284017549386254
30054,-10.0,-21.0,0.026087574194631962
30055,-10.0,-20.0,0.013295930010009293
30056,-10.0,-19.0,0.00603048062176947
30057,-10.0,-18.0,0.017611656575072722
30058,-10.0,-17.0,0.03649658599791464
30059,-10.0,-16.0,0.01917907017159851
30060,-10.0,-15.0,0.02400252197308113
30061,-10.0,-14.0,0.049249611144989575
30062,-10.0,-13.0,0.023397176376329282
30063,-10.0,-12.0,0.009544705306907281
30064,-10.0,-11.0,0.04627171142085235
30065,-10.0,-10.0,0.10530655670622578
30066,-10.0,-9.0,0.04753217603895486
30067,-10.0,-8.0,0.02861655343430289
30068,-10.0,-7.0,0.05538029420647377
30069,-10.0,-6.0,0.025713906714385365
30070,-10.0,-5.0,0.007517036814015023
30071,-10.0,-4.0,0.017952267682917394
30072,-10.0,-3.0,0.03640720014262651
30073,-10.0,-2.0,0.017568232562738394
30074,-10.0,-1.0,0.0054147843241843475
30075,-10.0,0.0,0.0005816452341878355
30076,-10.0,1.0,0.004798372280776262
30077,-10.0,2.0,0.011914110104167356
30078,-10.0,3.0,0.023121099025777872
30079,-10.0,4.0,0.01134487829415621
30080,-10.0,5.0,0.004125607406344703
30081,-10.0,6.0,0.008790218823981195
30082,-10.0,7.0,0.01700950656808274
30083,-10.0,8.0,0.008579023948930356
30084,-10.0,9.0,0.007341105953060784
30085,-10.0,10.0,0.013611397004254747
30086,-10.0,11.0,0.00650123513556059
30087,-10.0,12.0,0.002145903291834519
30088,-10.0,13.0,0.005062227775226708
30089,-10.0,14.0,0.010207052376497326
30090,-10.0,15.0,0.004934143803789388
30091,-10.0,16.0,0.004237156799373425
30092,-10.0,17.0,0.008299345782853162
30093,-10.0,18.0,0.0037487048028781527
30094,-10.0,19.0,0.0009735914865679332
30095,-10.0,20.0,0.0029428498596501453
30096,-10.0,21.0,0.006389070311555064
30097,-10.0,22.0,0.00293030570678607
30098,-10.0,23.0,0.002533507419514642
30099,-10.0,24.0,0.00531555052999179
30100,-10.0,25.0,0.002274598287720585
30101,-10.0,26.0,0.00043084878507718946
30102,-10.0,27.0,0.0018207317477532089
30103,-10.0,28.0,0.004226143982885919
30104,-10.0,29.0,0.001866372323540635
30105,-10.0,30.0,0.0016313194699902895
30106,-10.0,31.0,0.003598508301604386
30107,-10.0,32.0,0.0014908096476451583
30108,-10.0,33.0,0.00021822277675533655
30109,-10.0,34.0,0.0012200187603428113
30110,-10.0,35.0,0.002939814268061865
30111,-10.0,36.0,0.0012760311381499372
30112,-10.0,37.0,0.0011271423842300274
30113,-10.0,38.0,0.0025457561839470687
30114,-10.0,39.0,0.0010406949673372333
30115,-10.0,40.0,7.686379499253568e-05
30116,-10.0,41.0,6.3070980516321305e-06
30117,-10.0,42.0,4.202542912115093e-06
30118,-10.0,43.0,3.1759868889939966e-06
30119,-10.0,44.0,2.3882614192948212e-06
30120,-10.0,45.0,1.7863725057580607e-06
30121,-10.0,46.0,1.3290733319699517e-06
30122,-10.0,47.0,9.835862986040533e-07
30123,-10.0,48.0,7.240398826565992e-07
30124,-10.0,49.0,5.301501759804058e-07
30125,-10.0,50.0,3.861194344069312e-07
30126,-10.0,51.0,2.7972461766977885e-07
30127,-10.0,52.0,2.0157002538807284e-07
30128,-10.0,53.0,1.4447989387640187e-07
30129,-10.0,54.0,1.0300897243989003e-07
30130,-10.0,55.0,7.305145239948298e-08
30131,-10.0,56.0,5.15310272793008e-08
30132,-10.0,57.0,3.6157207422439816e-08
30133,-10.0,58.0,2.5235219606816654e-08
30134,-10.0,59.0,1.7518842902956728e-08
30135,-10.0,60.0,1.2097339411045091e-08
30136,-10.0,61.0,8.309223256783898e-09
30137,-10.0,62.0,5.676976585394249e-09
30138,-10.0,63.0,3.857979264753903e-09
30139,-10.0,64.0,2.6078870954741488e-09
30140,-10.0,65.0,1.7534920080811455e-09
30141,-10.0,66.0,1.1727485510760371e-09
30142,-10.0,67.0,7.801751760417225e-10
30143,-10.0,68.0,5.162564114782246e-10
30144,-10.0,69.0,3.3980119107591706e-10
30145,-10.0,70.0,2.224694817755808e-10
30146,-10.0,71.0,1.4487788495525409e-10
30147,-10.0,72.0,9.38468843241531e-11
30148,-10.0,73.0,6.046773874851782e-11
30149,-10.0,74.0,3.8753747457895444e-11
30150,-9.9,-75.0,6.581004483135241e-08
30151,-9.9,-74.0,9.284737753886092e-08
30152,-9.9,-73.0,1.3029663628293555e-07
30153,-9.9,-72.0,1.8187913254252814e-07
30154,-9.9,-71.0,2.525332987145154e-07
30155,-9.9,-70.0,3.4877113670010906e-07
30156,-9.9,-69.0,4.791246657963948e-07
30157,-9.9,-68.0,6.547004348594251e-07
30158,-9.9,-67.0,8.898623597373651e-07
30159,-9.9,-66.0,1.2030651653619657e-06
30160,-9.9,-65.0,1.6178623728556726e-06
30161,-9.9,-64.0,2.164113851126226e-06
30162,-9.9,-63.0,2.8794181794494423e-06
30163,-9.9,-62.0,3.8107941282930678e-06
30164,-9.9,-61.0,5.016633107706062e-06
30165,-9.9,-60.0,6.56894007594112e-06
30166,-9.9,-59.0,8.555873754133467e-06
30167,-9.9,-58.0,1.1084587675463014e-05
30168,-9.9,-57.0,1.4284361269106887e-05
30169,-9.9,-56.0,1.8309994575981973e-05
30170,-9.9,-55.0,2.334542116720945e-05
30171,-9.9,-54.0,2.9607471402089943e-05
30172,-9.9,-53.0,3.734969254438522e-05
30173,-9.9,-52.0,4.686610393366793e-05
30174,-9.9,-51.0,5.849473515871194e-05
30175,-9.9,-50.0,7.262076410617741e-05
30176,-9.9,-49.0,8.967904130774543e-05
30177,-9.9,-48.0,0.00011015575983628806
30178,-9.9,-47.0,0.00013459181693016022
30179,-9.9,-46.0,0.0001650855665845739
30180,-9.9,-45.0,0.0003332937986237146
30181,-9.9,-44.0,0.002247176661341583
30182,-9.9,-43.0,0.005365954271978555
30183,-9.9,-42.0,0.004582954768950481
30184,-9.9,-41.0,0.006031283537451769
30185,-9.9,-40.0,0.002888238357060999
30186,-9.9,-39.0,0.0033475270227243024
30187,-9.9,-38.0,0.007139200130052521
30188,-9.9,-37.0,0.0033916246216245498
30189,-9.9,-36.0,0.0012620832579202425
30190,-9.9,-35.0,0.004329882978417883
30191,-9.9,-34.0,0.009338015946403147
30192,-9.9,-33.0,0.0048878438756512575
30193,-9.9,-32.0,0.005689948255095627
30194,-9.9,-31.0,0.011512950770478364
30195,-9.9,-30.0,0.006157041431604886
30196,-9.9,-29.0,0.007174849363116281
30197,-9.9,-28.0,0.014261665850664334
30198,-9.9,-27.0,0.00733147872673478
30199,-9.9,-26.0,0.0034120365137432418
30200,-9.9,-25.0,0.009401021181027007
30201,-9.9,-24.0,0.019140198555383528
30202,-9.9,-23.0,0.010420239977860726
30203,-9.9,-22.0,0.012268639037415013
30204,-9.9,-21.0,0.024089006825576083
30205,-9.9,-20.0,0.012284377456249591
30206,-9.9,-19.0,0.005579614610148653
30207,-9.9,-18.0,0.016254730275945865
30208,-9.9,-17.0,0.033661607489549855
30209,-9.9,-16.0,0.017703457797139673
30210,-9.9,-15.0,0.022114732115747476
30211,-9.9,-14.0,0.045326481482321525
30212,-9.9,-13.0,0.0215617133113333
30213,-9.9,-12.0,0.008645889029720381
30214,-9.9,-11.0,0.039833732405494454
30215,-9.9,-10.0,0.09018312046723492
30216,-9.9,-9.0,0.0493032491239794
30217,-9.9,-8.0,0.03206268459877113
30218,-9.9,-7.0,0.06271562208667222
30219,-9.9,-6.0,0.029084724643859455
30220,-9.9,-5.0,0.008452144643759204
30221,-9.9,-4.0,0.020235153925043037
30222,-9.9,-3.0,0.041081198817032566
30223,-9.9,-2.0,0.019809880305346736
30224,-9.9,-1.0,0.0060886273684365765
30225,-9.9,0.0,0.0006503786700196712
30226,-9.9,1.0,0.005399230794692552
30227,-9.9,2.0,0.013422750803439326
30228,-9.9,3.0,0.026057489133088696
30229,-9.9,4.0,0.012786199405011503
30230,-9.9,5.0,0.004650607615416356
30231,-9.9,6.0,0.009905182157681837
30232,-9.9,7.0,0.019163328335492488
30233,-9.9,8.0,0.009669099937319625
30234,-9.9,9.0,0.008273281893701443
30235,-9.9,10.0,0.015331979118644897
30236,-9.9,11.0,0.007327846172996934
30237,-9.9,12.0,0.0024247377413721375
30238,-9.9,13.0,0.005705615706948447
30239,-9.9,14.0,0.011493875308415424
30240,-9.9,15.0,0.005560369891608666
30241,-9.9,16.0,0.004774643182526204
30242,-9.9,17.0,0.009343025865335775
30243,-9.9,18.0,0.004223741072057517
30244,-9.9,19.0,0.0011015947961465814
30245,-9.9,20.0,0.0033150929583219543
30246,-9.9,21.0,0.00718934167769929
30247,-9.9,22.0,0.0032996147310491624
30248,-9.9,23.0,0.0028524233405750033
30249,-9.9,24.0,0.00597925052470845
30250,-9.9,25.0,0.0025602403407547886
30251,-9.9,26.0,0.0004871154092785909
30252,-9.9,27.0,0.0020487118630766947
30253,-9.9,28.0,0.004751695056862395
30254,-9.9,29.0,0.002099276080194642
30255,-9.9,30.0,0.0018345916843166149
30256,-9.9,31.0,0.004044820299436789
30257,-9.9,32.0,0.0016762130116958684
30258,-9.9,33.0,0.00024603209915858925
30259,-9.9,34.0,0.0013713523962514949
30260,-9.9,35.0,0.003303368008568869
30261,-9.9,36.0,0.0014340294323331648
30262,-9.9,37.0,0.0012665364367229874
30263,-9.9,38.0,0.0028600321895193613
30264,-9.9,39.0,0.0011692800142100886
30265,-9.9,40.0,8.652465812957785e-05
30266,-9.9,41.0,7.226528107344191e-06
30267,-9.9,42.0,4.8310113874167e-06
30268,-9.9,43.0,3.652912613403803e-06
30269,-9.9,44.0,2.7483607685020146e-06
30270,-9.9,45.0,2.0568149411737326e-06
30271,-9.9,46.0,1.5310996886813721e-06
30272,-9.9,47.0,1.1337005034000745e-06
30273,-9.9,48.0,8.349869993810215e-07
30274,-9.9,49.0,6.11712700559263e-07
30275,-9.9,50.0,4.4576053769401187e-07
30276,-9.9,51.0,3.231037664378626e-07
30277,-9.9,52.0,2.329531891832783e-07
30278,-9.9,53.0,1.6706347277099092e-07
30279,-9.9,54.0,1.1917372904993197e-07
30280,-9.9,55.0,8.45601439893314e-08
30281,-9.9,56.0,5.968113105529533e-08
30282,-9.9,57.0,4.1898117694740986e-08
30283,-9.9,58.0,2.9257560230463985e-08
30284,-9.9,59.0,2.0322064501870547e-08
30285,-9.9,60.0,1.4040535157858624e-08
30286,-9.9,61.0,9.649073448885297e-09
30287,-9.9,62.0,6.595894127953809e-09
30288,-9.9,63.0,4.484849266089723e-09
30289,-9.9,64.0,3.0332495120683657e-09
30290,-9.9,65.0,2.0405842533612944e-09
30291,-9.9,66.0,1.3654853164014953e-09
30292,-9.9,67.0,9.088781149969956e-10
30293,-9.9,68.0,6.017420565469168e-10
30294,-9.9,69.0,3.9627912349968987e-10
30295,-9.9,70.0,2.595841249118695e-10
30296,-9.9,71.0,1.6913799284923167e-10
30297,-9.9,72.0,1.0962013268672197e-10
30298,-9.9,73.0,7.066845260739839e-11
30299,-9.9,74.0,4.5315517911662516e-11
30300,-9.8,-75.0,6.467024700997002e-08
30301,-9.8,-74.0,9.128793098136512e-08
30302,-9.8,-73.0,1.2817647262781723e-07
30303,-9.8,-72.0,1.7901498029952742e-07
30304,-9.8,-71.0,2.4868898043580453e-07
30305,-9.8,-70.0,3.436448312820673e-07
30306,-9.8,-69.0,4.7233398849275454e-07
30307,-9.8,-68.0,6.457652741304623e-07
30308,-9.8,-67.0,8.781855444643398e-07
30309,-9.8,-66.0,1.1879112310369824e-06
30310,-9.8,-65.0,1.5983349651935166e-06
30311,-9.8,-64.0,2.1391326649502785e-06
30312,-9.8,-63.0,2.8476967944249707e-06
30313,-9.8,-62.0,3.77082068468461e-06
30314,-9.8,-61.0,4.966656475749606e-06
30315,-9.8,-60.0,6.5069650181378915e-06
30316,-9.8,-59.0,8.479669560712836e-06
30317,-9.8,-58.0,1.099171586038622e-05
30318,-9.8,-57.0,1.4172229126722586e-05
30319,-9.8,-56.0,1.817594268213103e-05
30320,-9.8,-55.0,2.318685421205901e-05
30321,-9.8,-54.0,2.94220429956993e-05
30322,-9.8,-53.0,3.713555575083473e-05
30323,-9.8,-52.0,4.6622240156730814e-05
30324,-9.8,-51.0,5.8221374494438556e-05
30325,-9.8,-50.0,7.231991025315724e-05
30326,-9.8,-49.0,8.935511343198864e-05
30327,-9.8,-48.0,0.00010981636228018547
30328,-9.8,-47.0,0.0001342486788338018
30329,-9.8,-46.0,0.0001647736297337073
30330,-9.8,-45.0,0.0003346234174186348
30331,-9.8,-44.0,0.0022710143960487624
30332,-9.8,-43.0,0.005426671020691534
30333,-9.8,-42.0,0.0046335233833418666
30334,-9.8,-41.0,0.006098233093504177
30335,-9.8,-40.0,0.002917371506921021
30336,-9.8,-39.0,0.0033809730044737367
30337,-9.8,-38.0,0.007216088768270348
30338,-9.8,-37.0,0.0034244351415304037
30339,-9.8,-36.0,0.0012695395562087142
30340,-9.8,-35.0,0.004371321309081941
30341,-9.8,-34.0,0.009435378546124749
30342,-9.8,-33.0,0.0049346981227244725
30343,-9.8,-32.0,0.005744317888463221
30344,-9.8,-31.0,0.011630732903274455
30345,-9.8,-30.0,0.006216250985591971
30346,-9.8,-29.0,0.007243519676032491
30347,-9.8,-28.0,0.014405204105868296
30348,-9.8,-27.0,0.007402813301517589
30349,-9.8,-26.0,0.0034427367889059814
30350,-9.8,-25.0,0.009491468350612799
30351,-9.8,-24.0,0.01932762076284533
30352,-9.8,-23.0,0.010523566497844474
30353,-9.8,-22.0,0.012386320501376589
30354,-9.8,-21.0,0.024315769424867496
30355,-9.8,-20.0,0.012406974848628793
30356,-9.8,-19.0,0.005643151246766316
30357,-9.8,-18.0,0.016400215700591764
30358,-9.8,-17.0,0.033940117139979686
30359,-9.8,-16.0,0.017864144235778645
30360,-9.8,-15.0,0.0222753095536988
30361,-9.8,-14.0,0.045606357577693546
30362,-9.8,-13.0,0.02172435567203118
30363,-9.8,-12.0,0.008669226886738112
30364,-9.8,-11.0,0.03893401782771696
30365,-9.8,-10.0,0.08784894625137864
30366,-9.8,-9.0,0.04726789577484319
30367,-9.8,-8.0,0.032143013597675164
30368,-9.8,-7.0,0.0632784339734936
30369,-9.8,-6.0,0.02930913697782665
30370,-9.8,-5.0,0.008465798689559163
30371,-9.8,-4.0,0.02031788250614235
30372,-9.8,-3.0,0.04129416345789921
30373,-9.8,-2.0,0.019898471751009787
30374,-9.8,-1.0,0.00609836023590479
30375,-9.8,0.0,0.000647804081511582
30376,-9.8,1.0,0.005411523242703804
30377,-9.8,2.0,0.013470689650520295
30378,-9.8,3.0,0.026159585235924935
30379,-9.8,4.0,0.012836675152942558
30380,-9.8,5.0,0.004669657072856491
30381,-9.8,6.0,0.009942416435721635
30382,-9.8,7.0,0.019231905736917954
30383,-9.8,8.0,0.009707399721178652
30384,-9.8,9.0,0.008305428871527387
30385,-9.8,10.0,0.015383879248482484
30386,-9.8,11.0,0.007357431537675415
30387,-9.8,12.0,0.0024404837084492943
30388,-9.8,13.0,0.005728398481994996
30389,-9.8,14.0,0.01152937011512381
30390,-9.8,15.0,0.0055817141894085156
30391,-9.8,16.0,0.004792694107010143
30392,-9.8,17.0,0.009369252728290851
30393,-9.8,18.0,0.004239232629413211
30394,-9.8,19.0,0.001110282005907965
30395,-9.8,20.0,0.0033265831583133283
30396,-9.8,21.0,0.007206342715073519
30397,-9.8,22.0,0.003309705333161082
30398,-9.8,23.0,0.0028607637114983864
30399,-9.8,24.0,0.005991279768342299
30400,-9.8,25.0,0.0025670434982002933
30401,-9.8,26.0,0.0004905922862113204
30402,-9.8,27.0,0.002053489522134546
30403,-9.8,28.0,0.004759120186076567
30404,-9.8,29.0,0.0021033745087191487
30405,-9.8,30.0,0.0018378732000465816
30406,-9.8,31.0,0.004049945447494615
30407,-9.8,32.0,0.0016788474992387638
30408,-9.8,33.0,0.0002470994562456048
30409,-9.8,34.0,0.0013731124810717442
30410,-9.8,35.0,0.003306483561080602
30411,-9.8,36.0,0.0014355828755419167
30412,-9.8,37.0,0.0012677387340962896
30413,-9.8,38.0,0.0028621791205687567
30414,-9.8,39.0,0.0011702702469543703
30415,-9.8,40.0,8.676503503219836e-05
30416,-9.8,41.0,7.375685756281917e-06
30417,-9.8,42.0,4.9466388174837895e-06
30418,-9.8,43.0,3.7423638703603346e-06
30419,-9.8,44.0,2.81716161625956e-06
30420,-9.8,45.0,2.1094272573667544e-06
30421,-9.8,46.0,1.5711011026134853e-06
30422,-9.8,47.0,1.1639393432114674e-06
30423,-9.8,48.0,8.57715141358472e-07
30424,-9.8,49.0,6.28698209207922e-07
30425,-9.8,50.0,4.58382167022422e-07
30426,-9.8,51.0,3.324294487994949e-07
30427,-9.8,52.0,2.3980459863541433e-07
30428,-9.8,53.0,1.720686424791738e-07
30429,-9.8,54.0,1.2280954984596368e-07
30430,-9.8,55.0,8.718639262706732e-08
30431,-9.8,56.0,6.156748682416323e-08
30432,-9.8,57.0,4.3245436014975716e-08
30433,-9.8,58.0,3.021448964938465e-08
30434,-9.8,59.0,2.0997924445101602e-08
30435,-9.8,60.0,1.4515219007368808e-08
30436,-9.8,61.0,9.980606481969566e-09
30437,-9.8,62.0,6.826158765425329e-09
30438,-9.8,63.0,4.643890267637667e-09
30439,-9.8,64.0,3.142487966588892e-09
30440,-9.8,65.0,2.1151998500331243e-09
30441,-9.8,66.0,1.4161697046465125e-09
30442,-9.8,67.0,9.431164076296615e-10
30443,-9.8,68.0,6.247430155018617e-10
30444,-9.8,69.0,4.1164574104559183e-10
30445,-9.8,70.0,2.697937913826588e-10
30446,-9.8,71.0,1.758840201888734e-10
30447,-9.8,72.0,1.1405305531035452e-10
30448,-9.8,73.0,7.356539506346385e-11
30449,-9.8,74.0,4.719829678985737e-11
30450,-9.7,-75.0,6.340002353724763e-08
30451,-9.7,-74.0,8.954259010717838e-08
30452,-9.7,-73.0,1.257928606881824e-07
30453,-9.7,-72.0,1.757795879777199e-07
30454,-9.7,-71.0,2.4432448847728436e-07
30455,-9.7,-70.0,3.3779379038502215e-07
30456,-9.7,-69.0,4.6453926963083033e-07
30457,-9.7,-68.0,6.354469672811504e-07
30458,-9.7,-67.0,8.64614067614111e-07
30459,-9.7,-66.0,1.170176550653484e-06
30460,-9.7,-65.0,1.5753120390713226e-06
30461,-9.7,-64.0,2.109443514753118e-06
30462,-9.7,-63.0,2.809670015319385e-06
30463,-9.7,-62.0,3.7224497197996624e-06
30464,-9.7,-61.0,4.905558638726083e-06
30465,-9.7,-60.0,6.430344049249094e-06
30466,-9.7,-59.0,8.384285456932453e-06
30467,-9.7,-58.0,1.0873866825383628e-05
30468,-9.7,-57.0,1.4027751730495995e-05
30469,-9.7,-56.0,1.8000237675843474e-05
30470,-9.7,-55.0,2.2974946869497103e-05
30471,-9.7,-54.0,2.9168688287998105e-05
30472,-9.7,-53.0,3.68354000247985e-05
30473,-9.7,-52.0,4.6270052177264566e-05
30474,-9.7,-51.0,5.7812359605794234e-05
30475,-9.7,-50.0,7.185012187107969e-05
30476,-9.7,-49.0,8.882197594453867e-05
30477,-9.7,-48.0,0.00010921931855497061
30478,-9.7,-47.0,0.00013359000116536723
30479,-9.7,-46.0,0.0001640740512523377
30480,-9.7,-45.0,0.0003351872914356107
30481,-9.7,-44.0,0.002289839731890699
30482,-9.7,-43.0,0.005475457868877892
30483,-9.7,-42.0,0.004673883916676398
30484,-9.7,-41.0,0.006151749240191888
30485,-9.7,-40.0,0.002940028898294919
30486,-9.7,-39.0,0.003406904279688676
30487,-9.7,-38.0,0.007277028400562526
30488,-9.7,-37.0,0.003449603942277557
30489,-9.7,-36.0,0.0012740660519598619
30490,-9.7,-35.0,0.00440298554931352
30491,-9.7,-34.0,0.009511804904760083
30492,-9.7,-33.0,0.004970500471870582
30493,-9.7,-32.0,0.005785818652567094
30494,-9.7,-31.0,0.011722648350392589
30495,-9.7,-30.0,0.0062615152689425736
30496,-9.7,-29.0,0.0072959433761947785
30497,-9.7,-28.0,0.014516658028364835
30498,-9.7,-27.0,0.00745752935799464
30499,-9.7,-26.0,0.0034655626698783656
30500,-9.7,-25.0,0.00956063602001062
30501,-9.7,-24.0,0.019471972075365
30502,-9.7,-23.0,0.01060334505539105
30503,-9.7,-22.0,0.012476315135270075
30504,-9.7,-21.0,0.024488386267682172
30505,-9.7,-20.0,0.01250190129934339
30506,-9.7,-19.0,0.005694078766774844
30507,-9.7,-18.0,0.01650928912308199
30508,-9.7,-17.0,0.034143377121100896
30509,-9.7,-16.0,0.017985336005940638
30510,-9.7,-15.0,0.022387249044015158
30511,-9.7,-14.0,0.0457868211546718
30512,-9.7,-13.0,0.02183997974138869
30513,-9.7,-12.0,0.00869497800051454
30514,-9.7,-11.0,0.038262414261886805
30515,-9.7,-10.0,0.08609157742981174
30516,-9.7,-9.0,0.04561669249007031
30517,-9.7,-8.0,0.03222707042196495
30518,-9.7,-7.0,0.06379522487233961
30519,-9.7,-6.0,0.02951096952529774
30520,-9.7,-5.0,0.008471269713678765
30521,-9.7,-4.0,0.02038135151397596
30522,-9.7,-3.0,0.04146883363643604
30523,-9.7,-2.0,0.01996822787836001
30524,-9.7,-1.0,0.0061018242863564815
30525,-9.7,0.0,0.00064459606351415
30526,-9.7,1.0,0.005418189267159397
30527,-9.7,2.0,0.013505290133965502
30528,-9.7,3.0,0.026236188317882138
30529,-9.7,4.0,0.012874502473258892
30530,-9.7,5.0,0.0046839373098304824
30531,-9.7,6.0,0.009969776888935357
30532,-9.7,7.0,0.019281604922249895
30533,-9.7,8.0,0.009736116544305999
30534,-9.7,9.0,0.008329357075926006
30535,-9.7,10.0,0.015420658635937353
30536,-9.7,11.0,0.007379769294882729
30537,-9.7,12.0,0.0024538091696486735
30538,-9.7,13.0,0.005745542257075516
30539,-9.7,14.0,0.011553535964202657
30540,-9.7,15.0,0.005597586015306525
30541,-9.7,16.0,0.0048060483373819135
30542,-9.7,17.0,0.009386276614207411
30543,-9.7,18.0,0.004250581726963515
30544,-9.7,19.0,0.0011179133777036248
30545,-9.7,20.0,0.0033348274782443094
30546,-9.7,21.0,0.007216262584821851
30547,-9.7,22.0,0.003316564837103384
30548,-9.7,23.0,0.002866312113443012
30549,-9.7,24.0,0.005997415103957544
30550,-9.7,25.0,0.0025713398548256297
30551,-9.7,26.0,0.0004936151846988766
30552,-9.7,27.0,0.002056260378732529
30553,-9.7,28.0,0.0047618525540154884
30554,-9.7,29.0,0.0021054103900079984
30555,-9.7,30.0,0.0018393514849174392
30556,-9.7,31.0,0.004051069177118555
30557,-9.7,32.0,0.0016798312500788692
30558,-9.7,33.0,0.00024793479123653696
30559,-9.7,34.0,0.0013735200020106326
30560,-9.7,35.0,0.003306324276432985
30561,-9.7,36.0,0.0014357182573176254
30562,-9.7,37.0,0.0012676878665344588
30563,-9.7,38.0,0.0028614871027689464
30564,-9.7,39.0,0.0011701019381680374
30565,-9.7,40.0,8.692283376956879e-05
30566,-9.7,41.0,7.520460625310248e-06
30567,-9.7,42.0,5.059712945904831e-06
30568,-9.7,43.0,3.829977223976504e-06
30569,-9.7,44.0,2.8846507037280203e-06
30570,-9.7,45.0,2.1611122997764177e-06
30571,-9.7,46.0,1.6104537003281815e-06
30572,-9.7,47.0,1.193729155066121e-06
30573,-9.7,48.0,8.801361977324699e-07
30574,-9.7,49.0,6.454764341381327e-07
30575,-9.7,50.0,4.7086591046237905e-07
30576,-9.7,51.0,3.416649270223403e-07
30577,-9.7,52.0,2.465981388693287e-07
30578,-9.7,53.0,1.7703755387918872e-07
30579,-9.7,54.0,1.2642331972766362e-07
30580,-9.7,55.0,8.979975341900163e-08
30581,-9.7,56.0,6.344673048629315e-08
30582,-9.7,57.0,4.4589180223230703e-08
30583,-9.7,58.0,3.116993223754732e-08
30584,-9.7,59.0,2.167346514811253e-08
30585,-9.7,60.0,1.4990184019146392e-08
30586,-9.7,61.0,1.031268357346948e-08
30587,-9.7,62.0,7.0570392640019005e-09
30588,-9.7,63.0,4.803518710706327e-09
30589,-9.7,64.0,3.2522397229180073e-09
30590,-9.7,65.0,2.1902400837811894e-09
30591,-9.7,66.0,1.4671921827883195e-09
30592,-9.7,67.0,9.776162110041303e-10
30593,-9.7,68.0,6.479416429246929e-10
30594,-9.7,69.0,4.271589388433167e-10
30595,-9.7,70.0,2.8011038662319744e-10
30596,-9.7,71.0,1.8270693605715404e-10
30597,-9.7,72.0,1.1854055712445606e-10
30598,-9.7,73.0,7.650062811585189e-11
30599,-9.7,74.0,4.9107649279308654e-11
30600,-9.6,-75.0,6.20732797400323e-08
30601,-9.6,-74.0,8.771549436120868e-08
30602,-9.6,-73.0,1.2329175813694578e-07
30603,-9.6,-72.0,1.7237643055891377e-07
30604,-9.6,-71.0,2.397219648664822e-07
30605,-9.6,-70.0,3.316071464934945e-07
30606,-9.6,-69.0,4.5627433603653984e-07
30607,-9.6,-68.0,6.244739257720097e-07
30608,-9.6,-67.0,8.501365434725482e-07
30609,-9.6,-66.0,1.1511957238351825e-06
30610,-9.6,-65.0,1.5505856414620712e-06
30611,-9.6,-64.0,2.0774398393374783e-06
30612,-9.6,-63.0,2.768517424556842e-06
30613,-9.6,-62.0,3.66988262313874e-06
30614,-9.6,-61.0,4.838861530241158e-06
30615,-9.6,-60.0,6.346295970320015e-06
30616,-9.6,-59.0,8.279108185307934e-06
30617,-9.6,-58.0,1.0743181193182208e-05
30618,-9.6,-57.0,1.386654773197489e-05
30619,-9.6,-56.0,1.7802865420429668e-05
30620,-9.6,-55.0,2.273513693009505e-05
30621,-9.6,-54.0,2.8879611533915357e-05
30622,-9.6,-53.0,3.648977853707652e-05
30623,-9.6,-52.0,4.586033422419974e-05
30624,-9.6,-51.0,5.733097278854795e-05
30625,-9.6,-50.0,7.128981929385563e-05
30626,-9.6,-49.0,8.817629046460096e-05
30627,-9.6,-48.0,0.00010848313966525551
30628,-9.6,-47.0,0.00013276031174841056
30629,-9.6,-46.0,0.00016316368762945224
30630,-9.6,-45.0,0.0003353350708083426
30631,-9.6,-44.0,0.002305953981310186
30632,-9.6,-43.0,0.005517795710021162
30633,-9.6,-42.0,0.004708722279642803
30634,-9.6,-41.0,0.006197997172552124
30635,-9.6,-40.0,0.0029591738416652837
30636,-9.6,-39.0,0.003428756469646031
30637,-9.6,-38.0,0.007329325241642546
30638,-9.6,-37.0,0.0034706157715958105
30639,-9.6,-36.0,0.0012769770399779432
30640,-9.6,-35.0,0.004429325814463965
30641,-9.6,-34.0,0.009576862698937661
30642,-9.6,-33.0,0.005000273872484851
30643,-9.6,-32.0,0.005820298190343132
30644,-9.6,-31.0,0.011800500757736936
30645,-9.6,-30.0,0.006299160024537909
30646,-9.6,-29.0,0.007339492865471871
30647,-9.6,-28.0,0.014610657033387476
30648,-9.6,-27.0,0.007503155132335344
30649,-9.6,-26.0,0.0034840252619798653
30650,-9.6,-25.0,0.009618180718941811
30651,-9.6,-24.0,0.019592903588917864
30652,-9.6,-23.0,0.010670267051438791
30653,-9.6,-22.0,0.012551225137261464
30654,-9.6,-21.0,0.02463162085586642
30655,-9.6,-20.0,0.012581756698594352
30656,-9.6,-19.0,0.005738087520723243
30657,-9.6,-18.0,0.016598679756411897
30658,-9.6,-17.0,0.034306119474370345
30659,-9.6,-16.0,0.01808524241151268
30660,-9.6,-15.0,0.022473406689033398
30661,-9.6,-14.0,0.04591488613893619
30662,-9.6,-13.0,0.021930733173981542
30663,-9.6,-12.0,0.008722061435495953
30664,-9.6,-11.0,0.03771386050252775
30665,-9.6,-10.0,0.08464535338046639
30666,-9.6,-9.0,0.04418030216509657
30667,-9.6,-8.0,0.032315171969534755
30668,-9.6,-7.0,0.06429144708726048
30669,-9.6,-6.0,0.02970210535553757
30670,-9.6,-5.0,0.008472018926009017
30671,-9.6,-4.0,0.020433717197664927
30672,-9.6,-3.0,0.04162169802472513
30673,-9.6,-2.0,0.02002711944451899
30674,-9.6,-1.0,0.0061014933377531826
30675,-9.6,0.0,0.0006410248660954262
30676,-9.6,1.0,0.005421413393123183
30677,-9.6,2.0,0.013531955803418013
30678,-9.6,3.0,0.02629777474811479
30679,-9.6,4.0,0.012904819797396423
30680,-9.6,5.0,0.004695313973854212
30681,-9.6,6.0,0.009991245235377842
30682,-9.6,7.0,0.019320137575194855
30683,-9.6,8.0,0.009759133782983662
30684,-9.6,9.0,0.008348389753617055
30685,-9.6,10.0,0.015448491250486722
30686,-9.6,11.0,0.007397800961040278
30687,-9.6,12.0,0.002465675864261435
30688,-9.6,13.0,0.005759337498854457
30689,-9.6,14.0,0.01157100693814281
30690,-9.6,15.0,0.005610219336144113
30691,-9.6,16.0,0.0048166245805457445
30692,-9.6,17.0,0.009397869129808521
30693,-9.6,18.0,0.004259486714283675
30694,-9.6,19.0,0.0011249233138673816
30695,-9.6,20.0,0.0033411601431395065
30696,-9.6,21.0,0.007222009298923562
30697,-9.6,22.0,0.003321523801447575
30698,-9.6,23.0,0.002870219481581026
30699,-9.6,24.0,0.006000078925296616
30700,-9.6,25.0,0.00257416375430477
30701,-9.6,26.0,0.0004963770875359516
30702,-9.6,27.0,0.0020578533456719833
30703,-9.6,28.0,0.004761821082970872
30704,-9.6,29.0,0.0021062345310780273
30705,-9.6,30.0,0.001839770616330381
30706,-9.6,31.0,0.0040498355834841186
30707,-9.6,32.0,0.0016798447556695619
30708,-9.6,33.0,0.00024863687404362426
30709,-9.6,34.0,0.001373132387276844
30710,-9.6,35.0,0.0033042347439984306
30711,-9.6,36.0,0.001435018967008531
30712,-9.6,37.0,0.0012668993822238961
30713,-9.6,38.0,0.0028591212218710377
30714,-9.6,39.0,0.0011692512463173847
30715,-9.6,40.0,8.703303871562522e-05
30716,-9.6,41.0,7.66358405180252e-06
30717,-9.6,42.0,5.172038766679494e-06
30718,-9.6,43.0,3.917116624862568e-06
30719,-9.6,44.0,2.951853718381178e-06
30720,-9.6,45.0,2.212637371239471e-06
30721,-9.6,46.0,1.6497285065563005e-06
30722,-9.6,47.0,1.2234926859312154e-06
30723,-9.6,48.0,9.025615154967442e-07
30724,-9.6,49.0,6.622754875853282e-07
30725,-9.6,50.0,4.833780301480865e-07
30726,-9.6,51.0,3.509307546902832e-07
30727,-9.6,52.0,2.534207679840297e-07
30728,-9.6,53.0,1.8203260691598918e-07
30729,-9.6,54.0,1.3005958418524263e-07
30730,-9.6,55.0,9.243186150335983e-08
30731,-9.6,56.0,6.53412123366649e-08
30732,-9.6,57.0,4.594505920449706e-08
30733,-9.6,58.0,3.213487190739938e-08
30734,-9.6,59.0,2.2356327068379544e-08
30735,-9.6,60.0,1.5470717484375204e-08
30736,-9.6,61.0,1.0648944708400653e-08
30737,-9.6,62.0,7.291028606973457e-09
30738,-9.6,63.0,4.965433204262416e-09
30739,-9.6,64.0,3.3636561713462415e-09
30740,-9.6,65.0,2.266481394092295e-09
30741,-9.6,66.0,1.519073644786848e-09
30742,-9.6,67.0,1.0127251800578635e-09
30743,-9.6,68.0,6.715687758723689e-10
30744,-9.6,69.0,4.429711998600512e-10
30745,-9.6,70.0,2.906341172520165e-10
30746,-9.6,71.0,1.896722540278069e-10
30747,-9.6,72.0,1.2312524959574893e-10
30748,-9.6,73.0,7.950172466401065e-11
30749,-9.6,74.0,5.1061325429053884e-11
30750,-9.5,-75.0,6.072052863086662e-08
30751,-9.5,-74.0,8.584965532479751e-08
30752,-9.5,-73.0,1.2073346791856054e-07
30753,-9.5,-72.0,1.688895981693737e-07
30754,-9.5,-71.0,2.3499803831016123e-07
30755,-9.5,-70.0,3.252457864301763e-07
30756,-9.5,-69.0,4.4775993259044e-07
30757,-9.5,-68.0,6.131473923139798e-07
30758,-9.5,-67.0,8.3516185478869e-07
30759,-9.5,-66.0,1.1315207491560778e-06
30760,-9.5,-65.0,1.524896971061968e-06
30761,-9.5,-64.0,2.0441115344506234e-06
30762,-9.5,-63.0,2.725553953221165e-06
30763,-9.5,-62.0,3.6148566988268724e-06
30764,-9.5,-61.0,4.7688481646548045e-06
30765,-9.5,-60.0,6.257804803076178e-06
30766,-9.5,-59.0,8.168017073651197e-06
30767,-9.5,-58.0,1.0604675139741441e-05
30768,-9.5,-57.0,1.3695068493801307e-05
30769,-9.5,-56.0,1.7592078561400004e-05
30770,-9.5,-55.0,2.2477924618922657e-05
30771,-9.5,-54.0,2.8568101000696008e-05
30772,-9.5,-53.0,3.6115417710854725e-05
30773,-9.5,-52.0,4.541402758838955e-05
30774,-9.5,-51.0,5.680329179328684e-05
30775,-9.5,-50.0,7.067130261600486e-05
30776,-9.5,-49.0,8.745784985018546e-05
30777,-9.5,-48.0,0.00010765658686243013
30778,-9.5,-47.0,0.0001318190428205314
30779,-9.5,-46.0,0.0001621152106978559
30780,-9.5,-45.0,0.0003352093504776199
30781,-9.5,-44.0,0.0023202872410651065
30782,-9.5,-43.0,0.005555897490084265
30783,-9.5,-42.0,0.00473993117427273
30784,-9.5,-41.0,0.006239466837174831
30785,-9.5,-40.0,0.002976004841030967
30786,-9.5,-39.0,0.003447919244891022
30787,-9.5,-38.0,0.007375931317812228
30788,-9.5,-37.0,0.0034888807666302413
30789,-9.5,-36.0,0.001278807079167521
30790,-9.5,-35.0,0.0044521430095698054
30791,-9.5,-34.0,0.009634419224879483
30792,-9.5,-33.0,0.005026050901752203
30793,-9.5,-32.0,0.005850122764151018
30794,-9.5,-31.0,0.011869062093305687
30795,-9.5,-30.0,0.006331744571261428
30796,-9.5,-29.0,0.007377150918275154
30797,-9.5,-28.0,0.01469311618787259
30798,-9.5,-27.0,0.007542735491015241
30799,-9.5,-26.0,0.003499545534601422
30800,-9.5,-25.0,0.009668008121541123
30801,-9.5,-24.0,0.019698362194397447
30802,-9.5,-23.0,0.01072865462903143
30803,-9.5,-22.0,0.012616146631930732
30804,-9.5,-21.0,0.024755490358914636
30805,-9.5,-20.0,0.01265163315048458
30806,-9.5,-19.0,0.005777471471936718
30807,-9.5,-18.0,0.01667515300500799
30808,-9.5,-17.0,0.03444240265340893
30809,-9.5,-16.0,0.018171224142204772
30810,-9.5,-15.0,0.022543017278082514
30811,-9.5,-14.0,0.04600956378903486
30812,-9.5,-13.0,0.02200556001616492
30813,-9.5,-12.0,0.008750021392460023
30814,-9.5,-11.0,0.037245871083644265
30815,-9.5,-10.0,0.08340287534850777
30816,-9.5,-9.0,0.04288911284046236
30817,-9.5,-8.0,0.032407592634753735
30818,-9.5,-7.0,0.06477791220234326
30819,-9.5,-6.0,0.02988757168509504
30820,-9.5,-5.0,0.008469476835099006
30821,-9.5,-4.0,0.020478301426527408
30822,-9.5,-3.0,0.04175945880772429
30823,-9.5,-2.0,0.020078389425957088
30824,-9.5,-1.0,0.006098377470536961
30825,-9.5,0.0,0.0006372018826749484
30826,-9.5,1.0,0.005422084683817437
30827,-9.5,2.0,0.013552879498816563
30828,-9.5,3.0,0.026348592937896938
30829,-9.5,4.0,0.012929710150073194
30830,-9.5,5.0,0.004704542276855119
30831,-9.5,6.0,0.010008435145701197
30832,-9.5,7.0,0.019350631093107536
30833,-9.5,8.0,0.009778024352606132
30834,-9.5,9.0,0.008363872849254052
30835,-9.5,10.0,0.015469881363108558
30836,-9.5,11.0,0.007412717358237611
30837,-9.5,12.0,0.0024764702410995953
30838,-9.5,13.0,0.00577071135939147
30839,-9.5,14.0,0.011583663770373813
30840,-9.5,15.0,0.005620518879042081
30841,-9.5,16.0,0.004825199943281991
30842,-9.5,17.0,0.009405562004380972
30843,-9.5,18.0,0.004266635710773709
30844,-9.5,19.0,0.0011314857518224081
30845,-9.5,20.0,0.003346122018253373
30846,-9.5,21.0,0.007224765199204114
30847,-9.5,22.0,0.0033251222386992425
30848,-9.5,23.0,0.0028729530891251605
30849,-9.5,24.0,0.006000257028856331
30850,-9.5,25.0,0.002575935458183334
30851,-9.5,26.0,0.0004989555276323428
30852,-9.5,27.0,0.002058605506100879
30853,-9.5,28.0,0.004759811643413743
30854,-9.5,29.0,0.002106193258810818
30855,-9.5,30.0,0.0018394336012374061
30856,-9.5,31.0,0.004046914978658077
30857,-9.5,32.0,0.0016791652817027384
30858,-9.5,33.0,0.00024924571490560595
30859,-9.5,34.0,0.001372176919258762
30860,-9.5,35.0,0.003300763581825552
30861,-9.5,36.0,0.0014337229781791853
30862,-9.5,37.0,0.0012655836471148145
30863,-9.5,38.0,0.002855557061639568
30864,-9.5,39.0,0.0011679125070953049
30865,-9.5,40.0,8.710988305073233e-05
30866,-9.5,41.0,7.806133813643994e-06
30867,-9.5,42.0,5.284325550966196e-06
30868,-9.5,43.0,4.004318665813803e-06
30869,-9.5,44.0,3.019174724555824e-06
30870,-9.5,45.0,2.2643052095776407e-06
30871,-9.5,46.0,1.689151202800143e-06
30872,-9.5,47.0,1.2533973302380734e-06
30873,-9.5,48.0,9.251146337303839e-07
30874,-9.5,49.0,6.791860865068471e-07
30875,-9.5,50.0,4.959848080931363e-07
30876,-9.5,51.0,3.602751186192087e-07
30877,-9.5,52.0,2.603073428318847e-07
30878,-9.5,53.0,1.870788902483627e-07
30879,-9.5,54.0,1.3373631114062747e-07
30880,-9.5,55.0,9.509552103789475e-08
30881,-9.5,56.0,6.72600113833107e-08
30882,-9.5,57.0,4.731947858058436e-08
30883,-9.5,58.0,3.311380563742593e-08
30884,-9.5,59.0,2.3049651567115242e-08
30885,-9.5,60.0,1.595900290327681e-08
30886,-9.5,61.0,1.0990900062383811e-08
30887,-9.5,62.0,7.529166094242026e-09
30888,-9.5,63.0,5.130345442966422e-09
30889,-9.5,64.0,3.477222249519551e-09
30890,-9.5,65.0,2.3442525699467537e-09
30891,-9.5,66.0,1.5720359038316557e-09
30892,-9.5,67.0,1.048592215117779e-09
30893,-9.5,68.0,6.957238727136187e-10
30894,-9.5,69.0,4.591486274430036e-10
30895,-9.5,70.0,3.014086993149825e-10
30896,-9.5,71.0,1.9680874094948453e-10
30897,-9.5,72.0,1.2782596818373003e-10
30898,-9.5,73.0,8.258095602070654e-11
30899,-9.5,74.0,5.306728014248263e-11
30900,-9.4,-75.0,5.9358068883450497e-08
30901,-9.4,-74.0,8.396806876878171e-08
30902,-9.4,-73.0,1.1815025776844153e-07
30903,-9.4,-72.0,1.6536412215677544e-07
30904,-9.4,-71.0,2.3021521002382192e-07
30905,-9.4,-70.0,3.187959862246368e-07
30906,-9.4,-69.0,4.3911450548415477e-07
30907,-9.4,-68.0,6.016290938590802e-07
30908,-9.4,-67.0,8.199096232017439e-07
30909,-9.4,-66.0,1.1114482465633287e-06
30910,-9.4,-65.0,1.4986444643930937e-06
30911,-9.4,-64.0,2.0099908952952714e-06
30912,-9.4,-63.0,2.681486865465567e-06
30913,-9.4,-62.0,3.5583065935767714e-06
30914,-9.4,-61.0,4.696746973957771e-06
30915,-9.4,-60.0,6.166476355496077e-06
30916,-9.4,-59.0,8.053099860106633e-06
30917,-9.4,-58.0,1.0461048265119273e-05
30918,-9.4,-57.0,1.3516785897458372e-05
30919,-9.4,-56.0,1.737231802431586e-05
30920,-9.4,-55.0,2.2208959648139916e-05
30921,-9.4,-54.0,2.8241305345569832e-05
30922,-9.4,-53.0,3.5721313952320215e-05
30923,-9.4,-52.0,4.494239286090198e-05
30924,-9.4,-51.0,5.6243335134702e-05
30925,-9.4,-50.0,7.001192955616337e-05
30926,-9.4,-49.0,8.668803048711965e-05
30927,-9.4,-48.0,0.00010676584367005383
30928,-9.4,-47.0,0.00013079809385914287
30929,-9.4,-46.0,0.00016096760148356747
30930,-9.4,-45.0,0.0003348860635151435
30931,-9.4,-44.0,0.002333330387515465
30932,-9.4,-43.0,0.00559092996637422
30933,-9.4,-42.0,0.004768508904143117
30934,-9.4,-41.0,0.006277471414718774
30935,-9.4,-40.0,0.0029911548988050974
30936,-9.4,-39.0,0.0034651266450076105
30937,-9.4,-38.0,0.0074184041692564595
30938,-9.4,-37.0,0.003505144106053164
30939,-9.4,-36.0,0.0012798401252233067
30940,-9.4,-35.0,0.004472388858257315
30941,-9.4,-34.0,0.009686515718464236
30942,-9.4,-33.0,0.005048905634618055
30943,-9.4,-32.0,0.005876542727406963
30944,-9.4,-31.0,0.011930851490781307
30945,-9.4,-30.0,0.006360621039352795
30946,-9.4,-29.0,0.00741049331758533
30947,-9.4,-28.0,0.014767158287221931
30948,-9.4,-27.0,0.00757787847494852
30949,-9.4,-26.0,0.003512874369983326
30950,-9.4,-25.0,0.009712180673636458
30951,-9.4,-24.0,0.019792543660225523
30952,-9.4,-23.0,0.01078078895507709
30953,-9.4,-22.0,0.012673769803419195
30954,-9.4,-21.0,0.024865284315978044
30955,-9.4,-20.0,0.012714216986863945
30956,-9.4,-19.0,0.005813437597386564
30957,-9.4,-18.0,0.01674227873905979
30958,-9.4,-17.0,0.03455965099693976
30959,-9.4,-16.0,0.01824716290274232
30960,-9.4,-15.0,0.022600942111459202
30961,-9.4,-14.0,0.0460808670270596
30962,-9.4,-13.0,0.022069165911480584
30963,-9.4,-12.0,0.00877860728283013
30964,-9.4,-11.0,0.03683603013907595
30965,-9.4,-10.0,0.08230749463415789
30966,-9.4,-9.0,0.041705814123902334
30967,-9.4,-8.0,0.03250461418596822
30968,-9.4,-7.0,0.06526074722240237
30969,-9.4,-6.0,0.030070196581321887
30970,-9.4,-5.0,0.008464414476332272
30971,-9.4,-4.0,0.02051685456255227
30972,-9.4,-3.0,0.04188563897556032
30973,-9.4,-2.0,0.020123744353308815
30974,-9.4,-1.0,0.006093010344539706
30975,-9.4,0.0,0.0006331865630678291
30976,-9.4,1.0,0.005420670778515767
30977,-9.4,2.0,0.013569209992028194
30978,-9.4,3.0,0.02639086622592557
30979,-9.4,4.0,0.0129502632070802
30980,-9.4,5.0,0.004712016598091485
30981,-9.4,6.0,0.01002219034633324
30982,-9.4,7.0,0.01937472194377612
30983,-9.4,8.0,0.00979361000390636
30984,-9.4,9.0,0.008376509433665476
30985,-9.4,10.0,0.015486139595927048
30986,-9.4,11.0,0.007425140141419084
30987,-9.4,12.0,0.0024863920675545887
30988,-9.4,13.0,0.0057801477418831905
30989,-9.4,14.0,0.01159249140211892
30990,-9.4,15.0,0.005628957130828246
30991,-9.4,16.0,0.004832180289209823
30992,-9.4,17.0,0.00941015807622155
30993,-9.4,18.0,0.004272388275123379
30994,-9.4,19.0,0.00113769015115587
30995,-9.4,20.0,0.0033499958984512606
30996,-9.4,21.0,0.007225150888914781
30997,-9.4,22.0,0.0033276429320883783
30998,-9.4,23.0,0.00287475773553597
30999,-9.4,24.0,0.005998467458378256
31000,-9.4,25.0,0.002576875359741491
31001,-9.4,26.0,0.0005013905611385714
31002,-9.4,27.0,0.002058693828938183
31003,-9.4,28.0,0.004756237821021768
31004,-9.4,29.0,0.002105468629469774
31005,-9.4,30.0,0.0018384998077921526
31006,-9.4,31.0,0.004042660460011267
31007,-9.4,32.0,0.0016779387625725003
31008,-9.4,33.0,0.0002497822144007759
31009,-9.4,34.0,0.001370773331451365
31010,-9.4,35.0,0.003296200063695801
31011,-9.4,36.0,0.0014319557286692594
31012,-9.4,37.0,0.0012638515907596429
31013,-9.4,38.0,0.0028510455244429114
31014,-9.4,39.0,0.0011661882257803125
31015,-9.4,40.0,8.716084493416673e-05
31016,-9.4,41.0,7.948654538091286e-06
31017,-9.4,42.0,5.396929916916014e-06
31018,-9.4,43.0,4.09185372519415e-06
31019,-9.4,44.0,3.0868178208736875e-06
31020,-9.4,45.0,2.3162691488624634e-06
31021,-9.4,46.0,1.728836438436473e-06
31022,-9.4,47.0,1.283528406401433e-06
31023,-9.4,48.0,9.478587434093543e-07
31024,-9.4,49.0,6.962548121627935e-07
31025,-9.4,50.0,5.087204196864315e-07
31026,-9.4,51.0,3.6972297414528097e-07
31027,-9.4,52.0,2.672760002789589e-07
31028,-9.4,53.0,1.9218952317226233e-07
31029,-9.4,54.0,1.3746294573236597e-07
31030,-9.4,55.0,9.779749994191993e-08
31031,-9.4,56.0,6.92079543230993e-08
31032,-9.4,57.0,4.87158643828431e-08
31033,-9.4,58.0,3.410915377118661e-08
31034,-9.4,59.0,2.3755140428524485e-08
31035,-9.4,60.0,1.6456231163154394e-08
31036,-9.4,61.0,1.1339379050622305e-08
31037,-9.4,62.0,7.772026641897334e-09
31038,-9.4,63.0,5.298652036806741e-09
31039,-9.4,64.0,3.593210255602541e-09
31040,-9.4,65.0,2.4237396668225537e-09
31041,-9.4,66.0,1.6262054776400771e-09
31042,-9.4,67.0,1.0853029342710522e-09
31043,-9.4,68.0,7.204645940077714e-10
31044,-9.4,69.0,4.757298658491983e-10
31045,-9.4,70.0,3.1245990654144173e-10
31046,-9.4,71.0,2.0413350284250355e-10
31047,-9.4,72.0,1.3265401067061034e-10
31048,-9.4,73.0,8.574574729548336e-11
31049,-9.4,74.0,5.51303693320635e-11
31050,-9.3,-75.0,5.799582869814699e-08
31051,-9.3,-74.0,8.20847630602094e-08
31052,-9.3,-73.0,1.1556183967541986e-07
31053,-9.3,-72.0,1.6182754750770656e-07
31054,-9.3,-71.0,2.254117576769961e-07
31055,-9.3,-70.0,3.123106441104761e-07
31056,-9.3,-69.0,4.304107542336384e-07
31057,-9.3,-68.0,5.900183919678571e-07
31058,-9.3,-67.0,8.04514901530715e-07
31059,-9.3,-66.0,1.091160769095115e-06
31060,-9.3,-65.0,1.4720735224981978e-06
31061,-9.3,-64.0,1.9754059925438764e-06
31062,-9.3,-63.0,2.636752339329687e-06
31063,-9.3,-62.0,3.5008090303763667e-06
31064,-9.3,-61.0,4.623316325256508e-06
31065,-9.3,-60.0,6.073302377417979e-06
31066,-9.3,-59.0,7.93564638773578e-06
31067,-9.3,-58.0,1.031396891229579e-05
31068,-9.3,-57.0,1.3333846039140806e-05
31069,-9.3,-56.0,1.714632936359883e-05
31070,-9.3,-55.0,2.193173526722816e-05
31071,-9.3,-54.0,2.790364484546532e-05
31072,-9.3,-53.0,3.531303003456607e-05
31073,-9.3,-52.0,4.4452392408185157e-05
31074,-9.3,-51.0,5.56597693930697e-05
31075,-9.3,-50.0,6.932242927405848e-05
31076,-9.3,-49.0,8.588004266821384e-05
31077,-9.3,-48.0,0.00010582708678011596
31078,-9.3,-47.0,0.00012971716673407244
31079,-9.3,-46.0,0.00015974492314939332
31080,-9.3,-45.0,0.00033441174989935784
31081,-9.3,-44.0,0.0023453815771992555
31082,-9.3,-43.0,0.005623601098965626
31083,-9.3,-42.0,0.0047950614621646405
31084,-9.3,-41.0,0.006312807948597789
31085,-9.3,-40.0,0.003005008803399202
31086,-9.3,-39.0,0.003480824918941898
31087,-9.3,-38.0,0.007457689569271948
31088,-9.3,-37.0,0.003519859026068552
31089,-9.3,-36.0,0.0012802498284351749
31090,-9.3,-35.0,0.004490642242077404
31091,-9.3,-34.0,0.009734392138481407
31092,-9.3,-33.0,0.00506949132417324
31093,-9.3,-32.0,0.005900318494375256
31094,-9.3,-31.0,0.011987399415755821
31095,-9.3,-30.0,0.006386611584857017
31096,-9.3,-29.0,0.007440478131172154
31097,-9.3,-28.0,0.014834680587697113
31098,-9.3,-27.0,0.007609561406512733
31099,-9.3,-26.0,0.0035244684219166264
31100,-9.3,-25.0,0.009751951618354205
31101,-9.3,-24.0,0.01987799702424585
31102,-9.3,-23.0,0.010828055371908625
31103,-9.3,-22.0,0.012725728532332432
31104,-9.3,-21.0,0.024964216212327982
31105,-9.3,-20.0,0.012771138609615047
31106,-9.3,-19.0,0.005846716364314078
31107,-9.3,-18.0,0.016802223141593367
31108,-9.3,-17.0,0.03466237309700459
31109,-9.3,-16.0,0.018315412365357147
31110,-9.3,-15.0,0.022650119911498515
31111,-9.3,-14.0,0.04613485030804915
31112,-9.3,-13.0,0.02212439371826059
31113,-9.3,-12.0,0.008807660607779806
31114,-9.3,-11.0,0.036470737367822706
31115,-9.3,-10.0,0.08132485105153156
31116,-9.3,-9.0,0.040607411200003364
31117,-9.3,-8.0,0.0326065402247116
31118,-9.3,-7.0,0.06574405194207883
31119,-9.3,-6.0,0.030251852207293525
31120,-9.3,-5.0,0.008457309829835946
31121,-9.3,-4.0,0.020550425399340398
31122,-9.3,-3.0,0.04200234279775221
31123,-9.3,-2.0,0.020164204969181674
31124,-9.3,-1.0,0.0060857127961540846
31125,-9.3,0.0,0.0006290150605711792
31126,-9.3,1.0,0.00541745113997376
31127,-9.3,2.0,0.01358162977498199
31128,-9.3,3.0,0.02642591347537086
31129,-9.3,4.0,0.012967125068770414
31130,-9.3,5.0,0.0047179703035261375
31131,-9.3,6.0,0.010033010741454053
31132,-9.3,7.0,0.01939338060235187
31133,-9.3,8.0,0.009806377050036794
31134,-9.3,9.0,0.008386715494235029
31135,-9.3,10.0,0.01549804331647921
31136,-9.3,11.0,0.007435436794766751
31137,-9.3,12.0,0.0024955578686842598
31138,-9.3,13.0,0.005787932598983977
31139,-9.3,14.0,0.011598074511449065
31140,-9.3,15.0,0.0056358135123707595
31141,-9.3,16.0,0.004837805653381397
31142,-9.3,17.0,0.009412134441719915
31143,-9.3,18.0,0.004276957185690086
31144,-9.3,19.0,0.0011435882997389147
31145,-9.3,20.0,0.0033529492723535594
31146,-9.3,21.0,0.007223535870279799
31147,-9.3,22.0,0.0033292537101967928
31148,-9.3,23.0,0.002875778789748457
31149,-9.3,24.0,0.00599501913330662
31150,-9.3,25.0,0.0025771145131087353
31151,-9.3,26.0,0.0005037055166014682
31152,-9.3,27.0,0.002058223702108251
31153,-9.3,28.0,0.004751346726511822
31154,-9.3,29.0,0.002104169250034588
31155,-9.3,30.0,0.0018370643749312371
31156,-9.3,31.0,0.004037283258658374
31157,-9.3,32.0,0.001676252402500954
31158,-9.3,33.0,0.0002502587331935709
31159,-9.3,34.0,0.0013689932567383023
31160,-9.3,35.0,0.0032907174635187155
31161,-9.3,36.0,0.0014297923226203057
31162,-9.3,37.0,0.0012617696653674851
31163,-9.3,38.0,0.002845737009270336
31164,-9.3,39.0,0.0011641398313103084
31165,-9.3,40.0,8.719038213604358e-05
31166,-9.3,41.0,8.091453354874037e-06
31167,-9.3,42.0,5.5100514894017025e-06
31168,-9.3,43.0,4.179873672055441e-06
31169,-9.3,44.0,3.154898091806462e-06
31170,-9.3,45.0,2.3686160201463543e-06
31171,-9.3,46.0,1.7688494433987943e-06
31172,-9.3,47.0,1.3139347047435343e-06
31173,-9.3,48.0,9.70830180379363e-07
31174,-9.3,49.0,7.135086078205522e-07
31175,-9.3,50.0,5.216047568085892e-07
31176,-9.3,51.0,3.79288943305158e-07
31177,-9.3,52.0,2.743374417321215e-07
31178,-9.3,53.0,1.9737230341712195e-07
31179,-9.3,54.0,1.4124514490389762e-07
31180,-9.3,55.0,1.0054188397593335e-07
31181,-9.3,56.0,7.118797901776137e-08
31182,-9.3,57.0,5.013631964497485e-08
31183,-9.3,58.0,3.51224149778441e-08
31184,-9.3,59.0,2.4473856809752544e-08
31185,-9.3,60.0,1.6963153036192858e-08
31186,-9.3,61.0,1.169490941826754e-08
31187,-9.3,62.0,8.019979509390679e-09
31188,-9.3,63.0,5.470610153164701e-09
31189,-9.3,64.0,3.7117984530914025e-09
31190,-9.3,65.0,2.505065670947154e-09
31191,-9.3,66.0,1.6816668130252325e-09
31192,-9.3,67.0,1.122915044452945e-09
31193,-9.3,68.0,7.458301840072341e-10
31194,-9.3,69.0,4.927414741528898e-10
31195,-9.3,70.0,3.2380562539078777e-10
31196,-9.3,71.0,2.116585263187245e-10
31197,-9.3,72.0,1.3761737016086678e-10
31198,-9.3,73.0,8.900140205783883e-11
31199,-9.3,74.0,5.725409439929139e-11
31200,-9.2,-75.0,5.664035358160141e-08
31201,-9.2,-74.0,8.020900622818165e-08
31202,-9.2,-73.0,1.1298126234595479e-07
31203,-9.2,-72.0,1.5829814206071664e-07
31204,-9.2,-71.0,2.206131114843611e-07
31205,-9.2,-70.0,3.0582496144713087e-07
31206,-9.2,-69.0,4.216971316137222e-07
31207,-9.2,-68.0,5.783816045491735e-07
31208,-9.2,-67.0,7.89067950534649e-07
31209,-9.2,-66.0,1.0707804759189386e-06
31210,-9.2,-65.0,1.445348550338962e-06
31211,-9.2,-64.0,1.9405768493145985e-06
31212,-9.2,-63.0,2.591643186861575e-06
31213,-9.2,-62.0,3.4427515161155368e-06
31214,-9.2,-61.0,4.549066185867819e-06
31215,-9.2,-60.0,5.978950259625031e-06
31216,-9.2,-59.0,7.81652520785987e-06
31217,-9.2,-58.0,1.0164561144189715e-05
31218,-9.2,-57.0,1.3147695583990773e-05
31219,-9.2,-56.0,1.6915964106261212e-05
31220,-9.2,-55.0,2.164860803936924e-05
31221,-9.2,-54.0,2.7558102254629053e-05
31222,-9.2,-53.0,3.489432041816395e-05
31223,-9.2,-52.0,4.394872594667379e-05
31224,-9.2,-51.0,5.5058445057026416e-05
31225,-9.2,-50.0,6.861004465088371e-05
31226,-9.2,-49.0,8.504280365888193e-05
31227,-9.2,-48.0,0.00010485123450550528
31228,-9.2,-47.0,0.0001285895565973072
31229,-9.2,-46.0,0.00015846340753416062
31230,-9.2,-45.0,0.0003338175835574859
31231,-9.2,-44.0,0.00235663870714166
31232,-9.2,-43.0,0.005654380294119067
31233,-9.2,-42.0,0.004819990816388943
31234,-9.2,-41.0,0.006346005075394264
31235,-9.2,-40.0,0.003017822171100624
31236,-9.2,-39.0,0.003495310539683608
31237,-9.2,-38.0,0.007494415085499951
31238,-9.2,-37.0,0.0035333267978253325
31239,-9.2,-36.0,0.0012801522788474212
31240,-9.2,-35.0,0.0045072879587708175
31241,-9.2,-34.0,0.009778871578523213
31242,-9.2,-33.0,0.005088242175406963
31243,-9.2,-32.0,0.0059219554497745505
31244,-9.2,-31.0,0.012039721918862384
31245,-9.2,-30.0,0.006410262518657351
31246,-9.2,-29.0,0.0074677419009808255
31247,-9.2,-28.0,0.014896942617184394
31248,-9.2,-27.0,0.0076384333660249205
31249,-9.2,-26.0,0.0035346311877803545
31250,-9.2,-25.0,0.009788153023692587
31251,-9.2,-24.0,0.019956414246311078
31252,-9.2,-23.0,0.010871373061042933
31253,-9.2,-22.0,0.012773106881031232
31254,-9.2,-21.0,0.025054418679670922
31255,-9.2,-20.0,0.012823478951054238
31256,-9.2,-19.0,0.005877790594824635
31257,-9.2,-18.0,0.016856421423258085
31258,-9.2,-17.0,0.034753558333022065
31259,-9.2,-16.0,0.018377530582722908
31260,-9.2,-15.0,0.02269248785725459
31261,-9.2,-14.0,0.04617550468914201
31262,-9.2,-13.0,0.022173116113372016
31263,-9.2,-12.0,0.008837071809830548
31264,-9.2,-11.0,0.03614098268185493
31265,-9.2,-10.0,0.08043218822513833
31266,-9.2,-9.0,0.03957842591683599
31267,-9.2,-8.0,0.0327137039863307
31268,-9.2,-7.0,0.06623090889581594
31269,-9.2,-6.0,0.030433927067580382
31270,-9.2,-5.0,0.00844848653188282
31271,-9.2,-4.0,0.02057968927879669
31272,-9.2,-3.0,0.0421109193615313
31273,-9.2,-2.0,0.020200426988484423
31274,-9.2,-1.0,0.006076692406297809
31275,-9.2,0.0,0.0006247110932400308
31276,-9.2,1.0,0.0054126051173952194
31277,-9.2,2.0,0.013590573035162609
31278,-9.2,3.0,0.026454571741729264
31279,-9.2,4.0,0.012980705616922626
31280,-9.2,5.0,0.004722551100157698
31281,-9.2,6.0,0.010041213152186193
31282,-9.2,7.0,0.019407222771845624
31283,-9.2,8.0,0.00981663316528501
31284,-9.2,9.0,0.008394754134239919
31285,-9.2,10.0,0.015506085814703202
31286,-9.2,11.0,0.007443839433054963
31287,-9.2,12.0,0.002504039875024787
31288,-9.2,13.0,0.005794246450652615
31289,-9.2,14.0,0.011600784521743903
31290,-9.2,15.0,0.00564126459644677
31291,-9.2,16.0,0.004842227728966855
31292,-9.2,17.0,0.009411794629026624
31293,-9.2,18.0,0.0042804770172397855
31294,-9.2,19.0,0.0011492119219981614
31295,-9.2,20.0,0.0033550881875600343
31296,-9.2,21.0,0.007220155832815272
31297,-9.2,22.0,0.003330061141887953
31298,-9.2,23.0,0.002876108631264217
31299,-9.2,24.0,0.005990109522452638
31300,-9.2,25.0,0.002576736358334708
31301,-9.2,26.0,0.0005059148048508527
31302,-9.2,27.0,0.002057262361237738
31303,-9.2,28.0,0.004745296744534587
31304,-9.2,29.0,0.0021023645792513147
31305,-9.2,30.0,0.0018351882066874252
31306,-9.2,31.0,0.004030918993626571
31307,-9.2,32.0,0.0016741621020099108
31308,-9.2,33.0,0.00025068307782363607
31309,-9.2,34.0,0.0013668826893290787
31310,-9.2,35.0,0.003284427228359587
31311,-9.2,36.0,0.0014272810358986114
31312,-9.2,37.0,0.0012593806160033764
31313,-9.2,38.0,0.0028397283472128107
31314,-9.2,39.0,0.0011618068585860335
31315,-9.2,40.0,8.72013417743832e-05
31316,-9.2,41.0,8.234710136536836e-06
31317,-9.2,42.0,5.623805678277918e-06
31318,-9.2,43.0,4.2684667840180084e-06
31319,-9.2,44.0,3.22348284317299e-06
31320,-9.2,45.0,2.421396948917066e-06
31321,-9.2,46.0,1.8092289075627387e-06
31322,-9.2,47.0,1.344645394229929e-06
31323,-9.2,48.0,9.940508522051092e-07
31324,-9.2,49.0,7.309638642405736e-07
31325,-9.2,50.0,5.34650035088413e-07
31326,-9.2,51.0,3.889820943101946e-07
31327,-9.2,52.0,2.814983720830584e-07
31328,-9.2,53.0,2.0263216839860294e-07
31329,-9.2,54.0,1.450865295627479e-07
31330,-9.2,55.0,1.0333131747161419e-07
31331,-9.2,56.0,7.32020084055357e-08
31332,-9.2,57.0,5.1582236675117e-08
31333,-9.2,58.0,3.615459293802683e-08
31334,-9.2,59.0,2.5206521014282727e-08
31335,-9.2,60.0,1.7480283117025373e-08
31336,-9.2,61.0,1.2057857109861538e-08
31337,-9.2,62.0,8.273283718825347e-09
31338,-9.2,63.0,5.64640226647592e-09
31339,-9.2,64.0,3.833114775405733e-09
31340,-9.2,65.0,2.5883198423414676e-09
31341,-9.2,66.0,1.7384818821063425e-09
31342,-9.2,67.0,1.1614713589642028e-09
31343,-9.2,68.0,7.718500721480575e-10
31344,-9.2,69.0,5.102035796375538e-10
31345,-9.2,70.0,3.354595510755886e-10
31346,-9.2,71.0,2.193930821187202e-10
31347,-9.2,72.0,1.4272228982202533e-10
31348,-9.2,73.0,9.235210269776534e-11
31349,-9.2,74.0,5.944124248083038e-11
31350,-9.1,-75.0,5.52961863103849e-08
31351,-9.1,-74.0,7.834724846184942e-08
31352,-9.1,-73.0,1.1041763102579515e-07
31353,-9.1,-72.0,1.5478868448273468e-07
31354,-9.1,-71.0,2.15837101811071e-07
31355,-9.1,-70.0,2.9936367378360996e-07
31356,-9.1,-69.0,4.130077549532418e-07
31357,-9.1,-68.0,5.667655186768013e-07
31358,-9.1,-67.0,7.736325641104606e-07
31359,-9.1,-66.0,1.050393851783255e-06
31360,-9.1,-65.0,1.418586124576999e-06
31361,-9.1,-64.0,1.905659708312764e-06
31362,-9.1,-63.0,2.5463676211910657e-06
31363,-9.1,-62.0,3.3844099438189258e-06
31364,-9.1,-61.0,4.474360053308717e-06
31365,-9.1,-60.0,5.883896207217045e-06
31366,-9.1,-59.0,7.696356649543444e-06
31367,-9.1,-58.0,1.001362846701178e-05
31368,-9.1,-57.0,1.2959369432998728e-05
31369,-9.1,-56.0,1.668254767432297e-05
31370,-9.1,-55.0,2.1361265911019713e-05
31371,-9.1,-54.0,2.7206815119177e-05
31372,-9.1,-53.0,3.446787681055176e-05
31373,-9.1,-52.0,4.3434764011901255e-05
31374,-9.1,-51.0,5.444355905725131e-05
31375,-9.1,-50.0,6.787997241046337e-05
31376,-9.1,-49.0,8.418271221522388e-05
31377,-9.1,-48.0,0.00010384612173234452
31378,-9.1,-47.0,0.00012742480352910413
31379,-9.1,-46.0,0.00015713469893359616
31380,-9.1,-45.0,0.0003331257747926925
31381,-9.1,-44.0,0.0023672414772058364
31382,-9.1,-43.0,0.005683598561729486
31383,-9.1,-42.0,0.004843580546427575
31384,-9.1,-41.0,0.006377435693867564
31385,-9.1,-40.0,0.003029775614019406
31386,-9.1,-39.0,0.0035087930081023405
31387,-9.1,-38.0,0.0075290236139281584
31388,-9.1,-37.0,0.0035457604333835706
31389,-9.1,-36.0,0.0012796300539689096
31390,-9.1,-35.0,0.004522598081374272
31391,-9.1,-34.0,0.009820535154575807
31392,-9.1,-33.0,0.005105465177343019
31393,-9.1,-32.0,0.0059418108635264765
31394,-9.1,-31.0,0.012088536416156065
31395,-9.1,-30.0,0.006431959963326583
31396,-9.1,-29.0,0.007492734446005857
31397,-9.1,-28.0,0.014954833645108348
31398,-9.1,-27.0,0.007664952842917394
31399,-9.1,-26.0,0.003543577223239711
31400,-9.1,-25.0,0.00982137237982675
31401,-9.1,-24.0,0.020028989576359003
31402,-9.1,-23.0,0.010911390561248938
31403,-9.1,-22.0,0.012816669613687758
31404,-9.1,-21.0,0.02513739650859318
31405,-9.1,-20.0,0.01287199993769924
31406,-9.1,-19.0,0.005906999526540989
31407,-9.1,-18.0,0.016905884125281462
31408,-9.1,-17.0,0.03483531299050401
31409,-9.1,-16.0,0.01843461345614331
31410,-9.1,-15.0,0.02272940131635844
31411,-9.1,-14.0,0.04620562193224284
31412,-9.1,-13.0,0.022216642307329084
31413,-9.1,-12.0,0.008866760327326606
31414,-9.1,-11.0,0.03584042224167276
31415,-9.1,-10.0,0.0796134889863583
31416,-9.1,-9.0,0.03860778063044635
31417,-9.1,-8.0,0.032826474809724435
31418,-9.1,-7.0,0.06672385340386906
31419,-9.1,-6.0,0.03061754532431314
31420,-9.1,-5.0,0.008438177520811732
31421,-9.1,-4.0,0.020605097605201572
31422,-9.1,-3.0,0.04221226466235109
31423,-9.1,-2.0,0.020232847212934668
31424,-9.1,-1.0,0.006066088956722657
31425,-9.1,0.0,0.0006202909239126915
31426,-9.1,1.0,0.005406252129185977
31427,-9.1,2.0,0.01359632501356089
31428,-9.1,3.0,0.02647738887960292
31429,-9.1,4.0,0.012991273004596958
31430,-9.1,5.0,0.004725855371325577
31431,-9.1,6.0,0.01004700457593808
31432,-9.1,7.0,0.019416651245534117
31433,-9.1,8.0,0.00982457883706579
31434,-9.1,9.0,0.008400796730701083
31435,-9.1,10.0,0.015510589902821495
31436,-9.1,11.0,0.0074504989357574965
31437,-9.1,12.0,0.0025118837355884243
31438,-9.1,13.0,0.0057992065434791535
31439,-9.1,14.0,0.011600864879459005
31440,-9.1,15.0,0.005645425223844676
31441,-9.1,16.0,0.004845545182934282
31442,-9.1,17.0,0.009409338006262268
31443,-9.1,18.0,0.004283035398452888
31444,-9.1,19.0,0.0011545806776791848
31445,-9.1,20.0,0.0033564818065061858
31446,-9.1,21.0,0.007215166168499973
31447,-9.1,22.0,0.0033301350223055317
31448,-9.1,23.0,0.002875807830482546
31449,-9.1,24.0,0.005983869221886884
31450,-9.1,25.0,0.0025757957548226008
31451,-9.1,26.0,0.0005080274686864036
31452,-9.1,27.0,0.002055854142467398
31453,-9.1,28.0,0.004738193030446912
31454,-9.1,29.0,0.002100100583142338
31455,-9.1,30.0,0.0018329116637934744
31456,-9.1,31.0,0.0040236579276401695
31457,-9.1,32.0,0.0016717049795023865
31458,-9.1,33.0,0.00025106031633875407
31459,-9.1,34.0,0.00136447224209678
31460,-9.1,35.0,0.0032774037235181537
31461,-9.1,36.0,0.0014244540516507673
31462,-9.1,37.0,0.0012567129678914737
31463,-9.1,38.0,0.002833084243834444
31464,-9.1,39.0,0.0011592157111774176
31465,-9.1,40.0,8.719560327896648e-05
31466,-9.1,41.0,8.37852698097252e-06
31467,-9.1,42.0,5.738256238551534e-06
31468,-9.1,43.0,4.357682301636825e-06
31469,-9.1,44.0,3.2926100275235253e-06
31470,-9.1,45.0,2.4746411077853e-06
31471,-9.1,46.0,1.8499971911209463e-06
31472,-9.1,47.0,1.375677562600303e-06
31473,-9.1,48.0,1.0175337767603511e-06
31474,-9.1,49.0,7.486304663930151e-07
31475,-9.1,50.0,5.478637348671072e-07
31476,-9.1,51.0,3.988080675316594e-07
31477,-9.1,52.0,2.887630283809178e-07
31478,-9.1,53.0,2.0797228855232045e-07
31479,-9.1,54.0,1.489894623936738e-07
31480,-9.1,55.0,1.0616755373685337e-07
31481,-9.1,56.0,7.525133791438396e-08
31482,-9.1,57.0,5.305456829460835e-08
31483,-9.1,58.0,3.7206385236363554e-08
31484,-9.1,59.0,2.5953641338993537e-08
31485,-9.1,60.0,1.8007989979792155e-08
31486,-9.1,61.0,1.2428488059967516e-08
31487,-9.1,62.0,8.53213017930263e-09
31488,-9.1,63.0,5.826164723080548e-09
31489,-9.1,64.0,3.95725609313156e-09
31490,-9.1,65.0,2.6735706417889297e-09
31491,-9.1,66.0,1.7966988093930592e-09
31492,-9.1,67.0,1.2010055244067483e-09
31493,-9.1,68.0,7.98547654621242e-10
31494,-9.1,69.0,5.28132361585558e-10
31495,-9.1,70.0,3.4743281030829907e-10
31496,-9.1,71.0,2.2734477969530384e-10
31497,-9.1,72.0,1.479739446054183e-10
31498,-9.1,73.0,9.580134878315418e-11
31499,-9.1,74.0,6.169416682883352e-11
31500,-9.0,-75.0,5.195291390712411e-08
31501,-9.0,-74.0,7.364951127807474e-08
31502,-9.0,-73.0,1.0385225596212023e-07
31503,-9.0,-72.0,1.4566261701252448e-07
31504,-9.0,-71.0,2.0321997289949395e-07
31505,-9.0,-70.0,2.8201407071135893e-07
31506,-9.0,-69.0,3.8927926642921567e-07
31507,-9.0,-68.0,5.344878982817925e-07
31508,-9.0,-67.0,7.29962562854123e-07
31509,-9.0,-66.0,9.91629425766159e-07
31510,-9.0,-65.0,1.339936851500563e-06
31511,-9.0,-64.0,1.800965381302348e-06
31512,-9.0,-63.0,2.4077561764429532e-06
31513,-9.0,-62.0,3.201885179514674e-06
31514,-9.0,-61.0,4.23530908466925e-06
31515,-9.0,-60.0,5.57250636428988e-06
31516,-9.0,-59.0,7.29293166152846e-06
31517,-9.0,-58.0,9.493794402267821e-06
31518,-9.0,-57.0,1.2293162098021823e-05
31519,-9.0,-56.0,1.5833375141683613e-05
31520,-9.0,-55.0,2.0284742665532754e-05
31521,-9.0,-54.0,2.584946809126403e-05
31522,-9.0,-53.0,3.276572839122398e-05
31523,-9.0,-52.0,4.1311803066368556e-05
31524,-9.0,-51.0,5.1810117978551564e-05
31525,-9.0,-50.0,6.463103632590475e-05
31526,-9.0,-49.0,8.019619545023609e-05
31527,-9.0,-48.0,9.898115630990513e-05
31528,-9.0,-47.0,0.00012151999885114997
31529,-9.0,-46.0,0.00014995532449671044
31530,-9.0,-45.0,0.0003199516747192118
31531,-9.0,-44.0,0.002288588249532835
31532,-9.0,-43.0,0.00549838479149924
31533,-9.0,-42.0,0.004684471613091237
31534,-9.0,-41.0,0.006168294254513275
31535,-9.0,-40.0,0.002927532602760472
31536,-9.0,-39.0,0.0033900309086675687
31537,-9.0,-38.0,0.007279684367643924
31538,-9.0,-37.0,0.00342458202296207
31539,-9.0,-36.0,0.0012310303665358728
31540,-9.0,-35.0,0.004367491579801149
31541,-9.0,-34.0,0.009491909312968427
31542,-9.0,-33.0,0.004930291221365399
31543,-9.0,-32.0,0.005737755765062368
31544,-9.0,-31.0,0.011681598553410846
31545,-9.0,-30.0,0.00621124400622077
31546,-9.0,-29.0,0.007235348966446206
31547,-9.0,-28.0,0.014448973780290312
31548,-9.0,-27.0,0.007402539075824757
31549,-9.0,-26.0,0.0034189481148109396
31550,-9.0,-25.0,0.00948443069053316
31551,-9.0,-24.0,0.019346732761097385
31552,-9.0,-23.0,0.010540057887953092
31553,-9.0,-22.0,0.012377243751499985
31554,-9.0,-21.0,0.024273431213161518
31555,-9.0,-20.0,0.01243527665925816
31556,-9.0,-19.0,0.005713152764043178
31557,-9.0,-18.0,0.01631884291700497
31558,-9.0,-17.0,0.03360660901620922
31559,-9.0,-16.0,0.01779763703289085
31560,-9.0,-15.0,0.021912529149363678
31561,-9.0,-14.0,0.04450234663741088
31562,-9.0,-13.0,0.021425484271675756
31563,-9.0,-12.0,0.008564699510466052
31564,-9.0,-11.0,0.034237357270509486
31565,-9.0,-10.0,0.07591454314182808
31566,-9.0,-9.0,0.03731338238500893
31567,-9.0,-8.0,0.03396522109635838
31568,-9.0,-7.0,0.0693063568179065
31569,-9.0,-6.0,0.03175733895955142
31570,-9.0,-5.0,0.008687436916811437
31571,-9.0,-4.0,0.02126554680813616
31572,-9.0,-3.0,0.04361676293169649
31573,-9.0,-2.0,0.02088904456739155
31574,-9.0,-1.0,0.006241424231471245
31575,-9.0,0.0,0.0006348295052167907
31576,-9.0,1.0,0.005565604248590691
31577,-9.0,2.0,0.014020088272469991
31578,-9.0,3.0,0.02731497552408259
31579,-9.0,4.0,0.013401439741799036
31580,-9.0,5.0,0.004874318813278533
31581,-9.0,6.0,0.010361674984678904
31582,-9.0,7.0,0.020023214452005406
31583,-9.0,8.0,0.010134682781173928
31584,-9.0,9.0,0.008665164266869852
31585,-9.0,10.0,0.015991996796200923
31586,-9.0,11.0,0.007686328798455577
31587,-9.0,12.0,0.0025971072338650037
31588,-9.0,13.0,0.00598254077535652
31589,-9.0,14.0,0.011957553369654546
31590,-9.0,15.0,0.005823238127920189
31591,-9.0,16.0,0.004997906052945425
31592,-9.0,17.0,0.009696062679796448
31593,-9.0,18.0,0.004417339236879683
31594,-9.0,19.0,0.0011956097273140018
31595,-9.0,20.0,0.003461110180334432
31596,-9.0,21.0,0.007431843505697527
31597,-9.0,22.0,0.0034325999709061785
31598,-9.0,23.0,0.0029639208844496477
31599,-9.0,24.0,0.006161408463044143
31600,-9.0,25.0,0.0026540277012161817
31601,-9.0,26.0,0.0005258396629875124
31602,-9.0,27.0,0.0021176192213689642
31603,-9.0,28.0,0.004876545659664726
31604,-9.0,29.0,0.0021623416740233045
31605,-9.0,30.0,0.0018869248847630323
31606,-9.0,31.0,0.004139878737212442
31607,-9.0,32.0,0.0017205736595925405
31608,-9.0,33.0,0.000259176636021974
31609,-9.0,34.0,0.0014039420034979355
31610,-9.0,35.0,0.0033709238953888087
31611,-9.0,36.0,0.0014653361976673797
31612,-9.0,37.0,0.0012926034541545144
31613,-9.0,38.0,0.0029141107037918236
31614,-9.0,39.0,0.0012615506655020649
31615,-9.0,40.0,0.0011171909461745787
31616,-9.0,41.0,0.0025316021508345107
31617,-9.0,42.0,0.0010333111297278306
31618,-9.0,43.0,7.394537868912067e-05
31619,-9.0,44.0,4.242911858687906e-06
31620,-9.0,45.0,2.6080799266589636e-06
31621,-9.0,46.0,1.9497146462973824e-06
31622,-9.0,47.0,1.4506006688469036e-06
31623,-9.0,48.0,1.0735231143992832e-06
31624,-9.0,49.0,7.902443851464209e-07
31625,-9.0,50.0,5.786258601055588e-07
31626,-9.0,51.0,4.214252865690644e-07
31627,-9.0,52.0,3.0530197824145684e-07
31628,-9.0,53.0,2.2000111401638715e-07
31629,-9.0,54.0,1.5769079526870273e-07
31630,-9.0,55.0,1.1242787039803624e-07
31631,-9.0,56.0,7.973110524473992e-08
31632,-9.0,57.0,5.62429031103641e-08
31633,-9.0,58.0,3.946333735556015e-08
31634,-9.0,59.0,2.754266868429112e-08
31635,-9.0,60.0,1.912072465887884e-08
31636,-9.0,61.0,1.3203491649814243e-08
31637,-9.0,62.0,9.068999071582681e-09
31638,-9.0,63.0,6.196065960834978e-09
31639,-9.0,64.0,4.21074380709089e-09
31640,-9.0,65.0,2.8463461525526097e-09
31641,-9.0,66.0,1.913827189603114e-09
31642,-9.0,67.0,1.2799819179518675e-09
31643,-9.0,68.0,8.515125576169424e-10
31644,-9.0,69.0,5.634616824830358e-10
31645,-9.0,70.0,3.7087181210039395e-10
31646,-9.0,71.0,2.428115674989252e-10
31647,-9.0,72.0,1.5812517771493947e-10
31648,-9.0,73.0,1.0242802251243045e-10
31649,-9.0,74.0,6.599676643942584e-11
31650,-8.9,-75.0,4.9018822291486444e-08
31651,-8.9,-74.0,6.952711683458822e-08
31652,-8.9,-73.0,9.809156766983537e-08
31653,-8.9,-72.0,1.3765602921579615e-07
31654,-8.9,-71.0,1.921519994472558e-07
31655,-8.9,-70.0,2.6679684247811586e-07
31656,-8.9,-69.0,3.6847037001755977e-07
31657,-8.9,-68.0,5.061865054571244e-07
31658,-8.9,-67.0,6.916791158975346e-07
31659,-8.9,-66.0,9.401234174921426e-07
31660,-8.9,-65.0,1.2710164918759506e-06
31661,-8.9,-64.0,1.7092422062328026e-06
31662,-8.9,-63.0,2.28634696961825e-06
31663,-8.9,-62.0,3.0420529980074247e-06
31664,-8.9,-61.0,4.026034768239042e-06
31665,-8.9,-60.0,5.299981744269768e-06
31666,-8.9,-59.0,6.939965856424737e-06
31667,-8.9,-58.0,9.03912519205922e-06
31668,-8.9,-57.0,1.1710665512386885e-05
31669,-8.9,-56.0,1.5091168185795198e-05
31670,-8.9,-55.0,1.934417664335777e-05
31671,-8.9,-54.0,2.46640133615585e-05
31672,-8.9,-53.0,3.127975567597761e-05
31673,-8.9,-52.0,3.945927166474556e-05
31674,-8.9,-51.0,4.951318741885625e-05
31675,-8.9,-50.0,6.179862505807813e-05
31676,-8.9,-49.0,7.672251802242731e-05
31677,-8.9,-48.0,9.474427886764515e-05
31678,-8.9,-47.0,0.00011638038090448598
31679,-8.9,-46.0,0.0001437113660416101
31680,-8.9,-45.0,0.00030862470106937575
31681,-8.9,-44.0,0.0022220869224833855
31682,-8.9,-43.0,0.005342111352820508
31683,-8.9,-42.0,0.004550102659786984
31684,-8.9,-41.0,0.005991700949796662
31685,-8.9,-40.0,0.0028409280780773306
31686,-8.9,-39.0,0.0032893968063032364
31687,-8.9,-38.0,0.007068905177967592
31688,-8.9,-37.0,0.0033217822049848504
31689,-8.9,-36.0,0.0011893441126436023
31690,-8.9,-35.0,0.004235847781393693
31691,-8.9,-34.0,0.009213757322523594
31692,-8.9,-33.0,0.0047815899864613815
31693,-8.9,-32.0,0.005564518909440842
31694,-8.9,-31.0,0.011336914250428723
31695,-8.9,-30.0,0.006023853049820027
31696,-8.9,-29.0,0.007016806193944798
31697,-8.9,-28.0,0.014020261585758045
31698,-8.9,-27.0,0.0071797728743524525
31699,-8.9,-26.0,0.003312750067230529
31700,-8.9,-25.0,0.009198366508920797
31701,-8.9,-24.0,0.018768127785726826
31702,-8.9,-23.0,0.010225057317800304
31703,-8.9,-22.0,0.012004260626977206
31704,-8.9,-21.0,0.023540167220882046
31705,-8.9,-20.0,0.012064983000404483
31706,-8.9,-19.0,0.005549238501510044
31707,-8.9,-18.0,0.015820206487597327
31708,-8.9,-17.0,0.032561660444844216
31709,-8.9,-16.0,0.01725696194860792
31710,-8.9,-15.0,0.021217161460781956
31711,-8.9,-14.0,0.04304944053581979
31712,-8.9,-13.0,0.020752714702952667
31713,-8.9,-12.0,0.008310447300195626
31714,-8.9,-11.0,0.03287161546359129
31715,-8.9,-10.0,0.0727580350264243
31716,-8.9,-9.0,0.03451914780430516
31717,-8.9,-8.0,0.03535049290254349
31718,-8.9,-7.0,0.07240675520089575
31719,-8.9,-6.0,0.03312998738492848
31720,-8.9,-5.0,0.008993828514046535
31721,-8.9,-4.0,0.022068803220237895
31722,-8.9,-3.0,0.045318274893205904
31723,-8.9,-2.0,0.021686005906848993
31724,-8.9,-1.0,0.006456927226316788
31725,-8.9,0.0,0.0006532777088386339
31726,-8.9,1.0,0.005760869581771824
31727,-8.9,2.0,0.014536475309163707
31728,-8.9,3.0,0.028334231122213886
31729,-8.9,4.0,0.013900526204669403
31730,-8.9,5.0,0.0050548792673639166
31731,-8.9,6.0,0.010744838432652701
31732,-8.9,7.0,0.02076229786591304
31733,-8.9,8.0,0.010511986819107973
31734,-8.9,9.0,0.008986912519400465
31735,-8.9,10.0,0.01657902189134787
31736,-8.9,11.0,0.00797317599009093
31737,-8.9,12.0,0.002699888318294233
31738,-8.9,13.0,0.0062055710923835765
31739,-8.9,14.0,0.012393010134222799
31740,-8.9,15.0,0.006039676375785199
31741,-8.9,16.0,0.005183403876701804
31742,-8.9,17.0,0.010046505873889534
31743,-8.9,18.0,0.0045809226824473455
31744,-8.9,19.0,0.00124488431443652
31745,-8.9,20.0,0.0035886478863148756
31746,-8.9,21.0,0.007697165179524896
31747,-8.9,22.0,0.0035577040369202785
31748,-8.9,23.0,0.0030715605295625493
31749,-8.9,24.0,0.00637913919176021
31750,-8.9,25.0,0.002749702124325036
31751,-8.9,26.0,0.0005472795211839716
31752,-8.9,27.0,0.002193259346701705
31753,-8.9,28.0,0.005046562073487582
31754,-8.9,29.0,0.0022386918155607016
31755,-8.9,30.0,0.0019532303294684424
31756,-8.9,31.0,0.004282894611850175
31757,-8.9,32.0,0.0017806232248896148
31758,-8.9,33.0,0.0002690369613351688
31759,-8.9,34.0,0.0014525070941699867
31760,-8.9,35.0,0.003486183723984736
31761,-8.9,36.0,0.00151568733250891
31762,-8.9,37.0,0.0013368334668877537
31763,-8.9,38.0,0.00301313463790246
31764,-8.9,39.0,0.0013045427408564798
31765,-8.9,40.0,0.0011551225291342611
31766,-8.9,41.0,0.0026171920606895514
31767,-8.9,42.0,0.0010683136676448665
31768,-8.9,43.0,7.655097350048989e-05
31769,-8.9,44.0,4.471911806462339e-06
31770,-8.9,45.0,2.7621016194054393e-06
31771,-8.9,46.0,2.065983576228281e-06
31772,-8.9,47.0,1.537924508825428e-06
31773,-8.9,48.0,1.1387539313797082e-06
31774,-8.9,49.0,8.387089229866366e-07
31775,-8.9,50.0,6.144393872522939e-07
31776,-8.9,51.0,4.4774749877116023e-07
31777,-8.9,52.0,3.245439895027243e-07
31778,-8.9,53.0,2.339915693909549e-07
31779,-8.9,54.0,1.678081520095938e-07
31780,-8.9,55.0,1.1970494153066391e-07
31781,-8.9,56.0,8.493706769741477e-08
31782,-8.9,57.0,5.994715748522678e-08
31783,-8.9,58.0,4.208487700164576e-08
31784,-8.9,59.0,2.9387974720923347e-08
31785,-8.9,60.0,2.0412649351263904e-08
31786,-8.9,61.0,1.4103120322990824e-08
31787,-8.9,62.0,9.692083836194727e-09
31788,-8.9,63.0,6.625295081589215e-09
31789,-8.9,64.0,4.504840315487449e-09
31790,-8.9,65.0,3.0467701093579723e-09
31791,-8.9,66.0,2.049680082047803e-09
31792,-8.9,67.0,1.3715719165952743e-09
31793,-8.9,68.0,9.129294055121076e-10
31794,-8.9,69.0,6.044242994637688e-10
31795,-8.9,70.0,3.980455230068191e-10
31796,-8.9,71.0,2.607412115286296e-10
31797,-8.9,72.0,1.6989191918420283e-10
31798,-8.9,73.0,1.1010876036571556e-10
31799,-8.9,74.0,7.098345461596468e-11
31800,-8.8,-75.0,4.783053895878308e-08
31801,-8.8,-74.0,6.787783961225695e-08
31802,-8.8,-73.0,9.581573945020807e-08
31803,-8.8,-72.0,1.3453392330099678e-07
31804,-8.8,-71.0,1.8789398035064494e-07
31805,-8.8,-70.0,2.610237552479866e-07
31806,-8.8,-69.0,3.606893404589778e-07
31807,-8.8,-68.0,4.957613770886953e-07
31808,-8.8,-67.0,6.777947159817565e-07
31809,-8.8,-66.0,9.217428460998954e-07
31810,-8.8,-65.0,1.246830679361656e-06
31811,-8.8,-64.0,1.677611102944172e-06
31812,-8.8,-63.0,2.2452319366964812e-06
31813,-8.8,-62.0,2.988940281092736e-06
31814,-8.8,-61.0,3.9578503790490105e-06
31815,-8.8,-60.0,5.212998670287056e-06
31816,-8.8,-59.0,6.829705286198122e-06
31817,-8.8,-58.0,8.900254398568596e-06
31818,-8.8,-57.0,1.1536896188440008e-05
31819,-8.8,-56.0,1.4875160372644419e-05
31820,-8.8,-55.0,1.9077454922803418e-05
31821,-8.8,-54.0,2.433690366261144e-05
31822,-8.8,-53.0,3.0881352830137134e-05
31823,-8.8,-52.0,3.8977449657468916e-05
31824,-8.8,-51.0,4.8934666033281433e-05
31825,-8.8,-50.0,6.11091081703985e-05
31826,-8.8,-49.0,7.590692004288641e-05
31827,-8.8,-48.0,9.378705656758421e-05
31828,-8.8,-47.0,0.00011526600328002004
31829,-8.8,-46.0,0.0001424331279867975
31830,-8.8,-45.0,0.0003078921568692871
31831,-8.8,-44.0,0.002231381954318654
31832,-8.8,-43.0,0.005367944562355766
31833,-8.8,-42.0,0.004570876550315995
31834,-8.8,-41.0,0.00601938942352909
31835,-8.8,-40.0,0.002851262603109387
31836,-8.8,-39.0,0.003301009947292544
31837,-8.8,-38.0,0.007099188479253424
31838,-8.8,-37.0,0.003332356204071802
31839,-8.8,-36.0,0.0011883711305856884
31840,-8.8,-35.0,0.004248778392802313
31841,-8.8,-34.0,0.009249877005206474
31842,-8.8,-33.0,0.004796074083904521
31843,-8.8,-32.0,0.005581189739364244
31844,-8.8,-31.0,0.011378963550184001
31845,-8.8,-30.0,0.006042016859297343
31846,-8.8,-29.0,0.007037713495928113
31847,-8.8,-28.0,0.014069871681261597
31848,-8.8,-27.0,0.0072019601641951925
31849,-8.8,-26.0,0.003319568341232775
31850,-8.8,-25.0,0.00922617496585033
31851,-8.8,-24.0,0.01882999266182597
31852,-8.8,-23.0,0.010258869899992957
31853,-8.8,-22.0,0.012040948577301086
31854,-8.8,-21.0,0.02361057094847099
31855,-8.8,-20.0,0.012106284869239316
31856,-8.8,-19.0,0.005574304236318089
31857,-8.8,-18.0,0.015861968666501785
31858,-8.8,-17.0,0.03262992683566608
31859,-8.8,-16.0,0.017305764217603676
31860,-8.8,-15.0,0.02124821702175183
31861,-8.8,-14.0,0.04307236727403526
31862,-8.8,-13.0,0.020790325716897443
31863,-8.8,-12.0,0.00834139368884847
31864,-8.8,-11.0,0.03266217549937187
31865,-8.8,-10.0,0.0721707672640525
31866,-8.8,-9.0,0.03436082884468829
31867,-8.8,-8.0,0.03542948084975203
31868,-8.8,-7.0,0.07283878677526057
31869,-8.8,-6.0,0.03327858683721666
31870,-8.8,-5.0,0.008963226795874649
31871,-8.8,-4.0,0.022046294242116758
31872,-8.8,-3.0,0.04532655212486768
31873,-8.8,-2.0,0.021671760404055402
31874,-8.8,-1.0,0.006429675931009523
31875,-8.8,0.0,0.0006470995573700382
31876,-8.8,1.0,0.005739538333384181
31877,-8.8,2.0,0.014507755718209262
31878,-8.8,3.0,0.028291801062840877
31879,-8.8,4.0,0.013878567202072393
31880,-8.8,5.0,0.005045735469404705
31881,-8.8,6.0,0.010725063131593477
31882,-8.8,7.0,0.02072300274814517
31883,-8.8,8.0,0.010495215415858142
31884,-8.8,9.0,0.008971706532654916
31885,-8.8,10.0,0.016544376754298006
31886,-8.8,11.0,0.007961152818296928
31887,-8.8,12.0,0.0027015977209311494
31888,-8.8,13.0,0.006195983303427017
31889,-8.8,14.0,0.0123636653827826
31890,-8.8,15.0,0.006029723791130204
31891,-8.8,16.0,0.005174601664276769
31892,-8.8,17.0,0.01002008481996621
31893,-8.8,18.0,0.004572794574045787
31894,-8.8,19.0,0.0012476599588292887
31895,-8.8,20.0,0.0035816568073975216
31896,-8.8,21.0,0.007673659873196536
31897,-8.8,22.0,0.003549401582246134
31898,-8.8,23.0,0.003064013746951014
31899,-8.8,24.0,0.006357433067392545
31900,-8.8,25.0,0.0027422400599034745
31901,-8.8,26.0,0.0005482870785365606
31902,-8.8,27.0,0.0021866140086072828
31903,-8.8,28.0,0.0050270847583230235
31904,-8.8,29.0,0.002231020512692139
31905,-8.8,30.0,0.001946218388724703
31906,-8.8,31.0,0.004265047229072547
31907,-8.8,32.0,0.0017738195180317072
31908,-8.8,33.0,0.00026883130885528426
31909,-8.8,34.0,0.001446523512543378
31910,-8.8,35.0,0.0034704628698571
31911,-8.8,36.0,0.0015091033307222364
31912,-8.8,37.0,0.0013308407095075996
31913,-8.8,38.0,0.0029989293469492575
31914,-8.8,39.0,0.001298517908943029
31915,-8.8,40.0,0.0011496469074148243
31916,-8.8,41.0,0.0026044165381509817
31917,-8.8,42.0,0.0010631676285583203
31918,-8.8,43.0,7.628457317961251e-05
31919,-8.8,44.0,4.5370343175104295e-06
31920,-8.8,45.0,2.8155805446284984e-06
31921,-8.8,46.0,2.107133590488073e-06
31922,-8.8,47.0,1.5693924399605355e-06
31923,-8.8,48.0,1.1626734923315663e-06
31924,-8.8,49.0,8.567823268843108e-07
31925,-8.8,50.0,6.280144637997443e-07
31926,-8.8,51.0,4.578836500912429e-07
31927,-8.8,52.0,3.320679126827529e-07
31928,-8.8,53.0,2.3954379736260104e-07
31929,-8.8,54.0,1.718815079487053e-07
31930,-8.8,55.0,1.2267598740764634e-07
31931,-8.8,56.0,8.709157241803659e-08
31932,-8.8,57.0,6.150052864646761e-08
31933,-8.8,58.0,4.319840411975665e-08
31934,-8.8,59.0,3.018162965669559e-08
31935,-8.8,60.0,2.0975087996372584e-08
31936,-8.8,61.0,1.4499432873100211e-08
31937,-8.8,62.0,9.96975199924172e-09
31938,-8.8,63.0,6.818734925746778e-09
31939,-8.8,64.0,4.638839770276494e-09
31940,-8.8,65.0,3.139070330454512e-09
31941,-8.8,66.0,2.112899448721881e-09
31942,-8.8,67.0,1.4146295387631513e-09
31943,-8.8,68.0,9.420907143739002e-10
31944,-8.8,69.0,6.24063571593983e-10
31945,-8.8,70.0,4.111980526617002e-10
31946,-8.8,71.0,2.695003751404762e-10
31947,-8.8,72.0,1.7569273621603134e-10
31948,-8.8,73.0,1.1392901606272354e-10
31949,-8.8,74.0,7.348538847152716e-11
31950,-8.7,-75.0,4.6658627889203897e-08
31951,-8.7,-74.0,6.625003150833996e-08
31952,-8.7,-73.0,9.356777939449439e-08
31953,-8.7,-72.0,1.314476007918229e-07
31954,-8.7,-71.0,1.836813709573036e-07
31955,-8.7,-70.0,2.5530755600381647e-07
31956,-8.7,-69.0,3.529785638515053e-07
31957,-8.7,-68.0,4.854216060633311e-07
31958,-8.7,-67.0,6.640120816283673e-07
31959,-8.7,-66.0,9.034808825951982e-07
31960,-8.7,-65.0,1.2227792518967796e-06
31961,-8.7,-64.0,1.646126711019722e-06
31962,-8.7,-63.0,2.2042688869879308e-06
31963,-8.7,-62.0,2.935972522685094e-06
31964,-8.7,-61.0,3.889784221926252e-06
31965,-8.7,-60.0,5.1260771881366575e-06
31966,-8.7,-59.0,6.719405957663988e-06
31967,-8.7,-58.0,8.761182483952206e-06
31968,-8.7,-57.0,1.1362677481908586e-05
31969,-8.7,-56.0,1.4658338314189139e-05
31970,-8.7,-55.0,1.880939858770924e-05
31971,-8.7,-54.0,2.4007734841176965e-05
31972,-8.7,-53.0,3.047990221961853e-05
31973,-8.7,-52.0,3.849125404238216e-05
31974,-8.7,-51.0,4.8350020135803076e-05
31975,-8.7,-50.0,6.041118649120335e-05
31976,-8.7,-49.0,7.50799853416992e-05
31977,-8.7,-48.0,9.28147724925407e-05
31978,-8.7,-47.0,0.00011413188369064865
31979,-8.7,-46.0,0.0001411290592362314
31980,-8.7,-45.0,0.0003071025072362058
31981,-8.7,-44.0,0.0022402739833524746
31982,-8.7,-43.0,0.005392811369450274
31983,-8.7,-42.0,0.004590820931199212
31984,-8.7,-41.0,0.006045982276527363
31985,-8.7,-40.0,0.0028610639769111597
31986,-8.7,-39.0,0.003311999427242607
31987,-8.7,-38.0,0.007128153871564091
31988,-8.7,-37.0,0.0033422834972840253
31989,-8.7,-36.0,0.0011871278138747487
31990,-8.7,-35.0,0.004260869155905881
31991,-8.7,-34.0,0.009284232756070803
31992,-8.7,-33.0,0.004809590958280111
31993,-8.7,-32.0,0.005596731335292838
31994,-8.7,-31.0,0.011418805578859378
31995,-8.7,-30.0,0.006058933510099947
31996,-8.7,-29.0,0.007057171475806515
31997,-8.7,-28.0,0.014116723573755256
31998,-8.7,-27.0,0.007222634027933197
31999,-8.7,-26.0,0.0033255708525849696
32000,-8.7,-25.0,0.009252072253788456
32001,-8.7,-24.0,0.018888176066933677
32002,-8.7,-23.0,0.010290562272956485
32003,-8.7,-22.0,0.01207520571631388
32004,-8.7,-21.0,0.023676457608941007
32005,-8.7,-20.0,0.012145144590390344
32006,-8.7,-19.0,0.0055981222832719585
32007,-8.7,-18.0,0.015900788928223473
32008,-8.7,-17.0,0.03269247842158058
32009,-8.7,-16.0,0.017351462193950836
32010,-8.7,-15.0,0.02127609879475475
32011,-8.7,-14.0,0.04308939620886587
32012,-8.7,-13.0,0.02082492947752714
32013,-8.7,-12.0,0.00837216979662737
32014,-8.7,-11.0,0.03246637240176812
32015,-8.7,-10.0,0.07161849322406955
32016,-8.7,-9.0,0.03421777226460544
32017,-8.7,-8.0,0.03551894467974187
32018,-8.7,-7.0,0.07329034686818763
32019,-8.7,-6.0,0.03343467859614993
32020,-8.7,-5.0,0.00893236211553394
32021,-8.7,-4.0,0.022022125659761315
32022,-8.7,-3.0,0.04533186453956269
32023,-8.7,-2.0,0.02165581960177473
32024,-8.7,-1.0,0.006401547831535033
32025,-8.7,0.0,0.0006408971228031821
32026,-8.7,1.0,0.005717294134716363
32027,-8.7,2.0,0.014477236404492324
32028,-8.7,3.0,0.02824618910765097
32029,-8.7,4.0,0.013854892884226248
32030,-8.7,5.0,0.005035776554904937
32031,-8.7,6.0,0.010703882102521281
32032,-8.7,7.0,0.020681263176038064
32033,-8.7,8.0,0.01047710366123106
32034,-8.7,9.0,0.008955335020746195
32035,-8.7,10.0,0.016507778695796515
32036,-8.7,11.0,0.007948115658948261
32037,-8.7,12.0,0.0027028745037562985
32038,-8.7,13.0,0.006185609175151135
32039,-8.7,14.0,0.012332895314578254
32040,-8.7,15.0,0.006019039098949694
32041,-8.7,16.0,0.005165175309135998
32042,-8.7,17.0,0.009992539740766557
32043,-8.7,18.0,0.0045641331391330624
32044,-8.7,19.0,0.0012502659873554027
32045,-8.7,20.0,0.003574260089955298
32046,-8.7,21.0,0.0076493263493972435
32047,-8.7,22.0,0.003540711566146772
32048,-8.7,23.0,0.0030561375296324074
32049,-8.7,24.0,0.006335057845188236
32050,-8.7,25.0,0.002734489945063347
32051,-8.7,26.0,0.0005492385187814875
32052,-8.7,27.0,0.002179745114989475
32053,-8.7,28.0,0.005007091222445485
32054,-8.7,29.0,0.002223123154684377
32055,-8.7,30.0,0.001939011583725361
32056,-8.7,31.0,0.004246767062208768
32057,-8.7,32.0,0.0017668387651067245
32058,-8.7,33.0,0.00026860306896349677
32059,-8.7,34.0,0.001440397441998531
32060,-8.7,35.0,0.0034543933722373473
32061,-8.7,36.0,0.0015023696860354387
32062,-8.7,37.0,0.0013247169112689146
32063,-8.7,38.0,0.0029844243971496476
32064,-8.7,39.0,0.0012923645887085845
32065,-8.7,40.0,0.001144058228584436
32066,-8.7,41.0,0.0025913820716047054
32067,-8.7,42.0,0.0010579166202746054
32068,-8.7,43.0,7.601173666624884e-05
32069,-8.7,44.0,4.602683871663165e-06
32070,-8.7,45.0,2.869572689682033e-06
32071,-8.7,46.0,2.1487114583576424e-06
32072,-8.7,47.0,1.6012122961721308e-06
32073,-8.7,48.0,1.1868790769792784e-06
32074,-8.7,49.0,8.750856369281723e-07
32075,-8.7,50.0,6.417724415211324e-07
32076,-8.7,51.0,4.681639003444131e-07
32077,-8.7,52.0,3.3970432195568357e-07
32078,-8.7,53.0,2.45183063682335e-07
32079,-8.7,54.0,1.7602164414520145e-07
32080,-8.7,55.0,1.256978539815544e-07
32081,-8.7,56.0,8.928444781513933e-08
32082,-8.7,57.0,6.308264868738466e-08
32083,-8.7,58.0,4.433331031751451e-08
32084,-8.7,59.0,3.099106715003342e-08
32085,-8.7,60.0,2.1549094449745183e-08
32086,-8.7,61.0,1.4904164564371824e-08
32087,-8.7,62.0,1.0253505419477544e-08
32088,-8.7,63.0,7.016543252142619e-09
32089,-8.7,64.0,4.775954268537596e-09
32090,-8.7,65.0,3.2335771176154785e-09
32091,-8.7,66.0,2.1776716418199957e-09
32092,-8.7,67.0,1.4587728684255497e-09
32093,-8.7,68.0,9.720062723041153e-10
32094,-8.7,69.0,6.442235039893114e-10
32095,-8.7,70.0,4.2470773617799553e-10
32096,-8.7,71.0,2.7850300523927007e-10
32097,-8.7,72.0,1.8165849322262346e-10
32098,-8.7,73.0,1.1786032570905143e-10
32099,-8.7,74.0,7.606163801993094e-11
32100,-8.6,-75.0,4.5504297258639373e-08
32101,-8.6,-74.0,6.46454446524368e-08
32102,-8.6,-73.0,9.135020993955454e-08
32103,-8.6,-72.0,1.2840066708451011e-07
32104,-8.6,-71.0,1.795192882952229e-07
32105,-8.6,-70.0,2.496554568511915e-07
32106,-8.6,-69.0,3.4534813569988666e-07
32107,-8.6,-68.0,4.751812287043517e-07
32108,-8.6,-67.0,6.503505981068591e-07
32109,-8.6,-66.0,8.85364122827642e-07
32110,-8.6,-65.0,1.198898459385167e-06
32111,-8.6,-64.0,1.6148381184916488e-06
32112,-8.6,-63.0,2.163523865906627e-06
32113,-8.6,-62.0,2.883238016229285e-06
32114,-8.6,-61.0,3.821953584354484e-06
32115,-8.6,-60.0,5.0393721186327584e-06
32116,-8.6,-59.0,6.609270955482008e-06
32117,-8.6,-58.0,8.62217418197246e-06
32118,-8.6,-57.0,1.1188352349409773e-05
32119,-8.6,-56.0,1.444114355938637e-05
32120,-8.6,-55.0,1.8540572626597424e-05
32121,-8.6,-54.0,2.3677225405767914e-05
32122,-8.6,-53.0,3.007631201087602e-05
32123,-8.6,-52.0,3.8001825724007233e-05
32124,-8.6,-51.0,4.776067432313856e-05
32125,-8.6,-50.0,5.97066280981806e-05
32126,-8.6,-49.0,7.424389506639535e-05
32127,-8.6,-48.0,9.18301011891496e-05
32128,-8.6,-47.0,0.00011298128208451091
32129,-8.6,-46.0,0.0001398031382749574
32130,-8.6,-45.0,0.0003062630900663661
32131,-8.6,-44.0,0.002248806965229403
32132,-8.6,-43.0,0.0054168153148727045
32133,-8.6,-42.0,0.004610024733274605
32134,-8.6,-41.0,0.006071596381306335
32135,-8.6,-40.0,0.0028703893553649927
32136,-8.6,-39.0,0.003322431587338634
32137,-8.6,-38.0,0.007155940570673165
32138,-8.6,-37.0,0.0033516317825558733
32139,-8.6,-36.0,0.001185641344324399
32140,-8.6,-35.0,0.004272206561717186
32141,-8.6,-34.0,0.009317007695406766
32142,-8.6,-33.0,0.004822238202228801
32143,-8.6,-32.0,0.005611257186180769
32144,-8.6,-31.0,0.011456666549025338
32145,-8.6,-30.0,0.006074725549281742
32146,-8.6,-29.0,0.007075322725152151
32147,-8.6,-28.0,0.014161097521358709
32148,-8.6,-27.0,0.007241939499341624
32149,-8.6,-26.0,0.0033308259482782137
32150,-8.6,-25.0,0.009276243627448532
32151,-8.6,-24.0,0.01894305356411773
32152,-8.6,-23.0,0.010320338074611963
32153,-8.6,-22.0,0.012107271809693634
32154,-8.6,-21.0,0.023738299129173992
32155,-8.6,-20.0,0.012181799854466753
32156,-8.6,-19.0,0.005620796626406816
32157,-8.6,-18.0,0.015936980089967332
32158,-8.6,-17.0,0.03274996941176985
32159,-8.6,-16.0,0.017394393044090923
32160,-8.6,-15.0,0.02130121221315775
32161,-8.6,-14.0,0.04310136176931607
32162,-8.6,-13.0,0.02085691595370463
32163,-8.6,-12.0,0.00840277130782589
32164,-8.6,-11.0,0.032282640869046086
32165,-8.6,-10.0,0.07109724355640275
32166,-8.6,-9.0,0.0340885607963593
32167,-8.6,-8.0,0.03561930946999435
32168,-8.6,-7.0,0.07376326161365611
32169,-8.6,-6.0,0.03359898639862782
32170,-8.6,-5.0,0.008901241079679793
32171,-8.6,-4.0,0.021996130112745014
32172,-8.6,-3.0,0.04533385213335932
32173,-8.6,-2.0,0.021638015169583996
32174,-8.6,-1.0,0.006372497518313654
32175,-8.6,0.0,0.0006346660239033463
32176,-8.6,1.0,0.0056940929959711315
32177,-8.6,2.0,0.014444792212137259
32178,-8.6,3.0,0.02819714361018274
32179,-8.6,4.0,0.013829380538745457
32180,-8.6,5.0,0.005024958508373091
32181,-8.6,6.0,0.010681199889868877
32182,-8.6,7.0,0.020636894006966756
32183,-8.6,8.0,0.010457556473733204
32184,-8.6,9.0,0.008937716539195515
32185,-8.6,10.0,0.016469079825935658
32186,-8.6,11.0,0.007933991263620384
32187,-8.6,12.0,0.0027036911628782615
32188,-8.6,13.0,0.006174391343348925
32189,-8.6,14.0,0.012300589937896749
32190,-8.6,15.0,0.006007566613491194
32191,-8.6,16.0,0.005155076978524905
32192,-8.6,17.0,0.00996378228
32193,-8.6,18.0,0.004554896213023168
32194,-8.6,19.0,0.0012526885478718443
32195,-8.6,20.0,0.0035664248750403513
32196,-8.6,21.0,0.007624098170375192
32197,-8.6,22.0,0.003531602067026781
32198,-8.6,23.0,0.0030479044526582452
32199,-8.6,24.0,0.006311959401747586
32200,-8.6,25.0,0.002726427577915744
32201,-8.6,26.0,0.0005501278795212848
32202,-8.6,27.0,0.0021726336597640197
32203,-8.6,28.0,0.004986539643359288
32204,-8.6,29.0,0.002214980766021671
32205,-8.6,30.0,0.0019315934911915637
32206,-8.6,31.0,0.0042280191793811
32207,-8.6,32.0,0.0017596661902255408
32208,-8.6,33.0,0.00026834967338558745
32209,-8.6,34.0,0.001434117010960566
32210,-8.6,35.0,0.0034379472875252907
32211,-8.6,36.0,0.001495474157446622
32212,-8.6,37.0,0.001318451348129329
32213,-8.6,38.0,0.002969595877216886
32214,-8.6,39.0,0.0012860723869341372
32215,-8.6,40.0,0.0011383473426107135
32216,-8.6,41.0,0.0025780680539512573
32217,-8.6,42.0,0.0010525522116015477
32218,-8.6,43.0,7.573183084135876e-05
32219,-8.6,44.0,4.668801908859291e-06
32220,-8.6,45.0,2.9240394366644103e-06
32221,-8.6,46.0,2.1906888899069176e-06
32222,-8.6,47.0,1.6333635201524402e-06
32223,-8.6,48.0,1.211355876074853e-06
32224,-8.6,49.0,8.93608280529984e-07
32225,-8.6,50.0,6.557058433546923e-07
32226,-8.6,51.0,4.785830139554189e-07
32227,-8.6,52.0,3.4744958975043386e-07
32228,-8.6,53.0,2.509068831769991e-07
32229,-8.6,54.0,1.8022687880400145e-07
32230,-8.6,55.0,1.2876941836618628e-07
32231,-8.6,56.0,9.151495538644088e-08
32232,-8.6,57.0,6.469304019879e-08
32233,-8.6,58.0,4.548929313918553e-08
32234,-8.6,59.0,3.181610021829702e-08
32235,-8.6,60.0,2.213455664520038e-08
32236,-8.6,61.0,1.5317250971163923e-08
32237,-8.6,62.0,1.0543309244794747e-08
32238,-8.6,63.0,7.218703019025388e-09
32239,-8.6,64.0,4.916177071105614e-09
32240,-8.6,65.0,3.3302893553094634e-09
32241,-8.6,66.0,2.2439983387872727e-09
32242,-8.6,67.0,1.504004729217028e-09
32243,-8.6,68.0,1.0026791429311618e-09
32244,-8.6,69.0,6.649069440265743e-10
32245,-8.6,70.0,4.385770115773037e-10
32246,-8.6,71.0,2.8775108324664784e-10
32247,-8.6,72.0,1.8779074210000071e-10
32248,-8.6,73.0,1.2190387102925307e-10
32249,-8.6,74.0,7.871308299365558e-11
32250,-8.5,-75.0,4.4368471445635235e-08
32251,-8.5,-74.0,6.306543148154824e-08
32252,-8.5,-73.0,8.916499374559675e-08
32253,-8.5,-72.0,1.253959479640817e-07
32254,-8.5,-71.0,1.7541176965120302e-07
32255,-8.5,-70.0,2.4407318278540166e-07
32256,-8.5,-69.0,3.37806114690965e-07
32257,-8.5,-68.0,4.650515070550701e-07
32258,-8.5,-67.0,6.368258928235123e-07
32259,-8.5,-66.0,8.674141005815409e-07
32260,-8.5,-65.0,1.175217770412785e-06
32261,-8.5,-64.0,1.5837853789046707e-06
32262,-8.5,-63.0,2.1230509487199496e-06
32263,-8.5,-62.0,2.8308092824928873e-06
32264,-8.5,-61.0,3.7544550845625293e-06
32265,-8.5,-60.0,4.953011344849557e-06
32266,-8.5,-59.0,6.499468448841659e-06
32267,-8.5,-58.0,8.48344921747948e-06
32268,-8.5,-57.0,1.101420604348083e-05
32269,-8.5,-56.0,1.4223944079628637e-05
32270,-8.5,-55.0,1.8271448720029885e-05
32271,-8.5,-54.0,2.334597617751078e-05
32272,-8.5,-53.0,2.967134273764359e-05
32273,-8.5,-52.0,3.751012141079404e-05
32274,-8.5,-51.0,4.716782461806189e-05
32275,-8.5,-50.0,5.899691895460355e-05
32276,-8.5,-49.0,7.340048404286355e-05
32277,-8.5,-48.0,9.083529434718205e-05
32278,-8.5,-47.0,0.00011181694486532926
32279,-8.5,-46.0,0.0001384587182601565
32280,-8.5,-45.0,0.0003053800503593008
32281,-8.5,-44.0,0.002257017330234232
32282,-8.5,-43.0,0.005440042101688267
32283,-8.5,-42.0,0.004628561611160537
32284,-8.5,-41.0,0.006096328522653031
32285,-8.5,-40.0,0.002879286180193996
32286,-8.5,-39.0,0.0033323615027683866
32287,-8.5,-38.0,0.007182663947909233
32288,-8.5,-37.0,0.0033604573161797923
32289,-8.5,-36.0,0.0011839345027692017
32290,-8.5,-35.0,0.004282862489182919
32291,-8.5,-34.0,0.009348353673645678
32292,-8.5,-33.0,0.004834096928450188
32293,-8.5,-32.0,0.005624861594308563
32294,-8.5,-31.0,0.011492734067830293
32295,-8.5,-30.0,0.006089494791100684
32296,-8.5,-29.0,0.0070922856648077915
32297,-8.5,-28.0,0.014203225901976502
32298,-8.5,-27.0,0.007259996972460553
32299,-8.5,-26.0,0.003335390490445974
32300,-8.5,-25.0,0.009298842705627815
32301,-8.5,-24.0,0.018994936297824394
32302,-8.5,-23.0,0.010348365980474818
32303,-8.5,-22.0,0.012137345316203519
32304,-8.5,-21.0,0.02379648606145209
32305,-8.5,-20.0,0.012216447149432827
32306,-8.5,-19.0,0.0056424128724826645
32307,-8.5,-18.0,0.01597079997934367
32308,-8.5,-17.0,0.03280293929959775
32309,-8.5,-16.0,0.017434834170444006
32310,-8.5,-15.0,0.021323887938775855
32311,-8.5,-14.0,0.04310894401684758
32312,-8.5,-13.0,0.020886602728370524
32313,-8.5,-12.0,0.00843319267593972
32314,-8.5,-11.0,0.03210968069834285
32315,-8.5,-10.0,0.07060372427047049
32316,-8.5,-9.0,0.03397205714909859
32317,-8.5,-8.0,0.03573115098529132
32318,-8.5,-7.0,0.0742596281691171
32319,-8.5,-6.0,0.03377233954619131
32320,-8.5,-5.0,0.008869868530291007
32321,-8.5,-4.0,0.021968106922302767
32322,-8.5,-3.0,0.04533208403547146
32323,-8.5,-2.0,0.02161814565422496
32324,-8.5,-1.0,0.006342470724985305
32325,-8.5,0.0,0.0006284010765600057
32326,-8.5,1.0,0.0056698829359235715
32327,-8.5,2.0,0.014410276263122078
32328,-8.5,3.0,0.02814436969225508
32329,-8.5,4.0,0.013801886434703942
32330,-8.5,5.0,0.005013229893860262
32331,-8.5,6.0,0.010656904961157255
32332,-8.5,7.0,0.020589678820458746
32333,-8.5,8.0,0.010436462893423454
32334,-8.5,9.0,0.008918756121445168
32335,-8.5,10.0,0.016428107413398996
32336,-8.5,11.0,0.00791869429970191
32337,-8.5,12.0,0.002704015926809111
32338,-8.5,13.0,0.006162263043131698
32339,-8.5,14.0,0.012266620807612842
32340,-8.5,15.0,0.005995241493935243
32341,-8.5,16.0,0.00514425098932183
32342,-8.5,17.0,0.009933709208442335
32343,-8.5,18.0,0.004545034689982294
32344,-8.5,19.0,0.0012549116972915477
32345,-8.5,20.0,0.003558112881683299
32346,-8.5,21.0,0.007597897618515248
32347,-8.5,22.0,0.003522035836074641
32348,-8.5,23.0,0.0030392825038214884
32349,-8.5,24.0,0.006288074349936626
32350,-8.5,25.0,0.002718024675490265
32351,-8.5,26.0,0.0005509482695634818
32352,-8.5,27.0,0.0021652574073545024
32353,-8.5,28.0,0.004965380963213604
32354,-8.5,29.0,0.0022065711137864282
32355,-8.5,30.0,0.0019239448582377646
32356,-8.5,31.0,0.004208762563999793
32357,-8.5,32.0,0.0017522844564783124
32358,-8.5,33.0,0.00026806812487822684
32359,-8.5,34.0,0.00142766827703258
32360,-8.5,35.0,0.003421091771143767
32361,-8.5,36.0,0.001488402359785726
32362,-8.5,37.0,0.0013120314126227285
32363,-8.5,38.0,0.002954415666967376
32364,-8.5,39.0,0.0012796290812688831
32365,-8.5,40.0,0.001132503485699008
32366,-8.5,41.0,0.0025644502412396067
32367,-8.5,42.0,0.0010470644830435146
32368,-8.5,43.0,7.544411033011606e-05
32369,-8.5,44.0,4.735318866839033e-06
32370,-8.5,45.0,2.9789346257016386e-06
32371,-8.5,46.0,2.23303187944336e-06
32372,-8.5,47.0,1.6658212462757717e-06
32373,-8.5,48.0,1.2360858514299685e-06
32374,-8.5,49.0,9.123372789438935e-07
32375,-8.5,50.0,6.698054094783666e-07
32376,-8.5,51.0,4.891344420621064e-07
32377,-8.5,52.0,3.5529912662481107e-07
32378,-8.5,53.0,2.5671207025525303e-07
32379,-8.5,54.0,1.8449502305330234e-07
32380,-8.5,55.0,1.318891927047318e-07
32381,-8.5,56.0,9.378209547245131e-08
32382,-8.5,57.0,6.633103999203293e-08
32383,-8.5,58.0,4.6665918746925885e-08
32384,-8.5,59.0,3.265644951361871e-08
32385,-8.5,60.0,2.2731297965258976e-08
32386,-8.5,61.0,1.5738582822673886e-08
32387,-8.5,62.0,1.0839097653904277e-08
32388,-8.5,63.0,7.4251759259699914e-09
32389,-8.5,64.0,5.059486933640171e-09
32390,-8.5,65.0,3.42919609066999e-09
32391,-8.5,66.0,2.3118745859616027e-09
32392,-8.5,67.0,1.5503235022027222e-09
32393,-8.5,68.0,1.0341094318275774e-09
32394,-8.5,69.0,6.861147816550897e-10
32395,-8.5,70.0,4.528070296575349e-10
32396,-8.5,71.0,2.9724574939887035e-10
32397,-8.5,72.0,1.940904885118878e-10
32398,-8.5,73.0,1.2606048130582368e-10
32399,-8.5,74.0,8.14403771830015e-11
32400,-8.4,-75.0,4.325185178673458e-08
32401,-8.4,-74.0,6.151103007386367e-08
32402,-8.4,-73.0,8.701365291081459e-08
32403,-8.4,-72.0,1.224356552619521e-07
32404,-8.4,-71.0,1.7136200153505054e-07
32405,-8.4,-70.0,2.385652864657848e-07
32406,-8.4,-69.0,3.3035895312891393e-07
32407,-8.4,-68.0,4.550415143346473e-07
32408,-8.4,-67.0,6.234506273837866e-07
32409,-8.4,-66.0,8.496483534469223e-07
32410,-8.4,-65.0,1.15176129894214e-06
32411,-8.4,-64.0,1.5530014108160163e-06
32412,-8.4,-63.0,2.082894756085478e-06
32413,-8.4,-62.0,2.7787463832117663e-06
32414,-8.4,-61.0,3.6873690132893174e-06
32415,-8.4,-60.0,4.8671014707655475e-06
32416,-8.4,-59.0,6.390139027222331e-06
32417,-8.4,-58.0,8.345191765848624e-06
32418,-8.4,-57.0,1.0840478245735106e-05
32419,-8.4,-56.0,1.4007049748755356e-05
32420,-8.4,-55.0,1.8002424885900356e-05
32421,-8.4,-54.0,2.301449508925715e-05
32422,-8.4,-53.0,2.92656384399467e-05
32423,-8.4,-52.0,3.701695250755887e-05
32424,-8.4,-51.0,4.657248678838151e-05
32425,-8.4,-50.0,5.828332262152835e-05
32426,-8.4,-49.0,7.255131417629016e-05
32427,-8.4,-48.0,8.983227054941328e-05
32428,-8.4,-47.0,0.00011064121405358863
32429,-8.4,-46.0,0.00013709866018346955
32430,-8.4,-45.0,0.00030445859734830604
32431,-8.4,-44.0,0.0022649356291824852
32432,-8.4,-43.0,0.005462563503059971
32433,-8.4,-42.0,0.0046464932881636585
32434,-8.4,-41.0,0.00612025979711531
32435,-8.4,-40.0,0.002887794302409697
32436,-8.4,-39.0,0.0033418354454910143
32437,-8.4,-38.0,0.007208420750701549
32438,-8.4,-37.0,0.0033688074135832034
32439,-8.4,-36.0,0.0011820266259182446
32440,-8.4,-35.0,0.004292897399910288
32441,-8.4,-34.0,0.009378398117020981
32442,-8.4,-33.0,0.004845235374891086
32443,-8.4,-32.0,0.005637623873167968
32444,-8.4,-31.0,0.011527165589369373
32445,-8.4,-30.0,0.006103326856421518
32446,-8.4,-29.0,0.00710815983711806
32447,-8.4,-28.0,0.014243303697383724
32448,-8.4,-27.0,0.007276907601533688
32449,-8.4,-26.0,0.0033393123796238767
32450,-8.4,-25.0,0.00931999840365987
32451,-8.4,-24.0,0.01904408509786092
32452,-8.4,-23.0,0.010374787370309552
32453,-8.4,-22.0,0.012165592440932156
32454,-8.4,-21.0,0.023851345394434693
32455,-8.4,-20.0,0.01224925079806994
32456,-8.4,-19.0,0.005663042305306368
32457,-8.4,-18.0,0.01600246349960315
32458,-8.4,-17.0,0.03285183799342749
32459,-8.4,-16.0,0.017473016337829685
32460,-8.4,-15.0,0.021344398445539314
32461,-8.4,-14.0,0.04311270290950939
32462,-8.4,-13.0,0.020914251059932852
32463,-8.4,-12.0,0.00846342730603115
32464,-8.4,-11.0,0.03194639671367014
32465,-8.4,-10.0,0.07013516391376358
32466,-8.4,-9.0,0.033867348779363475
32467,-8.4,-8.0,0.03585521091141634
32468,-8.4,-7.0,0.0747818800026141
32469,-8.4,-6.0,0.03395569863016246
32470,-8.4,-5.0,0.008838247502024442
32471,-8.4,-4.0,0.021937815200361813
32472,-8.4,-3.0,0.04532604374715555
32473,-8.4,-2.0,0.021595969613743993
32474,-8.4,-1.0,0.006311402536535344
32475,-8.4,0.0,0.0006220961378476454
32476,-8.4,1.0,0.005644602369529707
32477,-8.4,2.0,0.01437351559054652
32478,-8.4,3.0,0.028087520564541498
32479,-8.4,4.0,0.013772241595081934
32480,-8.4,5.0,0.0050005303532649654
32481,-8.4,6.0,0.010630866478294794
32482,-8.4,7.0,0.020539363655757162
32483,-8.4,8.0,0.010413692895089496
32484,-8.4,9.0,0.00889834256601509
32485,-8.4,10.0,0.016384658918193136
32486,-8.4,11.0,0.007902124927558067
32487,-8.4,12.0,0.002703811893254603
32488,-8.4,13.0,0.006149146225777651
32489,-8.4,14.0,0.012230837341819208
32490,-8.4,15.0,0.005981987913291329
32491,-8.4,16.0,0.005132632238722491
32492,-8.4,17.0,0.00990219945938918
32493,-8.4,18.0,0.004534491137274239
32494,-8.4,19.0,0.0012569169812144867
32495,-8.4,20.0,0.0035492793256217806
32496,-8.4,21.0,0.007570633451942926
32497,-8.4,22.0,0.003511969236309446
32498,-8.4,23.0,0.003030234170637886
32499,-8.4,24.0,0.006263328197714859
32500,-8.4,25.0,0.0027092480621086126
32501,-8.4,26.0,0.0005516916835938226
32502,-8.4,27.0,0.002157590251076654
32503,-8.4,28.0,0.004943557452431745
32504,-8.4,29.0,0.0021978680608532534
32505,-8.4,30.0,0.001916043040767213
32506,-8.4,31.0,0.004188948907591872
32507,-8.4,32.0,0.0017446731577643068
32508,-8.4,33.0,0.00026775491201729744
32509,-8.4,34.0,0.0014210348163455433
32510,-8.4,35.0,0.003403788105850209
32511,-8.4,36.0,0.001481137338572401
32512,-8.4,37.0,0.0013054422405399013
32513,-8.4,38.0,0.0029388506031876333
32514,-8.4,39.0,0.0012730202577043487
32515,-8.4,40.0,0.0011265139605496923
32516,-8.4,41.0,0.00255050003217277
32517,-8.4,42.0,0.0010414417319311172
32518,-8.4,43.0,7.5147695225578e-05
32519,-8.4,44.0,4.802151967161734e-06
32520,-8.4,45.0,3.0342030306074987e-06
32521,-8.4,46.0,2.27569954684944e-06
32522,-8.4,47.0,1.6985554243684053e-06
32523,-8.4,48.0,1.2610470768226631e-06
32524,-8.4,49.0,9.312567541596984e-07
32525,-8.4,50.0,6.840597303671975e-07
32526,-8.4,51.0,4.998100509237445e-07
32527,-8.4,52.0,3.6324718132827055e-07
32528,-8.4,53.0,2.6259459251205715e-07
32529,-8.4,54.0,1.888232743300291e-07
32530,-8.4,55.0,1.350552469448166e-07
32531,-8.4,56.0,9.608455162133058e-08
32532,-8.4,57.0,6.799575923427208e-08
32533,-8.4,58.0,4.786259351057942e-08
32534,-8.4,59.0,3.3511723185499074e-08
32535,-8.4,60.0,2.3339063044884096e-08
32536,-8.4,61.0,1.616799604926195e-08
32537,-8.4,62.0,1.1140766915211635e-08
32538,-8.4,63.0,7.635897599828569e-09
32539,-8.4,64.0,5.205844785974913e-09
32540,-8.4,65.0,3.5302742554336805e-09
32541,-8.4,66.0,2.3812872442729477e-09
32542,-8.4,67.0,1.5977220711776308e-09
32543,-8.4,68.0,1.0662935747302216e-09
32544,-8.4,69.0,7.078454716673986e-10
32545,-8.4,70.0,4.673973351071596e-10
32546,-8.4,71.0,3.069870910555701e-10
32547,-8.4,72.0,2.0055805212977827e-10
32548,-8.4,73.0,1.3033054161534196e-10
32549,-8.4,74.0,8.424388851673437e-11
32550,-8.3,-75.0,4.215496136498544e-08
32551,-8.3,-74.0,5.998302703763868e-08
32552,-8.3,-73.0,8.489735680207672e-08
32553,-8.3,-72.0,1.195215088631271e-07
32554,-8.3,-71.0,1.6737248825448136e-07
32555,-8.3,-70.0,2.331353798859144e-07
32556,-8.3,-69.0,3.2301181361375366e-07
32557,-8.3,-68.0,4.4515856550406833e-07
32558,-8.3,-67.0,6.102350798764057e-07
32559,-8.3,-66.0,8.320812060789116e-07
32560,-8.3,-65.0,1.1285488522924424e-06
32561,-8.3,-64.0,1.5225133924885643e-06
32562,-8.3,-63.0,2.0430923002719103e-06
32563,-8.3,-62.0,2.7270993520025863e-06
32564,-8.3,-61.0,3.6207625175185155e-06
32565,-8.3,-60.0,4.7817319687730914e-06
32566,-8.3,-59.0,6.281401074695867e-06
32567,-8.3,-58.0,8.207557379931077e-06
32568,-8.3,-57.0,1.0667371947585775e-05
32569,-8.3,-56.0,1.3790723668149753e-05
32570,-8.3,-55.0,1.7733839845034715e-05
32571,-8.3,-54.0,2.268321531128518e-05
32572,-8.3,-53.0,2.88597494127658e-05
32573,-8.3,-52.0,3.6523013514797845e-05
32574,-8.3,-51.0,4.59755316125535e-05
32575,-8.3,-50.0,5.756692381774529e-05
32576,-8.3,-49.0,7.169772797118686e-05
32577,-8.3,-48.0,8.882268068083766e-05
32578,-8.3,-47.0,0.00010945610680422252
32579,-8.3,-46.0,0.00013572542981590943
32580,-8.3,-45.0,0.0003035031908080837
32581,-8.3,-44.0,0.0022725877190274127
32582,-8.3,-43.0,0.005484440175345271
32583,-8.3,-42.0,0.004663871964781817
32584,-8.3,-41.0,0.0061434587806497715
32585,-8.3,-40.0,0.0028959475125891715
32586,-8.3,-39.0,0.0033508926591885963
32587,-8.3,-38.0,0.007233292862477074
32588,-8.3,-37.0,0.003376722252132947
32589,-8.3,-36.0,0.0011799342983159211
32590,-8.3,-35.0,0.004302362641427572
32591,-8.3,-34.0,0.009407248959355616
32592,-8.3,-33.0,0.004855711503842188
32593,-8.3,-32.0,0.005649611373955994
32594,-8.3,-31.0,0.011560094505048328
32595,-8.3,-30.0,0.006116294445203052
32596,-8.3,-29.0,0.007123029721354253
32597,-8.3,-28.0,0.014281496048749613
32598,-8.3,-27.0,0.007292757193492706
32599,-8.3,-26.0,0.003342632374546517
32600,-8.3,-25.0,0.009339819931292225
32601,-8.3,-24.0,0.019090720646500973
32602,-8.3,-23.0,0.010399721853947295
32603,-8.3,-22.0,0.01219215366258992
32604,-8.3,-21.0,0.02390315339726933
32605,-8.3,-20.0,0.012280349471732666
32606,-8.3,-19.0,0.005682744803917337
32607,-8.3,-18.0,0.01603215133283571
32608,-8.3,-17.0,0.032897043955317846
32609,-8.3,-16.0,0.017509133140020963
32610,-8.3,-15.0,0.02136296998128276
32611,-8.3,-14.0,0.04311310303197296
32612,-8.3,-13.0,0.020940077463363783
32613,-8.3,-12.0,0.008493467636004398
32614,-8.3,-11.0,0.03179185491347243
32615,-8.3,-10.0,0.06968920211064267
32616,-8.3,-9.0,0.03377370991291746
32617,-8.3,-8.0,0.03599242252975324
32618,-8.3,-7.0,0.07533287231943367
32619,-8.3,-6.0,0.034150189102213395
32620,-8.3,-5.0,0.008806379044897596
32621,-8.3,-4.0,0.021904964479987042
32622,-8.3,-3.0,0.04531510911356541
32623,-8.3,-2.0,0.021571196288607868
32624,-8.3,-1.0,0.006279214937446474
32625,-8.3,0.0,0.0006157438902584361
32626,-8.3,1.0,0.005618177903926248
32627,-8.3,2.0,0.014334305197232828
32628,-8.3,3.0,0.028026185731775753
32629,-8.3,4.0,0.013740246049150756
32630,-8.3,5.0,0.004986788561571213
32631,-8.3,6.0,0.010602929904569817
32632,-8.3,7.0,0.020485648493227482
32633,-8.3,8.0,0.010389093054629274
32634,-8.3,9.0,0.008876344746357083
32635,-8.3,10.0,0.016338495231796504
32636,-8.3,11.0,0.007884165506240451
32637,-8.3,12.0,0.0027030358590184973
32638,-8.3,13.0,0.006134948997969639
32639,-8.3,14.0,0.012193061806516614
32640,-8.3,15.0,0.005967716568286863
32641,-8.3,16.0,0.005120144069928798
32642,-8.3,17.0,0.009869110090192732
32643,-8.3,18.0,0.00452319791016222
32644,-8.3,19.0,0.001258682865967626
32645,-8.3,20.0,0.0035398714483068205
32646,-8.3,21.0,0.0075421978446973
32647,-8.3,22.0,0.003501350798291381
32648,-8.3,23.0,0.003020715197182593
32649,-8.3,24.0,0.00623763283633236
32650,-8.3,25.0,0.002700058563783678
32651,-8.3,26.0,0.0005523487518619203
32652,-8.3,27.0,0.002149601338617752
32653,-8.3,28.0,0.004921000748316054
32654,-8.3,29.0,0.0021888406835668017
32655,-8.3,30.0,0.0019078612371269733
32656,-8.3,31.0,0.004168520960282444
32657,-8.3,32.0,0.0017368081250127225
32658,-8.3,33.0,0.00026740589365995774
32659,-8.3,34.0,0.0014141971625582048
32660,-8.3,35.0,0.0033859903729581893
32661,-8.3,36.0,0.0014736589888984118
32662,-8.3,37.0,0.0012986662004891981
32663,-8.3,38.0,0.0029228613384145816
32664,-8.3,39.0,0.0012662288147214935
32665,-8.3,40.0,0.0011203636989017256
32666,-8.3,41.0,0.0025361834819725214
32667,-8.3,42.0,0.0010356700689113593
32668,-8.3,43.0,7.484154071916687e-05
32669,-8.3,44.0,4.869202283079803e-06
32670,-8.3,45.0,3.0897783488787165e-06
32671,-8.3,46.0,2.3186426107297785e-06
32672,-8.3,47.0,1.7315296657366084e-06
32673,-8.3,48.0,1.286212870498992e-06
32674,-8.3,49.0,9.503472802451976e-07
32675,-8.3,50.0,6.984547643634555e-07
32676,-8.3,51.0,5.105997650405735e-07
32677,-8.3,52.0,3.7128657821111355e-07
32678,-8.3,53.0,2.6854937855111725e-07
32679,-8.3,54.0,1.9320807648861485e-07
32680,-8.3,55.0,1.3826510755444918e-07
32681,-8.3,56.0,9.842061765109044e-08
32682,-8.3,57.0,6.968603120603998e-08
32683,-8.3,58.0,4.9078526789811114e-08
32684,-8.3,59.0,3.43813905093003e-08
32685,-8.3,60.0,2.3957499186078194e-08
32686,-8.3,61.0,1.6605258754965285e-08
32687,-8.3,62.0,1.1448166304452431e-08
32688,-8.3,63.0,7.850771296987648e-09
32689,-8.3,64.0,5.355189388848908e-09
32690,-8.3,65.0,3.6334856867916237e-09
32691,-8.3,66.0,2.45221295684273e-09
32692,-8.3,67.0,1.6461864436606582e-09
32693,-8.3,68.0,1.0992234069456583e-09
32694,-8.3,69.0,7.300944091159992e-10
32695,-8.3,70.0,4.823454495844207e-10
32696,-8.3,71.0,3.169738659113196e-10
32697,-8.3,72.0,2.071928838770804e-10
32698,-8.3,73.0,1.3471387281735604e-10
32699,-8.3,74.0,8.712362068371729e-11
32700,-8.2,-75.0,4.107817868310675e-08
32701,-8.2,-74.0,5.8482004777866535e-08
32702,-8.2,-73.0,8.281698804557183e-08
32703,-8.2,-72.0,1.1665482834259363e-07
32704,-8.2,-71.0,1.634451784801249e-07
32705,-8.2,-70.0,2.2778630824224507e-07
32706,-8.2,-69.0,3.15768806611964e-07
32707,-8.2,-68.0,4.354085401376664e-07
32708,-8.2,-67.0,5.97187581322979e-07
32709,-8.2,-66.0,8.147243570212895e-07
32710,-8.2,-65.0,1.105596715926558e-06
32711,-8.2,-64.0,1.4923438058137876e-06
32712,-8.2,-63.0,2.0036743663672734e-06
32713,-8.2,-62.0,2.6759100120765633e-06
32714,-8.2,-61.0,3.5546919798868874e-06
32715,-8.2,-60.0,4.696978277748087e-06
32716,-8.2,-59.0,6.173354782227178e-06
32717,-8.2,-58.0,8.070678158705286e-06
32718,-8.2,-57.0,1.0495060073080366e-05
32719,-8.2,-56.0,1.3575190607755096e-05
32720,-8.2,-55.0,1.7465983722353325e-05
32721,-8.2,-54.0,2.2352508745704695e-05
32722,-8.2,-53.0,2.845414913242468e-05
32723,-8.2,-52.0,3.6028903147213945e-05
32724,-8.2,-51.0,4.537771108882007e-05
32725,-8.2,-50.0,5.6848660774124404e-05
32726,-8.2,-49.0,7.084088826007238e-05
32727,-8.2,-48.0,8.780795645395427e-05
32728,-8.2,-47.0,0.00010826337436330761
32729,-8.2,-46.0,0.00013434116953312753
32730,-8.2,-45.0,0.0003025176782139946
32731,-8.2,-44.0,0.00227999562879754
32732,-8.2,-43.0,0.005505723710847102
32733,-8.2,-42.0,0.004680742076843411
32734,-8.2,-41.0,0.006165983840714935
32735,-8.2,-40.0,0.0029037746592480997
32736,-8.2,-39.0,0.0033595666566052108
32737,-8.2,-38.0,0.007257350048168757
32738,-8.2,-37.0,0.0033842361893222047
32739,-8.2,-36.0,0.0011776718605260045
32740,-8.2,-35.0,0.004311302131510659
32741,-8.2,-34.0,0.00943499824483137
32742,-8.2,-33.0,0.004865574902547432
32743,-8.2,-32.0,0.005660881698827056
32744,-8.2,-31.0,0.011591634593831928
32745,-8.2,-30.0,0.0061284597294578354
32746,-8.2,-29.0,0.007136967523893589
32747,-8.2,-28.0,0.014317943778714419
32748,-8.2,-27.0,0.007307619053947468
32749,-8.2,-26.0,0.003345385423823265
32750,-8.2,-25.0,0.009358400447511373
32751,-8.2,-24.0,0.01913503091204852
32752,-8.2,-23.0,0.010423271310793744
32753,-8.2,-22.0,0.01221714850707688
32754,-8.2,-21.0,0.023952145014924733
32755,-8.2,-20.0,0.012309860951847286
32756,-8.2,-19.0,0.005701570972007808
32757,-8.2,-18.0,0.01606001630866694
32758,-8.2,-17.0,0.0329388774844005
32759,-8.2,-16.0,0.01754334792487015
32760,-8.2,-15.0,0.021379791320921326
32761,-8.2,-14.0,0.043110531707261854
32762,-8.2,-13.0,0.020964262180604976
32763,-8.2,-12.0,0.008523305133387143
32764,-8.2,-11.0,0.03164524967590673
32765,-8.2,-10.0,0.06926380632892341
32766,-8.2,-9.0,0.033690576251401975
32767,-8.2,-8.0,0.03614394938447434
32768,-8.2,-7.0,0.07591599640454642
32769,-8.2,-6.0,0.034357146137893604
32770,-8.2,-5.0,0.00877426189196359
32771,-8.2,-4.0,0.0218692019102944
32772,-8.2,-3.0,0.04529852498872331
32773,-8.2,-2.0,0.021543472857659274
32774,-8.2,-1.0,0.00624581344700769
32775,-8.2,0.0,0.0006093355436159386
32776,-8.2,1.0,0.005590521315799547
32777,-8.2,2.0,0.014292399933226615
32778,-8.2,3.0,0.027959874881749065
32779,-8.2,4.0,0.01370566097882744
32780,-8.2,5.0,0.004971919429581779
32781,-8.2,6.0,0.010572910998678619
32782,-8.2,7.0,0.020428175610603998
32783,-8.2,8.0,0.01036248062649482
32784,-8.2,9.0,0.008852606566667389
32785,-8.2,10.0,0.01628933143458128
32786,-8.2,11.0,0.007864676091674367
32787,-8.2,12.0,0.00270163672398693
32788,-8.2,13.0,0.006119562122124652
32789,-8.2,14.0,0.012153082455939991
32790,-8.2,15.0,0.005952321276222582
32791,-8.2,16.0,0.005106695355081767
32792,-8.2,17.0,0.009834270757023785
32793,-8.2,18.0,0.004511074575580461
32794,-8.2,19.0,0.0012601839656462277
32795,-8.2,20.0,0.0035298265060977807
32796,-8.2,21.0,0.007512462198358465
32797,-8.2,22.0,0.003490119245023415
32798,-8.2,23.0,0.003010672883816866
32799,-8.2,24.0,0.006210883100635303
32800,-8.2,25.0,0.0026904094956705584
32801,-8.2,26.0,0.0005529083996443902
32802,-8.2,27.0,0.0021412538751854285
32803,-8.2,28.0,0.004897629167482106
32804,-8.2,29.0,0.0021794520635718333
32805,-8.2,30.0,0.0018993674385311442
32806,-8.2,31.0,0.004147410269604501
32807,-8.2,32.0,0.0017286604756826095
32808,-8.2,33.0,0.0002670161413780231
32809,-8.2,34.0,0.0014071320379523712
32810,-8.2,35.0,0.003367643629912886
32811,-8.2,36.0,0.00146594325866238
32812,-8.2,37.0,0.0012916821938997126
32813,-8.2,38.0,0.0029064007752639333
32814,-8.2,39.0,0.001259234283142447
32815,-8.2,40.0,0.0011140346613788502
32816,-8.2,41.0,0.0025214599491270454
32817,-8.2,42.0,0.0010297328642907611
32818,-8.2,43.0,7.452439553601181e-05
32819,-8.2,44.0,4.936350806654572e-06
32820,-8.2,45.0,3.1455805141911896e-06
32821,-8.2,46.0,2.3618013479445352e-06
32822,-8.2,47.0,1.7646997017642396e-06
32823,-8.2,48.0,1.311550636974121e-06
32824,-8.2,49.0,9.695850177220354e-07
32825,-8.2,50.0,7.129731941697753e-07
32826,-8.2,51.0,5.21491091322281e-07
32827,-8.2,52.0,3.794083672567329e-07
32828,-8.2,53.0,2.7457006196354975e-07
32829,-8.2,54.0,1.976449335081653e-07
32830,-8.2,55.0,1.415156226920063e-07
32831,-8.2,56.0,1.0078810058832254e-07
32832,-8.2,57.0,7.140034180316265e-08
32833,-8.2,58.0,5.031268143862115e-08
32834,-8.2,59.0,3.526474682536321e-08
32835,-8.2,60.0,2.4586131655265993e-08
32836,-8.2,61.0,1.705005390640731e-08
32837,-8.2,62.0,1.1761086038627088e-08
32838,-8.2,63.0,8.069659538385003e-09
32839,-8.2,64.0,5.507431565962956e-09
32840,-8.2,65.0,3.7387731716118555e-09
32841,-8.2,66.0,2.524615450648118e-09
32842,-8.2,67.0,1.6956939202177889e-09
32843,-8.2,68.0,1.132884928036436e-09
32844,-8.2,69.0,7.528531002436197e-10
32845,-8.2,70.0,4.976463183018846e-10
32846,-8.2,71.0,3.272031345812259e-10
32847,-8.2,72.0,2.1399332332173212e-10
32848,-8.2,73.0,1.392095722260542e-10
32849,-8.2,74.0,9.007910906393346e-11
32850,-8.1,-75.0,4.00217633645788e-08
32851,-8.1,-74.0,5.700837755946422e-08
32852,-8.1,-73.0,8.077319285614897e-08
32853,-8.1,-72.0,1.138366028247767e-07
32854,-8.1,-71.0,1.5958156169021877e-07
32855,-8.1,-70.0,2.225202823630389e-07
32856,-8.1,-69.0,3.0863317131581633e-07
32857,-8.1,-68.0,4.2579612809462845e-07
32858,-8.1,-67.0,5.843148475927464e-07
32859,-8.1,-66.0,7.97587324730615e-07
32860,-8.1,-65.0,1.0829182495964226e-06
32861,-8.1,-64.0,1.4625112288316106e-06
32862,-8.1,-63.0,1.964666560213568e-06
32863,-8.1,-62.0,2.625213354483951e-06
32864,-8.1,-61.0,3.4892048216533042e-06
32865,-8.1,-60.0,4.612904149017294e-06
32866,-8.1,-59.0,6.066085183866163e-06
32867,-8.1,-58.0,7.934666655791865e-06
32868,-8.1,-57.0,1.0323690483522478e-05
32869,-8.1,-56.0,1.336064338003401e-05
32870,-8.1,-55.0,1.7199106121590782e-05
32871,-8.1,-54.0,2.2022696201289757e-05
32872,-8.1,-53.0,2.804924700952285e-05
32873,-8.1,-52.0,3.5535140232989396e-05
32874,-8.1,-51.0,4.4779678151722074e-05
32875,-8.1,-50.0,5.612934955396505e-05
32876,-8.1,-49.0,6.998180804337867e-05
32877,-8.1,-48.0,8.678934682660299e-05
32878,-8.1,-47.0,0.00010706454627887194
32879,-8.1,-46.0,0.00013294775212201366
32880,-8.1,-45.0,0.0003015053965343814
32881,-8.1,-44.0,0.002287178194583157
32882,-8.1,-43.0,0.005526458140995177
32883,-8.1,-42.0,0.004697141583664557
32884,-8.1,-41.0,0.006187884830082532
32885,-8.1,-40.0,0.002911300469755535
32886,-8.1,-39.0,0.003367886172007715
32887,-8.1,-38.0,0.00728065196685385
32888,-8.1,-37.0,0.0033913787311204984
32889,-8.1,-36.0,0.0011752517850214862
32890,-8.1,-35.0,0.004319753595766864
32891,-8.1,-34.0,0.009461724770861959
32892,-8.1,-33.0,0.004874868179680102
32893,-8.1,-32.0,0.005671484327203092
32894,-8.1,-31.0,0.01162188328810829
32895,-8.1,-30.0,0.006139876111450533
32896,-8.1,-29.0,0.007150035228481634
32897,-8.1,-28.0,0.01435276744523543
32898,-8.1,-27.0,0.007321556077906553
32899,-8.1,-26.0,0.003347601645702704
32900,-8.1,-25.0,0.009375819746068381
32901,-8.1,-24.0,0.01917717660895473
32902,-8.1,-23.0,0.010445522856444374
32903,-8.1,-22.0,0.012240679055248385
32904,-8.1,-21.0,0.023998520774070095
32905,-8.1,-20.0,0.012337885626368346
32906,-8.1,-19.0,0.0057195636976362365
32907,-8.1,-18.0,0.016086188088130803
32908,-8.1,-17.0,0.0329776104969396
32909,-8.1,-16.0,0.017575798885014905
32910,-8.1,-15.0,0.021395020206003177
32911,-8.1,-14.0,0.043105312338786166
32912,-8.1,-13.0,0.020986955407182366
32913,-8.1,-12.0,0.008552930209451779
32914,-8.1,-11.0,0.03150587865191339
32915,-8.1,-10.0,0.06885720831804436
32916,-8.1,-9.0,0.03361752984486553
32917,-8.1,-8.0,0.03631124159032001
32918,-8.1,-7.0,0.0765353363431516
32919,-8.1,-6.0,0.03457817606996917
32920,-8.1,-5.0,0.008741891925423894
32921,-8.1,-4.0,0.021830094504259087
32922,-8.1,-3.0,0.04527536537680662
32923,-8.1,-2.0,0.021512366775687793
32924,-8.1,-1.0,0.006211082440304868
32925,-8.1,0.0,0.000602860418688961
32926,-8.1,1.0,0.0055615253498190785
32927,-8.1,2.0,0.014247503232468992
32928,-8.1,3.0,0.027887995559113105
32929,-8.1,4.0,0.013668197832132559
32930,-8.1,5.0,0.004955820222599303
32931,-8.1,6.0,0.010540587485776956
32932,-8.1,7.0,0.02036651343898242
32933,-8.1,8.0,0.010333635332743105
32934,-8.1,9.0,0.008826939967567882
32935,-8.1,10.0,0.01623682397813213
32936,-8.1,11.0,0.007843488195723754
32937,-8.1,12.0,0.0026995532813205107
32938,-8.1,13.0,0.0061028541644653645
32939,-8.1,14.0,0.012110644017158893
32940,-8.1,15.0,0.005935674256920019
32941,-8.1,16.0,0.005092176450916714
32942,-8.1,17.0,0.009797476048939094
32943,-8.1,18.0,0.004498024340240968
32944,-8.1,19.0,0.0012613899737330052
32945,-8.1,20.0,0.00351906898213083
32946,-8.1,21.0,0.007481271328931056
32947,-8.1,22.0,0.003478200752564287
32948,-8.1,23.0,0.0030000437287632836
32949,-8.1,24.0,0.006182951993609726
32950,-8.1,25.0,0.002680244563627333
32951,-8.1,26.0,0.0005533573767353788
32952,-8.1,27.0,0.00213250346262627
32953,-8.1,28.0,0.0048733439730227375
32954,-8.1,29.0,0.002169657610583643
32955,-8.1,30.0,0.0018905229717855355
32956,-8.1,31.0,0.004125534038905301
32957,-8.1,32.0,0.0017201952937405864
32958,-8.1,33.0,0.0002665797213785213
32959,-8.1,34.0,0.001399811285289822
32960,-8.1,35.0,0.0033486813773877197
32961,-8.1,36.0,0.0014579610414306907
32962,-8.1,37.0,0.001284464682209145
32963,-8.1,38.0,0.0028894118898902866
32964,-8.1,39.0,0.0012520118807446453
32965,-8.1,40.0,0.0011075050031879308
32966,-8.1,41.0,0.0025062802138026146
32967,-8.1,42.0,0.0010236099782942954
32968,-8.1,43.0,7.419474425834098e-05
32969,-8.1,44.0,5.0034530754024175e-06
32970,-8.1,45.0,3.201512033832914e-06
32971,-8.1,46.0,2.405102814050013e-06
32972,-8.1,47.0,1.7980112850779905e-06
32973,-8.1,48.0,1.3370202906385925e-06
32974,-8.1,49.0,9.889405358674053e-07
32975,-8.1,50.0,7.275935516937053e-07
32976,-8.1,51.0,5.324684722179995e-07
32977,-8.1,52.0,3.876013484964556e-07
32978,-8.1,53.0,2.80648633537181e-07
32979,-8.1,54.0,2.0212815651321827e-07
32980,-8.1,55.0,1.4480277917388307e-07
32981,-8.1,56.0,1.0318418895000796e-07
32982,-8.1,57.0,7.313673525288505e-08
32983,-8.1,58.0,5.156370667766147e-08
32984,-8.1,59.0,3.616086600140881e-08
32985,-8.1,60.0,2.5224330198858538e-08
32986,-8.1,61.0,1.7501955873357546e-08
32987,-8.1,62.0,1.2079240928176774e-08
32988,-8.1,63.0,8.2923727784982e-09
32989,-8.1,64.0,5.662446392334403e-09
32990,-8.1,65.0,3.846055089950868e-09
32991,-8.1,66.0,2.5984418832642057e-09
32992,-8.1,67.0,1.7462106162319348e-09
32993,-8.1,68.0,1.1672566297189909e-09
32994,-8.1,69.0,7.761080403552874e-10
32995,-8.1,70.0,5.132915610312459e-10
32996,-8.1,71.0,3.3766976335482365e-10
32997,-8.1,72.0,2.2095627034057943e-10
32998,-8.1,73.0,1.4381579797617016e-10
32999,-8.1,74.0,9.310927987479103e-11
33000,-8.0,-75.0,3.752717276509239e-08
33001,-8.0,-74.0,5.3483484888559894e-08
33002,-8.0,-73.0,7.581927994515408e-08
33003,-8.0,-72.0,1.0691181965890194e-07
33004,-8.0,-71.0,1.4995394463811108e-07
33005,-8.0,-70.0,2.0920698248136611e-07
33006,-8.0,-69.0,2.903224122561475e-07
33007,-8.0,-68.0,4.007477193813698e-07
33008,-8.0,-67.0,5.502343041234585e-07
33009,-8.0,-66.0,7.514677958086466e-07
33010,-8.0,-65.0,1.0208435565871711e-06
33011,-8.0,-64.0,1.3794123747701434e-06
33012,-8.0,-63.0,1.854023143492927e-06
33013,-8.0,-62.0,2.4786904408929596e-06
33014,-8.0,-61.0,3.296215067351484e-06
33015,-8.0,-60.0,4.3600843993704565e-06
33016,-8.0,-59.0,5.736676492462012e-06
33017,-8.0,-58.0,7.507786781891575e-06
33018,-8.0,-57.0,9.773488554588237e-06
33019,-8.0,-56.0,1.2655327677626362e-05
33020,-8.0,-55.0,1.6299837996363345e-05
33021,-8.0,-54.0,2.0882346075136682e-05
33022,-8.0,-53.0,2.6611012396878303e-05
33023,-8.0,-52.0,3.3731030802381654e-05
33024,-8.0,-51.0,4.2528879110980996e-05
33025,-8.0,-50.0,5.333648208710759e-05
33026,-8.0,-49.0,6.653511410063187e-05
33027,-8.0,-48.0,8.255883511177425e-05
33028,-8.0,-47.0,0.00010190004901753821
33029,-8.0,-46.0,0.00012662483945584385
33030,-8.0,-45.0,0.00028922683106222393
33031,-8.0,-44.0,0.0022083130953663046
33032,-8.0,-43.0,0.005339145315343001
33033,-8.0,-42.0,0.004536756515433739
33034,-8.0,-41.0,0.005976879502917216
33035,-8.0,-40.0,0.0028093452498444364
33036,-8.0,-39.0,0.0032495634182099593
33037,-8.0,-38.0,0.007029989805487395
33038,-8.0,-37.0,0.003271028443196239
33039,-8.0,-36.0,0.0011288075419686825
33040,-8.0,-35.0,0.004165821542721962
33041,-8.0,-34.0,0.009132509988824603
33042,-8.0,-33.0,0.004700901196251607
33043,-8.0,-32.0,0.0054688831069963535
33044,-8.0,-31.0,0.01121499077903094
33045,-8.0,-30.0,0.005920457836300584
33046,-8.0,-29.0,0.006894300583149076
33047,-8.0,-28.0,0.013847798251019599
33048,-8.0,-27.0,0.0070601886010101
33049,-8.0,-26.0,0.0032239887117188884
33050,-8.0,-25.0,0.009040727819645853
33051,-8.0,-24.0,0.01849825707204775
33052,-8.0,-23.0,0.010074932468478555
33053,-8.0,-22.0,0.011804003942761614
33054,-8.0,-21.0,0.02314287470424785
33055,-8.0,-20.0,0.011901876129104504
33056,-8.0,-19.0,0.005522111568494214
33057,-8.0,-18.0,0.015507972591387333
33058,-8.0,-17.0,0.03177823504136656
33059,-8.0,-16.0,0.01694783065230555
33060,-8.0,-15.0,0.020607752618048352
33061,-8.0,-14.0,0.04148516161577679
33062,-8.0,-13.0,0.020222231823243137
33063,-8.0,-12.0,0.00826121381755101
33064,-8.0,-11.0,0.030199260124990523
33065,-8.0,-10.0,0.06590604774931419
33066,-8.0,-9.0,0.03229881912959318
33067,-8.0,-8.0,0.03741619633246106
33068,-8.0,-7.0,0.08015845801176745
33069,-8.0,-6.0,0.03615135719218803
33070,-8.0,-5.0,0.009043499140928765
33071,-8.0,-4.0,0.022623233854610732
33072,-8.0,-3.0,0.04698084006865419
33073,-8.0,-2.0,0.022301582750734236
33074,-8.0,-1.0,0.006411853564380248
33075,-8.0,0.0,0.0006191899332992727
33076,-8.0,1.0,0.005743324723268379
33077,-8.0,2.0,0.014744179836948418
33078,-8.0,3.0,0.02887708694712162
33079,-8.0,4.0,0.014150489441203267
33080,-8.0,5.0,0.005127886092259025
33081,-8.0,6.0,0.010908866990559027
33082,-8.0,7.0,0.02107919767120579
33083,-8.0,8.0,0.010697661544897293
33084,-8.0,9.0,0.009136801145162006
33085,-8.0,10.0,0.016801518169502132
33086,-8.0,11.0,0.00812052149526861
33087,-8.0,12.0,0.0028002035352343254
33088,-8.0,13.0,0.006318177518847002
33089,-8.0,14.0,0.012528472789801754
33090,-8.0,15.0,0.006144721606448397
33091,-8.0,16.0,0.005271273961658453
33092,-8.0,17.0,0.010132978365748778
33093,-8.0,18.0,0.004656010003202789
33094,-8.0,19.0,0.0013107064221359519
33095,-8.0,20.0,0.0036421152116816744
33096,-8.0,21.0,0.007734285932674078
33097,-8.0,22.0,0.003598501737536924
33098,-8.0,23.0,0.003103450194264993
33099,-8.0,24.0,0.006389845584126834
33100,-8.0,25.0,0.0027719428513078865
33101,-8.0,26.0,0.000574928311303021
33102,-8.0,27.0,0.0022047820669591927
33103,-8.0,28.0,0.005034078071857377
33104,-8.0,29.0,0.002242274692243829
33105,-8.0,30.0,0.001953478864418747
33106,-8.0,31.0,0.004260244628783715
33107,-8.0,32.0,0.0017770474789967562
33108,-8.0,33.0,0.00027630117373529954
33109,-8.0,34.0,0.001445629219451667
33110,-8.0,35.0,0.0034567807826978636
33111,-8.0,36.0,0.0015053112548469936
33112,-8.0,37.0,0.0013259894177282858
33113,-8.0,38.0,0.002982037469577005
33114,-8.0,39.0,0.0012922928954391308
33115,-8.0,40.0,0.0011429916031862367
33116,-8.0,41.0,0.0025861656462557413
33117,-8.0,42.0,0.0010563169829918822
33118,-8.0,43.0,7.6684915776143e-05
33119,-8.0,44.0,5.26491720801995e-06
33120,-8.0,45.0,3.382465066963566e-06
33121,-8.0,46.0,2.5424220906832116e-06
33122,-8.0,47.0,1.9016813130875421e-06
33123,-8.0,48.0,1.414863871310523e-06
33124,-8.0,49.0,1.0470759473807436e-06
33125,-8.0,50.0,7.70776033734979e-07
33126,-8.0,51.0,5.643709134181546e-07
33127,-8.0,52.0,4.1104311147638855e-07
33128,-8.0,53.0,2.977806009172614e-07
33129,-8.0,54.0,2.1458119698934484e-07
33130,-8.0,55.0,1.5380594663915884e-07
33131,-8.0,56.0,1.096581129274489e-07
33132,-8.0,57.0,7.776686075973844e-08
33133,-8.0,58.0,5.4857310725611687e-08
33134,-8.0,59.0,3.849112403276132e-08
33135,-8.0,60.0,2.6864131306698315e-08
33136,-8.0,61.0,1.8649669129858537e-08
33137,-8.0,62.0,1.2878212255074864e-08
33138,-8.0,63.0,8.845576464356062e-09
33139,-8.0,64.0,6.043420536506329e-09
33140,-8.0,65.0,4.107008504846625e-09
33141,-8.0,66.0,2.7762239622807586e-09
33142,-8.0,67.0,1.8666784075702473e-09
33143,-8.0,68.0,1.2484484603944803e-09
33144,-8.0,69.0,8.305348119795969e-10
33145,-8.0,70.0,5.495803183789057e-10
33146,-8.0,71.0,3.6173506541508737e-10
33147,-8.0,72.0,2.368296952937134e-10
33148,-8.0,73.0,1.5422962769950882e-10
33149,-8.0,74.0,9.990461991175068e-11
33150,-7.9,-75.0,3.519701314053732e-08
33151,-7.9,-74.0,5.0189289803516586e-08
33152,-7.9,-73.0,7.118727976090445e-08
33153,-7.9,-72.0,1.0043379026504425e-07
33154,-7.9,-71.0,1.4094296885449378e-07
33155,-7.9,-70.0,1.9674018949774806e-07
33156,-7.9,-69.0,2.7316739611108417e-07
33157,-7.9,-68.0,3.7726867599657106e-07
33158,-7.9,-67.0,5.182731862864296e-07
33159,-7.9,-66.0,7.081949744200761e-07
33160,-7.9,-65.0,9.62571609146564e-07
33161,-7.9,-64.0,1.3013657218543644e-06
33162,-7.9,-63.0,1.7500553547146193e-06
33163,-7.9,-62.0,2.3409401794112867e-06
33164,-7.9,-61.0,3.1146908958106115e-06
33165,-7.9,-60.0,4.122168103930096e-06
33166,-7.9,-59.0,5.4265342838051374e-06
33167,-7.9,-58.0,7.105677805219444e-06
33168,-7.9,-57.0,9.25496069931734e-06
33169,-7.9,-56.0,1.1990291845410418e-05
33170,-7.9,-55.0,1.5451513890859674e-05
33171,-7.9,-54.0,1.9806075343685277e-05
33172,-7.9,-53.0,2.5252938696898418e-05
33173,-7.9,-52.0,3.202665117634811e-05
33174,-7.9,-51.0,4.040147699267686e-05
33175,-7.9,-50.0,5.069545934179668e-05
33176,-7.9,-49.0,6.327424767688767e-05
33177,-7.9,-48.0,7.855449300601764e-05
33178,-7.9,-47.0,9.700931667579474e-05
33179,-7.9,-46.0,0.00012063369560598051
33180,-7.9,-45.0,0.0002775410772937041
33181,-7.9,-44.0,0.0021328568131542508
33182,-7.9,-43.0,0.005159822073292547
33183,-7.9,-42.0,0.004383246782478665
33184,-7.9,-41.0,0.0057749066565927695
33185,-7.9,-40.0,0.0027118330587277825
33186,-7.9,-39.0,0.003136403221349023
33187,-7.9,-38.0,0.006790114665036353
33188,-7.9,-37.0,0.003155953308178447
33189,-7.9,-36.0,0.001084519039886234
33190,-7.9,-35.0,0.00401864217624016
33191,-7.9,-34.0,0.008817533841967066
33192,-7.9,-33.0,0.0045345555685896285
33193,-7.9,-32.0,0.005275159640740419
33194,-7.9,-31.0,0.010825742413571315
33195,-7.9,-30.0,0.005710632378369089
33196,-7.9,-29.0,0.006649754521281443
33197,-7.9,-28.0,0.013364774923688382
33198,-7.9,-27.0,0.006810208625835085
33199,-7.9,-26.0,0.003105783374810829
33200,-7.9,-25.0,0.00872026735083212
33201,-7.9,-24.0,0.017848976035918666
33202,-7.9,-23.0,0.009720433639561474
33203,-7.9,-22.0,0.011386415409628295
33204,-7.9,-21.0,0.022324849984086875
33205,-7.9,-20.0,0.011484784485133565
33206,-7.9,-19.0,0.005332943833828669
33207,-7.9,-18.0,0.014955367743612011
33208,-7.9,-17.0,0.03063275223612104
33209,-7.9,-16.0,0.01634763780275518
33210,-7.9,-15.0,0.019856481161651892
33211,-7.9,-14.0,0.03994057855464719
33212,-7.9,-13.0,0.019492318361108048
33213,-7.9,-12.0,0.007982467263444294
33214,-7.9,-11.0,0.028964021258767642
33215,-7.9,-10.0,0.06312038042193699
33216,-7.9,-9.0,0.03105365580970463
33217,-7.9,-8.0,0.036522737766508474
33218,-7.9,-7.0,0.08407515147487758
33219,-7.9,-6.0,0.03784897468076685
33220,-7.9,-5.0,0.00936366722098373
33221,-7.9,-4.0,0.023461679120511707
33222,-7.9,-3.0,0.04878534665245415
33223,-7.9,-2.0,0.023135935097784156
33224,-7.9,-1.0,0.0066231734208309035
33225,-7.9,0.0,0.00063636409061431
33226,-7.9,1.0,0.005934559796103036
33227,-7.9,2.0,0.015267878523764947
33228,-7.9,3.0,0.02992067770979162
33229,-7.9,4.0,0.014659141914466553
33230,-7.9,5.0,0.005309093794028519
33231,-7.9,6.0,0.011297098234348624
33232,-7.9,7.0,0.02183079732913468
33233,-7.9,8.0,0.011081504365183212
33234,-7.9,9.0,0.009463481837826327
33235,-7.9,10.0,0.017396961325143803
33236,-7.9,11.0,0.008412646385270891
33237,-7.9,12.0,0.002906349107474483
33238,-7.9,13.0,0.00654522504621054
33239,-7.9,14.0,0.012969012619373119
33240,-7.9,15.0,0.006365178150975865
33241,-7.9,16.0,0.0054601442095633425
33242,-7.9,17.0,0.010486695422961718
33243,-7.9,18.0,0.0048226312146051695
33244,-7.9,19.0,0.0013627925335239661
33245,-7.9,20.0,0.003771888028122299
33246,-7.9,21.0,0.008001005003434964
33247,-7.9,22.0,0.003725368517086231
33248,-7.9,23.0,0.0032124983786620312
33249,-7.9,24.0,0.006607917669661221
33250,-7.9,25.0,0.0028686377851801672
33251,-7.9,26.0,0.000597729562490841
33252,-7.9,27.0,0.002280991825540152
33253,-7.9,28.0,0.005203461649399538
33254,-7.9,29.0,0.0023188249963031335
33255,-7.9,30.0,0.0020198405541456284
33256,-7.9,31.0,0.0044021811703944215
33257,-7.9,32.0,0.001836967050100053
33258,-7.9,33.0,0.00028657094082538276
33259,-7.9,34.0,0.0014939118640094975
33260,-7.9,35.0,0.003570655816721303
33261,-7.9,36.0,0.0015551997209009955
33262,-7.9,37.0,0.0013697369986331895
33263,-7.9,38.0,0.0030795995391579775
33264,-7.9,39.0,0.0013347253085003437
33265,-7.9,40.0,0.0011803711025122608
33266,-7.9,41.0,0.002670299857583259
33267,-7.9,42.0,0.0010907661665877147
33268,-7.9,43.0,7.931162734092942e-05
33269,-7.9,44.0,5.543681359645344e-06
33270,-7.9,45.0,3.5757170995960446e-06
33271,-7.9,46.0,2.6891386293247195e-06
33272,-7.9,47.0,2.012493997655061e-06
33273,-7.9,48.0,1.4981070350878895e-06
33274,-7.9,49.0,1.1092711417693835e-06
33275,-7.9,50.0,8.169944172981625e-07
33276,-7.9,51.0,5.985313085326819e-07
33277,-7.9,52.0,4.3615513896360713e-07
33278,-7.9,53.0,3.1614141727167955e-07
33279,-7.9,54.0,2.279334351260881e-07
33280,-7.9,55.0,1.6346353259335003e-07
33281,-7.9,56.0,1.1660573325641564e-07
33282,-7.9,57.0,8.27380134258684e-08
33283,-7.9,58.0,5.839510187148014e-08
33284,-7.9,59.0,4.099528289336234e-08
33285,-7.9,60.0,2.8627108433752116e-08
33286,-7.9,61.0,1.9884157787258085e-08
33287,-7.9,62.0,1.3737984960667159e-08
33288,-7.9,63.0,9.441151952884395e-09
33289,-7.9,64.0,6.453763571915173e-09
33290,-7.9,65.0,4.388208218254023e-09
33291,-7.9,66.0,2.9678880263636308e-09
33292,-7.9,67.0,1.9966130541656062e-09
33293,-7.9,68.0,1.3360613772784846e-09
33294,-7.9,69.0,8.892933021801251e-10
33295,-7.9,70.0,5.887755153275268e-10
33296,-7.9,71.0,3.877399670067419e-10
33297,-7.9,72.0,2.5399051845051593e-10
33298,-7.9,73.0,1.654933502117705e-10
33299,-7.9,74.0,1.0725800101669376e-10
33300,-7.8,-75.0,3.420671197139186e-08
33301,-7.8,-74.0,4.8803161865604415e-08
33302,-7.8,-73.0,6.925811972428572e-08
33303,-7.8,-72.0,9.77641302702154e-08
33304,-7.8,-71.0,1.3726963940195586e-07
33305,-7.8,-70.0,1.917147608252358e-07
33306,-7.8,-69.0,2.6633161271949636e-07
33307,-7.8,-68.0,3.680238744703755e-07
33308,-7.8,-67.0,5.058425696106793e-07
33309,-7.8,-66.0,6.915775141947224e-07
33310,-7.8,-65.0,9.404862729111215e-07
33311,-7.8,-64.0,1.272184691799604e-06
33312,-7.8,-63.0,1.711724935298588e-06
33313,-7.8,-62.0,2.2908882069433967e-06
33314,-7.8,-61.0,3.049719687885892e-06
33315,-7.8,-60.0,4.038332347770955e-06
33316,-7.8,-59.0,5.319003788153687e-06
33317,-7.8,-58.0,6.968585757813113e-06
33318,-7.8,-57.0,9.081239005746966e-06
33319,-7.8,-56.0,1.1771496294371615e-05
33320,-7.8,-55.0,1.5177643305850383e-05
33321,-7.8,-54.0,1.9465390540208013e-05
33322,-7.8,-53.0,2.483178894926392e-05
33323,-7.8,-52.0,3.150931797144792e-05
33324,-7.8,-51.0,3.977004704841611e-05
33325,-7.8,-50.0,4.992974110786161e-05
33326,-7.8,-49.0,6.235174769982623e-05
33327,-7.8,-48.0,7.745047048748996e-05
33328,-7.8,-47.0,9.5696941657014e-05
33329,-7.8,-46.0,0.00011908729330103528
33330,-7.8,-45.0,0.0002759921140232276
33331,-7.8,-44.0,0.002134707507457045
33332,-7.8,-43.0,0.005167387761657892
33333,-7.8,-42.0,0.004388541645010665
33334,-7.8,-41.0,0.005782143269860621
33335,-7.8,-40.0,0.0027126627032744454
33336,-7.8,-39.0,0.003136991113728762
33337,-7.8,-38.0,0.006796303187611391
33338,-7.8,-37.0,0.003155370248630857
33339,-7.8,-36.0,0.001079737438849386
33340,-7.8,-35.0,0.004017263256268066
33341,-7.8,-34.0,0.00882219178474777
33342,-7.8,-33.0,0.004532720989543259
33343,-7.8,-32.0,0.005272819683665518
33344,-7.8,-31.0,0.01082899265231874
33345,-7.8,-30.0,0.005707969248554615
33346,-7.8,-29.0,0.00664644851640946
33347,-7.8,-28.0,0.013366374994136503
33348,-7.8,-27.0,0.006807238920381514
33349,-7.8,-26.0,0.003100287503912965
33350,-7.8,-25.0,0.008716129547640372
33351,-7.8,-24.0,0.01784708684376988
33352,-7.8,-23.0,0.00971842440147909
33353,-7.8,-22.0,0.011381871683437213
33354,-7.8,-21.0,0.02231687219475186
33355,-7.8,-20.0,0.011484130782440424
33356,-7.8,-19.0,0.005336831861470241
33357,-7.8,-18.0,0.014945632627849755
33358,-7.8,-17.0,0.030600100658519126
33359,-7.8,-16.0,0.016340774390518644
33360,-7.8,-15.0,0.019827236944248768
33361,-7.8,-14.0,0.03985015285243222
33362,-7.8,-13.0,0.019470950388846286
33363,-7.8,-12.0,0.007993314885413766
33364,-7.8,-11.0,0.02879426524426752
33365,-7.8,-10.0,0.06266264468204386
33366,-7.8,-9.0,0.03095121663442103
33367,-7.8,-8.0,0.03744609400125514
33368,-7.8,-7.0,0.08494074394534006
33369,-7.8,-6.0,0.03816683374720042
33370,-7.8,-5.0,0.009332426108795791
33371,-7.8,-4.0,0.023415992681187815
33372,-7.8,-3.0,0.04875413802714368
33373,-7.8,-2.0,0.023098615378946762
33374,-7.8,-1.0,0.006583515266682793
33375,-7.8,0.0,0.0006293679650989162
33376,-7.8,1.0,0.005900813844922325
33377,-7.8,2.0,0.01521443024428122
33378,-7.8,3.0,0.029834181655832032
33379,-7.8,4.0,0.014613868538057559
33380,-7.8,5.0,0.005289372998306571
33381,-7.8,6.0,0.011258205229673926
33382,-7.8,7.0,0.021757341526520937
33383,-7.8,8.0,0.011046515038641694
33384,-7.8,9.0,0.009432417794776172
33385,-7.8,10.0,0.017334775945786612
33386,-7.8,11.0,0.008386830966132342
33387,-7.8,12.0,0.002902745178544839
33388,-7.8,13.0,0.006524898151959181
33389,-7.8,14.0,0.012919213694392351
33390,-7.8,15.0,0.006345087027875189
33391,-7.8,16.0,0.005442663379823149
33392,-7.8,17.0,0.010443866963747302
33393,-7.8,18.0,0.004807006461445196
33394,-7.8,19.0,0.0013635299870866735
33395,-7.8,20.0,0.0037591146670528657
33396,-7.8,21.0,0.007965093429843341
33397,-7.8,22.0,0.0037114165275668716
33398,-7.8,23.0,0.0032001068677568797
33399,-7.8,24.0,0.006575990565691759
33400,-7.8,25.0,0.0028568751195213703
33401,-7.8,26.0,0.0005980274562326204
33402,-7.8,27.0,0.0022709441346460404
33403,-7.8,28.0,0.0051759115120100065
33404,-7.8,29.0,0.002307656806306984
33405,-7.8,30.0,0.002009785096348952
33406,-7.8,31.0,0.004377466659122832
33407,-7.8,32.0,0.0018273734887448198
33408,-7.8,33.0,0.0002860341341544341
33409,-7.8,34.0,0.0014856490655083708
33410,-7.8,35.0,0.003549317335684062
33411,-7.8,36.0,0.00154620853883123
33412,-7.8,37.0,0.0013616206224095488
33413,-7.8,38.0,0.0030605216351442628
33414,-7.8,39.0,0.0013266117138729303
33415,-7.8,40.0,0.0011730454635702993
33416,-7.8,41.0,0.0026532810361057915
33417,-7.8,42.0,0.0010839000977245247
33418,-7.8,43.0,7.893990624602191e-05
33419,-7.8,44.0,5.61735418042002e-06
33420,-7.8,45.0,3.6373673051515617e-06
33421,-7.8,46.0,2.736987347459977e-06
33422,-7.8,47.0,2.0493942202565866e-06
33423,-7.8,48.0,1.526388505625422e-06
33424,-7.8,49.0,1.1308143261867874e-06
33425,-7.8,50.0,8.333050818261315e-07
33426,-7.8,51.0,6.108058344850799e-07
33427,-7.8,52.0,4.45336884916455e-07
33428,-7.8,53.0,3.229687056643712e-07
33429,-7.8,54.0,2.3297990329478137e-07
33430,-7.8,55.0,1.6717167190697046e-07
33431,-7.8,56.0,1.1931446356576588e-07
33432,-7.8,57.0,8.470512007885745e-08
33433,-7.8,58.0,5.981531300074893e-08
33434,-7.8,59.0,4.2014696790813655e-08
33435,-7.8,60.0,2.9354603359033476e-08
33436,-7.8,61.0,2.0400336083832017e-08
33437,-7.8,62.0,1.410212456259352e-08
33438,-7.8,63.0,9.69656439544667e-09
33439,-7.8,64.0,6.631890372801021e-09
33440,-7.8,65.0,4.511727930250042e-09
33441,-7.8,66.0,3.053054640015449e-09
33442,-7.8,67.0,2.0550025283671806e-09
33443,-7.8,68.0,1.3758663625094394e-09
33444,-7.8,69.0,9.162758791767009e-10
33445,-7.8,70.0,6.069632032244883e-10
33446,-7.8,71.0,3.999305496485476e-10
33447,-7.8,72.0,2.6211562156665676e-10
33448,-7.8,73.0,1.7087846625077e-10
33449,-7.8,74.0,1.10807173623386e-10
33450,-7.7,-75.0,3.3235035949954366e-08
33451,-7.7,-74.0,4.744212914221575e-08
33452,-7.7,-73.0,6.736251563072174e-08
33453,-7.7,-72.0,9.513898874448228e-08
33454,-7.7,-71.0,1.3365489587496069e-07
33455,-7.7,-70.0,1.867657862264736e-07
33456,-7.7,-69.0,2.5959473286866953e-07
33457,-7.7,-68.0,3.589058523204397e-07
33458,-7.7,-67.0,4.935729052719743e-07
33459,-7.7,-66.0,6.751623087461949e-07
33460,-7.7,-65.0,9.186523189534754e-07
33461,-7.7,-64.0,1.2433124119865495e-06
33462,-7.7,-63.0,1.6737688085062332e-06
33463,-7.7,-62.0,2.241283422413858e-06
33464,-7.7,-61.0,2.98527397569384e-06
33465,-7.7,-60.0,3.955102276693357e-06
33466,-7.7,-59.0,5.212155328057053e-06
33467,-7.7,-58.0,6.8322396012041845e-06
33468,-7.7,-57.0,8.908302057857002e-06
33469,-7.7,-56.0,1.1553481893598216e-05
33470,-7.7,-55.0,1.49044841387837e-05
33471,-7.7,-54.0,1.9125249868138337e-05
33472,-7.7,-53.0,2.4410877650577727e-05
33473,-7.7,-52.0,3.0991726991608354e-05
33474,-7.7,-51.0,3.9137607077962575e-05
33475,-7.7,-50.0,4.9161923594462546e-05
33476,-7.7,-49.0,6.14256235300765e-05
33477,-7.7,-48.0,7.634074470793385e-05
33478,-7.7,-47.0,9.437608922834591e-05
33479,-7.7,-46.0,0.00011752846387718291
33480,-7.7,-45.0,0.00027439792631331567
33481,-7.7,-44.0,0.0021361139673842064
33482,-7.7,-43.0,0.0051738574302782996
33483,-7.7,-42.0,0.004392908114650286
33484,-7.7,-41.0,0.005788151425316206
33485,-7.7,-40.0,0.002712922776365237
33486,-7.7,-39.0,0.003136916754260492
33487,-7.7,-38.0,0.006801040539056765
33488,-7.7,-37.0,0.003154114129251893
33489,-7.7,-36.0,0.001074723567878468
33490,-7.7,-35.0,0.004015016537261129
33491,-7.7,-34.0,0.008824944950056252
33492,-7.7,-33.0,0.004529890661684002
33493,-7.7,-32.0,0.005269317758520382
33494,-7.7,-31.0,0.010829883851514763
33495,-7.7,-30.0,0.005704024287774251
33496,-7.7,-29.0,0.006641651760328795
33497,-7.7,-28.0,0.013365045985620282
33498,-7.7,-27.0,0.006802707849000984
33499,-7.7,-26.0,0.0030939957851350455
33500,-7.7,-25.0,0.008710012172929708
33501,-7.7,-24.0,0.01784130468378919
33502,-7.7,-23.0,0.009714188415413093
33503,-7.7,-22.0,0.011374779756181086
33504,-7.7,-21.0,0.022304129614976877
33505,-7.7,-20.0,0.01148087294134665
33506,-7.7,-19.0,0.005339349602521256
33507,-7.7,-18.0,0.01493276124361377
33508,-7.7,-17.0,0.030561435557351534
33509,-7.7,-16.0,0.016330535153095543
33510,-7.7,-15.0,0.019794449858111022
33511,-7.7,-14.0,0.03975326075344756
33512,-7.7,-13.0,0.01944612513782465
33513,-7.7,-12.0,0.008002840657172418
33514,-7.7,-11.0,0.028626213007718795
33515,-7.7,-10.0,0.06221117378164114
33516,-7.7,-9.0,0.03085436751182794
33517,-7.7,-8.0,0.03842529689547591
33518,-7.7,-7.0,0.08588324419096975
33519,-7.7,-6.0,0.03851498284578084
33520,-7.7,-5.0,0.009301344625890324
33521,-7.7,-4.0,0.023364484815394805
33522,-7.7,-3.0,0.04871110944430641
33523,-7.7,-2.0,0.02305543433252174
33524,-7.7,-1.0,0.006541826109934558
33525,-7.7,0.0,0.0006222438050661024
33526,-7.7,1.0,0.005865073003689726
33527,-7.7,2.0,0.015156243560039721
33528,-7.7,3.0,0.02973866353223741
33529,-7.7,4.0,0.014564022593777053
33530,-7.7,5.0,0.005267803708184669
33531,-7.7,6.0,0.011215696397352854
33532,-7.7,7.0,0.021677171229689166
33533,-7.7,8.0,0.011007998589399657
33534,-7.7,9.0,0.009398318911756336
33535,-7.7,10.0,0.017267235992833568
33536,-7.7,11.0,0.008358328753392683
33537,-7.7,12.0,0.002898095712233152
33538,-7.7,13.0,0.006502479782481062
33539,-7.7,14.0,0.012865462641764117
33540,-7.7,15.0,0.006322997337308122
33541,-7.7,16.0,0.005423471824774092
33542,-7.7,17.0,0.010397882558993958
33543,-7.7,18.0,0.004789890482466029
33544,-7.7,19.0,0.0013637975219093473
33545,-7.7,20.0,0.0037451890160228518
33546,-7.7,21.0,0.007926819945636586
33547,-7.7,22.0,0.0036963478146061863
33548,-7.7,23.0,0.003186758977516176
33549,-7.7,24.0,0.006542139842605023
33550,-7.7,25.0,0.0028442689711516665
33551,-7.7,26.0,0.0005981394068239089
33552,-7.7,27.0,0.002260235095404819
33553,-7.7,28.0,0.005146870046883709
33554,-7.7,29.0,0.002295822778570042
33555,-7.7,30.0,0.0019991534298915447
33556,-7.7,31.0,0.0043515016415553495
33557,-7.7,32.0,0.00181725850860787
33558,-7.7,33.0,0.00028541685777316194
33559,-7.7,34.0,0.0014769660701763187
33560,-7.7,35.0,0.0035269732972837927
33561,-7.7,36.0,0.0015367804484233
33562,-7.7,37.0,0.0013531211585665437
33563,-7.7,38.0,0.0030405806562067155
33564,-7.7,39.0,0.001318124932503494
33565,-7.7,40.0,0.0011653910748980277
33566,-7.7,41.0,0.0026355168912344158
33567,-7.7,42.0,0.0010767301360905756
33568,-7.7,43.0,7.854691935914935e-05
33569,-7.7,44.0,5.690249312620423e-06
33570,-7.7,45.0,3.698666110586849e-06
33571,-7.7,46.0,2.7846219193721685e-06
33572,-7.7,47.0,2.0861727471187e-06
33573,-7.7,48.0,1.5546089948360267e-06
33574,-7.7,49.0,1.1523349485214177e-06
33575,-7.7,50.0,8.496162599377113e-07
33576,-7.7,51.0,6.230936476232365e-07
33577,-7.7,52.0,4.545379849276627e-07
33578,-7.7,53.0,3.29817223966566e-07
33579,-7.7,54.0,2.3804700794438195e-07
33580,-7.7,55.0,1.708985322758852e-07
33581,-7.7,56.0,1.2203941657286122e-07
33582,-7.7,57.0,8.668582298937776e-08
33583,-7.7,58.0,6.124662751051363e-08
33584,-7.7,59.0,4.3042988838035644e-08
33585,-7.7,60.0,3.008907180321037e-08
33586,-7.7,61.0,2.092190782116536e-08
33587,-7.7,62.0,1.4470378692453767e-08
33588,-7.7,63.0,9.9550770326066e-09
33589,-7.7,64.0,6.812326684395017e-09
33590,-7.7,65.0,4.63695006755267e-09
33591,-7.7,66.0,3.139463820401075e-09
33592,-7.7,67.0,2.1142904849749974e-09
33593,-7.7,68.0,1.4163152682073484e-09
33594,-7.7,69.0,9.437160191657952e-10
33595,-7.7,70.0,6.254733718915927e-10
33596,-7.7,71.0,4.123466128924462e-10
33597,-7.7,72.0,2.7039717223952505e-10
33598,-7.7,73.0,1.7637132079953654e-10
33599,-7.7,74.0,1.144299996460621e-10
33600,-7.6,-75.0,3.228133944387329e-08
33601,-7.6,-74.0,4.610531083023519e-08
33602,-7.6,-73.0,6.549927147580533e-08
33603,-7.6,-72.0,9.255674908529152e-08
33604,-7.6,-71.0,1.3009656281675541e-07
33605,-7.6,-70.0,1.818903507031402e-07
33606,-7.6,-69.0,2.529528666966328e-07
33607,-7.6,-68.0,3.4990943933460095e-07
33608,-7.6,-67.0,4.814573473266357e-07
33609,-7.6,-66.0,6.58940326095318e-07
33610,-7.6,-65.0,8.970578723343971e-07
33611,-7.6,-64.0,1.214733320891989e-06
33612,-7.6,-63.0,1.6361666453256608e-06
33613,-7.6,-62.0,2.1920993474373185e-06
33614,-7.6,-61.0,2.9213193685913597e-06
33615,-7.6,-60.0,3.87243334368689e-06
33616,-7.6,-59.0,5.1059313496962575e-06
33617,-7.6,-58.0,6.696565162444948e-06
33618,-7.6,-57.0,8.73605449684854e-06
33619,-7.6,-56.0,1.133612634023906e-05
33620,-7.6,-55.0,1.463187990279638e-05
33621,-7.6,-54.0,1.8785453581695075e-05
33622,-7.6,-53.0,2.3989950459529698e-05
33623,-7.6,-52.0,3.047355518989589e-05
33624,-7.6,-51.0,3.850374783645589e-05
33625,-7.6,-50.0,4.839148976664757e-05
33626,-7.6,-49.0,6.0495223812542266e-05
33627,-7.6,-48.0,7.522449755559413e-05
33628,-7.6,-47.0,9.304573501271847e-05
33629,-7.6,-46.0,0.0001159558974568419
33630,-7.6,-45.0,0.0002727540985399743
33631,-7.6,-44.0,0.0021370323334560463
33632,-7.6,-43.0,0.005179122733497893
33633,-7.6,-42.0,0.004396255022217125
33634,-7.6,-41.0,0.005792810831344616
33635,-7.6,-40.0,0.002712558804635076
33636,-7.6,-39.0,0.00313611743318579
33637,-7.6,-38.0,0.006804187114767065
33638,-7.6,-37.0,0.003152122874046533
33639,-7.6,-36.0,0.0010694598301712376
33640,-7.6,-35.0,0.004011823458756605
33641,-7.6,-34.0,0.008825614665932334
33642,-7.6,-33.0,0.004525976257490318
33643,-7.6,-32.0,0.005264551145966106
33644,-7.6,-31.0,0.010828198370584257
33645,-7.6,-30.0,0.00569868645990346
33646,-7.6,-29.0,0.006635234831407627
33647,-7.6,-28.0,0.013360520506608927
33648,-7.6,-27.0,0.006796482564590694
33649,-7.6,-26.0,0.00308685130183206
33650,-7.6,-25.0,0.008701744373004743
33651,-7.6,-24.0,0.01783127345068873
33652,-7.6,-23.0,0.009707532859100148
33653,-7.6,-22.0,0.011364913986122169
33654,-7.6,-21.0,0.022286177433450995
33655,-7.6,-20.0,0.011474779975606468
33656,-7.6,-19.0,0.00534038662641339
33657,-7.6,-18.0,0.014916452936831439
33658,-7.6,-17.0,0.03051614738315693
33659,-7.6,-16.0,0.016316586587428565
33660,-7.6,-15.0,0.01975771121044246
33661,-7.6,-14.0,0.039649092362105925
33662,-7.6,-13.0,0.019417434684574426
33663,-7.6,-12.0,0.008010832728610827
33664,-7.6,-11.0,0.02845882789245975
33665,-7.6,-10.0,0.0617636259315073
33666,-7.6,-9.0,0.030762792598564476
33667,-7.6,-8.0,0.039470928733611486
33668,-7.6,-7.0,0.08691922236107104
33669,-7.6,-6.0,0.038899970273529545
33670,-7.6,-5.0,0.009270476781905358
33671,-7.6,-4.0,0.023305693759224384
33672,-7.6,-3.0,0.04865314521920358
33673,-7.6,-2.0,0.023004935349062082
33674,-7.6,-1.0,0.006497715707671856
33675,-7.6,0.0,0.0006149561759055612
33676,-7.6,1.0,0.005826982923840955
33677,-7.6,2.0,0.015092360894298579
33678,-7.6,3.0,0.029632221338479932
33679,-7.6,4.0,0.01450867687215337
33680,-7.6,5.0,0.005244055335840263
33681,-7.6,6.0,0.011168860260634253
33682,-7.6,7.0,0.021588906494601132
33683,-7.6,8.0,0.010965252533024506
33684,-7.6,9.0,0.009360586218378085
33685,-7.6,10.0,0.017193244491374247
33686,-7.6,11.0,0.00832660463215367
33687,-7.6,12.0,0.002892209943320088
33688,-7.6,13.0,0.006477553382411836
33689,-7.6,14.0,0.01280694452468546
33690,-7.6,15.0,0.006298503991782954
33691,-7.6,16.0,0.005402222151040628
33692,-7.6,17.0,0.010348085718093787
33693,-7.6,18.0,0.004770976479828802
33694,-7.6,19.0,0.0013635022312250265
33695,-7.6,20.0,0.0037298715840020963
33696,-7.6,21.0,0.00788568711346501
33697,-7.6,22.0,0.0036799273846093183
33698,-7.6,23.0,0.003172252425845258
33699,-7.6,24.0,0.006505957223754101
33700,-7.6,25.0,0.0028306395343647515
33701,-7.6,26.0,0.000598024585489935
33702,-7.6,27.0,0.002248722517214163
33703,-7.6,28.0,0.005116018531224929
33704,-7.6,29.0,0.0022831795291227337
33705,-7.6,30.0,0.0019878210274990706
33706,-7.6,31.0,0.004324018111215148
33707,-7.6,32.0,0.00180650940793375
33708,-7.6,33.0,0.00028470037367461846
33709,-7.6,34.0,0.0014677717557303844
33710,-7.6,35.0,0.0035034078136242093
33711,-7.6,36.0,0.0015268210618978582
33712,-7.6,37.0,0.001344155697485897
33713,-7.6,38.0,0.0030195911729715566
33714,-7.6,39.0,0.0013091844185777616
33715,-7.6,40.0,0.0011573368723167277
33716,-7.6,41.0,0.0026168471722739103
33717,-7.6,42.0,0.0010691907261789744
33718,-7.6,43.0,7.812775722125614e-05
33719,-7.6,44.0,5.7619131721211534e-06
33720,-7.6,45.0,3.759306319832767e-06
33721,-7.6,46.0,2.8318105336593763e-06
33722,-7.6,47.0,2.1226555917966383e-06
33723,-7.6,48.0,1.5826386577696822e-06
33724,-7.6,49.0,1.1737366570061871e-06
33725,-7.6,50.0,8.65856860546156e-07
33726,-7.6,51.0,6.353425939967142e-07
33727,-7.6,52.0,4.637203962886197e-07
33728,-7.6,53.0,3.366593814472449e-07
33729,-7.6,54.0,2.4311485344362587e-07
33730,-7.6,55.0,1.7462984941759294e-07
33731,-7.6,56.0,1.2477042430132165e-07
33732,-7.6,57.0,8.867291596372629e-08
33733,-7.6,58.0,6.26839678035314e-08
33734,-7.6,59.0,4.4076602023650765e-08
33735,-7.6,60.0,3.082803645630741e-08
33736,-7.6,61.0,2.1447157713251724e-08
33737,-7.6,62.0,1.4841566631660754e-08
33738,-7.6,63.0,1.0215881881769256e-08
33739,-7.6,64.0,6.994522845694083e-09
33740,-7.6,65.0,4.7635029099684735e-09
33741,-7.6,66.0,3.22686567338918e-09
33742,-7.6,67.0,2.174309928664479e-09
33743,-7.6,68.0,1.4572971641602103e-09
33744,-7.6,69.0,9.715404766824511e-10
33745,-7.6,70.0,6.442579502158842e-10
33746,-7.6,71.0,4.249567988859939e-10
33747,-7.6,72.0,2.788148397762504e-10
33748,-7.6,73.0,1.819588134276287e-10
33749,-7.6,74.0,1.1811808972407e-10
33750,-7.5,-75.0,3.13447017894639e-08
33751,-7.5,-74.0,4.47914311868139e-08
33752,-7.5,-73.0,6.366662727909652e-08
33753,-7.5,-72.0,9.00149937895028e-08
33754,-7.5,-71.0,1.265913336956079e-07
33755,-7.5,-70.0,1.7708395069044102e-07
33756,-7.5,-69.0,2.4639990549763345e-07
33757,-7.5,-68.0,3.410263830974016e-07
33758,-7.5,-67.0,4.6948479174236827e-07
33759,-7.5,-66.0,6.428966837709656e-07
33760,-7.5,-65.0,8.756830634626767e-07
33761,-7.5,-64.0,1.1864209917049906e-06
33762,-7.5,-63.0,1.5988834301135089e-06
33763,-7.5,-62.0,2.1432897590850977e-06
33764,-7.5,-61.0,2.8577950749359834e-06
33765,-7.5,-60.0,3.7902458904905455e-06
33766,-7.5,-59.0,5.000227855317794e-06
33767,-7.5,-58.0,6.561427164194053e-06
33768,-7.5,-57.0,8.56432100251999e-06
33769,-7.5,-56.0,1.1119203254014605e-05
33770,-7.5,-55.0,1.4359539368590331e-05
33771,-7.5,-54.0,1.8445628423990434e-05
33772,-7.5,-53.0,2.3568530791629103e-05
33773,-7.5,-52.0,2.9954196373025515e-05
33774,-7.5,-51.0,3.7867701258072067e-05
33775,-7.5,-50.0,4.761747028405832e-05
33776,-7.5,-49.0,5.9559330071332635e-05
33777,-7.5,-48.0,7.41002036055307e-05
33778,-7.5,-47.0,9.170397711251579e-05
33779,-7.5,-46.0,0.00011436718546616562
33780,-7.5,-45.0,0.00027105347099209596
33781,-7.5,-44.0,0.002137396151159028
33782,-7.5,-43.0,0.00518302032466608
33783,-7.5,-42.0,0.004398444608402001
33784,-7.5,-41.0,0.0057959397917544606
33785,-7.5,-40.0,0.0027114877787687837
33786,-7.5,-39.0,0.0031344974889528435
33787,-7.5,-38.0,0.006805531405740368
33788,-7.5,-37.0,0.0031493014039103272
33789,-7.5,-36.0,0.0010639178452338104
33790,-7.5,-35.0,0.0040075635340313534
33791,-7.5,-34.0,0.008823929337447954
33792,-7.5,-33.0,0.004520842204345999
33793,-7.5,-32.0,0.005258362199654132
33794,-7.5,-31.0,0.01082360482654785
33795,-7.5,-30.0,0.0056917853271367036
33796,-7.5,-29.0,0.006626999164826911
33797,-7.5,-28.0,0.01335239108412772
33798,-7.5,-27.0,0.006788359420608273
33799,-7.5,-26.0,0.003078765501592213
33800,-7.5,-25.0,0.008691064662891006
33801,-7.5,-24.0,0.01781645045955658
33802,-7.5,-23.0,0.009698163605943548
33803,-7.5,-22.0,0.011351930260189567
33804,-7.5,-21.0,0.022262338062510288
33805,-7.5,-20.0,0.011465500983334638
33806,-7.5,-19.0,0.005339776589179139
33807,-7.5,-18.0,0.014896251757669432
33808,-7.5,-17.0,0.030463309447859008
33809,-7.5,-16.0,0.01629842495019312
33810,-7.5,-15.0,0.019716408085607474
33811,-7.5,-14.0,0.03953643029962077
33812,-7.5,-13.0,0.019384269740978767
33813,-7.5,-12.0,0.008016997851052117
33814,-7.5,-11.0,0.028290838088570955
33815,-7.5,-10.0,0.061317173745034384
33816,-7.5,-9.0,0.03067622775547881
33817,-7.5,-8.0,0.04059777622338814
33818,-7.5,-7.0,0.08807221069405126
33819,-7.5,-6.0,0.03933109250556379
33820,-7.5,-5.0,0.009239893996161763
33821,-7.5,-4.0,0.023237530112406354
33822,-7.5,-3.0,0.04857579434603253
33823,-7.5,-2.0,0.022945037360751798
33824,-7.5,-1.0,0.0064506264342136495
33825,-7.5,0.0,0.0006074545746569334
33826,-7.5,1.0,0.0057860389597487235
33827,-7.5,2.0,0.015021424260457267
33828,-7.5,3.0,0.029512160729434047
33829,-7.5,4.0,0.014446517504236383
33830,-7.5,5.0,0.005217659071225507
33831,-7.5,6.0,0.01111668912867789
33832,-7.5,7.0,0.021490593522245773
33833,-7.5,8.0,0.010917282569780659
33834,-7.5,9.0,0.009318372053337007
33835,-7.5,10.0,0.01711124855729369
33836,-7.5,11.0,0.008290901696501539
33837,-7.5,12.0,0.002884818813142563
33838,-7.5,13.0,0.006449529934550329
33839,-7.5,14.0,0.012742505730064246
33840,-7.5,15.0,0.006271034203388723
33841,-7.5,16.0,0.005378423192636023
33842,-7.5,17.0,0.010293546954886195
33843,-7.5,18.0,0.004749830680248141
33844,-7.5,19.0,0.0013625135113930777
33845,-7.5,20.0,0.0037128237381169812
33846,-7.5,21.0,0.007840990303515257
33847,-7.5,22.0,0.003661822768831857
33848,-7.5,23.0,0.0031563009923493974
33849,-7.5,24.0,0.006466864098058564
33850,-7.5,25.0,0.002815732283353677
33851,-7.5,26.0,0.0005976255770390532
33852,-7.5,27.0,0.002236205032571358
33853,-7.5,28.0,0.005082904958796252
33854,-7.5,29.0,0.0022695238594925902
33855,-7.5,30.0,0.0019756113732991216
33856,-7.5,31.0,0.004294635805649252
33857,-7.5,32.0,0.0017949663664396922
33858,-7.5,33.0,0.0002838582244150208
33859,-7.5,34.0,0.0014579368451962567
33860,-7.5,35.0,0.0034783144119475058
33861,-7.5,36.0,0.0015161964184959348
33862,-7.5,37.0,0.0013346065460757563
33863,-7.5,38.0,0.0029972898738544326
33864,-7.5,39.0,0.001299675809723434
33865,-7.5,40.0,0.0011487819394443404
33866,-7.5,41.0,0.002597044270381666
33867,-7.5,42.0,0.0010611887635981283
33868,-7.5,43.0,7.767545614266939e-05
33869,-7.5,44.0,5.8317084916485265e-06
33870,-7.5,45.0,3.818856438233398e-06
33871,-7.5,46.0,2.8782271955820174e-06
33872,-7.5,47.0,2.1585977621693635e-06
33873,-7.5,48.0,1.6102944032756995e-06
33874,-7.5,49.0,1.1948833843987612e-06
33875,-7.5,50.0,8.819263276223973e-07
33876,-7.5,51.0,6.474787763651161e-07
33877,-7.5,52.0,4.728301168410247e-07
33878,-7.5,53.0,3.434559358512575e-07
33879,-7.5,54.0,2.4815508321509816e-07
33880,-7.5,55.0,1.783452478609227e-07
33881,-7.5,56.0,1.274929283935574e-07
33882,-7.5,57.0,9.065605556806195e-08
33883,-7.5,58.0,6.412002650518188e-08
33884,-7.5,59.0,4.5110403022490675e-08
33885,-7.5,60.0,3.156791162372653e-08
33886,-7.5,61.0,2.1973595291203904e-08
33887,-7.5,62.0,1.5213968420592542e-08
33888,-7.5,63.0,1.0477797859706019e-08
33889,-7.5,64.0,7.177672432635148e-09
33890,-7.5,65.0,4.890838984683412e-09
33891,-7.5,66.0,3.3148906492591677e-09
33892,-7.5,67.0,2.234812837946145e-09
33893,-7.5,68.0,1.498646547148737e-09
33894,-7.5,69.0,9.9963944762523e-10
33895,-7.5,70.0,6.632445080102098e-10
33896,-7.5,71.0,4.377136065839027e-10
33897,-7.5,72.0,2.873376526630286e-10
33898,-7.5,73.0,1.8762086753472784e-10
33899,-7.5,74.0,1.21858505513501e-10
33900,-7.4,-75.0,3.042375738580909e-08
33901,-7.4,-74.0,4.349857555540183e-08
33902,-7.4,-73.0,6.186191061486939e-08
33903,-7.4,-72.0,8.751000937845247e-08
33904,-7.4,-71.0,1.231340712843324e-07
33905,-7.4,-70.0,1.7233951063763324e-07
33906,-7.4,-69.0,2.399261467323057e-07
33907,-7.4,-68.0,3.3224343674202785e-07
33908,-7.4,-67.0,4.5763723111159064e-07
33909,-7.4,-66.0,6.270070089492405e-07
33910,-7.4,-65.0,8.544950463662909e-07
33911,-7.4,-64.0,1.1583313503166167e-06
33912,-7.4,-63.0,1.5618602768528135e-06
33913,-7.4,-62.0,2.094776320058567e-06
33914,-7.4,-61.0,2.794597329506897e-06
33915,-7.4,-60.0,3.708403062511335e-06
33916,-7.4,-59.0,4.894865128684155e-06
33917,-7.4,-58.0,6.426590626818063e-06
33918,-7.4,-57.0,8.392795673604373e-06
33919,-7.4,-56.0,1.0902316144841275e-05
33920,-7.4,-55.0,1.4086950884987922e-05
33921,-7.4,-54.0,1.810511704657128e-05
33922,-7.4,-53.0,2.3145777860464113e-05
33923,-7.4,-52.0,2.9432579930543673e-05
33924,-7.4,-51.0,3.722811021873096e-05
33925,-7.4,-50.0,4.68381526265355e-05
33926,-7.4,-49.0,5.86157911845026e-05
33927,-7.4,-48.0,7.296517322985732e-05
33928,-7.4,-47.0,9.034746803855761e-05
33929,-7.4,-46.0,0.00011275810756479375
33930,-7.4,-45.0,0.00026928433152787504
33931,-7.4,-44.0,0.0021371013181095814
33932,-7.4,-43.0,0.005185295180481531
33933,-7.4,-42.0,0.004399261465471682
33934,-7.4,-41.0,0.005797254266339726
33935,-7.4,-40.0,0.0027095791493076645
33936,-7.4,-39.0,0.003131906362773612
33937,-7.4,-38.0,0.006804742067669584
33938,-7.4,-37.0,0.003145499659700385
33939,-7.4,-36.0,0.0010580512962303798
33940,-7.4,-35.0,0.004002046426413009
33941,-7.4,-34.0,0.008819462508840211
33942,-7.4,-33.0,0.004514274207919329
33943,-7.4,-32.0,0.005250501748753704
33944,-7.4,-31.0,0.010815582275421563
33945,-7.4,-30.0,0.005683051453983904
33946,-7.4,-29.0,0.006616630962791112
33947,-7.4,-28.0,0.013340016783165145
33948,-7.4,-27.0,0.006778016749505397
33949,-7.4,-26.0,0.0030695970611061777
33950,-7.4,-25.0,0.008677560483272248
33951,-7.4,-24.0,0.01779598208214837
33952,-7.4,-23.0,0.009685617633250085
33953,-7.4,-22.0,0.01133528698363217
33954,-7.4,-21.0,0.022231546038007387
33955,-7.4,-20.0,0.011452485128946702
33956,-7.4,-19.0,0.005337259788967778
33957,-7.4,-18.0,0.014871442927224357
33958,-7.4,-17.0,0.0304014667776832
33959,-7.4,-16.0,0.01627526273342359
33960,-7.4,-15.0,0.019669587015314467
33961,-7.4,-14.0,0.03941337792714539
33962,-7.4,-13.0,0.01934568517089387
33963,-7.4,-12.0,0.008020904106550606
33964,-7.4,-11.0,0.028120539007927582
33965,-7.4,-10.0,0.06086808069840558
33966,-7.4,-9.0,0.030594466050123403
33967,-7.4,-8.0,0.04182780633036813
33968,-7.4,-7.0,0.08937772695922606
33969,-7.4,-6.0,0.03982237644424693
33970,-7.4,-5.0,0.009209696621327285
33971,-7.4,-4.0,0.02315682427020952
33972,-7.4,-3.0,0.04847230940570305
33973,-7.4,-2.0,0.022872584756290542
33974,-7.4,-1.0,0.006399711808306956
33975,-7.4,0.0,0.000599662427156518
33976,-7.4,1.0,0.0057414771542055555
33977,-7.4,2.0,0.014941386365768104
33978,-7.4,3.0,0.029374424182058146
33979,-7.4,4.0,0.014375565187895093
33980,-7.4,5.0,0.005187907973702765
33981,-7.4,6.0,0.011057665349063557
33982,-7.4,7.0,0.02137929083300262
33983,-7.4,8.0,0.010862592143862473
33984,-7.4,9.0,0.00927040066629377
33985,-7.4,10.0,0.01701891050019866
33986,-7.4,11.0,0.008250081332864815
33987,-7.4,12.0,0.0028755186278976437
33988,-7.4,13.0,0.006417523603347319
33989,-7.4,14.0,0.012670409550909475
33990,-7.4,15.0,0.006239726576521481
33991,-7.4,16.0,0.005351336349312343
33992,-7.4,17.0,0.01023286670652096
33993,-7.4,18.0,0.004725800793361192
33994,-7.4,19.0,0.001360636042260485
33995,-7.4,20.0,0.003693536219120049
33996,-7.4,21.0,0.007791668030707165
33997,-7.4,22.0,0.003641533706957149
33998,-7.4,23.0,0.003138473958737495
33999,-7.4,24.0,0.0064239884155337474
34000,-7.4,25.0,0.0027991640451290297
34001,-7.4,26.0,0.0005968565067447938
34002,-7.4,27.0,0.0022223793686282998
34003,-7.4,28.0,0.0050468476382862035
34004,-7.4,29.0,0.0022545495362041416
34005,-7.4,30.0,0.001962258387383364
34006,-7.4,31.0,0.004262780967417702
34007,-7.4,32.0,0.0017823883743661832
34008,-7.4,33.0,0.00028285068925389015
34009,-7.4,34.0,0.0014472663025789899
34010,-7.4,35.0,0.003451230434918606
34011,-7.4,36.0,0.001504704339182576
34012,-7.4,37.0,0.001324296042943349
34013,-7.4,38.0,0.002973279140974645
34014,-7.4,39.0,0.0012894264342928916
34015,-7.4,40.0,0.001139573881320089
34016,-7.4,41.0,0.002575764402442659
34017,-7.4,42.0,0.0010525836334445047
34018,-7.4,43.0,7.717951527217359e-05
34019,-7.4,44.0,5.898685971145063e-06
34020,-7.4,45.0,3.876674306272212e-06
34021,-7.4,46.0,2.9233863446924565e-06
34022,-7.4,47.0,2.1936340105505443e-06
34023,-7.4,48.0,1.6373029929859534e-06
34024,-7.4,49.0,1.215571846278377e-06
34025,-7.4,50.0,8.976742524675025e-07
34026,-7.4,51.0,6.593915204991808e-07
34027,-7.4,52.0,4.817861581509412e-07
34028,-7.4,53.0,3.5014794846133757e-07
34029,-7.4,54.0,2.5312504149080853e-07
34030,-7.4,55.0,1.8201402661033228e-07
34031,-7.4,56.0,1.3018495415090635e-07
34032,-7.4,57.0,9.261959998151259e-08
34033,-7.4,58.0,6.554373116645147e-08
34034,-7.4,59.0,4.613659730128236e-08
34035,-7.4,60.0,3.2303240674571234e-08
34036,-7.4,61.0,2.2497421767440346e-08
34037,-7.4,62.0,1.558495409841598e-08
34038,-7.4,63.0,1.0739014313567367e-08
34039,-7.4,64.0,7.36053579125939e-09
34040,-7.4,65.0,5.018114291078194e-09
34041,-7.4,66.0,3.4029673224880037e-09
34042,-7.4,67.0,2.2954144894680066e-09
34043,-7.4,68.0,1.5401058402946703e-09
34044,-7.4,69.0,1.02784144472654e-09
34045,-7.4,70.0,6.823195126406283e-10
34046,-7.4,71.0,4.5054229300727446e-10
34047,-7.4,72.0,2.95916680603451e-10
34048,-7.4,73.0,1.933256308936937e-10
34049,-7.4,74.0,1.2563062871292077e-10
34050,-7.3,-75.0,2.9516311983532635e-08
34051,-7.3,-74.0,4.2223639760776434e-08
34052,-7.3,-73.0,6.008075072040915e-08
34053,-7.3,-72.0,8.503567063473759e-08
34054,-7.3,-71.0,1.197162319805359e-07
34055,-7.3,-70.0,1.6764516965711246e-07
34056,-7.3,-69.0,2.3351520146264553e-07
34057,-7.3,-68.0,3.2353806088008274e-07
34058,-7.3,-67.0,4.4588381290464673e-07
34059,-7.3,-66.0,6.11229268104416e-07
34060,-7.3,-65.0,8.334368235566873e-07
34061,-7.3,-64.0,1.1303874715732467e-06
34062,-7.3,-63.0,1.524993854431373e-06
34063,-7.3,-62.0,2.0464208836009454e-06
34064,-7.3,-61.0,2.7315423120384546e-06
34065,-7.3,-60.0,3.6266614236778714e-06
34066,-7.3,-59.0,4.7895223134937164e-06
34067,-7.3,-58.0,6.291634663700844e-06
34068,-7.3,-57.0,8.220929041438148e-06
34069,-7.3,-56.0,1.068475111172076e-05
34070,-7.3,-55.0,1.3813191362287225e-05
34071,-7.3,-54.0,1.7762731620340266e-05
34072,-7.3,-53.0,2.2720170554239212e-05
34073,-7.3,-52.0,2.8906767396614442e-05
34074,-7.3,-51.0,3.658251640357839e-05
34075,-7.3,-50.0,4.605043443904289e-05
34076,-7.3,-49.0,5.7660711211974534e-05
34077,-7.3,-48.0,7.181453796596315e-05
34078,-7.3,-47.0,8.897015384477653e-05
34079,-7.3,-46.0,0.00011112105008368393
34080,-7.3,-45.0,0.00026742643240294404
34081,-7.3,-44.0,0.002135973100251982
34082,-7.3,-43.0,0.005185520272997276
34083,-7.3,-42.0,0.004398344499258971
34084,-7.3,-41.0,0.00579627818945752
34085,-7.3,-40.0,0.002706613166219033
34086,-7.3,-39.0,0.003128090485715745
34087,-7.3,-38.0,0.006801262895918735
34088,-7.3,-37.0,0.0031404644058068815
34089,-7.3,-36.0,0.0010517801884859697
34090,-7.3,-35.0,0.003994950702721296
34091,-7.3,-34.0,0.008811497104655633
34092,-7.3,-33.0,0.004505910208270132
34093,-7.3,-32.0,0.005240548818416279
34094,-7.3,-31.0,0.010803253997005435
34095,-7.3,-30.0,0.005672029546812038
34096,-7.3,-29.0,0.006603600085913316
34097,-7.3,-28.0,0.013322318459010489
34098,-7.3,-27.0,0.006764911273546502
34099,-7.3,-26.0,0.0030591054658860267
34100,-7.3,-25.0,0.008660535603024357
34101,-7.3,-24.0,0.017768431013756355
34102,-7.3,-23.0,0.009669114771558613
34103,-7.3,-22.0,0.011314071760537319
34104,-7.3,-21.0,0.022192007814441795
34105,-7.3,-20.0,0.011434806157342143
34106,-7.3,-19.0,0.005332401085217806
34107,-7.3,-18.0,0.014840825688236648
34108,-7.3,-17.0,0.030328172737668687
34109,-7.3,-16.0,0.016245779646124045
34110,-7.3,-15.0,0.019615654750142705
34111,-7.3,-14.0,0.039276762502560875
34112,-7.3,-13.0,0.019300104913410204
34113,-7.3,-12.0,0.008021856144773307
34114,-7.3,-11.0,0.02794536829691995
34115,-7.3,-10.0,0.060410792438184285
34116,-7.3,-9.0,0.030517375964234518
34117,-7.3,-8.0,0.04319665848421445
34118,-7.3,-7.0,0.09089430710965524
34119,-7.3,-6.0,0.040396932388794465
34120,-7.3,-5.0,0.00918003855678639
34121,-7.3,-4.0,0.02305833343386024
34122,-7.3,-3.0,0.04833153932026738
34123,-7.3,-2.0,0.02278235998706287
34124,-7.3,-1.0,0.006343569272444607
34125,-7.3,0.0,0.0005914528273265961
34126,-7.3,1.0,0.005692034415725589
34127,-7.3,2.0,0.014848875983233766
34128,-7.3,3.0,0.029212337530515473
34129,-7.3,4.0,0.014292562927151909
34130,-7.3,5.0,0.005153637408038494
34131,-7.3,6.0,0.010989291734350913
34132,-7.3,7.0,0.02125016027430651
34133,-7.3,8.0,0.010798720212432463
34134,-7.3,9.0,0.009214574135204835
34135,-7.3,10.0,0.016912385291072612
34136,-7.3,11.0,0.008202271976362628
34137,-7.3,12.0,0.002863647392885457
34138,-7.3,13.0,0.006380078588635644
34139,-7.3,14.0,0.012587799171120954
34140,-7.3,15.0,0.006203165541391292
34141,-7.3,16.0,0.0053197478941365665
34142,-7.3,17.0,0.010163742274370186
34143,-7.3,18.0,0.004697814942875457
34144,-7.3,19.0,0.0013575505419195085
34145,-7.3,20.0,0.0036711721188769277
34146,-7.3,21.0,0.007735973029878948
34147,-7.3,22.0,0.003618237666626056
34148,-7.3,23.0,0.0031180630571250433
34149,-7.3,24.0,0.0063758940872219476
34150,-7.3,25.0,0.0027803045070507715
34151,-7.3,26.0,0.0005955770124926285
34152,-7.3,27.0,0.0022067464480223903
34153,-7.3,28.0,0.005006723240634428
34154,-7.3,29.0,0.002237752290206939
34155,-7.3,30.0,0.0019473238268634548
34156,-7.3,31.0,0.004227507698966899
34157,-7.3,32.0,0.0017683783275137311
34158,-7.3,33.0,0.00028161261904004594
34159,-7.3,34.0,0.0014354386351242451
34160,-7.3,35.0,0.003421392758526628
34161,-7.3,36.0,0.001492011430914431
34162,-7.3,37.0,0.0013129311686529642
34163,-7.3,38.0,0.0029469029344527933
34164,-7.3,39.0,0.001278151438939337
34165,-7.3,40.0,0.0011294612533895767
34166,-7.3,41.0,0.0025524402200738285
34167,-7.3,42.0,0.0010431432988360092
34168,-7.3,43.0,7.662263784350455e-05
34169,-7.3,44.0,5.961304844619221e-06
34170,-7.3,45.0,3.9317193877386645e-06
34171,-7.3,46.0,2.966500795094369e-06
34172,-7.3,47.0,2.2271718593015227e-06
34173,-7.3,48.0,1.6632209147159307e-06
34174,-7.3,49.0,1.2354718428163295e-06
34175,-7.3,50.0,9.128561318038385e-07
34176,-7.3,51.0,6.709007619533379e-07
34177,-7.3,52.0,4.904566321214998e-07
34178,-7.3,53.0,3.566393429242343e-07
34179,-7.3,54.0,2.579551201948488e-07
34180,-7.3,55.0,1.855860283949588e-07
34181,-7.3,56.0,1.3281055659256619e-07
34182,-7.3,57.0,9.453792964561178e-08
34183,-7.3,58.0,6.693692107067897e-08
34184,-7.3,59.0,4.714238158120348e-08
34185,-7.3,60.0,3.302504652642285e-08
34186,-7.3,61.0,2.3012377148124598e-08
34187,-7.3,62.0,1.595018220155109e-08
34188,-7.3,63.0,1.0996536767310122e-08
34189,-7.3,64.0,7.54105879694389e-09
34190,-7.3,65.0,5.143927459149772e-09
34191,-7.3,66.0,3.490144874359444e-09
34192,-7.3,67.0,2.355473289264479e-09
34193,-7.3,68.0,1.581244478124111e-09
34194,-7.3,69.0,1.0558591034150758e-09
34195,-7.3,70.0,7.012922244437687e-10
34196,-7.3,71.0,4.6331694787111237e-10
34197,-7.3,72.0,3.0446926416631684e-10
34198,-7.3,73.0,1.990191358936856e-10
34199,-7.3,74.0,1.2939941787241972e-10
34200,-7.2,-75.0,2.861830421780406e-08
34201,-7.2,-74.0,4.096084060655432e-08
34202,-7.2,-73.0,5.831495340963274e-08
34203,-7.2,-72.0,8.258042482892831e-08
34204,-7.2,-71.0,1.1632160876915856e-07
34205,-7.2,-70.0,1.6297830425445445e-07
34206,-7.2,-69.0,2.271356463061277e-07
34207,-7.2,-68.0,3.148668263978718e-07
34208,-7.2,-67.0,4.3416481409498115e-07
34209,-7.2,-66.0,5.954817403051967e-07
34210,-7.2,-65.0,8.123971314227355e-07
34211,-7.2,-64.0,1.1024386257616972e-06
34212,-7.2,-63.0,1.488080988976654e-06
34213,-7.2,-62.0,1.997950955453643e-06
34214,-7.2,-61.0,2.6682663885296997e-06
34215,-7.2,-60.0,3.5445381528909546e-06
34216,-7.2,-59.0,4.683561558351368e-06
34217,-7.2,-58.0,6.1557208559129085e-06
34218,-7.2,-57.0,8.047624608572945e-06
34219,-7.2,-56.0,1.0465081378752714e-05
34220,-7.2,-55.0,1.3536413651088277e-05
34221,-7.2,-54.0,1.7416092880042928e-05
34222,-7.2,-53.0,2.2288659751751587e-05
34223,-7.2,-52.0,2.837287106128887e-05
34224,-7.2,-51.0,3.592598811224608e-05
34225,-7.2,-50.0,4.524809158016099e-05
34226,-7.2,-49.0,5.6686274983861106e-05
34227,-7.2,-48.0,7.063853511604529e-05
34228,-7.2,-47.0,8.755990104774605e-05
34229,-7.2,-46.0,0.00010944077728084072
34230,-7.2,-45.0,0.0002654403985286332
34231,-7.2,-44.0,0.0021336787923036315
34232,-7.2,-43.0,0.005182883941701316
34233,-7.2,-42.0,0.004395006803695653
34234,-7.2,-41.0,0.005792106050889083
34235,-7.2,-40.0,0.0027021705229738724
34236,-7.2,-39.0,0.0031225658197962694
34237,-7.2,-38.0,0.006794034723654502
34238,-7.2,-37.0,0.003133711517404797
34239,-7.2,-36.0,0.0010449490148315527
34240,-7.2,-35.0,0.003985661519967652
34241,-7.2,-34.0,0.008798665851520476
34242,-7.2,-33.0,0.004495057391001622
34243,-7.2,-32.0,0.005227697855913047
34244,-7.2,-31.0,0.010784947176854102
34245,-7.2,-30.0,0.00565784822835333
34246,-7.2,-29.0,0.0065868920566572895
34247,-7.2,-28.0,0.013297236292950453
34248,-7.2,-27.0,0.006748003535503006
34249,-7.2,-26.0,0.003046827838979542
34250,-7.2,-25.0,0.00863865865442412
34251,-7.2,-24.0,0.017731053576660282
34252,-7.2,-23.0,0.009647164812610966
34253,-7.2,-22.0,0.011286542017472975
34254,-7.2,-21.0,0.02214030014580659
34255,-7.2,-20.0,0.011410697370900252
34256,-7.2,-19.0,0.005324372461578756
34257,-7.2,-18.0,0.014802111194678261
34258,-7.2,-17.0,0.030238760509491276
34259,-7.2,-16.0,0.016207462649336014
34260,-7.2,-15.0,0.019551584825044634
34261,-7.2,-14.0,0.03912055191325352
34262,-7.2,-13.0,0.01924453976783246
34263,-7.2,-12.0,0.008018565697876064
34264,-7.2,-11.0,0.027760787716643923
34265,-7.2,-10.0,0.05993554753620969
34266,-7.2,-9.0,0.0304449557055644
34267,-7.2,-8.0,0.04477081742156308
34268,-7.2,-7.0,0.0927328916531035
34269,-7.2,-6.0,0.0410985471186684
34270,-7.2,-5.0,0.00915119089563542
34271,-7.2,-4.0,0.022932099429639786
34272,-7.2,-3.0,0.04813232651670356
34273,-7.2,-2.0,0.02266445668811988
34274,-7.2,-1.0,0.006279527232782161
34275,-7.2,0.0,0.0005825836501213294
34276,-7.2,1.0,0.0056353086316050256
34277,-7.2,2.0,0.014737507140487067
34278,-7.2,3.0,0.02901327177524196
34279,-7.2,4.0,0.014191345173338496
34280,-7.2,5.0,0.0051126398331006045
34281,-7.2,6.0,0.010906840434404657
34282,-7.2,7.0,0.021094045431557098
34283,-7.2,8.0,0.010721009893646589
34284,-7.2,9.0,0.009146922459534568
34285,-7.2,10.0,0.01678439546488682
34286,-7.2,11.0,0.00814393345512337
34287,-7.2,12.0,0.002847955625470778
34288,-7.2,13.0,0.006334441489057361
34289,-7.2,14.0,0.01248926666261077
34290,-7.2,15.0,0.006158673916726717
34291,-7.2,16.0,0.0052813624144517094
34292,-7.2,17.0,0.010081813703802971
34293,-7.2,18.0,0.004663846035189042
34294,-7.2,19.0,0.001352656226135507
34295,-7.2,20.0,0.003644148560693331
34296,-7.2,21.0,0.007670595488043302
34297,-7.2,22.0,0.003590378229319663
34298,-7.2,23.0,0.0030937279353352334
34299,-7.2,24.0,0.0063198595623103326
34300,-7.2,25.0,0.0027579604418440508
34301,-7.2,26.0,0.0005935230482562105
34302,-7.2,27.0,0.002188361116934427
34303,-7.2,28.0,0.004960401595474097
34304,-7.2,29.0,0.0022181765540697793
34305,-7.2,30.0,0.0019299770667625057
34306,-7.2,31.0,0.004187021497102747
34307,-7.2,32.0,0.0017521832947434523
34308,-7.2,33.0,0.00028002106087962055
34309,-7.2,34.0,0.0014218440175497895
34310,-7.2,35.0,0.0033873528998463187
34311,-7.2,36.0,0.0014774850575917488
34312,-7.2,37.0,0.0012999557927776664
34313,-7.2,38.0,0.002916915656295563
34314,-7.2,39.0,0.0012653100699070996
34315,-7.2,40.0,0.0011179666446727728
34316,-7.2,41.0,0.002525994265710216
34317,-7.2,42.0,0.0010324271411504735
34318,-7.2,43.0,7.597204565633587e-05
34319,-7.2,44.0,6.016695159729377e-06
34320,-7.2,45.0,3.982058059897018e-06
34321,-7.2,46.0,3.0061074588618976e-06
34322,-7.2,47.0,2.2581098497715213e-06
34323,-7.2,48.0,1.6872234097945497e-06
34324,-7.2,49.0,1.2539691232732995e-06
34325,-7.2,50.0,9.270169525569127e-07
34326,-7.2,51.0,6.816712569124223e-07
34327,-7.2,52.0,4.98595866713105e-07
34328,-7.2,53.0,3.627510553074186e-07
34329,-7.2,54.0,2.625155065852952e-07
34330,-7.2,55.0,1.889676517274521e-07
34331,-7.2,56.0,1.3530260770257374e-07
34332,-7.2,57.0,9.636316171726561e-08
34333,-7.2,58.0,6.826562504585359e-08
34334,-7.2,59.0,4.810378437135513e-08
34335,-7.2,60.0,3.3716505037943206e-08
34336,-7.2,61.0,2.35067172301973e-08
34337,-7.2,62.0,1.6301498810679883e-08
34338,-7.2,63.0,1.1244734540043577e-08
34339,-7.2,64.0,7.715374161845897e-09
34340,-7.2,65.0,5.265636672779513e-09
34341,-7.2,66.0,3.574628370384726e-09
34342,-7.2,67.0,2.413776284349372e-09
34343,-7.2,68.0,1.6212472157240248e-09
34344,-7.2,69.0,1.0831474438965297e-09
34345,-7.2,70.0,7.198003000815171e-10
34346,-7.2,71.0,4.757979599635641e-10
34347,-7.2,72.0,3.12837809106406e-10
34348,-7.2,73.0,2.0459829187470932e-10
34349,-7.2,74.0,1.3309780066006e-10
34350,-7.1,-75.0,2.7719840751266583e-08
34351,-7.1,-74.0,3.96960308956372e-08
34352,-7.1,-73.0,5.654439301676328e-08
34353,-7.1,-72.0,8.011578925067426e-08
34354,-7.1,-71.0,1.1291009997790671e-07
34355,-7.1,-70.0,1.5828274595305618e-07
34356,-7.1,-69.0,2.2070921571154186e-07
34357,-7.1,-68.0,3.061212418944617e-07
34358,-7.1,-67.0,4.223306230191377e-07
34359,-7.1,-66.0,5.795591771288589e-07
34360,-7.1,-65.0,7.910958544244623e-07
34361,-7.1,-64.0,1.0741045041377418e-06
34362,-7.1,-63.0,1.4506080203427072e-06
34363,-7.1,-62.0,1.9486763679905097e-06
34364,-7.1,-61.0,2.6038470488650594e-06
34365,-7.1,-60.0,3.460806590149942e-06
34366,-7.1,-59.0,4.575360259614855e-06
34367,-7.1,-58.0,6.01671402333655e-06
34368,-7.1,-57.0,7.870087328377542e-06
34369,-7.1,-56.0,1.02396671695282e-05
34370,-7.1,-55.0,1.3251902660261566e-05
34371,-7.1,-54.0,1.7059124600798206e-05
34372,-7.1,-53.0,2.1843456042852716e-05
34373,-7.1,-52.0,2.7820957456233175e-05
34374,-7.1,-51.0,3.524592386696286e-05
34375,-7.1,-50.0,4.441522156869004e-05
34376,-7.1,-49.0,5.567251931782548e-05
34377,-7.1,-48.0,6.941223511188414e-05
34378,-7.1,-47.0,8.608574020392315e-05
34379,-7.1,-46.0,0.0001076784465512585
34380,-7.1,-45.0,0.0002632278930784585
34381,-7.1,-44.0,0.0021294005335258594
34382,-7.1,-43.0,0.005175393634687354
34383,-7.1,-42.0,0.004387561015334294
34384,-7.1,-41.0,0.005782513680746045
34385,-7.1,-40.0,0.002695218802907796
34386,-7.1,-39.0,0.0031141401728885425
34387,-7.1,-38.0,0.006780453611757474
34388,-7.1,-37.0,0.0031240472266398584
34389,-7.1,-36.0,0.0010371694948769791
34390,-7.1,-35.0,0.003972662093333593
34391,-7.1,-34.0,0.008777603906509092
34392,-7.1,-33.0,0.004480006097216749
34393,-7.1,-32.0,0.0052099609414946076
34394,-7.1,-31.0,0.010756542738994714
34395,-7.1,-30.0,0.00563835677729437
34396,-7.1,-29.0,0.006564003151256652
34397,-7.1,-28.0,0.013259696562962124
34398,-7.1,-27.0,0.006724728348320144
34399,-7.1,-26.0,0.0030316166061237024
34400,-7.1,-25.0,0.008608645228383647
34401,-7.1,-24.0,0.01767709057516992
34402,-7.1,-23.0,0.00961609448765676
34403,-7.1,-22.0,0.01124840256291542
34404,-7.1,-21.0,0.022067989765633404
34405,-7.1,-20.0,0.011375808353259832
34406,-7.1,-19.0,0.005311138129823084
34407,-7.1,-18.0,0.014749664703554443
34408,-7.1,-17.0,0.030121735542574402
34409,-7.1,-16.0,0.016154131613174316
34410,-7.1,-15.0,0.01946994136573139
34411,-7.1,-14.0,0.03892991342197206
34412,-7.1,-13.0,0.019171654018702588
34413,-7.1,-12.0,0.008007918809898993
34414,-7.1,-11.0,0.027556096498868542
34415,-7.1,-10.0,0.05941942911162352
34416,-7.1,-9.0,0.030377541532030653
34417,-7.1,-8.0,0.04671198050537356
34418,-7.1,-7.0,0.09516782579152078
34419,-7.1,-6.0,0.042035468350969545
34420,-7.1,-5.0,0.009123774562735408
34421,-7.1,-4.0,0.022753479653949693
34422,-7.1,-3.0,0.04782238429881657
34423,-7.1,-2.0,0.022494370058013014
34424,-7.1,-1.0,0.006200947198931206
34425,-7.1,0.0,0.0005724513615787008
34426,-7.1,1.0,0.005565337225835464
34427,-7.1,2.0,0.014591490700046214
34428,-7.1,3.0,0.02874603575627556
34429,-7.1,4.0,0.014056677385936871
34430,-7.1,5.0,0.005059452793399085
34431,-7.1,6.0,0.010798625564493378
34432,-7.1,7.0,0.02088832290687673
34433,-7.1,8.0,0.010617956671411634
34434,-7.1,9.0,0.009057636845735146
34435,-7.1,10.0,0.01661695716011013
34436,-7.1,11.0,0.008066322418596688
34437,-7.1,12.0,0.0028253638025242116
34438,-7.1,13.0,0.006273812476553328
34439,-7.1,14.0,0.012361445172749765
34440,-7.1,15.0,0.006099640412117001
34441,-7.1,16.0,0.005230511348317982
34442,-7.1,17.0,0.009976301776186873
34443,-7.1,18.0,0.004618888257527861
34444,-7.1,19.0,0.001344476815159565
34445,-7.1,20.0,0.003608556274930288
34446,-7.1,21.0,0.007587348595890257
34447,-7.1,22.0,0.0035541097241295343
34448,-7.1,23.0,0.0030621564035740187
34449,-7.1,24.0,0.006249150126295024
34450,-7.1,25.0,0.0027291822774471947
34451,-7.1,26.0,0.0005900460379498711
34452,-7.1,27.0,0.0021648861248374186
34453,-7.1,28.0,0.00490260810248712
34454,-7.1,29.0,0.0021934579113011476
34455,-7.1,30.0,0.0019081624095537001
34456,-7.1,31.0,0.004136876937875688
34457,-7.1,32.0,0.001731939183533509
34458,-7.1,33.0,0.00027777307549746607
34459,-7.1,34.0,0.001404972013470688
34460,-7.1,35.0,0.0033455207831212756
34461,-7.1,36.0,0.0014595576875694619
34462,-7.1,37.0,0.0012839916792274412
34463,-7.1,38.0,0.002880229137714191
34464,-7.1,39.0,0.0012495618878362103
34465,-7.1,40.0,0.0011039064297795808
34466,-7.1,41.0,0.002493754579612565
34467,-7.1,42.0,0.0010193426066722664
34468,-7.1,43.0,7.51466479161505e-05
34469,-7.1,44.0,6.057897304045028e-06
34470,-7.1,45.0,4.023015903437831e-06
34471,-7.1,46.0,3.0386699069802802e-06
34472,-7.1,47.0,2.2837859091156527e-06
34473,-7.1,48.0,1.7073172766961539e-06
34474,-7.1,49.0,1.2695792626407294e-06
34475,-7.1,50.0,9.390570996662985e-07
34476,-7.1,51.0,6.908927944692933e-07
34477,-7.1,52.0,5.056100756818616e-07
34478,-7.1,53.0,3.680502365357884e-07
34479,-7.1,54.0,2.664923544706136e-07
34480,-7.1,55.0,1.91932551586345e-07
34481,-7.1,56.0,1.3749874022039052e-07
34482,-7.1,57.0,9.797944536859936e-08
34483,-7.1,58.0,6.944762399227265e-08
34484,-7.1,59.0,4.896276680407076e-08
34485,-7.1,60.0,3.4336865278679926e-08
34486,-7.1,61.0,2.3951982448357272e-08
34487,-7.1,62.0,1.6619134644437596e-08
34488,-7.1,63.0,1.1469948435509356e-08
34489,-7.1,64.0,7.874094799742691e-09
34490,-7.1,65.0,5.376825292672985e-09
34491,-7.1,66.0,3.652055110430128e-09
34492,-7.1,67.0,2.4673731231062416e-09
34493,-7.1,68.0,1.6581295004223793e-09
34494,-7.1,69.0,1.10837869974534e-09
34495,-7.1,70.0,7.369601497470096e-10
34496,-7.1,71.0,4.874004726304548e-10
34497,-7.1,72.0,3.2063726495229935e-10
34498,-7.1,73.0,2.0981095106705882e-10
34499,-7.1,74.0,1.3656154362733498e-10
34500,-7.0,-75.0,2.3910268284370745e-08
34501,-7.0,-74.0,3.425880360666051e-08
34502,-7.0,-73.0,4.882542621759525e-08
34503,-7.0,-72.0,6.92159208874805e-08
34504,-7.0,-71.0,9.760050552841083e-08
34505,-7.0,-70.0,1.3689394539680674e-07
34506,-7.0,-69.0,1.9098643457196614e-07
34507,-7.0,-68.0,2.650372455808103e-07
34508,-7.0,-67.0,3.6584523699782227e-07
34509,-7.0,-66.0,5.02312526462095e-07
34510,-7.0,-65.0,6.86019908680299e-07
34511,-7.0,-64.0,9.319348179294856e-07
34512,-7.0,-63.0,1.2592746577436232e-06
34513,-7.0,-62.0,1.6925499598043374e-06
34514,-7.0,-61.0,2.2628128569079967e-06
34515,-7.0,-60.0,3.009136482105348e-06
34516,-7.0,-59.0,3.980349814293533e-06
34517,-7.0,-58.0,5.237049818285673e-06
34518,-7.0,-57.0,6.853908086589425e-06
34519,-7.0,-56.0,8.922282183086233e-06
34520,-7.0,-55.0,1.155313213173972e-05
34521,-7.0,-54.0,1.4880229646748876e-05
34522,-7.0,-53.0,1.906363150543255e-05
34523,-7.0,-52.0,2.4293368786019646e-05
34524,-7.0,-51.0,3.079328056346225e-05
34525,-7.0,-50.0,3.8824894329097696e-05
34526,-7.0,-49.0,4.869122639032187e-05
34527,-7.0,-48.0,6.074034539136338e-05
34528,-7.0,-47.0,7.53709625678634e-05
34529,-7.0,-46.0,9.434677599962648e-05
34530,-7.0,-45.0,0.0002324776059063986
34531,-7.0,-44.0,0.0018926162988250645
34532,-7.0,-43.0,0.004602458581334937
34533,-7.0,-42.0,0.003900874173994553
34534,-7.0,-41.0,0.005141283620936881
34535,-7.0,-40.0,0.002394152985057015
34536,-7.0,-39.0,0.002765927932251894
34537,-7.0,-38.0,0.006026489251920104
34538,-7.0,-37.0,0.0027736491200637562
34539,-7.0,-36.0,0.0009167922610018129
34540,-7.0,-35.0,0.003526443909764252
34541,-7.0,-34.0,0.0077984634882010215
34542,-7.0,-33.0,0.003976441088396218
34543,-7.0,-32.0,0.004624136607086823
34544,-7.0,-31.0,0.009554336198248293
34545,-7.0,-30.0,0.005004079319269515
34546,-7.0,-29.0,0.005825421745083314
34547,-7.0,-28.0,0.011775470679066176
34548,-7.0,-27.0,0.005968185832149408
34549,-7.0,-26.0,0.002686305686823818
34550,-7.0,-25.0,0.007639977842586288
34551,-7.0,-24.0,0.0156949393469289
34552,-7.0,-23.0,0.008536220495049927
34553,-7.0,-22.0,0.00998367803495011
34554,-7.0,-21.0,0.019589176355679836
34555,-7.0,-20.0,0.010099987101844921
34556,-7.0,-19.0,0.0047180451179138485
34557,-7.0,-18.0,0.013089261773100214
34558,-7.0,-17.0,0.02672242599423802
34559,-7.0,-16.0,0.014339298491038223
34560,-7.0,-15.0,0.017267607554694697
34561,-7.0,-14.0,0.034502644673438464
34562,-7.0,-13.0,0.017009718208936358
34563,-7.0,-12.0,0.007122363768376418
34564,-7.0,-11.0,0.02436382872067475
34565,-7.0,-10.0,0.052472617931380056
34566,-7.0,-9.0,0.02711407543760516
34567,-7.0,-8.0,0.045036555844942046
34568,-7.0,-7.0,0.10571288573805997
34569,-7.0,-6.0,0.04939464740624488
34570,-7.0,-5.0,0.010188889463572213
34571,-7.0,-4.0,0.024976262004045166
34572,-7.0,-3.0,0.052563172981621005
34573,-7.0,-2.0,0.024697445814185773
34574,-7.0,-1.0,0.0067731969394466685
34575,-7.0,0.0,0.0006221958666647014
34576,-7.0,1.0,0.006079320322562579
34577,-7.0,2.0,0.015980368995881
34578,-7.0,3.0,0.03150477525854712
34579,-7.0,4.0,0.015401171335938975
34580,-7.0,5.0,0.005538026997334761
34581,-7.0,6.0,0.011826178739382161
34582,-7.0,7.0,0.022880181666881275
34583,-7.0,8.0,0.011631994638924061
34584,-7.0,9.0,0.009921129001454495
34585,-7.0,10.0,0.018197359547645297
34586,-7.0,11.0,0.008837396473128412
34587,-7.0,12.0,0.0031003382127921903
34588,-7.0,13.0,0.006873242928588508
34589,-7.0,14.0,0.01353358391425707
34590,-7.0,15.0,0.006682369580974373
34591,-7.0,16.0,0.005729960434479585
34592,-7.0,17.0,0.010919743955884239
34593,-7.0,18.0,0.005059897234081677
34594,-7.0,19.0,0.0014781537478391932
34595,-7.0,20.0,0.003952601268662247
34596,-7.0,21.0,0.008301640229167838
34597,-7.0,22.0,0.003891661295985999
34598,-7.0,23.0,0.0033526382970138196
34599,-7.0,24.0,0.006835145870596343
34600,-7.0,25.0,0.0029873903263891517
34601,-7.0,26.0,0.0006488566072012207
34602,-7.0,27.0,0.0023690091134476563
34603,-7.0,28.0,0.00535982641208413
34604,-7.0,29.0,0.0023992621949915746
34605,-7.0,30.0,0.002086862637291955
34606,-7.0,31.0,0.004521190099341451
34607,-7.0,32.0,0.0018936539847371244
34608,-7.0,33.0,0.00030480108207312244
34609,-7.0,34.0,0.0015356701095410345
34610,-7.0,35.0,0.003654928835486711
34611,-7.0,36.0,0.0015948975720898604
34612,-7.0,37.0,0.0014028427179402442
34613,-7.0,38.0,0.003145875014140876
34614,-7.0,39.0,0.0013649944134523284
34615,-7.0,40.0,0.0012057235093790497
34616,-7.0,41.0,0.0027232389815756096
34617,-7.0,42.0,0.0011132492266357594
34618,-7.0,43.0,8.222251766112531e-05
34619,-7.0,44.0,6.74681078381743e-06
34620,-7.0,45.0,4.495532114262329e-06
34621,-7.0,46.0,3.3974075583591817e-06
34622,-7.0,47.0,2.554764135005593e-06
34623,-7.0,48.0,1.9109132579038607e-06
34624,-7.0,49.0,1.4217325012568305e-06
34625,-7.0,50.0,1.0521591058061376e-06
34626,-7.0,51.0,7.745178603902209e-07
34627,-7.0,52.0,5.671107211377047e-07
34628,-7.0,53.0,4.1303857060285225e-07
34629,-7.0,54.0,2.992262133145837e-07
34630,-7.0,55.0,2.156229076905944e-07
34631,-7.0,56.0,1.545526164442387e-07
34632,-7.0,57.0,1.101904616668449e-07
34633,-7.0,58.0,7.814438950965976e-08
34634,-7.0,59.0,5.51236222590844e-08
34635,-7.0,60.0,3.8677983908512897e-08
34636,-7.0,61.0,2.6994546522265185e-08
34637,-7.0,62.0,1.8740206232735743e-08
34638,-7.0,63.0,1.2940731113704128e-08
34639,-7.0,64.0,8.888518398649115e-09
34640,-7.0,65.0,6.0727590616583854e-09
34641,-7.0,66.0,4.126946480632239e-09
34642,-7.0,67.0,2.789701481518928e-09
34643,-7.0,68.0,1.87574042651804e-09
34644,-7.0,69.0,1.2545092063470536e-09
34645,-7.0,70.0,8.345667449426813e-10
34646,-7.0,71.0,5.522483233433849e-10
34647,-7.0,72.0,3.634911525930279e-10
34648,-7.0,73.0,2.379794140548283e-10
34649,-7.0,74.0,1.5497835431618574e-10
34650,-6.9,-75.0,2.168134161139676e-08
34651,-6.9,-74.0,3.1081737244253285e-08
34652,-6.9,-73.0,4.43210994046516e-08
34653,-6.9,-72.0,6.286397984473417e-08
34654,-6.9,-71.0,8.869095417267822e-08
34655,-6.9,-70.0,1.2446375227547144e-07
34656,-6.9,-69.0,1.7373709669445695e-07
34657,-6.9,-68.0,2.4122834502234576e-07
34658,-6.9,-67.0,3.3315798164439745e-07
34659,-6.9,-66.0,4.576760798587133e-07
34660,-6.9,-65.0,6.25391990642347e-07
34661,-6.9,-64.0,8.500266120540144e-07
34662,-6.9,-63.0,1.1492085212983462e-06
34663,-6.9,-62.0,1.5454368380904003e-06
34664,-6.9,-61.0,2.0672347187658544e-06
34665,-6.9,-60.0,2.7505175974479122e-06
34666,-6.9,-59.0,3.6401993933807143e-06
34667,-6.9,-58.0,4.792057555642591e-06
34668,-6.9,-57.0,6.274873654826878e-06
34669,-6.9,-56.0,8.172859881987155e-06
34670,-6.9,-55.0,1.0588372914852118e-05
34671,-6.9,-54.0,1.3644904835078242e-05
34672,-6.9,-53.0,1.7490325875501585e-05
34673,-6.9,-52.0,2.2300335602006996e-05
34674,-6.9,-51.0,2.8282057704780873e-05
34675,-6.9,-50.0,3.56776891025406e-05
34676,-6.9,-49.0,4.4768087009205426e-05
34677,-6.9,-48.0,5.5876149424333e-05
34678,-6.9,-47.0,6.937210852165375e-05
34679,-6.9,-46.0,8.690307758415025e-05
34680,-6.9,-45.0,0.00021586192836004463
34681,-6.9,-44.0,0.0017685029315880152
34682,-6.9,-43.0,0.004303007272094366
34683,-6.9,-42.0,0.0036461704545188178
34684,-6.9,-41.0,0.004805762284351685
34685,-6.9,-40.0,0.0022358748593366592
34686,-6.9,-39.0,0.002582740934845168
34687,-6.9,-38.0,0.0056312626800598216
34688,-6.9,-37.0,0.002588939875393883
34689,-6.9,-36.0,0.0008519615866059001
34690,-6.9,-35.0,0.0032909981874825376
34691,-6.9,-34.0,0.007284120855697092
34692,-6.9,-33.0,0.0037106010299137048
34693,-6.9,-32.0,0.004314795445767842
34694,-6.9,-31.0,0.008922007540338896
34695,-6.9,-30.0,0.004669037478330055
34696,-6.9,-29.0,0.005435224370333914
34697,-6.9,-28.0,0.010994021240087795
34698,-6.9,-27.0,0.0055685128893069565
34699,-6.9,-26.0,0.0025023757533234477
34700,-6.9,-25.0,0.007128190347963445
34701,-6.9,-24.0,0.014650153749243073
34702,-6.9,-23.0,0.007966388732930447
34703,-6.9,-22.0,0.00931582019716021
34704,-6.9,-21.0,0.01828120138320415
34705,-6.9,-20.0,0.00942733348003336
34706,-6.9,-19.0,0.004406085677625313
34707,-6.9,-18.0,0.012211909213515233
34708,-6.9,-17.0,0.024923701224175594
34709,-6.9,-16.0,0.01338162131646224
34710,-6.9,-15.0,0.0161007141906111
34711,-6.9,-14.0,0.032149364490069166
34712,-6.9,-13.0,0.015866483839083716
34713,-6.9,-12.0,0.006659933481576994
34714,-6.9,-11.0,0.02265022821304151
34715,-6.9,-10.0,0.04871948372196161
34716,-6.9,-9.0,0.025032999730861122
34717,-6.9,-8.0,0.03924267081097901
34718,-6.9,-7.0,0.08614558678406013
34719,-6.9,-6.0,0.05118120952159477
34720,-6.9,-5.0,0.011157137884444114
34721,-6.9,-4.0,0.028249282410334968
34722,-6.9,-3.0,0.05954353049274153
34723,-6.9,-2.0,0.027946450839948
34724,-6.9,-1.0,0.00762394285788703
34725,-6.9,0.0,0.0006968974278273157
34726,-6.9,1.0,0.006843107813810686
34727,-6.9,2.0,0.018035602323464177
34728,-6.9,3.0,0.035582558270359894
34729,-6.9,4.0,0.017389294601975764
34730,-6.9,5.0,0.006246615861187926
34731,-6.9,6.0,0.013346637684497679
34732,-6.9,7.0,0.02582691974914122
34733,-6.9,8.0,0.013131684967181466
34734,-6.9,9.0,0.011198466591686471
34735,-6.9,10.0,0.020536258794395634
34736,-6.9,11.0,0.009977585752385668
34737,-6.9,12.0,0.0035057604589286005
34738,-6.9,13.0,0.007759678661270069
34739,-6.9,14.0,0.015269071252528618
34740,-6.9,15.0,0.007544160357616328
34741,-6.9,16.0,0.006468644815195984
34742,-6.9,17.0,0.012317207473541493
34743,-6.9,18.0,0.0057121794214135295
34744,-6.9,19.0,0.001674677335185913
34745,-6.9,20.0,0.004461588884296775
34746,-6.9,21.0,0.009360426880996331
34747,-6.9,22.0,0.004391346864931004
34748,-6.9,23.0,0.003782727415802373
34749,-6.9,24.0,0.0077042947800082485
34750,-6.9,25.0,0.003369855409752011
34751,-6.9,26.0,0.000735310615344874
34752,-6.9,27.0,0.00267152337851652
34753,-6.9,28.0,0.006038547246188952
34754,-6.9,29.0,0.002704495829658677
34755,-6.9,30.0,0.002351975142436273
34756,-6.9,31.0,0.005092026905358832
34757,-6.9,32.0,0.002133676180470983
34758,-6.9,33.0,0.00034467888447510113
34759,-6.9,34.0,0.0017297675573920504
34760,-6.9,35.0,0.004114821766653676
34761,-6.9,36.0,0.001795985030380448
34762,-6.9,37.0,0.0015794792416598757
34763,-6.9,38.0,0.0035408876555811206
34764,-6.9,39.0,0.0015366016342663175
34765,-6.9,40.0,0.0013571262806609413
34766,-6.9,41.0,0.003064597853922712
34767,-6.9,42.0,0.0012529135284960245
34768,-6.9,43.0,9.271339063490022e-05
34769,-6.9,44.0,7.743410235113712e-06
34770,-6.9,45.0,5.176552622172158e-06
34771,-6.9,46.0,3.914189566336902e-06
34772,-6.9,47.0,2.944939061812448e-06
34773,-6.9,48.0,2.2039299689478003e-06
34774,-6.9,49.0,1.6406125907495997e-06
34775,-6.9,50.0,1.2147891700109848e-06
34776,-6.9,51.0,8.947099881370374e-07
34777,-6.9,52.0,6.554658497274481e-07
34778,-6.9,53.0,4.776438503687124e-07
34779,-6.9,54.0,3.462139736917475e-07
34780,-6.9,55.0,2.496153177057397e-07
34781,-6.9,56.0,1.7901279642901103e-07
34782,-6.9,57.0,1.276977076092841e-07
34783,-6.9,58.0,9.060836334175922e-08
34784,-6.9,59.0,6.394986280992621e-08
34785,-6.9,60.0,4.489490784097823e-08
34786,-6.9,61.0,3.135022627432787e-08
34787,-6.9,62.0,2.1775613396217358e-08
34788,-6.9,63.0,1.5044793576232627e-08
34789,-6.9,64.0,1.0339229709427005e-08
34790,-6.9,65.0,7.067669749767892e-09
34791,-6.9,66.0,4.8056310297455166e-09
34792,-6.9,67.0,3.250204658241588e-09
34793,-6.9,68.0,2.186538370622452e-09
34794,-6.9,69.0,1.4631525426677789e-09
34795,-6.9,70.0,9.738862139048747e-10
34796,-6.9,71.0,6.447820489106473e-10
34797,-6.9,72.0,4.246232458088519e-10
34798,-6.9,73.0,2.781510484506125e-10
34799,-6.9,74.0,1.8123569790648165e-10
34800,-6.8,-75.0,2.1269436715725427e-08
34801,-6.8,-74.0,3.050749229468742e-08
34802,-6.8,-73.0,4.352543693227491e-08
34803,-6.8,-72.0,6.17683323553653e-08
34804,-6.8,-71.0,8.719161471613535e-08
34805,-6.8,-70.0,1.2242487585044822e-07
34806,-6.8,-69.0,1.709821333761983e-07
34807,-6.8,-68.0,2.3752968802342045e-07
34808,-6.8,-67.0,3.2822463392727977e-07
34809,-6.8,-66.0,4.5113918892961535e-07
34810,-6.8,-65.0,6.167881818959898e-07
34811,-6.8,-64.0,8.387791772588736e-07
34812,-6.8,-63.0,1.134606702770927e-06
34813,-6.8,-62.0,1.5266137042905372e-06
34814,-6.8,-61.0,2.0431444676637295e-06
34815,-6.8,-60.0,2.719913564242802e-06
34816,-6.8,-59.0,3.601614592073183e-06
34817,-6.8,-58.0,4.7437902601753376e-06
34818,-6.8,-57.0,6.214981331416802e-06
34819,-6.8,-56.0,8.099165720041802e-06
34820,-6.8,-55.0,1.0498490261145996e-05
34821,-6.8,-54.0,1.3536285995333097e-05
34822,-6.8,-53.0,1.736034297640546e-05
34823,-6.8,-52.0,2.214640245652785e-05
34824,-6.8,-51.0,2.810180282830877e-05
34825,-6.8,-50.0,3.546919110213277e-05
34826,-6.8,-49.0,4.453018440939317e-05
34827,-6.8,-48.0,5.560883748792993e-05
34828,-6.8,-47.0,6.907706325925607e-05
34829,-6.8,-46.0,8.659907376134256e-05
34830,-6.8,-45.0,0.00021685883323128134
34831,-6.8,-44.0,0.0017879160402759589
34832,-6.8,-43.0,0.004352613438176829
34833,-6.8,-42.0,0.0036872992809306227
34834,-6.8,-41.0,0.004860142248239269
34835,-6.8,-40.0,0.0022591287706230714
34836,-6.8,-39.0,0.002609265637491579
34837,-6.8,-38.0,0.005693025212903859
34838,-6.8,-37.0,0.0026145029335201144
34839,-6.8,-36.0,0.0008565590534336271
34840,-6.8,-35.0,0.0033228736459801926
34841,-6.8,-34.0,0.007361061579239819
34842,-6.8,-33.0,0.003746174062858259
34843,-6.8,-32.0,0.0043559546601304065
34844,-6.8,-31.0,0.009014031711595857
34845,-6.8,-30.0,0.004713269752161769
34846,-6.8,-29.0,0.00548654942607567
34847,-6.8,-28.0,0.011105257626870048
34848,-6.8,-27.0,0.005621155767849747
34849,-6.8,-26.0,0.0025218877172661055
34850,-6.8,-25.0,0.00719542640381609
34851,-6.8,-24.0,0.014795121445866038
34852,-6.8,-23.0,0.008043525993405447
34853,-6.8,-22.0,0.009404647848652543
34854,-6.8,-21.0,0.018458164621210305
34855,-6.8,-20.0,0.009520209259887674
34856,-6.8,-19.0,0.004451641887944511
34857,-6.8,-18.0,0.012326714281891726
34858,-6.8,-17.0,0.025150688574912382
34859,-6.8,-16.0,0.013510953616575502
34860,-6.8,-15.0,0.016242886708390386
34861,-6.8,-14.0,0.03241179608379819
34862,-6.8,-13.0,0.01601289761629178
34863,-6.8,-12.0,0.006737763398552086
34864,-6.8,-11.0,0.022785356771794173
34865,-6.8,-10.0,0.048949283346837485
34866,-6.8,-9.0,0.025111924685880298
34867,-6.8,-8.0,0.03838327417814177
34868,-6.8,-7.0,0.08390617424222478
34869,-6.8,-6.0,0.049030487895745004
34870,-6.8,-5.0,0.011013578215050095
34871,-6.8,-4.0,0.028445447747811395
34872,-6.8,-3.0,0.06004716088298659
34873,-6.8,-2.0,0.028151384030265413
34874,-6.8,-1.0,0.007638652612521539
34875,-6.8,0.0,0.0006948067323241588
34876,-6.8,1.0,0.006856252863748745
34877,-6.8,2.0,0.01811889195537631
34878,-6.8,3.0,0.03577344213144901
34879,-6.8,4.0,0.017477033640830135
34880,-6.8,5.0,0.006271522810052131
34881,-6.8,6.0,0.01340760013473481
34882,-6.8,7.0,0.02595035362772368
34883,-6.8,8.0,0.013195929459547468
34884,-6.8,9.0,0.01125142421321503
34885,-6.8,10.0,0.020629589200527
34886,-6.8,11.0,0.01002718800540733
34887,-6.8,12.0,0.003528531737761613
34888,-6.8,13.0,0.007797902729994857
34889,-6.8,14.0,0.015334472440874157
34890,-6.8,15.0,0.007581334208449327
34891,-6.8,16.0,0.006500239075380564
34892,-6.8,17.0,0.012367136727380759
34893,-6.8,18.0,0.005740081037715207
34894,-6.8,19.0,0.0016888379377083121
34895,-6.8,20.0,0.004482840045464279
34896,-6.8,21.0,0.009394755124895545
34897,-6.8,22.0,0.004410817672343815
34898,-6.8,23.0,0.0037991160357987355
34899,-6.8,24.0,0.007729946146930181
34900,-6.8,25.0,0.0033836902915897315
34901,-6.8,26.0,0.000741740826010779
34902,-6.8,27.0,0.002681711090600125
34903,-6.8,28.0,0.006055815377708699
34904,-6.8,29.0,0.0027136593722729752
34905,-6.8,30.0,0.002359566091415392
34906,-6.8,31.0,0.005104892386619972
34907,-6.8,32.0,0.0021400135245317558
34908,-6.8,33.0,0.0003469643068724026
34909,-6.8,34.0,0.001734352473017391
34910,-6.8,35.0,0.004123635498678931
34911,-6.8,36.0,0.0018002435066814943
34912,-6.8,37.0,0.001582986731430761
34913,-6.8,38.0,0.003547638153446679
34914,-6.8,39.0,0.0015397466247363777
34915,-6.8,40.0,0.0013597219172887685
34916,-6.8,41.0,0.003069849942051162
34917,-6.8,42.0,0.0012551814189333953
34918,-6.8,43.0,9.306043631285006e-05
34919,-6.8,44.0,7.910842591504199e-06
34920,-6.8,45.0,5.305551556180345e-06
34921,-6.8,46.0,4.013898161718463e-06
34922,-6.8,47.0,3.021566107541351e-06
34923,-6.8,48.0,2.262480743169419e-06
34924,-6.8,49.0,1.6850953157173677e-06
34925,-6.8,50.0,1.2483911644910319e-06
34926,-6.8,51.0,9.199482862807172e-07
34927,-6.8,52.0,6.743145973062177e-07
34928,-6.8,53.0,4.91640952433273e-07
34929,-6.8,54.0,3.5654949643068706e-07
34930,-6.8,55.0,2.5720407501199066e-07
34931,-6.8,56.0,1.8455340839693552e-07
34932,-6.8,57.0,1.3172022909699644e-07
34933,-6.8,58.0,9.35123663052449e-08
34934,-6.8,59.0,6.603463231952907e-08
34935,-6.8,60.0,4.6383190447622337e-08
34936,-6.8,61.0,3.2406759113257814e-08
34937,-6.8,62.0,2.2521468582364553e-08
34938,-6.8,63.0,1.5568398185986312e-08
34939,-6.8,64.0,1.0704768269087557e-08
34940,-6.8,65.0,7.321443630092796e-09
34941,-6.8,66.0,4.980836512484373e-09
34942,-6.8,67.0,3.370497126752946e-09
34943,-6.8,68.0,2.2686721772187383e-09
34944,-6.8,69.0,1.5189225770327603e-09
34945,-6.8,70.0,1.0115460030097832e-09
34946,-6.8,71.0,6.70072427037385e-10
34947,-6.8,72.0,4.415134766419821e-10
34948,-6.8,73.0,2.893691903801003e-10
34949,-6.8,74.0,1.8864561805525241e-10
34950,-6.7,-75.0,2.0817952012782534e-08
34951,-6.7,-74.0,2.9875825498096854e-08
34952,-6.7,-73.0,4.264694564029678e-08
34953,-6.7,-72.0,6.055389153562892e-08
34954,-6.7,-71.0,8.552287501886863e-08
34955,-6.7,-70.0,1.2014581094900586e-07
34956,-6.7,-69.0,1.6788855130829632e-07
34957,-6.7,-68.0,2.3335635776317212e-07
34958,-6.7,-67.0,3.2262966799005063e-07
34959,-6.7,-66.0,4.4368533287277643e-07
34960,-6.7,-65.0,6.069207010748309e-07
34961,-6.7,-64.0,8.258001109372571e-07
34962,-6.7,-63.0,1.1176453883203654e-06
34963,-6.7,-62.0,1.504593674048918e-06
34964,-6.7,-61.0,2.0147471036481804e-06
34965,-6.7,-60.0,2.6835392775304475e-06
34966,-6.7,-59.0,3.55534279016715e-06
34967,-6.7,-58.0,4.685339991341941e-06
34968,-6.7,-57.0,6.14167526083399e-06
34969,-6.7,-56.0,8.007901004398892e-06
34970,-6.7,-55.0,1.0385720944256594e-05
34971,-6.7,-54.0,1.3398022735403888e-05
34972,-6.7,-53.0,1.71921772110731e-05
34973,-6.7,-52.0,2.1943563474468094e-05
34974,-6.7,-51.0,2.7859257588292776e-05
34975,-6.7,-50.0,3.518179794464449e-05
34976,-6.7,-49.0,4.419291294499644e-05
34977,-6.7,-48.0,5.521706781054846e-05
34978,-6.7,-47.0,6.862700084420027e-05
34979,-6.7,-46.0,8.610044969796812e-05
34980,-6.7,-45.0,0.00021738453172132573
34981,-6.7,-44.0,0.0018035601012298382
34982,-6.7,-43.0,0.004393068535915412
34983,-6.7,-42.0,0.0037206622223651628
34984,-6.7,-41.0,0.004904284901102135
34985,-6.7,-40.0,0.002277594736315252
34986,-6.7,-39.0,0.0026302515416083087
34987,-6.7,-38.0,0.005742756527200142
34988,-6.7,-37.0,0.0026344934970741417
34989,-6.7,-36.0,0.0008592649063162522
34990,-6.7,-35.0,0.0033476468931473834
34991,-6.7,-34.0,0.007422377461855348
34992,-6.7,-33.0,0.003773720650127721
34993,-6.7,-32.0,0.004387773335876535
34994,-6.7,-31.0,0.009086865029048862
34995,-6.7,-30.0,0.004747370307250136
34996,-6.7,-29.0,0.005526076974594058
34997,-6.7,-28.0,0.011192794637276248
34998,-6.7,-27.0,0.005661683756215528
34999,-6.7,-26.0,0.0025358244953197664
35000,-6.7,-25.0,0.007247160773089863
35001,-6.7,-24.0,0.014908457806545186
35002,-6.7,-23.0,0.008103349777868307
35003,-6.7,-22.0,0.009473247489394406
35004,-6.7,-21.0,0.018595655533214777
35005,-6.7,-20.0,0.009592629429226989
35006,-6.7,-19.0,0.004487535688494283
35007,-6.7,-18.0,0.012415101795013938
35008,-6.7,-17.0,0.025323967240012357
35009,-6.7,-16.0,0.013611422213005217
35010,-6.7,-15.0,0.016350459569199307
35011,-6.7,-14.0,0.032605289030082314
35012,-6.7,-13.0,0.016125320351048224
35013,-6.7,-12.0,0.006801498441219316
35014,-6.7,-11.0,0.022873687987674283
35015,-6.7,-10.0,0.04907905760513023
35016,-6.7,-9.0,0.025159521244553496
35017,-6.7,-8.0,0.03774280639403743
35018,-6.7,-7.0,0.08222560798992189
35019,-6.7,-6.0,0.047287490737806595
35020,-6.7,-5.0,0.010889614430096325
35021,-6.7,-4.0,0.02861694466946758
35022,-6.7,-3.0,0.060499959320555685
35023,-6.7,-2.0,0.02833159854110069
35024,-6.7,-1.0,0.007645460846987803
35025,-6.7,0.0,0.0006920068522601933
35026,-6.7,1.0,0.006862039849785117
35027,-6.7,2.0,0.018183931703971538
35028,-6.7,3.0,0.03592899684825549
35029,-6.7,4.0,0.01754724882155323
35030,-6.7,5.0,0.006289810404234379
35031,-6.7,6.0,0.013454880465794558
35032,-6.7,7.0,0.026047697834334006
35033,-6.7,8.0,0.013246789497000892
35034,-6.7,9.0,0.011292906376032232
35035,-6.7,10.0,0.020702078546282282
35036,-6.7,11.0,0.01006660892905699
35037,-6.7,12.0,0.00354766168786658
35038,-6.7,13.0,0.00782819570692415
35039,-6.7,14.0,0.015384353825597245
35040,-6.7,15.0,0.007610837223846787
35041,-6.7,16.0,0.006525254153843248
35042,-6.7,17.0,0.01240454817039901
35043,-6.7,18.0,0.005762195408671891
35044,-6.7,19.0,0.0017013268950706937
35045,-6.7,20.0,0.004499578296501334
35046,-6.7,21.0,0.009419570946671882
35047,-6.7,22.0,0.004425851880505364
35048,-6.7,23.0,0.003811684853155876
35049,-6.7,24.0,0.0077477627791945735
35050,-6.7,25.0,0.003394124400466212
35051,-6.7,26.0,0.0007474641118623036
35052,-6.7,27.0,0.002689202736185052
35053,-6.7,28.0,0.006066930387139265
35054,-6.7,29.0,0.0027200855921506073
35055,-6.7,30.0,0.0023647756091229456
35056,-6.7,31.0,0.0051125585597513335
35057,-6.7,32.0,0.002144186133219291
35058,-6.7,33.0,0.0003489189791504807
35059,-6.7,34.0,0.0017371792003123385
35060,-6.7,35.0,0.004128235605357811
35061,-6.7,36.0,0.00180267011622005
35062,-6.7,37.0,0.0015848818102254779
35063,-6.7,38.0,0.0035507557292444765
35064,-6.7,39.0,0.0015413193211850796
35065,-6.7,40.0,0.0013609277814182585
35066,-6.7,41.0,0.003071952800913799
35067,-6.7,42.0,0.0012561642940244857
35068,-6.7,43.0,9.331610909704989e-05
35069,-6.7,44.0,8.073599234372965e-06
35070,-6.7,45.0,5.431860706606519e-06
35071,-6.7,46.0,4.111676494800738e-06
35072,-6.7,47.0,3.0968201116126716e-06
35073,-6.7,48.0,2.320064618136218e-06
35074,-6.7,49.0,1.728904439470598e-06
35075,-6.7,50.0,1.2815293201529036e-06
35076,-6.7,51.0,9.44871236775295e-07
35077,-6.7,52.0,6.929519751655416e-07
35078,-6.7,53.0,5.054986447781001e-07
35079,-6.7,54.0,3.667947790240394e-07
35080,-6.7,55.0,2.6473571824479523e-07
35081,-6.7,56.0,1.9005887147973937e-07
35082,-6.7,57.0,1.3572190165120985e-07
35083,-6.7,58.0,9.640462952634944e-08
35084,-6.7,59.0,6.81133111652283e-08
35085,-6.7,60.0,4.786876618966972e-08
35086,-6.7,61.0,3.3462516937004454e-08
35087,-6.7,62.0,2.326757366923808e-08
35088,-6.7,63.0,1.6092729454998968e-08
35089,-6.7,64.0,1.1071193421700689e-08
35090,-6.7,65.0,7.576092693981127e-09
35091,-6.7,66.0,5.15682308800798e-09
35092,-6.7,67.0,3.4914457298770782e-09
35093,-6.7,68.0,2.351334784467314e-09
35094,-6.7,69.0,1.5751058710116048e-09
35095,-6.7,70.0,1.049521018182039e-09
35096,-6.7,71.0,6.955985029200727e-10
35097,-6.7,72.0,4.585769746595405e-10
35098,-6.7,73.0,3.0071283072340624e-10
35099,-6.7,74.0,1.9614524329815442e-10
35100,-6.6,-75.0,2.0350252709528373e-08
35101,-6.6,-74.0,2.9220194801077296e-08
35102,-6.6,-73.0,4.173327956747405e-08
35103,-6.6,-72.0,5.9288167864884516e-08
35104,-6.6,-71.0,8.377986431228913e-08
35105,-6.6,-70.0,1.1775988772292604e-07
35106,-6.6,-69.0,1.6464222276844643e-07
35107,-6.6,-68.0,2.289660890068599e-07
35108,-6.6,-67.0,3.1672855452202376e-07
35109,-6.6,-66.0,4.3580216061834636e-07
35110,-6.6,-65.0,5.964549495930193e-07
35111,-6.6,-64.0,8.119925080254332e-07
35112,-6.6,-63.0,1.0995437264781787e-06
35113,-6.6,-62.0,1.4810137660664729e-06
35114,-6.6,-61.0,1.9842290022321137e-06
35115,-6.6,-60.0,2.6442992297396917e-06
35116,-6.6,-59.0,3.5052218590078835e-06
35117,-6.6,-58.0,4.621750870606092e-06
35118,-6.6,-57.0,6.06154954892637e-06
35119,-6.6,-56.0,7.907640097604113e-06
35120,-6.6,-55.0,1.026115476178842e-05
35121,-6.6,-54.0,1.3244381690203458e-05
35122,-6.6,-53.0,1.7004084171851318e-05
35123,-6.6,-52.0,2.171505389094669e-05
35124,-6.6,-51.0,2.7583837420325385e-05
35125,-6.6,-50.0,3.485255047452286e-05
35126,-6.6,-49.0,4.3802666867509705e-05
35127,-6.6,-48.0,5.475864007934614e-05
35128,-6.6,-47.0,6.809354859594944e-05
35129,-6.6,-46.0,8.549669501920316e-05
35130,-6.6,-45.0,0.00021765492564614905
35131,-6.6,-44.0,0.0018171629685675458
35132,-6.6,-43.0,0.004428568024343265
35133,-6.6,-42.0,0.003749817572737429
35134,-6.6,-41.0,0.004942879509679664
35135,-6.6,-40.0,0.0022934618483202514
35136,-6.6,-39.0,0.002648228492421883
35137,-6.6,-38.0,0.005785958267857554
35138,-6.6,-37.0,0.002651451126366368
35139,-6.6,-36.0,0.000860928578081789
35140,-6.6,-35.0,0.0033685481842768397
35141,-6.6,-34.0,0.007475195135015678
35142,-6.6,-33.0,0.003796884037185223
35143,-6.6,-32.0,0.004414488514560216
35144,-6.6,-31.0,0.00914924400207934
35145,-6.6,-30.0,0.00477592480283477
35146,-6.6,-29.0,0.005559145556616149
35147,-6.6,-28.0,0.011267404638115994
35148,-6.6,-27.0,0.005695565550636021
35149,-6.6,-26.0,0.0025466573829016448
35150,-6.6,-25.0,0.007290393874384043
35151,-6.6,-24.0,0.015004527739869412
35152,-6.6,-23.0,0.008153675916931698
35153,-6.6,-22.0,0.009530763563056523
35154,-6.6,-21.0,0.01871161201511464
35155,-6.6,-20.0,0.009653836344764756
35156,-6.6,-19.0,0.004518076395495726
35157,-6.6,-18.0,0.012489062726687365
35158,-6.6,-17.0,0.025468040266067717
35159,-6.6,-16.0,0.013696153467913554
35160,-6.6,-15.0,0.016439270392587357
35161,-6.6,-14.0,0.03276154655800879
35162,-6.6,-13.0,0.016219336372916428
35163,-6.6,-12.0,0.006857612361298438
35164,-6.6,-11.0,0.02293762108204601
35165,-6.6,-10.0,0.04915706380454311
35166,-6.6,-9.0,0.025191091554490518
35167,-6.6,-8.0,0.037220239260179575
35168,-6.6,-7.0,0.08084588260619678
35169,-6.6,-6.0,0.04577228924520618
35170,-6.6,-5.0,0.010776489806789125
35171,-6.6,-4.0,0.028775855178330645
35172,-6.6,-3.0,0.06092762227887315
35173,-6.6,-2.0,0.02849918266660916
35174,-6.6,-1.0,0.007647700360593765
35175,-6.6,0.0,0.0006888071850958743
35176,-6.6,1.0,0.006863448230209591
35177,-6.6,2.0,0.018238496441721604
35178,-6.6,3.0,0.03606451989825146
35179,-6.6,4.0,0.01760742272942374
35180,-6.6,5.0,0.006304173916515216
35181,-6.6,6.0,0.013494226649912342
35182,-6.6,7.0,0.026130069005313547
35183,-6.6,8.0,0.013289912782125737
35184,-6.6,9.0,0.011327730994051525
35185,-6.6,10.0,0.02076257146189182
35186,-6.6,11.0,0.01010013671718667
35187,-6.6,12.0,0.003564645748881135
35188,-6.6,13.0,0.007853892338831743
35189,-6.6,14.0,0.015425297258294926
35190,-6.6,15.0,0.00763591187290958
35191,-6.6,16.0,0.006546470527018001
35192,-6.6,17.0,0.012434756072444195
35193,-6.6,18.0,0.005780978078776622
35194,-6.6,19.0,0.0017128528222988013
35195,-6.6,20.0,0.004513722545493096
35196,-6.6,21.0,0.009438919492021908
35197,-6.6,22.0,0.004438341062530666
35198,-6.6,23.0,0.0038220639829857645
35199,-6.6,24.0,0.007761078921553248
35200,-6.6,25.0,0.003402611460609125
35201,-6.6,26.0,0.0007527916003847748
35202,-6.6,27.0,0.002695152257853237
35203,-6.6,28.0,0.0060745108205640256
35204,-6.6,29.0,0.002724944799824378
35205,-6.6,30.0,0.0023686221594747792
35206,-6.6,31.0,0.0051172365861604785
35207,-6.6,32.0,0.002147118950550028
35208,-6.6,33.0,0.0003506902167612144
35209,-6.6,34.0,0.0017389985899365162
35210,-6.6,35.0,0.00413041171489425
35211,-6.6,36.0,0.0018040453188710053
35212,-6.6,37.0,0.0015858512772558373
35213,-6.6,38.0,0.0035517818485148395
35214,-6.6,39.0,0.0015419883294057889
35215,-6.6,40.0,0.0013613347061599038
35216,-6.6,41.0,0.0030722415694740264
35217,-6.6,42.0,0.0012564078279076094
35218,-6.6,43.0,9.352052561269248e-05
35219,-6.6,44.0,8.234831498224457e-06
35220,-6.6,45.0,5.5575651624611124e-06
35221,-6.6,46.0,4.209100487003853e-06
35222,-6.6,47.0,3.1718863933591125e-06
35223,-6.6,48.0,2.377568484362841e-06
35224,-6.6,49.0,1.772700107088052e-06
35225,-6.6,50.0,1.3146924519714578e-06
35226,-6.6,51.0,9.698389091393386e-07
35227,-6.6,52.0,7.116418387016805e-07
35228,-6.6,53.0,5.194092739515146e-07
35229,-6.6,54.0,3.7708931133070997e-07
35230,-6.6,55.0,2.7231088070447587e-07
35231,-6.6,56.0,1.9560140986293785e-07
35232,-6.6,57.0,1.3975429162843216e-07
35233,-6.6,58.0,9.932177939228821e-08
35234,-6.6,59.0,7.021177948137496e-08
35235,-6.6,60.0,4.936982724629866e-08
35236,-6.6,61.0,3.453022157592428e-08
35237,-6.6,62.0,2.402277903952764e-08
35238,-6.6,63.0,1.6623912620949175e-08
35239,-6.6,64.0,1.1442722453988432e-08
35240,-6.6,65.0,7.834505581372041e-09
35241,-6.6,66.0,5.335559116517067e-09
35242,-6.6,67.0,3.6143848102617346e-09
35243,-6.6,68.0,2.4354260680185275e-09
35244,-6.6,69.0,1.6323061655820296e-09
35245,-6.6,70.0,1.0882142291926714e-09
35246,-6.6,71.0,7.216278534163234e-10
35247,-6.6,72.0,4.759904980171579e-10
35248,-6.6,73.0,3.1229813192205304e-10
35249,-6.6,74.0,2.0381052014951701e-10
35250,-6.5,-75.0,1.987597919510998e-08
35251,-6.5,-74.0,2.855441209738424e-08
35252,-6.5,-73.0,4.080412036237105e-08
35253,-6.5,-72.0,5.799905592941295e-08
35254,-6.5,-71.0,8.200190401788816e-08
35255,-6.5,-70.0,1.1532223642073115e-07
35256,-6.5,-69.0,1.6132002587905964e-07
35257,-6.5,-68.0,2.244655090226747e-07
35258,-6.5,-67.0,3.1066838486614246e-07
35259,-6.5,-66.0,4.276914901571148e-07
35260,-6.5,-65.0,5.85666342201683e-07
35261,-6.5,-64.0,7.977301946837507e-07
35262,-6.5,-63.0,1.0808063878125353e-06
35263,-6.5,-62.0,1.456551626038655e-06
35264,-6.5,-61.0,1.9524951756150047e-06
35265,-6.5,-60.0,2.603395585247736e-06
35266,-6.5,-59.0,3.452840095095867e-06
35267,-6.5,-58.0,4.555110069975435e-06
35268,-6.5,-57.0,5.977332196420704e-06
35269,-6.5,-56.0,7.801929425994431e-06
35270,-6.5,-55.0,1.0129377335994721e-05
35271,-6.5,-54.0,1.3081260348668125e-05
35272,-6.5,-53.0,1.6803607797949816e-05
35273,-6.5,-52.0,2.1470471956453003e-05
35274,-6.5,-51.0,2.728768877835835e-05
35275,-6.5,-50.0,3.449673741247991e-05
35276,-6.5,-49.0,4.337858687123215e-05
35277,-6.5,-48.0,5.425738900206313e-05
35278,-6.5,-47.0,6.750622822691489e-05
35279,-6.5,-46.0,8.482466331754458e-05
35280,-6.5,-45.0,0.00021775799418641923
35281,-6.5,-44.0,0.0018294225075816011
35282,-6.5,-43.0,0.004460805065007742
35283,-6.5,-42.0,0.0037762018625941978
35284,-6.5,-41.0,0.004977819081847645
35285,-6.5,-40.0,0.002307615000097926
35286,-6.5,-39.0,0.0026642192932693595
35287,-6.5,-38.0,0.005824852451209649
35288,-6.5,-37.0,0.0026664031370120037
35289,-6.5,-36.0,0.0008618958665587669
35290,-6.5,-35.0,0.0033868845172106772
35291,-6.5,-34.0,0.007522394435534794
35292,-6.5,-33.0,0.0038171384855701074
35293,-6.5,-32.0,0.004437814775124266
35294,-6.5,-31.0,0.009204700033636472
35295,-6.5,-30.0,0.004800788958309657
35296,-6.5,-29.0,0.005587915533040382
35297,-6.5,-28.0,0.011333442774907465
35298,-6.5,-27.0,0.005725013961205646
35299,-6.5,-26.0,0.0025553883704365564
35300,-6.5,-25.0,0.007327958019404352
35301,-6.5,-24.0,0.015089139723316183
35302,-6.5,-23.0,0.008197665229967722
35303,-6.5,-22.0,0.009580894637849424
35304,-6.5,-21.0,0.018813288353288625
35305,-6.5,-20.0,0.00970756612376569
35306,-6.5,-19.0,0.004545003865273562
35307,-6.5,-18.0,0.012553446021937989
35308,-6.5,-17.0,0.025592821296047705
35309,-6.5,-16.0,0.013770453016838729
35310,-6.5,-15.0,0.01651572445746247
35311,-6.5,-14.0,0.032893401925971316
35312,-6.5,-13.0,0.016301244741481594
35313,-6.5,-12.0,0.006908708043606958
35314,-6.5,-11.0,0.02298618043911268
35315,-6.5,-10.0,0.04920275610901583
35316,-6.5,-9.0,0.025212790278428595
35317,-6.5,-8.0,0.03677474744362276
35318,-6.5,-7.0,0.07966276759800175
35319,-6.5,-6.0,0.04441098614092351
35320,-6.5,-5.0,0.01067062141361823
35321,-6.5,-4.0,0.028927206147145345
35322,-6.5,-3.0,0.061340847764164444
35323,-6.5,-2.0,0.028659162756834805
35324,-6.5,-1.0,0.007646748060102674
35325,-6.5,0.0,0.0006853357587928405
35326,-6.5,1.0,0.00686170174449482
35327,-6.5,2.0,0.018285765904935945
35328,-6.5,3.0,0.03618626045002273
35329,-6.5,4.0,0.017660612638092297
35330,-6.5,5.0,0.006315714951234621
35331,-6.5,6.0,0.013527985964326786
35332,-6.5,7.0,0.02620200608707631
35333,-6.5,8.0,0.013327603948161501
35334,-6.5,9.0,0.0113578638794714
35335,-6.5,10.0,0.020814679030346415
35336,-6.5,11.0,0.010129520021311114
35337,-6.5,12.0,0.0035800910416965673
35338,-6.5,13.0,0.007876352102458076
35339,-6.5,14.0,0.01545999051064373
35340,-6.5,15.0,0.0076578801197760655
35341,-6.5,16.0,0.0065650217563739425
35342,-6.5,17.0,0.012459931392154603
35343,-6.5,18.0,0.005797430215798362
35344,-6.5,19.0,0.00172370216311484
35345,-6.5,20.0,0.004526055325056357
35346,-6.5,21.0,0.009454454555202357
35347,-6.5,22.0,0.00444905725786275
35348,-6.5,23.0,0.0038309188875575717
35349,-6.5,24.0,0.007771258712458685
35350,-6.5,25.0,0.003409745279099701
35351,-6.5,26.0,0.0007578491372414766
35352,-6.5,27.0,0.0027000313214942265
35353,-6.5,28.0,0.006079629072210233
35354,-6.5,29.0,0.0027287158055065894
35355,-6.5,30.0,0.0023715225717237066
35356,-6.5,31.0,0.00511983264069158
35357,-6.5,32.0,0.0021491907448368368
35358,-6.5,33.0,0.00035233796175332334
35359,-6.5,34.0,0.001740118321069247
35360,-6.5,35.0,0.004130897803657341
35361,-6.5,36.0,0.0018046890944102107
35362,-6.5,37.0,0.0015861767956150145
35363,-6.5,38.0,0.003551348986754732
35364,-6.5,39.0,0.0015420279347846213
35365,-6.5,40.0,0.0013611851332346945
35366,-6.5,41.0,0.003071264255214622
35367,-6.5,42.0,0.0012561359688607803
35368,-6.5,43.0,9.369011520856313e-05
35369,-6.5,44.0,8.395804823981077e-06
35370,-6.5,45.0,5.683500566534332e-06
35371,-6.5,46.0,4.306802672589985e-06
35372,-6.5,47.0,3.247241505463586e-06
35373,-6.5,48.0,2.4353495668123887e-06
35374,-6.5,49.0,1.8167487459816754e-06
35375,-6.5,50.0,1.3480782680389936e-06
35376,-6.5,51.0,9.949972790670469e-07
35377,-6.5,52.0,7.304914260511646e-07
35378,-6.5,53.0,5.3345122487284e-07
35379,-6.5,54.0,3.874901008712654e-07
35380,-6.5,55.0,2.7997081485404635e-07
35381,-6.5,56.0,2.0121072565613877e-07
35382,-6.5,57.0,1.4383867776560276e-07
35383,-6.5,58.0,1.0227898385157797e-07
35384,-6.5,59.0,7.2340795266154e-08
35385,-6.5,60.0,5.089396569666055e-08
35386,-6.5,61.0,3.5615204113608556e-08
35387,-6.5,62.0,2.4790809437576323e-08
35388,-6.5,63.0,1.716453711401496e-08
35389,-6.5,64.0,1.1821146545344672e-08
35390,-6.5,65.0,8.097915116969179e-09
35391,-6.5,66.0,5.51788888674452e-09
35392,-6.5,67.0,3.739889685921544e-09
35393,-6.5,68.0,2.5213361063562472e-09
35394,-6.5,69.0,1.6907866224112358e-09
35395,-6.5,70.0,1.1278022883347355e-09
35396,-6.5,71.0,7.482784674377846e-10
35397,-6.5,72.0,4.938324596066254e-10
35398,-6.5,73.0,3.241769449654481e-10
35399,-6.5,74.0,2.1167556387224928e-10
35400,-6.4,-75.0,1.940027121716041e-08
35401,-6.4,-74.0,2.7885849565765404e-08
35402,-6.4,-73.0,3.9869984462497956e-08
35403,-6.4,-72.0,5.670147547461443e-08
35404,-6.4,-71.0,8.021004526431369e-08
35405,-6.4,-70.0,1.1286239712970979e-07
35406,-6.4,-69.0,1.579631866943663e-07
35407,-6.4,-68.0,2.199118389562094e-07
35408,-6.4,-67.0,3.045281481413145e-07
35409,-6.4,-66.0,4.194617653775985e-07
35410,-6.4,-65.0,5.74702950280382e-07
35411,-6.4,-64.0,7.832142498209852e-07
35412,-6.4,-63.0,1.0617049489523487e-06
35413,-6.4,-62.0,1.4315720497882215e-06
35414,-6.4,-61.0,1.9200329727296558e-06
35415,-6.4,-60.0,2.5614758801576804e-06
35416,-6.4,-59.0,3.399053201056963e-06
35417,-6.4,-58.0,4.486542240402738e-06
35418,-6.4,-57.0,5.89049331309084e-06
35419,-6.4,-56.0,7.69268025058287e-06
35420,-6.4,-55.0,9.992859990241279e-06
35421,-6.4,-54.0,1.2911836898960078e-05
35422,-6.4,-53.0,1.65948131892071e-05
35423,-6.4,-52.0,2.1214989040130387e-05
35424,-6.4,-51.0,2.6977354764810874e-05
35425,-6.4,-50.0,3.412259268348939e-05
35426,-6.4,-49.0,4.29309786269959e-05
35427,-6.4,-48.0,5.372614358406741e-05
35428,-6.4,-47.0,6.688092415270136e-05
35429,-6.4,-46.0,8.410417084201e-05
35430,-6.4,-45.0,0.0002177405658132423
35431,-6.4,-44.0,0.0018407069133691812
35432,-6.4,-43.0,0.004490672261164831
35433,-6.4,-42.0,0.003800572677232612
35434,-6.4,-41.0,0.005010101877139734
35435,-6.4,-40.0,0.0023205214695493355
35436,-6.4,-39.0,0.0026787641357488385
35437,-6.4,-38.0,0.005860611405801663
35438,-6.4,-37.0,0.0026798924280160355
35439,-6.4,-36.0,0.0008623507020455222
35440,-6.4,-35.0,0.0034033467377932456
35441,-6.4,-34.0,0.007565495562903579
35442,-6.4,-33.0,0.0038352633465452597
35443,-6.4,-32.0,0.004458658513054335
35444,-6.4,-31.0,0.009255097790810959
35445,-6.4,-30.0,0.00482294381640586
35446,-6.4,-29.0,0.00561352894926814
35447,-6.4,-28.0,0.011393209043652873
35448,-6.4,-27.0,0.005751198628423478
35449,-6.4,-26.0,0.0025625481897679626
35450,-6.4,-25.0,0.007361350048844506
35451,-6.4,-24.0,0.015165361536886288
35452,-6.4,-23.0,0.008236987362939034
35453,-6.4,-22.0,0.009625594529060132
35454,-6.4,-21.0,0.01890451616973801
35455,-6.4,-20.0,0.009755791244402392
35456,-6.4,-19.0,0.004569235420287392
35457,-6.4,-18.0,0.012610812114623397
35458,-6.4,-17.0,0.025703547726273524
35459,-6.4,-16.0,0.013837120977105237
35460,-6.4,-15.0,0.016583203118900224
35461,-6.4,-14.0,0.0330076354075157
35462,-6.4,-13.0,0.01637436861274648
35463,-6.4,-12.0,0.00695615051285926
35464,-6.4,-11.0,0.023024096666715618
35465,-6.4,-10.0,0.0492263341041693
35466,-6.4,-9.0,0.02522783418429031
35467,-6.4,-8.0,0.03638480813363142
35468,-6.4,-7.0,0.07862133018371335
35469,-6.4,-6.0,0.04316401247208462
35470,-6.4,-5.0,0.01057009896049339
35471,-6.4,-4.0,0.029073748685639438
35472,-6.4,-3.0,0.06174550336780071
35473,-6.4,-2.0,0.028814287804119994
35474,-6.4,-1.0,0.007643346185615205
35475,-6.4,0.0,0.0006816614480392556
35476,-6.4,1.0,0.00685745405273151
35477,-6.4,2.0,0.01832743029358017
35478,-6.4,3.0,0.03629753595488487
35479,-6.4,4.0,0.01770844178436866
35480,-6.4,5.0,0.006325018440167982
35481,-6.4,6.0,0.013557403313325027
35482,-6.4,7.0,0.02626591586494094
35483,-6.4,8.0,0.01336108415815489
35484,-6.4,9.0,0.011384346398611132
35485,-6.4,10.0,0.020860315577232693
35486,-6.4,11.0,0.010155684480303316
35487,-6.4,12.0,0.0035943172069132323
35488,-6.4,13.0,0.007896294305868953
35489,-6.4,14.0,0.01548985858872455
35490,-6.4,15.0,0.007677441475744387
35491,-6.4,16.0,0.006581507602617377
35492,-6.4,17.0,0.012481225581255492
35493,-6.4,18.0,0.005812081573388142
35494,-6.4,19.0,0.0017340248986413144
35495,-6.4,20.0,0.004536990784243083
35496,-6.4,21.0,0.009467054068489232
35497,-6.4,22.0,0.004458409481209394
35498,-6.4,23.0,0.0038386021987589195
35499,-6.4,24.0,0.007779026928410725
35500,-6.4,25.0,0.003415840745171426
35501,-6.4,26.0,0.0007627026697222653
35502,-6.4,27.0,0.0027040902413164275
35503,-6.4,28.0,0.006082855581425975
35504,-6.4,29.0,0.002731653005552412
35505,-6.4,30.0,0.002373698401045305
35506,-6.4,31.0,0.005120829132849468
35507,-6.4,32.0,0.002150602978039326
35508,-6.4,33.0,0.0003538938611230588
35509,-6.4,34.0,0.0017407021709770056
35510,-6.4,35.0,0.004130084953082207
35511,-6.4,36.0,0.0018047718722350886
35512,-6.4,37.0,0.0015860084374366222
35513,-6.4,38.0,0.0035497943130674697
35514,-6.4,39.0,0.0015415843299092327
35515,-6.4,40.0,0.001360608320147838
35516,-6.4,41.0,0.0030693131123969036
35517,-6.4,42.0,0.0012554681369424147
35518,-6.4,43.0,9.383362066668567e-05
35519,-6.4,44.0,8.557179950482749e-06
35520,-6.4,45.0,5.810102861796289e-06
35521,-6.4,46.0,4.405113908239824e-06
35522,-6.4,47.0,3.3231354364428168e-06
35523,-6.4,48.0,2.4935958438731156e-06
35524,-6.4,49.0,1.8611910277088313e-06
35525,-6.4,50.0,1.3817915337116738e-06
35526,-6.4,51.0,1.0204239970579971e-06
35527,-6.4,52.0,7.495580151980389e-07
35528,-6.4,53.0,5.476665459393886e-07
35529,-6.4,54.0,3.980278682923577e-07
35530,-6.4,55.0,2.8773785800754375e-07
35531,-6.4,56.0,2.0690298295155763e-07
35532,-6.4,57.0,1.4798670108485612e-07
35533,-6.4,58.0,1.0528458642905029e-07
35534,-6.4,59.0,7.450631000624194e-08
35535,-6.4,60.0,5.2445406448297456e-08
35536,-6.4,61.0,3.672044940184555e-08
35537,-6.4,62.0,2.5573763512017575e-08
35538,-6.4,63.0,1.7716071404918433e-08
35539,-6.4,64.0,1.2207488273381407e-08
35540,-6.4,65.0,8.367029946508643e-09
35541,-6.4,66.0,5.704301118719282e-09
35542,-6.4,67.0,3.868295773802055e-09
35543,-6.4,68.0,2.6092939858855767e-09
35544,-6.4,69.0,1.7507029450003596e-09
35545,-6.4,70.0,1.1683905074549215e-09
35546,-6.4,71.0,7.756212261246963e-10
35547,-6.4,72.0,5.12150333164203e-10
35548,-6.4,73.0,3.3638091009905597e-10
35549,-6.4,74.0,2.1976135827449683e-10
35550,-6.3,-75.0,1.8926249216779958e-08
35551,-6.3,-74.0,2.721899102981094e-08
35552,-6.3,-73.0,3.893727890312776e-08
35553,-6.3,-72.0,5.5404530750165883e-08
35554,-6.3,-71.0,7.841715311561295e-08
35555,-6.3,-70.0,1.103984483637029e-07
35556,-6.3,-69.0,1.545969690127236e-07
35557,-6.3,-68.0,2.153401880791316e-07
35558,-6.3,-67.0,2.983563658566335e-07
35559,-6.3,-66.0,4.11179672804669e-07
35560,-6.3,-65.0,5.636559193090903e-07
35561,-6.3,-64.0,7.685685609015074e-07
35562,-6.3,-63.0,1.0424068720417567e-06
35563,-6.3,-62.0,1.4063001525204913e-06
35564,-6.3,-61.0,1.8871433431462638e-06
35565,-6.3,-60.0,2.518940229741576e-06
35566,-6.3,-59.0,3.344390207500268e-06
35567,-6.3,-58.0,4.416743018599239e-06
35568,-6.3,-57.0,5.801942585837402e-06
35569,-6.3,-56.0,7.581075642528022e-06
35570,-6.3,-55.0,9.853132899121846e-06
35571,-6.3,-54.0,1.2738079608079783e-05
35572,-6.3,-53.0,1.6380218264013467e-05
35573,-6.3,-52.0,2.095180857475124e-05
35574,-6.3,-51.0,2.665688866916194e-05
35575,-6.3,-50.0,3.373521686559087e-05
35576,-6.3,-49.0,4.24662255438835e-05
35577,-6.3,-48.0,5.3172849105592904e-05
35578,-6.3,-47.0,6.622747203329211e-05
35579,-6.3,-46.0,8.334748161068119e-05
35580,-6.3,-45.0,0.00021763133629141903
35581,-6.3,-44.0,0.0018512398217359362
35582,-6.3,-43.0,0.004518711326230711
35583,-6.3,-42.0,0.0038233899605382648
35584,-6.3,-41.0,0.0050403339213258465
35585,-6.3,-40.0,0.0023324653371216363
35586,-6.3,-39.0,0.002692191483969211
35587,-6.3,-38.0,0.005893947192735571
35588,-6.3,-37.0,0.0026922493218358274
35589,-6.3,-36.0,0.000862405756879945
35590,-6.3,-35.0,0.003418355276045831
35591,-6.3,-34.0,0.007605422380360986
35592,-6.3,-33.0,0.0038517329781457056
35593,-6.3,-32.0,0.004477571406560546
35594,-6.3,-31.0,0.009301570794427791
35595,-6.3,-30.0,0.004842986514415041
35596,-6.3,-29.0,0.005636680891986499
35597,-6.3,-28.0,0.011448101796504876
35598,-6.3,-27.0,0.0057748313490134755
35599,-6.3,-26.0,0.0025684605422333384
35600,-6.3,-25.0,0.007391480656909593
35601,-6.3,-24.0,0.015235058364588671
35602,-6.3,-23.0,0.008272657606872834
35603,-6.3,-22.0,0.009666051318910395
35604,-6.3,-21.0,0.018987624990066652
35605,-6.3,-20.0,0.009799710357316973
35606,-6.3,-19.0,0.004591327697518314
35607,-6.3,-18.0,0.012662716916178618
35608,-6.3,-17.0,0.025803403731981776
35609,-6.3,-16.0,0.01389785788397437
35610,-6.3,-15.0,0.01664375979020946
35611,-6.3,-14.0,0.03310836767253136
35612,-6.3,-13.0,0.016440724649405797
35613,-6.3,-12.0,0.007000762614658355
35614,-6.3,-11.0,0.023054214039911983
35615,-6.3,-10.0,0.04923392893184845
35616,-6.3,-9.0,0.02523814924527526
35617,-6.3,-8.0,0.036037373996837804
35618,-6.3,-7.0,0.07768828083109151
35619,-6.3,-6.0,0.04200700812807676
35620,-6.3,-5.0,0.010473752229881426
35621,-6.3,-4.0,0.029217232043136962
35622,-6.3,-3.0,0.062145334622223894
35623,-6.3,-2.0,0.02896630450085291
35624,-6.3,-1.0,0.007637955233256591
35625,-6.3,0.0,0.0006778267136103118
35626,-6.3,1.0,0.006851105354658869
35627,-6.3,2.0,0.018364518399086312
35628,-6.3,3.0,0.03640036251822158
35629,-6.3,4.0,0.017751896811885354
35630,-6.3,5.0,0.006332439902548724
35631,-6.3,6.0,0.013583234087747012
35632,-6.3,7.0,0.026323258283305007
35633,-6.3,8.0,0.013391093529635033
35634,-6.3,9.0,0.011407809442563196
35635,-6.3,10.0,0.02090064181719378
35636,-6.3,11.0,0.010179190336502624
35637,-6.3,12.0,0.0036075164266974554
35638,-6.3,13.0,0.007914154027135826
35639,-6.3,14.0,0.015515765529241166
35640,-6.3,15.0,0.007695019065495455
35641,-6.3,16.0,0.0065962907945662855
35642,-6.3,17.0,0.012499337103241016
35643,-6.3,18.0,0.0058252525628923425
35644,-6.3,19.0,0.001743910556795656
35645,-6.3,20.0,0.004546779462414372
35646,-6.3,21.0,0.009477251131088606
35647,-6.3,22.0,0.004466645475836254
35648,-6.3,23.0,0.003845327563618809
35649,-6.3,24.0,0.007784824112331919
35650,-6.3,25.0,0.0034210888083687605
35651,-6.3,26.0,0.000767391600800195
35652,-6.3,27.0,0.002707480950772831
35653,-6.3,28.0,0.006084537569660905
35654,-6.3,29.0,0.002733911028386609
35655,-6.3,30.0,0.0023752843797394505
35656,-6.3,31.0,0.00512051998530684
35657,-6.3,32.0,0.002151478265949241
35658,-6.3,33.0,0.0003553770032580373
35659,-6.3,34.0,0.0017408499123966296
35660,-6.3,35.0,0.004128211692426339
35661,-6.3,36.0,0.0018043975549605817
35662,-6.3,37.0,0.0015854377316487118
35663,-6.3,38.0,0.0035473235977281216
35664,-6.3,39.0,0.0015407467152608358
35665,-6.3,40.0,0.0013596831612922833
35666,-6.3,41.0,0.003066566582748295
35667,-6.3,42.0,0.0012544772383087266
35668,-6.3,43.0,9.395636748035212e-05
35669,-6.3,44.0,8.719351220120372e-06
35670,-6.3,45.0,5.937632223771095e-06
35671,-6.3,46.0,4.504232429447527e-06
35672,-6.3,47.0,3.3997186067417364e-06
35673,-6.3,48.0,2.552420940895517e-06
35674,-6.3,49.0,1.9061123973751956e-06
35675,-6.3,50.0,1.4158962140049796e-06
35676,-6.3,51.0,1.0461667325464375e-06
35677,-6.3,52.0,7.688769714551942e-07
35678,-6.3,53.0,5.620813558740911e-07
35679,-6.3,54.0,4.087218161609831e-07
35680,-6.3,55.0,2.956260639939033e-07
35681,-6.3,56.0,2.126884206261165e-07
35682,-6.3,57.0,1.5220578708669464e-07
35683,-6.3,58.0,1.0834394765319668e-07
35684,-6.3,59.0,7.671217573447707e-08
35685,-6.3,60.0,5.40269047717401e-08
35686,-6.3,61.0,3.784791908936444e-08
35687,-6.3,62.0,2.6373031379662346e-08
35688,-6.3,63.0,1.8279495986233657e-08
35689,-6.3,64.0,1.2602435957187291e-08
35690,-6.3,65.0,8.642330994644239e-09
35691,-6.3,66.0,5.895130234553777e-09
35692,-6.3,67.0,3.999834510732005e-09
35693,-6.3,68.0,2.6994591028937295e-09
35694,-6.3,69.0,1.8121643831951331e-09
35695,-6.3,70.0,1.2100534024637817e-09
35696,-6.3,71.0,8.037067062876637e-10
35697,-6.3,72.0,5.30978278614299e-10
35698,-6.3,73.0,3.4893298533721306e-10
35699,-6.3,74.0,2.2808325634039084e-10
35700,-6.2,-75.0,1.845596012816728e-08
35701,-6.2,-74.0,2.6556785177390125e-08
35702,-6.2,-73.0,3.801022717470607e-08
35703,-6.2,-72.0,5.411423676758868e-08
35704,-6.2,-71.0,7.66317453804655e-08
35705,-6.2,-70.0,1.0794238372968132e-07
35706,-6.2,-69.0,1.5123816497723235e-07
35707,-6.2,-68.0,2.1077393402390581e-07
35708,-6.2,-67.0,2.921854001025255e-07
35709,-6.2,-66.0,4.028897593564912e-07
35710,-6.2,-65.0,5.525862236276475e-07
35711,-6.2,-64.0,7.538761183655147e-07
35712,-6.2,-63.0,1.0230244787668654e-06
35713,-6.2,-62.0,1.3808871011380838e-06
35714,-6.2,-61.0,1.8540285935577733e-06
35715,-6.2,-60.0,2.4760578662152156e-06
35716,-6.2,-59.0,3.2892074094602373e-06
35717,-6.2,-58.0,4.346181283964412e-06
35718,-6.2,-57.0,5.712293612448119e-06
35719,-6.2,-56.0,7.467914111598228e-06
35720,-6.2,-55.0,9.711229425905054e-06
35721,-6.2,-54.0,1.2561318332083425e-05
35722,-6.2,-53.0,1.6161524936094328e-05
35723,-6.2,-52.0,2.0683096538996373e-05
35724,-6.2,-51.0,2.6329031793982884e-05
35725,-6.2,-50.0,3.333806019117086e-05
35726,-6.2,-49.0,4.198864609995787e-05
35727,-6.2,-48.0,5.260288091372835e-05
35728,-6.2,-47.0,6.555252598855028e-05
35729,-6.2,-46.0,8.256288975016997e-05
35730,-6.2,-45.0,0.00021744952645697102
35731,-6.2,-44.0,0.0018611697027366982
35732,-6.2,-43.0,0.00454528160358996
35733,-6.2,-42.0,0.0038449589326196507
35734,-6.2,-41.0,0.005068917351391499
35735,-6.2,-40.0,0.002343635388749371
35736,-6.2,-39.0,0.0027047196580410856
35737,-6.2,-38.0,0.005925332561892097
35738,-6.2,-37.0,0.00270369352609245
35739,-6.2,-36.0,0.0008621365073811945
35740,-6.2,-35.0,0.003432189835984063
35741,-6.2,-34.0,0.007642788610667758
35742,-6.2,-33.0,0.0038668630132753217
35743,-6.2,-32.0,0.0044949205272935494
35744,-6.2,-31.0,0.009344872255528469
35745,-6.2,-30.0,0.004861314392772249
35746,-6.2,-29.0,0.0056578338321544635
35747,-6.2,-28.0,0.011499050335662874
35748,-6.2,-27.0,0.005796385654362942
35749,-6.2,-26.0,0.002573341294338773
35750,-6.2,-25.0,0.00741895549691686
35751,-6.2,-24.0,0.015299469688071358
35752,-6.2,-23.0,0.008305350784356923
35753,-6.2,-22.0,0.00970305461558875
35754,-6.2,-21.0,0.01906416267689095
35755,-6.2,-20.0,0.009840119529651584
35756,-6.2,-19.0,0.004611649811223923
35757,-6.2,-18.0,0.012710193529487606
35758,-6.2,-17.0,0.02589450453667142
35759,-6.2,-16.0,0.013953792089604152
35760,-6.2,-15.0,0.01669875645803249
35761,-6.2,-14.0,0.033198333839767835
35762,-6.2,-13.0,0.016501649439007948
35763,-6.2,-12.0,0.007043085696060431
35764,-6.2,-11.0,0.023078395321131852
35765,-6.2,-10.0,0.04922955370705594
35766,-6.2,-9.0,0.025244989971687032
35767,-6.2,-8.0,0.03572380895226295
35768,-6.2,-7.0,0.07684159328617192
35769,-6.2,-6.0,0.040923597481891054
35770,-6.2,-5.0,0.010380799062037557
35771,-6.2,-4.0,0.02935888519425751
35772,-6.2,-3.0,0.06254298838714187
35773,-6.2,-2.0,0.02911643917647461
35774,-6.2,-1.0,0.007630887527407522
35775,-6.2,0.0,0.000673860024300709
35776,-6.2,1.0,0.006842922154205593
35777,-6.2,2.0,0.018397710414092844
35778,-6.2,3.0,0.0364960705029635
35779,-6.2,4.0,0.017791628917943468
35780,-6.2,5.0,0.006338213977923155
35781,-6.2,6.0,0.013605975659582742
35782,-6.2,7.0,0.026374994137992467
35783,-6.2,8.0,0.013418118647906659
35784,-6.2,9.0,0.011428667551120798
35785,-6.2,10.0,0.020936421124272006
35786,-6.2,11.0,0.010200405252248721
35787,-6.2,12.0,0.0036198137983126755
35788,-6.2,13.0,0.007930216536393418
35789,-6.2,14.0,0.015538279541678251
35790,-6.2,15.0,0.007710890322640747
35791,-6.2,16.0,0.00660960911001803
35792,-6.2,17.0,0.012514725496614986
35793,-6.2,18.0,0.005837153231228764
35794,-6.2,19.0,0.0017534168587476338
35795,-6.2,20.0,0.004555585633184927
35796,-6.2,21.0,0.009485396914030305
35797,-6.2,22.0,0.004473927931724639
35798,-6.2,23.0,0.0038512353235720734
35799,-6.2,24.0,0.007788940818865164
35800,-6.2,25.0,0.0034256150376043093
35801,-6.2,26.0,0.0007719413585963093
35802,-6.2,27.0,0.002710303475602994
35803,-6.2,28.0,0.006084904436961921
35804,-6.2,29.0,0.002735591851986359
35805,-6.2,30.0,0.0023763694167848446
35806,-6.2,31.0,0.0051190996147402025
35807,-6.2,32.0,0.0021518976061028687
35808,-6.2,33.0,0.00035679985576959596
35809,-6.2,34.0,0.0017406275283636814
35810,-6.2,35.0,0.004125436000902732
35811,-6.2,36.0,0.001803634920353129
35812,-6.2,37.0,0.0015845252951366352
35813,-6.2,38.0,0.0035440732227708925
35814,-6.2,39.0,0.0015395741964597184
35815,-6.2,40.0,0.0013584619548655163
35816,-6.2,41.0,0.003063143001248116
35817,-6.2,42.0,0.0012532116148267363
35818,-6.2,43.0,9.406187743902051e-05
35819,-6.2,44.0,8.882573133024093e-06
35820,-6.2,45.0,6.066256661734571e-06
35821,-6.2,46.0,4.604286944685283e-06
35822,-6.2,47.0,3.477089250596773e-06
35823,-6.2,48.0,2.6118995236282448e-06
35824,-6.2,49.0,1.951569371519605e-06
35825,-6.2,50.0,1.4504349095710188e-06
35826,-6.2,51.0,1.0722574621637153e-06
35827,-6.2,52.0,7.884721956279325e-07
35828,-6.2,53.0,5.767134432790102e-07
35829,-6.2,54.0,4.1958512720646546e-07
35830,-6.2,55.0,3.0364515998696307e-07
35831,-6.2,56.0,2.18574184769156e-07
35832,-6.2,57.0,1.5650116252905044e-07
35833,-6.2,58.0,1.1146087344360983e-07
35834,-6.2,59.0,7.896115131744888e-08
35835,-6.2,60.0,5.564045145909366e-08
35836,-6.2,61.0,3.899904314079473e-08
35837,-6.2,62.0,2.7189635412308166e-08
35838,-6.2,63.0,1.8855538397644688e-08
35839,-6.2,64.0,1.3006504883600348e-08
35840,-6.2,65.0,8.924181478673103e-09
35841,-6.2,66.0,6.090631028761166e-09
35842,-6.2,67.0,4.134683766068267e-09
35843,-6.2,68.0,2.791955018458546e-09
35844,-6.2,69.0,1.8752563480930584e-09
35845,-6.2,70.0,1.2528497198871937e-09
35846,-6.2,71.0,8.325751119235374e-10
35847,-6.2,72.0,5.503436713277178e-10
35848,-6.2,73.0,3.618517162346043e-10
35849,-6.2,74.0,2.366537576292471e-10
35850,-6.1,-75.0,1.7990814550830273e-08
35851,-6.1,-74.0,2.590127085155729e-08
35852,-6.1,-73.0,3.709175883027775e-08
35853,-6.1,-72.0,5.2834778230000135e-08
35854,-6.1,-71.0,7.485976472549467e-08
35855,-6.1,-70.0,1.0550259316589136e-07
35856,-6.1,-69.0,1.478985507473024e-07
35857,-6.1,-68.0,2.0622951000604947e-07
35858,-6.1,-67.0,2.860380501775158e-07
35859,-6.1,-66.0,3.9462347399040515e-07
35860,-6.1,-65.0,5.415369935209435e-07
35861,-6.1,-64.0,7.391957327192034e-07
35862,-6.1,-63.0,1.0036375004527432e-06
35863,-6.1,-62.0,1.3554403710858622e-06
35864,-6.1,-61.0,1.8208327696487533e-06
35865,-6.1,-60.0,2.4330207476246205e-06
35866,-6.1,-59.0,3.2337591568678928e-06
35867,-6.1,-58.0,4.275192140933238e-06
35868,-6.1,-57.0,5.621985384157817e-06
35869,-6.1,-56.0,7.353767481813599e-06
35870,-6.1,-55.0,9.567890204262098e-06
35871,-6.1,-54.0,1.2382506926423231e-05
35872,-6.1,-53.0,1.593995473280449e-05
35873,-6.1,-52.0,2.0410408428272176e-05
35874,-6.1,-51.0,2.5995753759538534e-05
35875,-6.1,-50.0,3.293360263802595e-05
35876,-6.1,-49.0,4.1501345339838324e-05
35877,-6.1,-48.0,5.2020104866395895e-05
35878,-6.1,-47.0,6.486087229008597e-05
35879,-6.1,-46.0,8.175636017666533e-05
35880,-6.1,-45.0,0.00021720883159335566
35881,-6.1,-44.0,0.00187060141236065
35882,-6.1,-43.0,0.004570636666542696
35883,-6.1,-42.0,0.00386549506057048
35884,-6.1,-41.0,0.00509613603587177
35885,-6.1,-40.0,0.0023541650944653276
35886,-6.1,-39.0,0.0027165030374162423
35887,-6.1,-38.0,0.005955101414029998
35888,-6.1,-37.0,0.0027143805175794556
35889,-6.1,-36.0,0.0008615967626958858
35890,-6.1,-35.0,0.0034450483983942464
35891,-6.1,-34.0,0.00767802798549479
35892,-6.1,-33.0,0.003880876907068057
35893,-6.1,-32.0,0.004510965736933461
35894,-6.1,-31.0,0.009385534638866683
35895,-6.1,-30.0,0.0048782087616451465
35896,-6.1,-29.0,0.00567731514932792
35897,-6.1,-28.0,0.01154671167884355
35898,-6.1,-27.0,0.005816196714396145
35899,-6.1,-26.0,0.002577343641346971
35900,-6.1,-25.0,0.007444203081214159
35901,-6.1,-24.0,0.015359471716476359
35902,-6.1,-23.0,0.008335544045717659
35903,-6.1,-22.0,0.009737162645524485
35904,-6.1,-21.0,0.0191352231962826
35905,-6.1,-20.0,0.009877581122231376
35906,-6.1,-19.0,0.004630462095639349
35907,-6.1,-18.0,0.01275397143951481
35908,-6.1,-17.0,0.02597834436386661
35909,-6.1,-16.0,0.014005719712738278
35910,-6.1,-15.0,0.01674915341662417
35911,-6.1,-14.0,0.033279463631250616
35912,-6.1,-13.0,0.01655808457754455
35913,-6.1,-12.0,0.007083498072136842
35914,-6.1,-11.0,0.023097934078633604
35915,-6.1,-10.0,0.04921599282371917
35916,-6.1,-9.0,0.025249221734416544
35917,-6.1,-8.0,0.035438038001650275
35918,-6.1,-7.0,0.07606577966116927
35919,-6.1,-6.0,0.039902079840095105
35920,-6.1,-5.0,0.01029068425779062
35921,-6.1,-4.0,0.029499637927421014
35922,-6.1,-3.0,0.06294048261163959
35923,-6.1,-2.0,0.029265619008128848
35924,-6.1,-1.0,0.007622368510056321
35925,-6.1,0.0,0.0006697815682785144
35926,-6.1,1.0,0.006833092150956053
35927,-6.1,2.0,0.018427481091794533
35928,-6.1,3.0,0.036585586149628514
35929,-6.1,4.0,0.017828091640842425
35930,-6.1,5.0,0.006342504110047395
35931,-6.1,6.0,0.013625973326541453
35932,-6.1,7.0,0.02642178994578632
35933,-6.1,8.0,0.013442496669553074
35934,-6.1,9.0,0.011447207746441443
35935,-6.1,10.0,0.020968182588327902
35936,-6.1,11.0,0.010219583382214667
35937,-6.1,12.0,0.003631294930988187
35938,-6.1,13.0,0.007944678802634629
35939,-6.1,14.0,0.015557794377397568
35940,-6.1,15.0,0.007725246792136987
35941,-6.1,16.0,0.006621626662118437
35942,-6.1,17.0,0.012527709376707852
35943,-6.1,18.0,0.005847928551951506
35944,-6.1,19.0,0.0017625827985445247
35945,-6.1,20.0,0.004563522698932029
35946,-6.1,21.0,0.00949173525861752
35947,-6.1,22.0,0.0044803693719971125
35948,-6.1,23.0,0.0038564225789753407
35949,-6.1,24.0,0.007791579101456889
35950,-6.1,25.0,0.0034295064301445985
35951,-6.1,26.0,0.0007763691348002011
35952,-6.1,27.0,0.0027126272135102303
35953,-6.1,28.0,0.006084116049318331
35954,-6.1,29.0,0.002736766384078923
35955,-6.1,30.0,0.0023770153778026023
35956,-6.1,31.0,0.005116703706418858
35957,-6.1,32.0,0.0021519174327146386
35958,-6.1,33.0,0.0003581709798896259
35959,-6.1,34.0,0.0017400810569332458
35960,-6.1,35.0,0.004121868309452656
35961,-6.1,36.0,0.0018025320123307557
35962,-6.1,37.0,0.0015833134967962212
35963,-6.1,38.0,0.003540138608146476
35964,-6.1,39.0,0.0015381081131888934
35965,-6.1,40.0,0.0013569812978115668
35966,-6.1,41.0,0.0030591252181011975
35967,-6.1,42.0,0.0012517051065457612
35968,-6.1,43.0,9.415260752613826e-05
35969,-6.1,44.0,9.047017657104235e-06
35970,-6.1,45.0,6.19608979347566e-06
35971,-6.1,46.0,4.705365133571835e-06
35972,-6.1,47.0,3.555314809466208e-06
35973,-6.1,48.0,2.672083272867965e-06
35974,-6.1,49.0,1.9976014031671393e-06
35975,-6.1,50.0,1.48543762257867e-06
35976,-6.1,51.0,1.0987189115648503e-06
35977,-6.1,52.0,8.08360832815226e-07
35978,-6.1,53.0,5.91575690367291e-07
35979,-6.1,54.0,4.3062744047352193e-07
35980,-6.1,55.0,3.118023278332656e-07
35981,-6.1,56.0,2.2456560335654914e-07
35982,-6.1,57.0,1.608767627124808e-07
35983,-6.1,58.0,1.1463825747057356e-07
35984,-6.1,59.0,8.12553548348336e-08
35985,-6.1,60.0,5.728758972089041e-08
35986,-6.1,61.0,4.017494064945203e-08
35987,-6.1,62.0,2.8024383282796408e-08
35988,-6.1,63.0,1.9444778740478e-08
35989,-6.1,64.0,1.3420109666649779e-08
35990,-6.1,65.0,9.21287626812692e-09
35991,-6.1,66.0,6.291012160324798e-09
35992,-6.1,67.0,4.272990446834961e-09
35993,-6.1,68.0,2.8868846348182795e-09
35994,-6.1,69.0,1.9400505470700803e-09
35995,-6.1,70.0,1.296829169406863e-09
35996,-6.1,71.0,8.622607228936781e-10
35997,-6.1,72.0,5.70270026151793e-10
35998,-6.1,73.0,3.751531476421509e-10
35999,-6.1,74.0,2.454837515979627e-10
36000,-6.0,-75.0,1.6894934813693994e-08
36001,-6.0,-74.0,2.4336502056180236e-08
36002,-6.0,-73.0,3.486951440694427e-08
36003,-6.0,-72.0,4.9695807316185235e-08
36004,-6.0,-71.0,7.044979090007348e-08
36005,-6.0,-70.0,9.934037022198603e-08
36006,-6.0,-69.0,1.393342702810952e-07
36007,-6.0,-68.0,1.9439103327424285e-07
36008,-6.0,-67.0,2.697619029334737e-07
36009,-6.0,-66.0,3.7236693693901654e-07
36010,-6.0,-65.0,5.112669455524505e-07
36011,-6.0,-64.0,6.98249167245513e-07
36012,-6.0,-63.0,9.485478516187113e-07
36013,-6.0,-62.0,1.281722979139708e-06
36014,-6.0,-61.0,1.7227220157914703e-06
36015,-6.0,-60.0,2.3031506418055984e-06
36016,-6.0,-59.0,3.0627785231482624e-06
36017,-6.0,-58.0,4.051305083146645e-06
36018,-6.0,-57.0,5.33040751175251e-06
36019,-6.0,-56.0,6.97608852641712e-06
36020,-6.0,-55.0,9.081334266601803e-06
36021,-6.0,-54.0,1.1759082772952047e-05
36022,-6.0,-53.0,1.514549042643954e-05
36023,-6.0,-52.0,1.9403467238947013e-05
36024,-6.0,-51.0,2.472643185685071e-05
36025,-6.0,-50.0,3.134221359779093e-05
36026,-6.0,-49.0,3.9517002044246426e-05
36027,-6.0,-48.0,4.955921592196355e-05
36028,-6.0,-47.0,6.182550240934214e-05
36029,-6.0,-46.0,7.799233694493739e-05
36030,-6.0,-45.0,0.00020903939576319476
36031,-6.0,-44.0,0.0018113314731739026
36032,-6.0,-43.0,0.004428041804727916
36033,-6.0,-42.0,0.0037440208018696777
36034,-6.0,-41.0,0.0049361247307727
36035,-6.0,-40.0,0.002278270248448319
36036,-6.0,-39.0,0.002628567892310328
36037,-6.0,-38.0,0.005766136999042752
36038,-6.0,-37.0,0.0026254548232915805
36039,-6.0,-36.0,0.0008295553015849338
36040,-6.0,-35.0,0.0033314918386465634
36041,-6.0,-34.0,0.007431325851195094
36042,-6.0,-33.0,0.0037524844690414445
36043,-6.0,-32.0,0.004361486527532802
36044,-6.0,-31.0,0.009081606522190465
36045,-6.0,-30.0,0.004716097413493569
36046,-6.0,-29.0,0.005488470910030437
36047,-6.0,-28.0,0.011170483126974967
36048,-6.0,-27.0,0.005622561583466876
36049,-6.0,-26.0,0.0024868362235136274
36050,-6.0,-25.0,0.007196266202947921
36051,-6.0,-24.0,0.014855703657281326
36052,-6.0,-23.0,0.008059765021354779
36053,-6.0,-22.0,0.00941391609419508
36054,-6.0,-21.0,0.01850407550141622
36055,-6.0,-20.0,0.009552417508175098
36056,-6.0,-19.0,0.0044791096294587674
36057,-6.0,-18.0,0.0123297984761351
36058,-6.0,-17.0,0.025109486069902157
36059,-6.0,-16.0,0.01354367819412673
36060,-6.0,-15.0,0.01618552019348303
36061,-6.0,-14.0,0.03214155452275281
36062,-6.0,-13.0,0.01600730333131298
36063,-6.0,-12.0,0.006863543990385273
36064,-6.0,-11.0,0.022274110075511774
36065,-6.0,-10.0,0.04740813730770461
36066,-6.0,-9.0,0.024334152472537427
36067,-6.0,-8.0,0.03389776234747717
36068,-6.0,-7.0,0.07261221895940538
36069,-6.0,-6.0,0.03632716549915284
36070,-6.0,-5.0,0.010662620816695651
36071,-6.0,-4.0,0.0309754704909283
36072,-6.0,-3.0,0.06619276915358607
36073,-6.0,-2.0,0.0307396566771614
36074,-6.0,-1.0,0.007955499841670486
36075,-6.0,0.0,0.0006955904770562933
36076,-6.0,1.0,0.0071290592533491464
36077,-6.0,2.0,0.01928549810941671
36078,-6.0,3.0,0.038321469663217186
36079,-6.0,4.0,0.018666242683104375
36080,-6.0,5.0,0.006631277345697039
36081,-6.0,6.0,0.014258086891847307
36082,-6.0,7.0,0.027656280748500375
36083,-6.0,8.0,0.01407101707146863
36084,-6.0,9.0,0.011980049759840872
36085,-6.0,10.0,0.021942147712997018
36086,-6.0,11.0,0.010698058801306393
36087,-6.0,12.0,0.0038060860642742454
36088,-6.0,13.0,0.008316159227696908
36089,-6.0,14.0,0.01627619693417705
36090,-6.0,15.0,0.008086816909905174
36091,-6.0,16.0,0.006931239749096585
36092,-6.0,17.0,0.013103352739386846
36093,-6.0,18.0,0.006121558920196212
36094,-6.0,19.0,0.0018512350785257297
36095,-6.0,20.0,0.004776571278602137
36096,-6.0,21.0,0.009924237332698236
36097,-6.0,22.0,0.004688137958711731
36098,-6.0,23.0,0.004034887358060734
36099,-6.0,24.0,0.008143938492433899
36100,-6.0,25.0,0.003587467326242295
36101,-6.0,26.0,0.0008158552546652797
36102,-6.0,27.0,0.0028367849332496062
36103,-6.0,28.0,0.00635628287311504
36104,-6.0,29.0,0.002860803989984654
36105,-6.0,30.0,0.0024843580130944854
36106,-6.0,31.0,0.005343780337658309
36107,-6.0,32.0,0.0022485028353819805
36108,-6.0,33.0,0.000375691041344354
36109,-6.0,34.0,0.0018175932806010397
36110,-6.0,35.0,0.004303077886402165
36111,-6.0,36.0,0.00188226067984749
36112,-6.0,37.0,0.001653091492258587
36113,-6.0,38.0,0.003694860286487635
36114,-6.0,39.0,0.0016055892609065832
36115,-6.0,40.0,0.001416319883562754
36116,-6.0,41.0,0.003192175895713271
36117,-6.0,42.0,0.0013062915148060357
36118,-6.0,43.0,9.847522389720966e-05
36119,-6.0,44.0,9.627822204443482e-06
36120,-6.0,45.0,6.612238473750039e-06
36121,-6.0,46.0,5.024097856579754e-06
36122,-6.0,47.0,3.7981673287620713e-06
36123,-6.0,48.0,2.856125697112013e-06
36124,-6.0,49.0,2.1363257711817125e-06
36125,-6.0,50.0,1.589440949032555e-06
36126,-6.0,51.0,1.1762724466011552e-06
36127,-6.0,52.0,8.658804676498791e-07
36128,-6.0,53.0,6.34007453592578e-07
36129,-6.0,54.0,4.6176085660677534e-07
36130,-6.0,55.0,3.345231230528322e-07
36131,-6.0,56.0,2.4105791963673085e-07
36132,-6.0,57.0,1.7278373895190221e-07
36133,-6.0,58.0,1.2318859687828626e-07
36134,-6.0,59.0,8.736235017065698e-08
36135,-6.0,60.0,6.162603893498791e-08
36136,-6.0,61.0,4.324046288304353e-08
36137,-6.0,62.0,3.017883997525761e-08
36138,-6.0,63.0,2.0950812584852407e-08
36139,-6.0,64.0,1.4467227783256097e-08
36140,-6.0,65.0,9.937013542669267e-09
36141,-6.0,66.0,6.789105487618519e-09
36142,-6.0,67.0,4.6137636475103095e-09
36143,-6.0,68.0,3.1187763987833132e-09
36144,-6.0,69.0,2.09700393078725e-09
36145,-6.0,70.0,1.402491890523459e-09
36146,-6.0,71.0,9.330127558736026e-10
36147,-6.0,72.0,6.173918781350148e-10
36148,-6.0,73.0,4.0636879443331487e-10
36149,-6.0,74.0,2.66051613359852e-10
36150,-5.9,-75.0,1.599778656265227e-08
36151,-5.9,-74.0,2.30564756654997e-08
36152,-5.9,-73.0,3.305308920721416e-08
36153,-5.9,-72.0,4.7132154836506476e-08
36154,-5.9,-71.0,6.685111316011418e-08
36155,-5.9,-70.0,9.431615733398186e-08
36156,-5.9,-69.0,1.3235783684473382e-07
36157,-5.9,-68.0,1.8475633168496786e-07
36158,-5.9,-67.0,2.565281967566477e-07
36159,-5.9,-66.0,3.5428844922185563e-07
36160,-5.9,-65.0,4.867040788839779e-07
36161,-5.9,-64.0,6.650573323407345e-07
36162,-5.9,-63.0,9.039393524222026e-07
36163,-5.9,-62.0,1.2220968047462652e-06
36164,-5.9,-61.0,1.6434558104682991e-06
36165,-5.9,-60.0,2.198348600487296e-06
36166,-5.9,-59.0,2.924968536990872e-06
36167,-5.9,-58.0,3.871078194115602e-06
36168,-5.9,-57.0,5.095992692687873e-06
36169,-5.9,-56.0,6.6728560584346945e-06
36170,-5.9,-55.0,8.691221621060747e-06
36171,-5.9,-54.0,1.1259938006797383e-05
36172,-5.9,-53.0,1.4510329753887092e-05
36173,-5.9,-52.0,1.8599645730326322e-05
36174,-5.9,-51.0,2.3714729206142847e-05
36175,-5.9,-50.0,3.007584064344853e-05
36176,-5.9,-49.0,3.794053824429311e-05
36177,-5.9,-48.0,4.760749324101154e-05
36178,-5.9,-47.0,5.942240339985192e-05
36179,-5.9,-46.0,7.502089891612214e-05
36180,-5.9,-45.0,0.00020286955714770346
36181,-5.9,-44.0,0.0017686510547970102
36182,-5.9,-43.0,0.004325855371716099
36183,-5.9,-42.0,0.003656766767920039
36184,-5.9,-41.0,0.004821217409627545
36185,-5.9,-40.0,0.0022233160714555432
36186,-5.9,-39.0,0.0025648115878193095
36187,-5.9,-38.0,0.005629972783117895
36188,-5.9,-37.0,0.0025607380115621266
36189,-5.9,-36.0,0.0008053900842288724
36190,-5.9,-35.0,0.0032486865741161108
36191,-5.9,-34.0,0.0072528364819935175
36192,-5.9,-33.0,0.003658744987910338
36193,-5.9,-32.0,0.0042522939583861255
36194,-5.9,-31.0,0.008861159689742715
36195,-5.9,-30.0,0.004597556891851281
36196,-5.9,-29.0,0.0053503416424521485
36197,-5.9,-28.0,0.01089705329788013
36198,-5.9,-27.0,0.005480862534107898
36199,-5.9,-26.0,0.002419514293935265
36200,-5.9,-25.0,0.007014811198504545
36201,-5.9,-24.0,0.014488832329659708
36202,-5.9,-23.0,0.007858315264327563
36203,-5.9,-22.0,0.009177582873176623
36204,-5.9,-21.0,0.018043693025397895
36205,-5.9,-20.0,0.009315251190689437
36206,-5.9,-19.0,0.004368823748086753
36207,-5.9,-18.0,0.01201959381882839
36208,-5.9,-17.0,0.024473307526009194
36209,-5.9,-16.0,0.01320662384929216
36210,-5.9,-15.0,0.015772165975232406
36211,-5.9,-14.0,0.03130356169355581
36212,-5.9,-13.0,0.015604769608786524
36213,-5.9,-12.0,0.006706104946788184
36214,-5.9,-11.0,0.021661653463965157
36215,-5.9,-10.0,0.046054285824822724
36216,-5.9,-9.0,0.023652597190624534
36217,-5.9,-8.0,0.03272024720077446
36218,-5.9,-7.0,0.06995311673647371
36219,-5.9,-6.0,0.03167228760942078
36220,-5.9,-5.0,0.010949864615444225
36221,-5.9,-4.0,0.03223167146500624
36222,-5.9,-3.0,0.06898582789872346
36223,-5.9,-2.0,0.03199645115983219
36224,-5.9,-1.0,0.008227071843820622
36225,-5.9,0.0,0.0007157598022393055
36226,-5.9,1.0,0.0073692423600863425
36227,-5.9,2.0,0.01999838974189902
36228,-5.9,3.0,0.03977215289279571
36229,-5.9,4.0,0.01936459543947875
36230,-5.9,5.0,0.00686930171468167
36231,-5.9,6.0,0.014782478344080169
36232,-5.9,7.0,0.028682921568890962
36233,-5.9,8.0,0.014593674592319495
36234,-5.9,9.0,0.012422502598520195
36235,-5.9,10.0,0.022750650165114274
36236,-5.9,11.0,0.011096067719199496
36237,-5.9,12.0,0.003952516932918504
36238,-5.9,13.0,0.008625030947864466
36239,-5.9,14.0,0.016871509765361378
36240,-5.9,15.0,0.008387577101907196
36241,-5.9,16.0,0.0071887057119934565
36242,-5.9,17.0,0.013579691205975823
36243,-5.9,18.0,0.006349174431561141
36244,-5.9,19.0,0.0019264488358560444
36245,-5.9,20.0,0.004953687242386558
36246,-5.9,21.0,0.01028126056777223
36247,-5.9,22.0,0.004860544461387301
36248,-5.9,23.0,0.00418289242037185
36249,-5.9,24.0,0.00843415736328124
36250,-5.9,25.0,0.0037182947902862024
36251,-5.9,26.0,0.0008494834928774942
36252,-5.9,27.0,0.0029394297877166115
36253,-5.9,28.0,0.006579717593779709
36254,-5.9,29.0,0.0029630483102623616
36255,-5.9,30.0,0.0025727455328660776
36256,-5.9,31.0,0.005529742233356711
36257,-5.9,32.0,0.002327884531386208
36258,-5.9,33.0,0.00039046507538012456
36259,-5.9,34.0,0.0018811519301929994
36260,-5.9,35.0,0.004451039663860923
36261,-5.9,36.0,0.0019474903992408332
36262,-5.9,37.0,0.0017101155248041918
36263,-5.9,38.0,0.0038209581022663327
36264,-5.9,39.0,0.0016606562265476564
36265,-5.9,40.0,0.001464691935242966
36266,-5.9,41.0,0.0033004432797244846
36267,-5.9,42.0,0.0013507500496156527
36268,-5.9,43.0,0.00010205493260391789
36269,-5.9,44.0,1.0151786552050188e-05
36270,-5.9,45.0,6.991164157670722e-06
36271,-5.9,46.0,5.3148739001444686e-06
36272,-5.9,47.0,4.020131305302856e-06
36273,-5.9,48.0,3.024647410511618e-06
36274,-5.9,49.0,2.2635820075292934e-06
36275,-5.9,50.0,1.6850177610315764e-06
36276,-5.9,51.0,1.2476689127699947e-06
36277,-5.9,52.0,9.189263994947352e-07
36278,-5.9,53.0,6.732068282102899e-07
36279,-5.9,54.0,4.905718606920215e-07
36280,-5.9,55.0,3.5558467494228326e-07
36281,-5.9,56.0,2.5637145913133284e-07
36282,-5.9,57.0,1.8385799495601436e-07
36283,-5.9,58.0,1.3115400099809536e-07
36284,-5.9,59.0,9.306078862841614e-08
36285,-5.9,60.0,6.56807434356115e-08
36286,-5.9,61.0,4.6110042991538926e-08
36287,-5.9,62.0,3.21987581848711e-08
36288,-5.9,63.0,2.236499679258135e-08
36289,-5.9,64.0,1.5451999167837016e-08
36290,-5.9,65.0,1.0619073505835888e-08
36291,-5.9,66.0,7.258964806568489e-09
36292,-5.9,67.0,4.935701264114924e-09
36293,-5.9,68.0,3.3381753907071663e-09
36294,-5.9,69.0,2.2457196844944877e-09
36295,-5.9,70.0,1.5027545414406791e-09
36296,-5.9,71.0,1.0002456258754708e-09
36297,-5.9,72.0,6.622338573619999e-10
36298,-5.9,73.0,4.361161891412035e-10
36299,-5.9,74.0,2.8567954405048866e-10
36300,-5.8,-75.0,1.5587549288706762e-08
36301,-5.8,-74.0,2.2477202281014266e-08
36302,-5.8,-73.0,3.223983242053553e-08
36303,-5.8,-72.0,4.599698917145981e-08
36304,-5.8,-71.0,6.527579077286869e-08
36305,-5.8,-70.0,9.21427110354009e-08
36306,-5.8,-69.0,1.2937666076902165e-07
36307,-5.8,-68.0,1.8069119787712682e-07
36308,-5.8,-67.0,2.510175947208453e-07
36309,-5.8,-66.0,3.46862570410281e-07
36310,-5.8,-65.0,4.767567163152221e-07
36311,-5.8,-64.0,6.518119362683998e-07
36312,-5.8,-63.0,8.864084878379158e-07
36313,-5.8,-62.0,1.199034309579126e-06
36314,-5.8,-61.0,1.613301071153288e-06
36315,-5.8,-60.0,2.1591625628270217e-06
36316,-5.8,-59.0,2.8743613753136865e-06
36317,-5.8,-58.0,3.8061289918612945e-06
36318,-5.8,-57.0,5.01316206356477e-06
36319,-5.8,-56.0,6.567893377999047e-06
36320,-5.8,-55.0,8.559069458677348e-06
36321,-5.8,-54.0,1.1094637455564063e-05
36322,-5.8,-53.0,1.4304931649920538e-05
36323,-5.8,-52.0,1.834613421896359e-05
36324,-5.8,-51.0,2.3403965721578812e-05
36325,-5.8,-50.0,2.9697538071897717e-05
36326,-5.8,-49.0,3.7483276769522055e-05
36327,-5.8,-48.0,4.705879103681781e-05
36328,-5.8,-47.0,5.87688702162213e-05
36329,-5.8,-46.0,7.425564367593335e-05
36330,-5.8,-45.0,0.0002026099783547141
36331,-5.8,-44.0,0.001777177439942206
36332,-5.8,-43.0,0.00434884986033896
36333,-5.8,-42.0,0.0036753526649190215
36334,-5.8,-41.0,0.004845846547592094
36335,-5.8,-40.0,0.002232758326883875
36336,-5.8,-39.0,0.002575347884109043
36337,-5.8,-38.0,0.005656790084805278
36338,-5.8,-37.0,0.002570215010910682
36339,-5.8,-36.0,0.0008046443369526467
36340,-5.8,-35.0,0.00326001385850756
36341,-5.8,-34.0,0.007284358914455609
36342,-5.8,-33.0,0.0036710181480120526
36343,-5.8,-32.0,0.004266312926730241
36344,-5.8,-31.0,0.008897327330134458
36345,-5.8,-30.0,0.004612223771950283
36346,-5.8,-29.0,0.005367232219861946
36347,-5.8,-28.0,0.010939225524822498
36348,-5.8,-27.0,0.0054979412290083254
36349,-5.8,-26.0,0.0024223243120364613
36350,-5.8,-25.0,0.007036576519010459
36351,-5.8,-24.0,0.014541647897321373
36352,-5.8,-23.0,0.007884461556591426
36353,-5.8,-22.0,0.00920710825285598
36354,-5.8,-21.0,0.01810608145335446
36355,-5.8,-20.0,0.009347839778432078
36356,-5.8,-19.0,0.00438489969629114
36357,-5.8,-18.0,0.012057675828885756
36358,-5.8,-17.0,0.024546677024000763
36359,-5.8,-16.0,0.013252190283805892
36360,-5.8,-15.0,0.015816245971076108
36361,-5.8,-14.0,0.03137425713861248
36362,-5.8,-13.0,0.015654678111270845
36363,-5.8,-12.0,0.006742636454644477
36364,-5.8,-11.0,0.02168013566474762
36365,-5.8,-10.0,0.04604397178893991
36366,-5.8,-9.0,0.02366174575440057
36367,-5.8,-8.0,0.03252241166296878
36368,-5.8,-7.0,0.06939909307266116
36369,-5.8,-6.0,0.03148269317253427
36370,-5.8,-5.0,0.010838591736097235
36371,-5.8,-4.0,0.032323821981020524
36372,-5.8,-3.0,0.06929302958100766
36373,-5.8,-2.0,0.03209796007106908
36374,-5.8,-1.0,0.008198465012177993
36375,-5.8,0.0,0.0007097116293387427
36376,-5.8,1.0,0.007340014593089673
36377,-5.8,2.0,0.0199832660960688
36378,-5.8,3.0,0.0397767072696761
36379,-5.8,4.0,0.019358307697068335
36380,-5.8,5.0,0.0068566936538723535
36381,-5.8,6.0,0.014768395361513925
36382,-5.8,7.0,0.028665456279022436
36383,-5.8,8.0,0.014584959050723559
36384,-5.8,9.0,0.012412484229387923
36385,-5.8,10.0,0.02273068659625455
36386,-5.8,11.0,0.011090043442952554
36387,-5.8,12.0,0.00395507377772703
36388,-5.8,13.0,0.00861980809862898
36389,-5.8,14.0,0.01685228323513784
36390,-5.8,15.0,0.00838294773202599
36391,-5.8,16.0,0.00718441939199865
36392,-5.8,17.0,0.013561312737620535
36393,-5.8,18.0,0.0063456390389825985
36394,-5.8,19.0,0.0019317228616111907
36395,-5.8,20.0,0.004950451350655012
36396,-5.8,21.0,0.010263629514319847
36397,-5.8,22.0,0.004855959668585159
36398,-5.8,23.0,0.004178573990926868
36399,-5.8,24.0,0.008416951342670698
36400,-5.8,25.0,0.0037137004546999503
36401,-5.8,26.0,0.0008523171313350237
36402,-5.8,27.0,0.0029349980959973865
36403,-5.8,28.0,0.006563225216584288
36404,-5.8,29.0,0.0029573131384195176
36405,-5.8,30.0,0.0025673652096623225
36406,-5.8,31.0,0.005514001168398171
36407,-5.8,32.0,0.0023224015265648065
36408,-5.8,33.0,0.00039106779054196635
36409,-5.8,34.0,0.001876111749143136
36410,-5.8,35.0,0.0044365829543018325
36411,-5.8,36.0,0.0019416787934616818
36412,-5.8,37.0,0.0017047485448056033
36413,-5.8,38.0,0.0038075950277312504
36414,-5.8,39.0,0.001655123666524268
36415,-5.8,40.0,0.0014596085958390843
36416,-5.8,41.0,0.003288223668530142
36417,-5.8,42.0,0.001345905023890329
36418,-5.8,43.0,0.00010192044228917165
36419,-5.8,44.0,1.0314683512144694e-05
36420,-5.8,45.0,7.122433054191909e-06
36421,-5.8,46.0,5.417584023694899e-06
36422,-5.8,47.0,4.100003196169163e-06
36423,-5.8,48.0,3.086384321788587e-06
36424,-5.8,49.0,2.311015164189805e-06
36425,-5.8,50.0,1.721243745161208e-06
36426,-5.8,51.0,1.2751714774543416e-06
36427,-5.8,52.0,9.396828884770586e-07
36428,-5.8,53.0,6.887798999014592e-07
36429,-5.8,54.0,5.02187565503152e-07
36430,-5.8,55.0,3.6419814644754065e-07
36431,-5.8,56.0,2.627215809189376e-07
36432,-5.8,57.0,1.885124223469665e-07
36433,-5.8,58.0,1.345458730611257e-07
36434,-5.8,59.0,9.551838053125481e-08
36435,-5.8,60.0,6.745119803245211e-08
36436,-5.8,61.0,4.7378196173195975e-08
36437,-5.8,62.0,3.3101944385202165e-08
36438,-5.8,63.0,2.3004595982000517e-08
36439,-5.8,64.0,1.590236929025002e-08
36440,-5.8,65.0,1.0934405463422191e-08
36441,-5.8,66.0,7.478502216643313e-09
36442,-5.8,67.0,5.0876847219378524e-09
36443,-5.8,68.0,3.442800560535401e-09
36444,-5.8,69.0,2.317339416017918e-09
36445,-5.8,70.0,1.551506292086974e-09
36446,-5.8,71.0,1.033245546636745e-09
36447,-5.8,72.0,6.84446727188301e-10
36448,-5.8,73.0,4.5098476209986316e-10
36449,-5.8,74.0,2.955766978511084e-10
36450,-5.7,-75.0,1.5183854450230657e-08
36451,-5.7,-74.0,2.1906744118815806e-08
36452,-5.7,-73.0,3.143835013758024e-08
36453,-5.7,-72.0,4.48774079706487e-08
36454,-5.7,-71.0,6.372089850409083e-08
36455,-5.7,-70.0,8.999577567444895e-08
36456,-5.7,-69.0,1.2642951313325155e-07
36457,-5.7,-68.0,1.7666922912163723e-07
36458,-5.7,-67.0,2.4556104341472963e-07
36459,-5.7,-66.0,3.395034044394389e-07
36460,-5.7,-65.0,4.6689035744474226e-07
36461,-5.7,-64.0,6.386630390297224e-07
36462,-5.7,-63.0,8.689899809781628e-07
36463,-5.7,-62.0,1.1760989516392032e-06
36464,-5.7,-61.0,1.5832848783559598e-06
36465,-5.7,-60.0,2.1201196561816195e-06
36466,-5.7,-59.0,2.8238900853241897e-06
36467,-5.7,-58.0,3.741289475114807e-06
36468,-5.7,-57.0,4.930386247261966e-06
36469,-5.7,-56.0,6.462888775867072e-06
36470,-5.7,-55.0,8.426719310547925e-06
36471,-5.7,-54.0,1.0928900742760684e-05
36472,-5.7,-53.0,1.4098747829870677e-05
36473,-5.7,-52.0,1.8091338993243026e-05
36474,-5.7,-51.0,2.309122577451427e-05
36475,-5.7,-50.0,2.9316314445924877e-05
36476,-5.7,-49.0,3.702182831148532e-05
36477,-5.7,-48.0,4.6504231069938093e-05
36478,-5.7,-47.0,5.810730414791713e-05
36479,-5.7,-46.0,7.347934587530066e-05
36480,-5.7,-45.0,0.00020231678927651068
36481,-5.7,-44.0,0.0017853998917791334
36482,-5.7,-43.0,0.004371098998163356
36483,-5.7,-42.0,0.003693305209391608
36484,-5.7,-41.0,0.004869637447802955
36485,-5.7,-40.0,0.002241808299635907
36486,-5.7,-39.0,0.0025854266151736755
36487,-5.7,-38.0,0.005682611319153452
36488,-5.7,-37.0,0.0025792248808883807
36489,-5.7,-36.0,0.0008037302040298686
36490,-5.7,-35.0,0.003270735296110793
36491,-5.7,-34.0,0.007314562635804541
36492,-5.7,-33.0,0.0036825939550798803
36493,-5.7,-32.0,0.004279515189184889
36494,-5.7,-31.0,0.008931849790491659
36495,-5.7,-30.0,0.004625985866326548
36496,-5.7,-29.0,0.005383066306198393
36497,-5.7,-28.0,0.010979338311488115
36498,-5.7,-27.0,0.005513908056512913
36499,-5.7,-26.0,0.0024245504180370418
36500,-5.7,-25.0,0.007056920375733155
36501,-5.7,-24.0,0.01459169082939258
36502,-5.7,-23.0,0.007909005021016078
36503,-5.7,-22.0,0.009234784951942259
36504,-5.7,-21.0,0.018165031038575617
36505,-5.7,-20.0,0.009378535062771554
36506,-5.7,-19.0,0.004399960253076583
36507,-5.7,-18.0,0.012093414819080807
36508,-5.7,-17.0,0.024615545609749438
36509,-5.7,-16.0,0.013295224904458515
36510,-5.7,-15.0,0.01585748156499359
36511,-5.7,-14.0,0.031439620326522165
36512,-5.7,-13.0,0.01570181380289233
36513,-5.7,-12.0,0.0067779389507302695
36514,-5.7,-11.0,0.021696094784835553
36515,-5.7,-10.0,0.04602894640345984
36516,-5.7,-9.0,0.02366937467211754
36517,-5.7,-8.0,0.032337668070837135
36518,-5.7,-7.0,0.06887884136199493
36519,-5.7,-6.0,0.03130640797112078
36520,-5.7,-5.0,0.010730380047541179
36521,-5.7,-4.0,0.03241983096697833
36522,-5.7,-3.0,0.06961021533142199
36523,-5.7,-2.0,0.032203205755695484
36524,-5.7,-1.0,0.008169587478445348
36525,-5.7,0.0,0.00070366636020279
36526,-5.7,1.0,0.00731010959212076
36527,-5.7,2.0,0.019967091307676772
36528,-5.7,3.0,0.03977964850285151
36529,-5.7,4.0,0.019350998401923326
36530,-5.7,5.0,0.006843417856706895
36531,-5.7,6.0,0.014753288651028262
36532,-5.7,7.0,0.028646370334886154
36533,-5.7,8.0,0.01457526779043011
36534,-5.7,9.0,0.0124015736474012
36535,-5.7,10.0,0.022709349886466067
36536,-5.7,11.0,0.01108324009464059
36537,-5.7,12.0,0.003957222116802678
36538,-5.7,13.0,0.008613960359332679
36539,-5.7,14.0,0.016832035574042493
36540,-5.7,15.0,0.008377753382159677
36541,-5.7,16.0,0.007179646807767128
36542,-5.7,17.0,0.013542137788298152
36543,-5.7,18.0,0.006341698545033265
36544,-5.7,19.0,0.0019368356576131766
36545,-5.7,20.0,0.004946911424289023
36546,-5.7,21.0,0.010245430972487923
36547,-5.7,22.0,0.004851098425515871
36548,-5.7,23.0,0.004174023298073261
36549,-5.7,24.0,0.008399300774359844
36550,-5.7,25.0,0.0037089107243551186
36551,-5.7,26.0,0.000855108091418455
36552,-5.7,27.0,0.002930420144387513
36553,-5.7,28.0,0.006546402324538842
36554,-5.7,29.0,0.0029514345065740654
36555,-5.7,30.0,0.0025618632968079655
36556,-5.7,31.0,0.005497988446272401
36557,-5.7,32.0,0.002316809846687646
36558,-5.7,33.0,0.0003916603323157592
36559,-5.7,34.0,0.0018709860196156386
36560,-5.7,35.0,0.004421910667808428
36561,-5.7,36.0,0.001935776890862173
36562,-5.7,37.0,0.0016993031996879885
36563,-5.7,38.0,0.00379404763160208
36564,-5.7,39.0,0.0016495137178156626
36565,-5.7,40.0,0.001454457597490847
36566,-5.7,41.0,0.0032758452290098474
36567,-5.7,42.0,0.0013409967142252496
36568,-5.7,43.0,0.00010178372983416314
36569,-5.7,44.0,1.0479418613099111e-05
36570,-5.7,45.0,7.25528446583818e-06
36571,-5.7,46.0,5.521606740783238e-06
36572,-5.7,47.0,4.1809528993853125e-06
36573,-5.7,48.0,3.1489979167180865e-06
36574,-5.7,49.0,2.359154999617478e-06
36575,-5.7,50.0,1.7580344617791326e-06
36576,-5.7,51.0,1.303121593752783e-06
36577,-5.7,52.0,9.6079121452397e-07
36578,-5.7,53.0,7.046274073262089e-07
36579,-5.7,54.0,5.140157070651453e-07
36580,-5.7,55.0,3.7297484302971463e-07
36581,-5.7,56.0,2.691962061712987e-07
36582,-5.7,57.0,1.9326114168030352e-07
36583,-5.7,58.0,1.3800865731716622e-07
36584,-5.7,59.0,9.802893503718987e-08
36585,-5.7,60.0,6.92609409754443e-08
36586,-5.7,61.0,4.8675299040851536e-08
36587,-5.7,62.0,3.402632129924736e-08
36588,-5.7,63.0,2.365960513412224e-08
36589,-5.7,64.0,1.636387316735642e-08
36590,-5.7,65.0,1.1257730111637697e-08
36591,-5.7,66.0,7.703741015165828e-09
36592,-5.7,67.0,5.243709539430846e-09
36593,-5.7,68.0,3.550272516180838e-09
36594,-5.7,69.0,2.3909520317614096e-09
36595,-5.7,70.0,1.6016445669125316e-09
36596,-5.7,71.0,1.0672042226292905e-09
36597,-5.7,72.0,7.073185259851124e-10
36598,-5.7,73.0,4.66303461559015e-10
36599,-5.7,74.0,3.0577949101269195e-10
36600,-5.6,-75.0,1.4787058977386324e-08
36601,-5.6,-74.0,2.1345631010835066e-08
36602,-5.6,-73.0,3.0649422648028255e-08
36603,-5.6,-72.0,4.377455156132894e-08
36604,-5.6,-71.0,6.218809036998951e-08
36605,-5.6,-70.0,8.787773278661161e-08
36606,-5.6,-69.0,1.2351979835778666e-07
36607,-5.6,-68.0,1.726952577042673e-07
36608,-5.6,-67.0,2.401653541946467e-07
36609,-5.6,-66.0,3.322204864933572e-07
36610,-5.6,-65.0,4.571182602527735e-07
36611,-5.6,-64.0,6.256289516560939e-07
36612,-5.6,-63.0,8.517089545407969e-07
36613,-5.6,-62.0,1.153324973438411e-06
36614,-5.6,-61.0,1.5534536019604438e-06
36615,-5.6,-60.0,2.081282268441458e-06
36616,-5.6,-59.0,2.7736380695572684e-06
36617,-5.6,-58.0,3.6766704316385683e-06
36618,-5.6,-57.0,4.847811480088973e-06
36619,-5.6,-56.0,6.3580340682793755e-06
36620,-5.6,-55.0,8.294421209369496e-06
36621,-5.6,-54.0,1.076305176238202e-05
36622,-5.6,-53.0,1.3892195274477998e-05
36623,-5.6,-52.0,1.7835793569264776e-05
36624,-5.6,-51.0,2.2777187799713015e-05
36625,-5.6,-50.0,2.8933027213045157e-05
36626,-5.6,-49.0,3.6557269967861064e-05
36627,-5.6,-48.0,4.5945158145480064e-05
36628,-5.6,-47.0,5.743937413082612e-05
36629,-5.6,-46.0,7.269408735189206e-05
36630,-5.6,-45.0,0.00020199459041707901
36631,-5.6,-44.0,0.0017933522655549736
36632,-5.6,-43.0,0.0043926843442986295
36633,-5.6,-42.0,0.003710693841063863
36634,-5.6,-41.0,0.004892681573992677
36635,-5.6,-40.0,0.002250509325088247
36636,-5.6,-39.0,0.0025950979556593435
36637,-5.6,-38.0,0.005707544382426083
36638,-5.6,-37.0,0.002587818357181071
36639,-5.6,-36.0,0.0008026659076446993
36640,-5.6,-35.0,0.0032809155802066936
36641,-5.6,-34.0,0.007343588250726909
36642,-5.6,-33.0,0.0036935455211480725
36643,-5.6,-32.0,0.004291985749327471
36644,-5.6,-31.0,0.008964899943403243
36645,-5.6,-30.0,0.004638935255162614
36646,-5.6,-29.0,0.005397950974287405
36647,-5.6,-28.0,0.011017605065024206
36648,-5.6,-27.0,0.005528872602663988
36649,-5.6,-26.0,0.0024262434622823073
36650,-5.6,-25.0,0.007075982511186794
36651,-5.6,-24.0,0.014639245420098722
36652,-5.6,-23.0,0.007932100748099595
36653,-5.6,-22.0,0.009260794156632094
36654,-5.6,-21.0,0.01822089606608092
36655,-5.6,-20.0,0.00940751883099161
36656,-5.6,-19.0,0.004414088969529418
36657,-5.6,-18.0,0.012127045681367535
36658,-5.6,-17.0,0.0246803951445629
36659,-5.6,-16.0,0.013335982899601074
36660,-5.6,-15.0,0.015896178969223174
36661,-5.6,-14.0,0.03150026828742312
36662,-5.6,-13.0,0.015746475508960356
36663,-5.6,-12.0,0.006812127723468918
36664,-5.6,-11.0,0.021709913282169944
36665,-5.6,-10.0,0.046010029867548964
36666,-5.6,-9.0,0.023675759330426777
36667,-5.6,-8.0,0.03216452449465319
36668,-5.6,-7.0,0.0683885287539904
36669,-5.6,-6.0,0.031141918945556655
36670,-5.6,-5.0,0.01062492756700682
36671,-5.6,-4.0,0.032519954494047286
36672,-5.6,-3.0,0.06993802715904562
36673,-5.6,-2.0,0.03231244639550726
36674,-5.6,-1.0,0.008140451285461718
36675,-5.6,0.0,0.0006976227753083404
36676,-5.6,1.0,0.007279517309777355
36677,-5.6,2.0,0.01994982451632019
36678,-5.6,3.0,0.039780888243862
36679,-5.6,4.0,0.019342625487341766
36680,-5.6,5.0,0.00682946005347527
36681,-5.6,6.0,0.01473712209848668
36682,-5.6,7.0,0.02862559064876819
36683,-5.6,8.0,0.014564563226516692
36684,-5.6,9.0,0.01238973811542703
36685,-5.6,10.0,0.022686580031952897
36686,-5.6,11.0,0.011075627209758165
36687,-5.6,12.0,0.003958949498115544
36688,-5.6,13.0,0.0086074632639604
36689,-5.6,14.0,0.01681072143211093
36690,-5.6,15.0,0.008371969974134825
36691,-5.6,16.0,0.0071743671001716185
36692,-5.6,17.0,0.013522129908915742
36693,-5.6,18.0,0.006337334387654892
36694,-5.6,19.0,0.0019417796719414695
36695,-5.6,20.0,0.0049430529060490135
36696,-5.6,21.0,0.010226637928091533
36697,-5.6,22.0,0.0048459468745395825
36698,-5.6,23.0,0.004169228451130989
36699,-5.6,24.0,0.008381184104513354
36700,-5.6,25.0,0.003703915277859457
36701,-5.6,26.0,0.0008578529565413721
36702,-5.6,27.0,0.002925687965869814
36703,-5.6,28.0,0.006529232851550484
36704,-5.6,29.0,0.002945404761050196
36705,-5.6,30.0,0.0025562332435570276
36706,-5.6,31.0,0.005481691025867119
36707,-5.6,32.0,0.0023111037493753826
36708,-5.6,33.0,0.00039224140559278916
36709,-5.6,34.0,0.0018657702512552311
36710,-5.6,35.0,0.004407012722786367
36711,-5.6,36.0,0.0019297801901089796
36712,-5.6,37.0,0.0016937755946476053
36713,-5.6,38.0,0.0037803074620134966
36714,-5.6,39.0,0.0016438226700553613
36715,-5.6,40.0,0.0014492357089248684
36716,-5.6,41.0,0.0032633007916576416
36717,-5.6,42.0,0.001336022171923092
36718,-5.6,43.0,0.00010164455137665446
36719,-5.6,44.0,1.0645954533837494e-05
36720,-5.6,45.0,7.389693890543163e-06
36721,-5.6,46.0,5.626925399566212e-06
36722,-5.6,47.0,4.2629694521313175e-06
36723,-5.6,48.0,3.212481281493631e-06
36724,-5.6,49.0,2.407997419939782e-06
36725,-5.6,50.0,1.7953877300568916e-06
36726,-5.6,51.0,1.3315183361416257e-06
36727,-5.6,52.0,9.82251239585467e-07
36728,-5.6,53.0,7.207496746299114e-07
36729,-5.6,54.0,5.260568516928439e-07
36730,-5.6,55.0,3.819154294579909e-07
36731,-5.6,56.0,2.7579600859894207e-07
36732,-5.6,57.0,1.981047836831344e-07
36733,-5.6,58.0,1.415429149065971e-07
36734,-5.6,59.0,1.0059293353417408e-07
36735,-5.6,60.0,7.111037387671314e-08
36736,-5.6,61.0,5.000167920034444e-08
36737,-5.6,62.0,3.497215117530358e-08
36738,-5.6,63.0,2.4330230791424825e-08
36739,-5.6,64.0,1.6836671146941805e-08
36740,-5.6,65.0,1.1589170334109347e-08
36741,-5.6,66.0,7.93477426645122e-09
36742,-5.6,67.0,5.403845429063379e-09
36743,-5.6,68.0,3.660642944681448e-09
36744,-5.6,69.0,2.4665954847623735e-09
36745,-5.6,70.0,1.6531969788145454e-09
36746,-5.6,71.0,1.1021415675182752e-09
36747,-5.6,72.0,7.308634937802293e-10
36748,-5.6,73.0,4.820823873968583e-10
36749,-5.6,74.0,3.1629503034981884e-10
36750,-5.5,-75.0,1.4397428677672111e-08
36751,-5.5,-74.0,2.079426229427435e-08
36752,-5.5,-73.0,2.987364441183814e-08
36753,-5.5,-72.0,4.268929712459329e-08
36754,-5.5,-71.0,6.067864984046776e-08
36755,-5.5,-70.0,8.579044504118787e-08
36756,-5.5,-69.0,1.206501983602893e-07
36757,-5.5,-68.0,1.6877311545353177e-07
36758,-5.5,-67.0,2.3483596077538938e-07
36759,-5.5,-66.0,3.2502146525865247e-07
36760,-5.5,-65.0,4.4745111373150095e-07
36761,-5.5,-64.0,6.127245061549606e-07
36762,-5.5,-63.0,8.345858458333261e-07
36763,-5.5,-62.0,1.1307403422433852e-06
36764,-5.5,-61.0,1.5238452535939074e-06
36765,-5.5,-60.0,2.0427017160509264e-06
36766,-5.5,-59.0,2.723674145760634e-06
36767,-5.5,-58.0,3.6123635415796358e-06
36768,-5.5,-57.0,4.765559102500131e-06
36769,-5.5,-56.0,6.253488811407229e-06
36770,-5.5,-55.0,8.162383613555993e-06
36771,-5.5,-54.0,1.0597361122926386e-05
36772,-5.5,-53.0,1.3685623040741495e-05
36773,-5.5,-52.0,1.7579945350649618e-05
36774,-5.5,-51.0,2.246242165287571e-05
36775,-5.5,-50.0,2.8548397655865554e-05
36776,-5.5,-49.0,3.609050900138993e-05
36777,-5.5,-48.0,4.538270638275951e-05
36778,-5.5,-47.0,5.6766489141420325e-05
36779,-5.5,-46.0,7.190162703926139e-05
36780,-5.5,-45.0,0.00020164724513857876
36781,-5.5,-44.0,0.001801062789055156
36782,-5.5,-43.0,0.004413673852257934
36783,-5.5,-42.0,0.0037275764399336457
36784,-5.5,-41.0,0.0049150551617977494
36785,-5.5,-40.0,0.0022588975828127223
36786,-5.5,-39.0,0.002604403805012885
36787,-5.5,-38.0,0.005731679266036872
36788,-5.5,-37.0,0.002596037849234105
36789,-5.5,-36.0,0.0008014668040130768
36790,-5.5,-35.0,0.0032906088057121116
36791,-5.5,-34.0,0.007371553118619927
36792,-5.5,-33.0,0.003703934004522136
36793,-5.5,-32.0,0.004303795707498362
36794,-5.5,-31.0,0.008996622130959045
36795,-5.5,-30.0,0.004651148976248587
36796,-5.5,-29.0,0.0054119757835333565
36797,-5.5,-28.0,0.011054203983035823
36798,-5.5,-27.0,0.00554292653033505
36799,-5.5,-26.0,0.0024274461450704034
36800,-5.5,-25.0,0.007093879722625282
36801,-5.5,-24.0,0.014684548957936722
36802,-5.5,-23.0,0.007953878262420484
36803,-5.5,-22.0,0.009285287102216076
36804,-5.5,-21.0,0.01827397203656083
36805,-5.5,-20.0,0.009434942674064865
36806,-5.5,-19.0,0.004427355427501648
36807,-5.5,-18.0,0.012158763991273075
36808,-5.5,-17.0,0.02474162687083573
36809,-5.5,-16.0,0.013374676484763233
36810,-5.5,-15.0,0.015932592315513125
36811,-5.5,-14.0,0.0315567132691355
36812,-5.5,-13.0,0.015788910925429996
36813,-5.5,-12.0,0.00684529739582386
36814,-5.5,-11.0,0.021721901671951406
36815,-5.5,-10.0,0.04598788697973722
36816,-5.5,-9.0,0.023681121399546777
36817,-5.5,-8.0,0.032001745005041424
36818,-5.5,-7.0,0.06792498239543097
36819,-5.5,-6.0,0.030987973028516712
36820,-5.5,-5.0,0.010521981656693699
36821,-5.5,-4.0,0.03262446834768642
36822,-5.5,-3.0,0.07027715736095098
36823,-5.5,-2.0,0.0324259593659668
36824,-5.5,-1.0,0.00811106777195914
36825,-5.5,0.0,0.0006915794204307528
36826,-5.5,1.0,0.007248225158837708
36827,-5.5,2.0,0.019931417030580656
36828,-5.5,3.0,0.039780322042386754
36829,-5.5,4.0,0.0193331392164207
36830,-5.5,5.0,0.006814803456416957
36831,-5.5,6.0,0.014719853775504064
36832,-5.5,7.0,0.028603032552786605
36833,-5.5,8.0,0.014552801950146757
36834,-5.5,9.0,0.012376939977083288
36835,-5.5,10.0,0.022662307900087886
36836,-5.5,11.0,0.011067169879005455
36837,-5.5,12.0,0.003960241890894904
36838,-5.5,13.0,0.008600288896807029
36839,-5.5,14.0,0.01678828872144451
36840,-5.5,15.0,0.008365570044069025
36841,-5.5,16.0,0.007168556510148924
36842,-5.5,17.0,0.013501247243238163
36843,-5.5,18.0,0.0063325254251709075
36844,-5.5,19.0,0.001946546503469236
36845,-5.5,20.0,0.0049388592231838285
36846,-5.5,21.0,0.010207219298491367
36847,-5.5,22.0,0.004840489186876193
36848,-5.5,23.0,0.00416417586419266
36849,-5.5,24.0,0.008362576465747734
36850,-5.5,25.0,0.0036987022908160703
36851,-5.5,26.0,0.0008605479112594648
36852,-5.5,27.0,0.002920792411248093
36853,-5.5,28.0,0.006511698178956321
36854,-5.5,29.0,0.0029392150720417135
36855,-5.5,30.0,0.0025504674818039147
36856,-5.5,31.0,0.0054650937434646005
36857,-5.5,32.0,0.0023052765797326397
36858,-5.5,33.0,0.0003928095367570081
36859,-5.5,34.0,0.001860459223663256
36860,-5.5,35.0,0.004391877352396594
36861,-5.5,36.0,0.0019236834434297368
36862,-5.5,37.0,0.0016881611826566468
36863,-5.5,38.0,0.00376636463336844
36864,-5.5,39.0,0.0016380461847382987
36865,-5.5,40.0,0.0014439391474079905
36866,-5.5,41.0,0.003250581957777144
36867,-5.5,42.0,0.001330977942397354
36868,-5.5,43.0,0.00010150262064362864
36869,-5.5,44.0,1.0814246543434656e-05
36870,-5.5,45.0,7.5256313799682756e-06
36871,-5.5,46.0,5.733519160591459e-06
36872,-5.5,47.0,4.34603869211399e-06
36873,-5.5,48.0,3.2768250737184427e-06
36874,-5.5,49.0,2.457536499961763e-06
36875,-5.5,50.0,1.833299997401842e-06
36876,-5.5,51.0,1.3603597584749867e-06
36877,-5.5,52.0,1.0040620714136195e-06
36878,-5.5,53.0,7.371464724793461e-07
36879,-5.5,54.0,5.383111623643589e-07
36880,-5.5,55.0,3.9102027866636857e-07
36881,-5.5,56.0,2.8252145228104753e-07
36882,-5.5,57.0,2.030438296096353e-07
36883,-5.5,58.0,1.4514910119366817e-07
36884,-5.5,59.0,1.0321078313338338e-07
36885,-5.5,60.0,7.299984660334808e-08
36886,-5.5,61.0,5.1357628503021596e-08
36887,-5.5,62.0,3.593967176438785e-08
36888,-5.5,63.0,2.5016662858869895e-08
36889,-5.5,64.0,1.7320912380497575e-08
36890,-5.5,65.0,1.1928841552141505e-08
36891,-5.5,66.0,8.17169011165492e-09
36892,-5.5,67.0,5.56815889049438e-09
36893,-5.5,68.0,3.773961460905447e-09
36894,-5.5,69.0,2.5443064086081952e-09
36895,-5.5,70.0,1.7061903124081492e-09
36896,-5.5,71.0,1.138076983318153e-09
36897,-5.5,72.0,7.55095560376064e-10
36898,-5.5,73.0,4.9833145552803e-10
36899,-5.5,74.0,3.2713031654894977e-10
36900,-5.4,-75.0,1.4015157914335099e-08
36901,-5.4,-74.0,2.0252934899144897e-08
36902,-5.4,-73.0,2.9111463934753145e-08
36903,-5.4,-72.0,4.1622315003237365e-08
36904,-5.4,-71.0,5.91935689258324e-08
36905,-5.4,-70.0,8.373536672820725e-08
36906,-5.4,-69.0,1.17822826085419e-07
36907,-5.4,-68.0,1.6490584594263922e-07
36908,-5.4,-67.0,2.2957721096144813e-07
36909,-5.4,-66.0,3.1791250185243224e-07
36910,-5.4,-65.0,4.378975804914723e-07
36911,-5.4,-64.0,5.999617896104202e-07
36912,-5.4,-63.0,8.176373946605462e-07
36913,-5.4,-62.0,1.108368072411886e-06
36914,-5.4,-61.0,1.4944912472228835e-06
36915,-5.4,-60.0,2.0044205756519884e-06
36916,-5.4,-59.0,2.674055618391329e-06
36917,-5.4,-58.0,3.548445402085099e-06
36918,-5.4,-57.0,4.683730804586155e-06
36919,-5.4,-56.0,6.1493871017819135e-06
36920,-5.4,-55.0,8.030782176755395e-06
36921,-5.4,-54.0,1.0432057396167118e-05
36922,-5.4,-53.0,1.3479326614346743e-05
36923,-5.4,-52.0,1.7324173843878666e-05
36924,-5.4,-51.0,2.2147411606069432e-05
36925,-5.4,-50.0,2.8163039768204983e-05
36926,-5.4,-49.0,3.5622318908520325e-05
36927,-5.4,-48.0,4.4817844029446426e-05
36928,-5.4,-47.0,5.608985358378042e-05
36929,-5.4,-46.0,7.110346993001863e-05
36930,-5.4,-45.0,0.0002012780410910394
36931,-5.4,-44.0,0.0018085553225457305
36932,-5.4,-43.0,0.004434124922382205
36933,-5.4,-42.0,0.0037440019175679416
36934,-5.4,-41.0,0.004936822633067622
36935,-5.4,-40.0,0.0022670036960050735
36936,-5.4,-39.0,0.0026133796366533324
36937,-5.4,-38.0,0.005755092067259108
36938,-5.4,-37.0,0.002603919298921603
36939,-5.4,-36.0,0.0008001460148097774
36940,-5.4,-35.0,0.0032998608346719053
36941,-5.4,-34.0,0.007398556556034157
36942,-5.4,-33.0,0.0037138112781261233
36943,-5.4,-32.0,0.004315005364567303
36944,-5.4,-31.0,0.009027138547727385
36945,-5.4,-30.0,0.004662692384239456
36946,-5.4,-29.0,0.005425216691367375
36947,-5.4,-28.0,0.011089285929508023
36948,-5.4,-27.0,0.0055561475850083595
36949,-5.4,-26.0,0.0024281948351036688
36950,-5.4,-25.0,0.007110710991329621
36951,-5.4,-24.0,0.014727802238411601
36952,-5.4,-23.0,0.007974447244058642
36953,-5.4,-22.0,0.00930839177287627
36954,-5.4,-21.0,0.018324508808649397
36955,-5.4,-20.0,0.009460934750069344
36956,-5.4,-19.0,0.004439818383702727
36957,-5.4,-18.0,0.012188734805078559
36958,-5.4,-17.0,0.02479957941841188
36959,-5.4,-16.0,0.013411484525454617
36960,-5.4,-15.0,0.015966935312581813
36961,-5.4,-14.0,0.03160938614337194
36962,-5.4,-13.0,0.01582932807443457
36963,-5.4,-12.0,0.006877526626485661
36964,-5.4,-11.0,0.02173231507394163
36965,-5.4,-10.0,0.04596306293464169
36966,-5.4,-9.0,0.023685641275782925
36967,-5.4,-8.0,0.03184829200792187
36968,-5.4,-7.0,0.06748554065405211
36969,-5.4,-6.0,0.030843518579449586
36970,-5.4,-5.0,0.01042132823976916
36971,-5.4,-4.0,0.03273367168057643
36972,-5.4,-3.0,0.07062835783372289
36973,-5.4,-2.0,0.032544045001647835
36974,-5.4,-1.0,0.008081447783908995
36975,-5.4,0.0,0.0006855346040340366
36976,-5.4,1.0,0.007216217933203656
36977,-5.4,2.0,0.019911811958540932
36978,-5.4,3.0,0.03977782852612008
36979,-5.4,4.0,0.019322481807598837
36980,-5.4,5.0,0.0067994286576765865
36981,-5.4,6.0,0.014701435678142107
36982,-5.4,7.0,0.02857859925881675
36983,-5.4,8.0,0.014539934458955465
36984,-5.4,9.0,0.012363136435363348
36985,-5.4,10.0,0.02263645481820013
36986,-5.4,11.0,0.011057828544083886
36987,-5.4,12.0,0.003961083608053716
36988,-5.4,13.0,0.00859240573618457
36989,-5.4,14.0,0.01676467832190971
36990,-5.4,15.0,0.008358522587989305
36991,-5.4,16.0,0.007162188247361354
36992,-5.4,17.0,0.013479442296709837
36993,-5.4,18.0,0.006327247818898742
36994,-5.4,19.0,0.0019511268544786984
36995,-5.4,20.0,0.004934311696552688
36996,-5.4,21.0,0.010187139764384776
36997,-5.4,22.0,0.004834707475533798
36998,-5.4,23.0,0.0041588501818125
36999,-5.4,24.0,0.008343449544229917
37000,-5.4,25.0,0.0036932583708909118
37001,-5.4,26.0,0.0008631887181505926
37002,-5.4,27.0,0.0029157230992015565
37003,-5.4,28.0,0.0064937770377593235
37004,-5.4,29.0,0.0029328553857578044
37005,-5.4,30.0,0.0025445573852736006
37006,-5.4,31.0,0.005448179234354911
37007,-5.4,32.0,0.0022993207346521565
37008,-5.4,33.0,0.000393363064084405
37009,-5.4,34.0,0.0018550469587650903
37010,-5.4,35.0,0.004376491045179017
37011,-5.4,36.0,0.0019174806293436372
37012,-5.4,37.0,0.0016824547410522466
37013,-5.4,38.0,0.0037522077774064582
37014,-5.4,39.0,0.0016321792732315915
37015,-5.4,40.0,0.00143856355977387
37016,-5.4,41.0,0.003237679058682892
37017,-5.4,42.0,0.0013258600480537213
37018,-5.4,43.0,0.0001013576070321534
37019,-5.4,44.0,1.0984241827552808e-05
37020,-5.4,45.0,7.663061018057338e-06
37021,-5.4,46.0,5.841362588131163e-06
37022,-5.4,47.0,4.430142939140889e-06
37023,-5.4,48.0,3.342017275742035e-06
37024,-5.4,49.0,2.5077642932097155e-06
37025,-5.4,50.0,1.871766194028033e-06
37026,-5.4,51.0,1.3896427832985872e-06
37027,-5.4,52.0,1.0262219798143813e-06
37028,-5.4,53.0,7.538169550696585e-07
37029,-5.4,54.0,5.507783516189492e-07
37030,-5.4,55.0,4.0028943674191686e-07
37031,-5.4,56.0,2.8937276579479354e-07
37032,-5.4,57.0,2.0807859223834064e-07
37033,-5.4,58.0,1.488275518915188e-07
37034,-5.4,59.0,1.0588280659869413e-07
37035,-5.4,60.0,7.492965001187046e-08
37036,-5.4,61.0,5.27433978353243e-08
37037,-5.4,62.0,3.692909260609438e-08
37038,-5.4,63.0,2.5719071972310572e-08
37039,-5.4,64.0,1.7816732969927423e-08
37040,-5.4,65.0,1.2276850427458429e-08
37041,-5.4,66.0,8.414570866255605e-09
37042,-5.4,67.0,5.736712586519834e-09
37043,-5.4,68.0,3.890275178694298e-09
37044,-5.4,69.0,2.6241198245370777e-09
37045,-5.4,70.0,1.7606503252226282e-09
37046,-5.4,71.0,1.1750292262957933e-09
37047,-5.4,72.0,7.800282554649725e-10
37048,-5.4,73.0,5.150603380336727e-10
37049,-5.4,74.0,3.3829220454328125e-10
37050,-5.3,-75.0,1.3640384172126603e-08
37051,-5.3,-74.0,1.972186413407164e-08
37052,-5.3,-73.0,2.83632132710433e-08
37053,-5.3,-72.0,4.057411035236225e-08
37054,-5.3,-71.0,5.773360666190523e-08
37055,-5.3,-70.0,8.17136254422593e-08
37056,-5.3,-69.0,1.1503933897852918e-07
37057,-5.3,-68.0,1.610958612816446e-07
37058,-5.3,-67.0,2.2439258213596643e-07
37059,-5.3,-66.0,3.108985643992805e-07
37060,-5.3,-65.0,4.2846469730283874e-07
37061,-5.3,-64.0,5.87350685899423e-07
37062,-5.3,-63.0,8.008773720669283e-07
37063,-5.3,-62.0,1.0862272005064417e-06
37064,-5.3,-61.0,1.465417696980536e-06
37065,-5.3,-60.0,1.96647440223132e-06
37066,-5.3,-59.0,2.6248305411072166e-06
37067,-5.3,-58.0,3.4849804907547197e-06
37068,-5.3,-57.0,4.602412487028616e-06
37069,-5.3,-56.0,6.045842579845168e-06
37070,-5.3,-55.0,7.899766197704919e-06
37071,-5.3,-54.0,1.0267335387253965e-05
37072,-5.3,-53.0,1.3273558457468068e-05
37073,-5.3,-52.0,1.706880403978294e-05
37074,-5.3,-51.0,2.183257323421333e-05
37075,-5.3,-50.0,2.7777481451749062e-05
37076,-5.3,-49.0,3.515336588548492e-05
37077,-5.3,-48.0,4.4251406332103625e-05
37078,-5.3,-47.0,5.5410507899549166e-05
37079,-5.3,-46.0,7.030091761514191e-05
37080,-5.3,-45.0,0.00020088980802186596
37081,-5.3,-44.0,0.0018158502749997716
37082,-5.3,-43.0,0.004454086620833447
37083,-5.3,-42.0,0.003760012101122594
37084,-5.3,-41.0,0.004958039078189355
37085,-5.3,-40.0,0.00227485389489004
37086,-5.3,-39.0,0.002622055843105248
37087,-5.3,-38.0,0.005777847905624114
37088,-5.3,-37.0,0.0026114935328138632
37089,-5.3,-36.0,0.0007987148875226852
37090,-5.3,-35.0,0.0033087110173662003
37091,-5.3,-34.0,0.0074246836202966895
37092,-5.3,-33.0,0.0037232218709733257
37093,-5.3,-32.0,0.0043256664802478655
37094,-5.3,-31.0,0.00905655388342231
37095,-5.3,-30.0,0.004673621594828986
37096,-5.3,-29.0,0.005437738899245814
37097,-5.3,-28.0,0.011122980163844588
37098,-5.3,-27.0,0.005568602509239262
37099,-5.3,-26.0,0.002428520893187205
37100,-5.3,-25.0,0.0071265612146369514
37101,-5.3,-24.0,0.01476917721204995
37102,-5.3,-23.0,0.00799390169088876
37103,-5.3,-22.0,0.009330217776331107
37104,-5.3,-21.0,0.018372720161327655
37105,-5.3,-20.0,0.009485604704267576
37106,-5.3,-19.0,0.004451528055678216
37107,-5.3,-18.0,0.012217099061477502
37108,-5.3,-17.0,0.024854541911057758
37109,-5.3,-16.0,0.013446559538853415
37110,-5.3,-15.0,0.015999389731772437
37111,-5.3,-14.0,0.03165865345025078
37112,-5.3,-13.0,0.0158679036414357
37113,-5.3,-12.0,0.0069088815234120094
37114,-5.3,-11.0,0.021741365227356278
37115,-5.3,-10.0,0.04593600931704627
37116,-5.3,-9.0,0.023689467110343428
37117,-5.3,-8.0,0.031703284304767196
37118,-5.3,-7.0,0.06706794492689347
37119,-5.3,-6.0,0.03070766279257333
37120,-5.3,-5.0,0.01032278389560297
37121,-5.3,-4.0,0.03284789108241751
37122,-5.3,-3.0,0.0709924504513666
37123,-5.3,-2.0,0.032667030747535256
37124,-5.3,-1.0,0.008051601836656515
37125,-5.3,0.0,0.0006794863857777611
37126,-5.3,1.0,0.007183477634953749
37127,-5.3,2.0,0.019890943565401217
37128,-5.3,3.0,0.03977326802777615
37129,-5.3,4.0,0.019310586794351377
37130,-5.3,5.0,0.006783313437170299
37131,-5.3,6.0,0.014681813266428185
37132,-5.3,7.0,0.028552180927521462
37133,-5.3,8.0,0.014525904689586205
37134,-5.3,9.0,0.012348279163903344
37135,-5.3,10.0,0.02260893185442784
37136,-5.3,11.0,0.011047558643345539
37137,-5.3,12.0,0.003961457175137882
37138,-5.3,13.0,0.008583778381745174
37139,-5.3,14.0,0.016739823559555608
37140,-5.3,15.0,0.008350792793905522
37141,-5.3,16.0,0.007155232261648814
37142,-5.3,17.0,0.013456661522805002
37143,-5.3,18.0,0.006321474829697254
37144,-5.3,19.0,0.00195551045620389
37145,-5.3,20.0,0.004929389382630007
37146,-5.3,21.0,0.010166359463972293
37147,-5.3,22.0,0.004828581642504672
37148,-5.3,23.0,0.004153234148168117
37149,-5.3,24.0,0.008323771334282557
37150,-5.3,25.0,0.0036875684426998507
37151,-5.3,26.0,0.0008657706824607267
37152,-5.3,27.0,0.0029104683267725116
37153,-5.3,28.0,0.0064754453236005715
37154,-5.3,29.0,0.0029263143369010606
37155,-5.3,30.0,0.0025384931943282143
37156,-5.3,31.0,0.005430927781439919
37157,-5.3,32.0,0.002293227596116543
37158,-5.3,33.0,0.0003939001225826169
37159,-5.3,34.0,0.0018495266682289607
37160,-5.3,35.0,0.004360838427241767
37161,-5.3,36.0,0.0019111648996922948
37162,-5.3,37.0,0.0016766503256043955
37163,-5.3,38.0,0.0037378239442950193
37164,-5.3,39.0,0.0016262162529882475
37165,-5.3,40.0,0.001433103984261382
37166,-5.3,41.0,0.003224581071866727
37167,-5.3,42.0,0.001320663953513712
37168,-5.3,43.0,0.00010120913228908259
37169,-5.3,44.0,1.1155878623360134e-05
37170,-5.3,45.0,7.801940261109622e-06
37171,-5.3,46.0,5.950425134604178e-06
37172,-5.3,47.0,4.5152605945649835e-06
37173,-5.3,48.0,3.4080428852289656e-06
37174,-5.3,49.0,2.558670594251101e-06
37175,-5.3,50.0,1.9107795514286317e-06
37176,-5.3,51.0,1.4193630639995225e-06
37177,-5.3,52.0,1.0487282925641457e-06
37178,-5.3,53.0,7.707595819869038e-07
37179,-5.3,54.0,5.634576232348413e-07
37180,-5.3,55.0,4.097225796435827e-07
37181,-5.3,56.0,2.963499102816513e-07
37182,-5.3,57.0,2.132091924472384e-07
37183,-5.3,58.0,1.5257846597863002e-07
37184,-5.3,59.0,1.0860922996034248e-07
37185,-5.3,60.0,7.690000701998788e-08
37186,-5.3,61.0,5.415919072085163e-08
37187,-5.3,62.0,3.794059047077683e-08
37188,-5.3,63.0,2.643760627066798e-08
37189,-5.3,64.0,1.832425369512029e-08
37190,-5.3,65.0,1.263329327186703e-08
37191,-5.3,66.0,8.663491913689903e-09
37192,-5.3,67.0,5.909564577988938e-09
37193,-5.3,68.0,4.009628184953705e-09
37194,-5.3,69.0,2.7060687821086094e-09
37195,-5.3,70.0,1.8166015036703834e-09
37196,-5.3,71.0,1.213016242246976e-09
37197,-5.3,72.0,8.056745981167025e-10
37198,-5.3,73.0,5.322783894727846e-10
37199,-5.3,74.0,3.497873546803519e-10
37200,-5.2,-75.0,1.3273199075591887e-08
37201,-5.2,-74.0,1.9201199407185683e-08
37202,-5.2,-73.0,2.7629130333166646e-08
37203,-5.2,-72.0,3.954505462872575e-08
37204,-5.2,-71.0,5.6299333317063805e-08
37205,-5.2,-70.0,7.972608380993041e-08
37206,-5.2,-69.0,1.1230102471436054e-07
37207,-5.2,-68.0,1.57345060540779e-07
37208,-5.2,-67.0,2.1928484397045031e-07
37209,-5.2,-66.0,3.039836503913189e-07
37210,-5.2,-65.0,4.1915817734730014e-07
37211,-5.2,-64.0,5.748992843425583e-07
37212,-5.2,-63.0,7.843171298879913e-07
37213,-5.2,-62.0,1.0643335203816027e-06
37214,-5.2,-61.0,1.4366463951824706e-06
37215,-5.2,-60.0,1.9288930234084732e-06
37216,-5.2,-59.0,2.5760394204779958e-06
37217,-5.2,-58.0,3.4220233963471545e-06
37218,-5.2,-57.0,4.5216771662730045e-06
37219,-5.2,-56.0,5.942952193400796e-06
37220,-5.2,-55.0,7.76946346961862e-06
37221,-5.2,-54.0,1.0103362350200791e-05
37222,-5.2,-53.0,1.3068535932918806e-05
37223,-5.2,-52.0,1.6814116462494036e-05
37224,-5.2,-51.0,2.1518266091029876e-05
37225,-5.2,-50.0,2.739218042104642e-05
37226,-5.2,-49.0,3.4684228679231315e-05
37227,-5.2,-48.0,4.36841201808923e-05
37228,-5.2,-47.0,5.472935900308047e-05
37229,-5.2,-46.0,6.949510614153821e-05
37230,-5.2,-45.0,0.0002004850056487319
37231,-5.2,-44.0,0.0018229652850166253
37232,-5.2,-43.0,0.004473601328151418
37233,-5.2,-42.0,0.00377564313322424
37234,-5.2,-41.0,0.004978752100472
37235,-5.2,-40.0,0.002282470881565446
37236,-5.2,-39.0,0.0026304587359845203
37237,-5.2,-38.0,0.005800003090174918
37238,-5.2,-37.0,0.0026187872676325533
37239,-5.2,-36.0,0.0007971833384623294
37240,-5.2,-35.0,0.0033171934720825093
37241,-5.2,-34.0,0.00745000792170337
37242,-5.2,-33.0,0.0037322044117948034
37243,-5.2,-32.0,0.0043358239523482054
37244,-5.2,-31.0,0.00908495877392474
37245,-5.2,-30.0,0.004683985302165888
37246,-5.2,-29.0,0.0054495989688922945
37247,-5.2,-28.0,0.011155398599768171
37248,-5.2,-27.0,0.005580349209670228
37249,-5.2,-26.0,0.002428451656910591
37250,-5.2,-25.0,0.007141503980954344
37251,-5.2,-24.0,0.014808822670539679
37252,-5.2,-23.0,0.008012323013096682
37253,-5.2,-22.0,0.009350859968413942
37254,-5.2,-21.0,0.018418790904441353
37255,-5.2,-20.0,0.00950904732682619
37256,-5.2,-19.0,0.0044625278203228
37257,-5.2,-18.0,0.012243978342330144
37258,-5.2,-17.0,0.024906763716001746
37259,-5.2,-16.0,0.013480032900215686
37260,-5.2,-15.0,0.016030111719401424
37261,-5.2,-14.0,0.03170483008247281
37262,-5.2,-13.0,0.015904789175975393
37263,-5.2,-12.0,0.0069394181764322925
37264,-5.2,-11.0,0.021749229401049498
37265,-5.2,-10.0,0.04590710337919112
37266,-5.2,-9.0,0.0236927214999251
37267,-5.2,-8.0,0.03156596592483413
37268,-5.2,-7.0,0.06667025924715764
37269,-5.2,-6.0,0.03057964004780509
37270,-5.2,-5.0,0.010226189935121711
37271,-5.2,-4.0,0.032967485249518896
37272,-5.2,-3.0,0.07137033897638558
37273,-5.2,-2.0,0.03279527588864294
37274,-5.2,-1.0,0.008021540244438305
37275,-5.2,0.0,0.0006734325566958811
37276,-5.2,1.0,0.007149983210601997
37277,-5.2,2.0,0.019868736359657562
37278,-5.2,3.0,0.039766480658332326
37279,-5.2,4.0,0.01929737811966907
37280,-5.2,5.0,0.006766432481913886
37281,-5.2,6.0,0.014660924806427576
37282,-5.2,7.0,0.02852365334855413
37283,-5.2,8.0,0.014510649353569945
37284,-5.2,9.0,0.012332313752243342
37285,-5.2,10.0,0.022579638793017276
37286,-5.2,11.0,0.011036310108217484
37287,-5.2,12.0,0.003961343145818972
37288,-5.2,13.0,0.008574367166225038
37289,-5.2,14.0,0.016713649459977137
37290,-5.2,15.0,0.008342341661040512
37291,-5.2,16.0,0.007147654917911242
37292,-5.2,17.0,0.01343284472896343
37293,-5.2,18.0,0.0063151765289683566
37294,-5.2,19.0,0.001959685966900465
37295,-5.2,20.0,0.004924068848835619
37296,-5.2,21.0,0.010144833551381705
37297,-5.2,22.0,0.004822089160774048
37298,-5.2,23.0,0.004147308420195304
37299,-5.2,24.0,0.008303505782280958
37300,-5.2,25.0,0.003681615583019841
37301,-5.2,26.0,0.00086828860426301
37302,-5.2,27.0,0.00290501494075418
37303,-5.2,28.0,0.006456675826136007
37304,-5.2,29.0,0.0029195791220634586
37305,-5.2,30.0,0.0025322639069337125
37306,-5.2,31.0,0.005413317092402209
37307,-5.2,32.0,0.0022869874340459345
37308,-5.2,33.0,0.0003944186232098507
37309,-5.2,34.0,0.0018438906764347924
37310,-5.2,35.0,0.004344902087449993
37311,-5.2,36.0,0.0019047285015449634
37312,-5.2,37.0,0.0016707412025910124
37313,-5.2,38.0,0.0037231984550646587
37314,-5.2,39.0,0.0016201506825085595
37315,-5.2,40.0,0.0014275547936641834
37316,-5.2,41.0,0.003211275495334574
37317,-5.2,42.0,0.001315384513656982
37318,-5.2,43.0,0.00010105676580043223
37319,-5.2,44.0,1.132908514468748e-05
37320,-5.2,45.0,7.942219124567618e-06
37321,-5.2,46.0,6.0606705063909445e-06
37322,-5.2,47.0,4.6013656494157245e-06
37323,-5.2,48.0,3.4748835357917243e-06
37324,-5.2,49.0,2.610242647729462e-06
37325,-5.2,50.0,1.950331380460906e-06
37326,-5.2,51.0,1.4495148165036246e-06
37327,-5.2,52.0,1.071577268484641e-06
37328,-5.2,53.0,7.879720230271192e-07
37329,-5.2,54.0,5.76347601256364e-07
37330,-5.2,55.0,4.19318960580044e-07
37331,-5.2,56.0,3.03452540652715e-07
37332,-5.2,57.0,2.184355307759362e-07
37333,-5.2,58.0,1.5640188497186266e-07
37334,-5.2,59.0,1.1139016749447384e-07
37335,-5.2,60.0,7.891106178399844e-08
37336,-5.2,61.0,5.560515556727778e-08
37337,-5.2,62.0,3.8974303837436775e-08
37338,-5.2,63.0,2.7172387485577526e-08
37339,-5.2,64.0,1.884357726099031e-08
37340,-5.2,65.0,1.2998254120401351e-08
37341,-5.2,66.0,8.918520364577937e-09
37342,-5.2,67.0,6.08676739630952e-09
37343,-5.2,68.0,4.1320609018198095e-09
37344,-5.2,69.0,2.790183923154642e-09
37345,-5.2,70.0,1.8740667667102045e-09
37346,-5.2,71.0,1.252054966303873e-09
37347,-5.2,72.0,8.320469623433592e-10
37348,-5.2,73.0,5.499945571459427e-10
37349,-5.2,74.0,3.6162217318283744e-10
37350,-5.1,-75.0,1.2913656882609357e-08
37351,-5.1,-74.0,1.8691036343347472e-08
37352,-5.1,-73.0,2.6909376085086806e-08
37353,-5.1,-72.0,3.853540985465865e-08
37354,-5.1,-71.0,5.489116444947524e-08
37355,-5.1,-70.0,7.777338703511283e-08
37356,-5.1,-69.0,1.0960886721441266e-07
37357,-5.1,-68.0,1.5365492092289257e-07
37358,-5.1,-67.0,2.1425618365989556e-07
37359,-5.1,-66.0,2.9717095778753744e-07
37360,-5.1,-65.0,4.099826427232169e-07
37361,-5.1,-64.0,5.626141939582141e-07
37362,-5.1,-63.0,7.679660232206871e-07
37363,-5.1,-62.0,1.042700148095458e-06
37364,-5.1,-61.0,1.4081955636654069e-06
37365,-5.1,-60.0,1.8917015333856723e-06
37366,-5.1,-59.0,2.527716523867538e-06
37367,-5.1,-58.0,3.3596205305702e-06
37368,-5.1,-57.0,4.44158720302572e-06
37369,-5.1,-56.0,5.840799083341817e-06
37370,-5.1,-55.0,7.639983997098205e-06
37371,-5.1,-54.0,9.940282749941861e-06
37372,-5.1,-53.0,1.2864447372831567e-05
37373,-5.1,-52.0,1.6560354862221216e-05
37374,-5.1,-51.0,2.120480340884816e-05
37375,-5.1,-50.0,2.7007536369153608e-05
37376,-5.1,-49.0,3.421541376496394e-05
37377,-5.1,-48.0,4.311662294447167e-05
37378,-5.1,-47.0,5.4047203532061016e-05
37379,-5.1,-46.0,6.86870349178064e-05
37380,-5.1,-45.0,0.00020006579046338258
37381,-5.1,-44.0,0.001829915736548215
37382,-5.1,-43.0,0.004492705987436893
37383,-5.1,-42.0,0.0037909265320171612
37384,-5.1,-41.0,0.0049990032127441315
37385,-5.1,-40.0,0.002289874485205138
37386,-5.1,-39.0,0.002638611303621128
37387,-5.1,-38.0,0.005821606760811014
37388,-5.1,-37.0,0.0026258238721418078
37389,-5.1,-36.0,0.0007955601132315171
37390,-5.1,-35.0,0.0033253380549239453
37391,-5.1,-34.0,0.007474593753661091
37392,-5.1,-33.0,0.0037407927230115783
37393,-5.1,-32.0,0.00434551708931402
37394,-5.1,-31.0,0.009112432415569818
37395,-5.1,-30.0,0.004693826156063098
37396,-5.1,-29.0,0.005460846425983898
37397,-5.1,-28.0,0.011186639031869696
37398,-5.1,-27.0,0.005591438399077007
37399,-5.1,-26.0,0.002428011187115591
37400,-5.1,-25.0,0.007155603672602334
37401,-5.1,-24.0,0.014846868555091637
37402,-5.1,-23.0,0.00802978237780562
37403,-5.1,-22.0,0.009370401199668673
37404,-5.1,-21.0,0.018462882267135775
37405,-5.1,-20.0,0.009531345324032698
37406,-5.1,-19.0,0.004472855499978144
37407,-5.1,-18.0,0.012269478480795092
37408,-5.1,-17.0,0.024956461835047756
37409,-5.1,-16.0,0.01351201878832975
37410,-5.1,-15.0,0.016059236582048286
37411,-5.1,-14.0,0.031748188904795076
37412,-5.1,-13.0,0.015940115791516347
37413,-5.1,-12.0,0.0069691845718711735
37414,-5.1,-11.0,0.02175605712350564
37415,-5.1,-10.0,0.045876662600205516
37416,-5.1,-9.0,0.023695506535576304
37417,-5.1,-8.0,0.03143568252346007
37418,-5.1,-7.0,0.066290809414631
37419,-5.1,-6.0,0.030458787948767434
37420,-5.1,-5.0,0.010131407871054043
37421,-5.1,-4.0,0.033092850460006436
37422,-5.1,-3.0,0.07176302302954973
37423,-5.1,-2.0,0.03292917706994316
37424,-5.1,-1.0,0.007991273228378793
37425,-5.1,0.0,0.0006673706107919864
37426,-5.1,1.0,0.007115710191265058
37427,-5.1,2.0,0.01984510388559318
37428,-5.1,3.0,0.039757283777935366
37429,-5.1,4.0,0.01928276894291846
37430,-5.1,5.0,0.006748757010424667
37431,-5.1,6.0,0.014638700499231674
37432,-5.1,7.0,0.02849287620006414
37433,-5.1,8.0,0.014494097060534516
37434,-5.1,9.0,0.012315178971843848
37435,-5.1,10.0,0.02254846277963735
37436,-5.1,11.0,0.011024026698258148
37437,-5.1,12.0,0.003960719859307981
37438,-5.1,13.0,0.008564127642275737
37439,-5.1,14.0,0.01668607175901868
37440,-5.1,15.0,0.008333125497038492
37441,-5.1,16.0,0.007139418566597988
37442,-5.1,17.0,0.013407924288223988
37443,-5.1,18.0,0.006308319417145229
37444,-5.1,19.0,0.001963640839729528
37445,-5.1,20.0,0.0049183238767918315
37446,-5.1,21.0,0.010122511609180861
37447,-5.1,22.0,0.004815204785959414
37448,-5.1,23.0,0.004141051320268487
37449,-5.1,24.0,0.008282612311757762
37450,-5.1,25.0,0.003675380802450444
37451,-5.1,26.0,0.0008707367168410289
37452,-5.1,27.0,0.0028993481669883038
37453,-5.1,28.0,0.006437437866807928
37454,-5.1,29.0,0.002912635331150811
37455,-5.1,30.0,0.002525857133315418
37456,-5.1,31.0,0.0053953220005753975
37457,-5.1,32.0,0.002280589276516755
37458,-5.1,33.0,0.0003949162259380854
37459,-5.1,34.0,0.0018381303172957614
37460,-5.1,35.0,0.004328662341881003
37461,-5.1,36.0,0.0018981626722849728
37462,-5.1,37.0,0.00166471975741971
37463,-5.1,38.0,0.0037083147022820475
37464,-5.1,39.0,0.00161397527366622
37465,-5.1,40.0,0.001421909618592142
37466,-5.1,41.0,0.003197748177501352
37467,-5.1,42.0,0.001310015903394
37468,-5.1,43.0,0.00010090001837974336
37469,-5.1,44.0,1.1503778264514974e-05
37470,-5.1,45.0,8.083839191286496e-06
37471,-5.1,46.0,6.172055891333444e-06
37472,-5.1,47.0,4.688427085908567e-06
37473,-5.1,48.0,3.54251703586206e-06
37474,-5.1,49.0,2.6624647950291284e-06
37475,-5.1,50.0,1.9904108021023127e-06
37476,-5.1,51.0,1.480090615245919e-06
37477,-5.1,52.0,1.0947639436904198e-06
37478,-5.1,53.0,8.054510429762773e-07
37479,-5.1,54.0,5.894462441312519e-07
37480,-5.1,55.0,4.2907734638212656e-07
37481,-5.1,56.0,3.106799587024778e-07
37482,-5.1,57.0,2.237572530700211e-07
37483,-5.1,58.0,1.6029766789434935e-07
37484,-5.1,59.0,1.1422560358730595e-07
37485,-5.1,60.0,8.096286663369804e-08
37486,-5.1,61.0,5.708137630764627e-08
37487,-5.1,62.0,4.0030326228098865e-08
37488,-5.1,63.0,2.79235062209587e-08
37489,-5.1,64.0,1.937478497370605e-08
37490,-5.1,65.0,1.3371802404397106e-08
37491,-5.1,66.0,9.179713437044263e-09
37492,-5.1,67.0,6.26836692255757e-09
37493,-5.1,68.0,4.257609315439934e-09
37494,-5.1,69.0,2.8764929542276254e-09
37495,-5.1,70.0,1.933067107076765e-09
37496,-5.1,71.0,1.292161080371858e-09
37497,-5.1,72.0,8.591569140645657e-10
37498,-5.1,73.0,5.682172721585367e-10
37499,-5.1,74.0,3.7380273978869635e-10
37500,-5.0,-75.0,1.2441956981683243e-08
37501,-5.0,-74.0,1.801790213295664e-08
37502,-5.0,-73.0,2.5954093173022383e-08
37503,-5.0,-72.0,3.7187210541872104e-08
37504,-5.0,-71.0,5.2998972917938004e-08
37505,-5.0,-70.0,7.513242588517833e-08
37506,-5.0,-69.0,1.0594329532781846e-07
37507,-5.0,-68.0,1.4859549760777038e-07
37508,-5.0,-67.0,2.073117565520702e-07
37509,-5.0,-66.0,2.8769235394242656e-07
37510,-5.0,-65.0,3.9711730771982106e-07
37511,-5.0,-64.0,5.452496792892671e-07
37512,-5.0,-63.0,7.446601776557761e-07
37513,-5.0,-62.0,1.0115956378262808e-06
37514,-5.0,-61.0,1.3669161470207237e-06
37515,-5.0,-60.0,1.837227371700867e-06
37516,-5.0,-59.0,2.456235748709363e-06
37517,-5.0,-58.0,3.266354341910655e-06
37518,-5.0,-57.0,4.320585980581583e-06
37519,-5.0,-56.0,5.684707395123376e-06
37520,-5.0,-55.0,7.439773028182693e-06
37521,-5.0,-54.0,9.68494959327521e-06
37522,-5.0,-53.0,1.254068186191842e-05
37523,-5.0,-52.0,1.6152176215443666e-05
37524,-5.0,-51.0,2.0693170918185814e-05
37525,-5.0,-50.0,2.6369940707486335e-05
37526,-5.0,-49.0,3.342545818987896e-05
37527,-5.0,-48.0,4.214360669635972e-05
37528,-5.0,-47.0,5.285571094918815e-05
37529,-5.0,-46.0,6.7230119272034e-05
37530,-5.0,-45.0,0.00019772980046202474
37531,-5.0,-44.0,0.0018191951207919036
37532,-5.0,-43.0,0.004468399464652582
37533,-5.0,-42.0,0.00376958643193042
37534,-5.0,-41.0,0.0049709553709392515
37535,-5.0,-40.0,0.0022751707884855017
37536,-5.0,-39.0,0.002621289071645447
37537,-5.0,-38.0,0.005786969858889384
37538,-5.0,-37.0,0.002607511914128697
37539,-5.0,-36.0,0.0007862805930131744
37540,-5.0,-35.0,0.003301376696710364
37541,-5.0,-34.0,0.007426971158037444
37542,-5.0,-33.0,0.0037132555909670543
37543,-5.0,-32.0,0.004313241264785991
37544,-5.0,-31.0,0.009051869176086988
37545,-5.0,-30.0,0.0046583191719042506
37546,-5.0,-29.0,0.005419333282453887
37547,-5.0,-28.0,0.011109793069316814
37548,-5.0,-27.0,0.005548479386931009
37549,-5.0,-26.0,0.0024040680998022967
37550,-5.0,-25.0,0.007100534310491308
37551,-5.0,-24.0,0.014741459408905725
37552,-5.0,-23.0,0.007969590165208474
37553,-5.0,-22.0,0.009299355573437392
37554,-5.0,-21.0,0.018328619492349645
37555,-5.0,-20.0,0.009461451505444234
37556,-5.0,-19.0,0.00443978631523557
37557,-5.0,-18.0,0.012176425424905442
37558,-5.0,-17.0,0.024765320417190574
37559,-5.0,-16.0,0.013413437079828538
37560,-5.0,-15.0,0.015933433124066417
37561,-5.0,-14.0,0.03148573996430209
37562,-5.0,-13.0,0.0158216252194664
37563,-5.0,-12.0,0.006931467512004855
37564,-5.0,-11.0,0.021554392493320956
37565,-5.0,-10.0,0.04540765057463189
37566,-5.0,-9.0,0.02347185837194228
37567,-5.0,-8.0,0.031013186007702833
37568,-5.0,-7.0,0.06529926167070095
37569,-5.0,-6.0,0.03005507887251852
37570,-5.0,-5.0,0.009538787343453854
37571,-5.0,-4.0,0.03324822940893281
37572,-5.0,-3.0,0.07222331920681593
37573,-5.0,-2.0,0.033092865940750386
37574,-5.0,-1.0,0.007966514213738075
37575,-5.0,0.0,0.0006617714672390454
37576,-5.0,1.0,0.007085702856629091
37577,-5.0,2.0,0.019834146381688785
37578,-5.0,3.0,0.039773942813482455
37579,-5.0,4.0,0.01928046293881795
37580,-5.0,5.0,0.006735075908506164
37581,-5.0,6.0,0.014625531737976889
37582,-5.0,7.0,0.028480079624781305
37583,-5.0,8.0,0.014486538064434824
37584,-5.0,9.0,0.012305615388007151
37585,-5.0,10.0,0.022531406751668023
37586,-5.0,11.0,0.011018533284384327
37587,-5.0,12.0,0.003962399800454586
37588,-5.0,13.0,0.008559137385559815
37589,-5.0,14.0,0.016668928869379488
37590,-5.0,15.0,0.008329058021610476
37591,-5.0,16.0,0.007135589340409836
37592,-5.0,17.0,0.01339141099757572
37593,-5.0,18.0,0.006305379937692383
37594,-5.0,19.0,0.001968770592294917
37595,-5.0,20.0,0.0049156441771124855
37596,-5.0,21.0,0.01010657215740391
37597,-5.0,22.0,0.004811344613785415
37598,-5.0,23.0,0.004137400471609077
37599,-5.0,24.0,0.008266963506127909
37600,-5.0,25.0,0.003671471160427644
37601,-5.0,26.0,0.0008737341125511099
37602,-5.0,27.0,0.0028955242882563563
37603,-5.0,28.0,0.00642229453273887
37604,-5.0,29.0,0.0029075482355230757
37605,-5.0,30.0,0.002521063730775746
37606,-5.0,31.0,0.005380766152602028
37607,-5.0,32.0,0.0022756498733757092
37608,-5.0,33.0,0.00039567356715466517
37609,-5.0,34.0,0.001833548432871961
37610,-5.0,35.0,0.004315186157522953
37611,-5.0,36.0,0.0018928125627693374
37612,-5.0,37.0,0.0016597655975766727
37613,-5.0,38.0,0.0036957997034035707
37614,-5.0,39.0,0.0016088335372119377
37615,-5.0,40.0,0.0014171758003334392
37616,-5.0,41.0,0.003186265636160204
37617,-5.0,42.0,0.0013062957007310063
37618,-5.0,43.0,0.00017312023164218264
37619,-5.0,44.0,0.0010826049602657615
37620,-5.0,45.0,0.0026381154401906434
37621,-5.0,46.0,0.001077162801170742
37622,-5.0,47.0,7.708359647997352e-05
37623,-5.0,48.0,4.4229796866700175e-06
37624,-5.0,49.0,2.718766008130641e-06
37625,-5.0,50.0,2.0324599149452838e-06
37626,-5.0,51.0,1.5121636992485612e-06
37627,-5.0,52.0,1.1190830934810389e-06
37628,-5.0,53.0,8.237821051766898e-07
37629,-5.0,54.0,6.031825573289098e-07
37630,-5.0,55.0,4.393104415164297e-07
37631,-5.0,56.0,3.1825889696610186e-07
37632,-5.0,57.0,2.2933789122975738e-07
37633,-5.0,58.0,1.6438314239887854e-07
37634,-5.0,59.0,1.171992734119407e-07
37635,-5.0,60.0,8.311486795873447e-08
37636,-5.0,61.0,5.8629834006248214e-08
37637,-5.0,62.0,4.113814882473067e-08
37638,-5.0,63.0,2.87115707715221e-08
37639,-5.0,64.0,1.993220212387408e-08
37640,-5.0,65.0,1.3763843630412521e-08
37641,-5.0,66.0,9.453884503905182e-09
37642,-5.0,67.0,6.459025026902952e-09
37643,-5.0,68.0,4.3894464332351265e-09
37644,-5.0,69.0,2.9671441767686948e-09
37645,-5.0,70.0,1.995049406018271e-09
37646,-5.0,71.0,1.3343039429038355e-09
37647,-5.0,72.0,8.876504793743034e-10
37648,-5.0,73.0,5.873748168375419e-10
37649,-5.0,74.0,3.8661149369147147e-10
37650,-4.9,-75.0,1.1995488334741128e-08
37651,-4.9,-74.0,1.7380603419674793e-08
37652,-4.9,-73.0,2.5049431571550794e-08
37653,-4.9,-72.0,3.591013250838616e-08
37654,-4.9,-71.0,5.1206164572820365e-08
37655,-4.9,-70.0,7.262959044048615e-08
37656,-4.9,-69.0,1.0246865841531872e-07
37657,-4.9,-68.0,1.4379858505269033e-07
37658,-4.9,-67.0,2.007263015864329e-07
37659,-4.9,-66.0,2.787019839482349e-07
37660,-4.9,-65.0,3.8491243822894033e-07
37661,-4.9,-64.0,5.287738115952266e-07
37662,-4.9,-63.0,7.225435656046649e-07
37663,-4.9,-62.0,9.820740724573856e-07
37664,-4.9,-61.0,1.3277324222673635e-06
37665,-4.9,-60.0,1.7855128625227809e-06
37666,-4.9,-59.0,2.3883694818423806e-06
37667,-4.9,-58.0,3.177797000689348e-06
37668,-4.9,-57.0,4.2056864951272075e-06
37669,-4.9,-56.0,5.536480167071586e-06
37670,-4.9,-55.0,7.2496444663779615e-06
37671,-4.9,-54.0,9.442473534483508e-06
37672,-4.9,-53.0,1.2233224656412905e-05
37673,-4.9,-52.0,1.5764573802340258e-05
37674,-4.9,-51.0,2.0207362119704012e-05
37675,-4.9,-50.0,2.5764583239233662e-05
37676,-4.9,-49.0,3.267553649941022e-05
37677,-4.9,-48.0,4.1220043659326786e-05
37678,-4.9,-47.0,5.172498835715859e-05
37679,-4.9,-46.0,6.584845481000012e-05
37680,-4.9,-45.0,0.00019557077892662044
37681,-4.9,-44.0,0.0018098680523637159
37682,-4.9,-43.0,0.004447471856484692
37683,-4.9,-42.0,0.0037511109149941085
37684,-4.9,-41.0,0.004946679857533952
37685,-4.9,-40.0,0.002262227074645072
37686,-4.9,-39.0,0.002605997353654864
37687,-4.9,-38.0,0.0057567484964693525
37688,-4.9,-37.0,0.0025912323544515017
37689,-4.9,-36.0,0.0007776713030757531
37690,-4.9,-35.0,0.0032799910575856146
37691,-4.9,-34.0,0.00738504509902284
37692,-4.9,-33.0,0.003688612682507535
37693,-4.9,-32.0,0.004284326306526884
37694,-4.9,-31.0,0.00899826541680023
37695,-4.9,-30.0,0.0046264331238990795
37696,-4.9,-29.0,0.005382031899203721
37697,-4.9,-28.0,0.011041501088400543
37698,-4.9,-27.0,0.0055098110971049065
37699,-4.9,-26.0,0.0023819999477009248
37700,-4.9,-25.0,0.007050954979758617
37701,-4.9,-24.0,0.014647427288860995
37702,-4.9,-23.0,0.007915513185456236
37703,-4.9,-22.0,0.009235480874540888
37704,-4.9,-21.0,0.01820856872045906
37705,-4.9,-20.0,0.009398783331220415
37706,-4.9,-19.0,0.004409978541569752
37707,-4.9,-18.0,0.012092818406024207
37708,-4.9,-17.0,0.024593704096426923
37709,-4.9,-16.0,0.013325216536183467
37710,-4.9,-15.0,0.01582026070833264
37711,-4.9,-14.0,0.031248843603490745
37712,-4.9,-13.0,0.015715580919193835
37713,-4.9,-12.0,0.006898842969655154
37714,-4.9,-11.0,0.021371426913194
37715,-4.9,-10.0,0.04497947277130132
37716,-4.9,-9.0,0.023269196327853826
37717,-4.9,-8.0,0.030626985570059714
37718,-4.9,-7.0,0.06438887793889816
37719,-4.9,-6.0,0.02968674225717778
37720,-4.9,-5.0,0.00908861766458862
37721,-4.9,-4.0,0.0337034852812344
37722,-4.9,-3.0,0.07333889235349424
37723,-4.9,-2.0,0.03355503841990456
37724,-4.9,-1.0,0.008011165210325173
37725,-4.9,0.0,0.0006619031577234412
37726,-4.9,1.0,0.007116667467301608
37727,-4.9,2.0,0.019995326594775105
37728,-4.9,3.0,0.04013662043730433
37729,-4.9,4.0,0.019445553254283734
37730,-4.9,5.0,0.006779434226702392
37731,-4.9,6.0,0.014738944062674496
37732,-4.9,7.0,0.02871424867930361
37733,-4.9,8.0,0.014604434707253004
37734,-4.9,9.0,0.0124025189257872
37735,-4.9,10.0,0.02270955390624093
37736,-4.9,11.0,0.011108411834923297
37737,-4.9,12.0,0.003998272602569481
37738,-4.9,13.0,0.008628198023945615
37739,-4.9,14.0,0.016796140757150378
37740,-4.9,15.0,0.008397099327887469
37741,-4.9,16.0,0.007193528872937227
37742,-4.9,17.0,0.013490865290665156
37743,-4.9,18.0,0.006357050317327219
37744,-4.9,19.0,0.001990962134629606
37745,-4.9,20.0,0.004955545212982297
37746,-4.9,21.0,0.010178157256683414
37747,-4.9,22.0,0.004849173727652312
37748,-4.9,23.0,0.0041696016965506524
37749,-4.9,24.0,0.008322906204147692
37750,-4.9,25.0,0.0036993820818580258
37751,-4.9,26.0,0.0008843387227056262
37752,-4.9,27.0,0.002916797776889623
37753,-4.9,28.0,0.006462758871525035
37754,-4.9,29.0,0.002927656678653854
37755,-4.9,30.0,0.00253811648608268
37756,-4.9,31.0,0.00541279015152657
37757,-4.9,32.0,0.002290426451868973
37758,-4.9,33.0,0.00039988112840960537
37759,-4.9,34.0,0.0018448494146871314
37760,-4.9,35.0,0.004339053013390904
37761,-4.9,36.0,0.0019038517156420437
37762,-4.9,37.0,0.0016691814779882343
37763,-4.9,38.0,0.0037152599003653117
37764,-4.9,39.0,0.0016176166498162766
37765,-4.9,40.0,0.0014247067881510366
37766,-4.9,41.0,0.003202342627221265
37767,-4.9,42.0,0.0013130655735171203
37768,-4.9,43.0,0.00017425122563766824
37769,-4.9,44.0,0.001087976436130206
37770,-4.9,45.0,0.0026508161386210763
37771,-4.9,46.0,0.001082417245966583
37772,-4.9,47.0,7.75617016359642e-05
37773,-4.9,48.0,4.5309559865474e-06
37774,-4.9,49.0,2.798570591192612e-06
37775,-4.9,50.0,2.093261463553241e-06
37776,-4.9,51.0,1.558230251789088e-06
37777,-4.9,52.0,1.1537892887699834e-06
37778,-4.9,53.0,8.497826835735601e-07
37779,-4.9,54.0,6.225520405019796e-07
37780,-4.9,55.0,4.536592620407453e-07
37781,-4.9,56.0,3.2882905472759434e-07
37782,-4.9,57.0,2.3708104006162195e-07
37783,-4.9,58.0,1.7002378039860752e-07
37784,-4.9,59.0,1.2128544678970167e-07
37785,-4.9,60.0,8.605852083432324e-08
37786,-4.9,61.0,6.073866029587303e-08
37787,-4.9,62.0,4.264053801761157e-08
37788,-4.9,63.0,2.9775994196184434e-08
37789,-4.9,64.0,2.0682164537838736e-08
37790,-4.9,65.0,1.4289328641163045e-08
37791,-4.9,66.0,9.820051731907843e-09
37792,-4.9,67.0,6.712771117124861e-09
37793,-4.9,68.0,4.56431926195959e-09
37794,-4.9,69.0,3.086997656519722e-09
37795,-4.9,70.0,2.076742708766447e-09
37796,-4.9,71.0,1.3896812494232093e-09
37797,-4.9,72.0,9.249831244989088e-10
37798,-4.9,73.0,6.124047200861538e-10
37799,-4.9,74.0,4.033010541018955e-10
37800,-4.8,-75.0,1.1662968005937443e-08
37801,-4.8,-74.0,1.6907811251498413e-08
37802,-4.8,-73.0,2.4381016322076973e-08
37803,-4.8,-72.0,3.497053906615613e-08
37804,-4.8,-71.0,4.989292393844821e-08
37805,-4.8,-70.0,7.080463575371527e-08
37806,-4.8,-69.0,9.994717819539768e-08
37807,-4.8,-68.0,1.4033483520187445e-07
37808,-4.8,-67.0,1.959957022061857e-07
37809,-4.8,-66.0,2.722787292432228e-07
37810,-4.8,-65.0,3.7624175308658677e-07
37811,-4.8,-64.0,5.171379043004606e-07
37812,-4.8,-63.0,7.070202625042776e-07
37813,-4.8,-62.0,9.614870898883325e-07
37814,-4.8,-61.0,1.300592249297488e-06
37815,-4.8,-60.0,1.7499473135692078e-06
37816,-4.8,-59.0,2.3420431523530213e-06
37817,-4.8,-58.0,3.1178191454131593e-06
37818,-4.8,-57.0,4.128507272138728e-06
37819,-4.8,-56.0,5.437775776935988e-06
37820,-4.8,-55.0,7.1241924884003046e-06
37821,-4.8,-54.0,9.28402074087605e-06
37822,-4.8,-53.0,1.203435078395477e-05
37823,-4.8,-52.0,1.551655618357367e-05
37824,-4.8,-51.0,1.9900047712672107e-05
37825,-4.8,-50.0,2.538627642022513e-05
37826,-4.8,-49.0,3.221291295086476e-05
37827,-4.8,-48.0,4.065810272842065e-05
37828,-4.8,-47.0,5.1047068396581206e-05
37829,-4.8,-46.0,6.504172944927642e-05
37830,-4.8,-45.0,0.0001950925528936349
37831,-4.8,-44.0,0.001815959219857951
37832,-4.8,-43.0,0.004464406833184865
37833,-4.8,-42.0,0.0037645761300636317
37834,-4.8,-41.0,0.00496452103829073
37835,-4.8,-40.0,0.002268560637527159
37836,-4.8,-39.0,0.0026129116317465425
37837,-4.8,-38.0,0.005775546761580497
37838,-4.8,-37.0,0.002597035771240911
37839,-4.8,-36.0,0.0007757127103772716
37840,-4.8,-35.0,0.0032865535965129746
37841,-4.8,-34.0,0.007406004722458295
37842,-4.8,-33.0,0.0036953916838338846
37843,-4.8,-32.0,0.004291904242590485
37844,-4.8,-31.0,0.009021278022643615
37845,-4.8,-30.0,0.0046339393668711265
37846,-4.8,-29.0,0.005390553720247034
37847,-4.8,-28.0,0.011067211945109868
37848,-4.8,-27.0,0.005518028511255277
37849,-4.8,-26.0,0.0023801691997556978
37850,-4.8,-25.0,0.007061373426142288
37851,-4.8,-24.0,0.014678091895657733
37852,-4.8,-23.0,0.00792875852151654
37853,-4.8,-22.0,0.00925018213651965
37854,-4.8,-21.0,0.018243566924665125
37855,-4.8,-20.0,0.009416031847783474
37856,-4.8,-19.0,0.004417536995290918
37857,-4.8,-18.0,0.012112150867492316
37858,-4.8,-17.0,0.024631734025994237
37859,-4.8,-16.0,0.013350416593349181
37860,-4.8,-15.0,0.015841984295520195
37861,-4.8,-14.0,0.0312788615986258
37862,-4.8,-13.0,0.01574350189175779
37863,-4.8,-12.0,0.006924794260629919
37864,-4.8,-11.0,0.021371965129171656
37865,-4.8,-10.0,0.0449385278404978
37866,-4.8,-9.0,0.02326687372791555
37867,-4.8,-8.0,0.030511277881052564
37868,-4.8,-7.0,0.06405075334704777
37869,-4.8,-6.0,0.029580823684156567
37870,-4.8,-5.0,0.009175673805057797
37871,-4.8,-4.0,0.03384596359237543
37872,-4.8,-3.0,0.07377781865443256
37873,-4.8,-2.0,0.03370581062544252
37874,-4.8,-1.0,0.007978957016804721
37875,-4.8,0.0,0.0006556477814466638
37876,-4.8,1.0,0.00707854309244364
37877,-4.8,2.0,0.01996379062634972
37878,-4.8,3.0,0.040113247593379635
37879,-4.8,4.0,0.019423280270522227
37880,-4.8,5.0,0.006758044822030516
37881,-4.8,6.0,0.014709944896813031
37882,-4.8,7.0,0.02867143725305791
37883,-4.8,8.0,0.014581290530665801
37884,-4.8,9.0,0.012379546366544137
37885,-4.8,10.0,0.02266846684580989
37886,-4.8,11.0,0.011090959175978094
37887,-4.8,12.0,0.003995403983149396
37888,-4.8,13.0,0.008613857716031405
37889,-4.8,14.0,0.01676115001708581
37890,-4.8,15.0,0.00838402118079643
37891,-4.8,16.0,0.00718196838452018
37892,-4.8,17.0,0.013460035362345071
37893,-4.8,18.0,0.006347329609468365
37894,-4.8,19.0,0.001993929847133883
37895,-4.8,20.0,0.004947597159892616
37896,-4.8,21.0,0.010151456549041883
37897,-4.8,22.0,0.004840194463070399
37898,-4.8,23.0,0.004161557064904936
37899,-4.8,24.0,0.008298479624246943
37900,-4.8,25.0,0.0036915926249935743
37901,-4.8,26.0,0.0008864392143849312
37902,-4.8,27.0,0.0029099259033968823
37903,-4.8,28.0,0.006440810587162847
37904,-4.8,29.0,0.0029195104274258024
37905,-4.8,30.0,0.0025306741516524602
37906,-4.8,31.0,0.005392533768462987
37907,-4.8,32.0,0.002283095550186294
37908,-4.8,33.0,0.0004002494220685177
37909,-4.8,34.0,0.0018383415753468813
37910,-4.8,35.0,0.004321000003579311
37911,-4.8,36.0,0.0018965061969961649
37912,-4.8,37.0,0.0016624777458773103
37913,-4.8,38.0,0.003698820032967914
37914,-4.8,39.0,0.0016107742571562387
37915,-4.8,40.0,0.0014184747249193037
37916,-4.8,41.0,0.003187470756585519
37917,-4.8,42.0,0.001307148662173139
37918,-4.8,43.0,0.00017370307599187576
37919,-4.8,44.0,0.0010828344276214439
37920,-4.8,45.0,0.0026378939359845625
37921,-4.8,46.0,0.0010772104130645872
37922,-4.8,47.0,7.729229644917102e-05
37923,-4.8,48.0,4.596968813725378e-06
37924,-4.8,49.0,2.8527745329833828e-06
37925,-4.8,50.0,2.1349689519648794e-06
37926,-4.8,51.0,1.5901242084931375e-06
37927,-4.8,52.0,1.1780324791013864e-06
37928,-4.8,53.0,8.681004729588747e-07
37929,-4.8,54.0,6.363105726423164e-07
37930,-4.8,55.0,4.639323206511656e-07
37931,-4.8,56.0,3.364545497835511e-07
37932,-4.8,57.0,2.4270818533459026e-07
37933,-4.8,58.0,1.7415207300757405e-07
37934,-4.8,59.0,1.242965445804002e-07
37935,-4.8,60.0,8.824205732833505e-08
37936,-4.8,61.0,6.231295432921353e-08
37937,-4.8,62.0,4.376905763661131e-08
37938,-4.8,63.0,3.058033079991956e-08
37939,-4.8,64.0,2.125217017047984e-08
37940,-4.8,65.0,1.4690971253511086e-08
37941,-4.8,66.0,1.0101453022843517e-08
37942,-4.8,67.0,6.90881082427048e-09
37943,-4.8,68.0,4.700119122673285e-09
37944,-4.8,69.0,3.180537638338433e-09
37945,-4.8,70.0,2.140810977532779e-09
37946,-4.8,71.0,1.4333168800617727e-09
37947,-4.8,72.0,9.545357893785973e-10
37948,-4.8,73.0,6.323074889128665e-10
37949,-4.8,74.0,4.1663000367138737e-10
37950,-4.7,-75.0,1.1337986847032023e-08
37951,-4.7,-74.0,1.6445445575081163e-08
37952,-4.7,-73.0,2.3726924498261507e-08
37953,-4.7,-72.0,3.405048947568563e-08
37954,-4.7,-71.0,4.860616734381338e-08
37955,-4.7,-70.0,6.901531964621657e-08
37956,-4.7,-69.0,9.747331520415627e-08
37957,-4.7,-68.0,1.3693424710649231e-07
37958,-4.7,-67.0,1.913482641601121e-07
37959,-4.7,-66.0,2.6596413895259206e-07
37960,-4.7,-65.0,3.6771195209782494e-07
37961,-4.7,-64.0,5.056831905268336e-07
37962,-4.7,-63.0,6.917280644125041e-07
37963,-4.7,-62.0,9.411923358663452e-07
37964,-4.7,-61.0,1.2738182760832983e-06
37965,-4.7,-60.0,1.7148363336989445e-06
37966,-4.7,-59.0,2.296275463695911e-06
37967,-4.7,-58.0,3.0585205397240096e-06
37968,-4.7,-57.0,4.0521445095049554e-06
37969,-4.7,-56.0,5.340040564748934e-06
37970,-4.7,-55.0,6.999875161455484e-06
37971,-4.7,-54.0,9.126875804318332e-06
37972,-4.7,-53.0,1.1836957667741915e-05
37973,-4.7,-52.0,1.527017997129245e-05
37974,-4.7,-51.0,1.9594506241411075e-05
37975,-4.7,-50.0,2.5009821977773055e-05
37976,-4.7,-49.0,3.1752138777626154e-05
37977,-4.7,-48.0,4.009788659969257e-05
37978,-4.7,-47.0,5.0370577562110666e-05
37979,-4.7,-46.0,6.423581238380696e-05
37980,-4.7,-45.0,0.00019460604090764806
37981,-4.7,-44.0,0.0018219253957093028
37982,-4.7,-43.0,0.004481025762204593
37983,-4.7,-42.0,0.0037777744539386226
37984,-4.7,-41.0,0.004982006679738293
37985,-4.7,-40.0,0.0022747328373611785
37986,-4.7,-39.0,0.002619636206194194
37987,-4.7,-38.0,0.0057939209400065615
37988,-4.7,-37.0,0.002602644566352055
37989,-4.7,-36.0,0.0007736884012816844
37990,-4.7,-35.0,0.003292858814794833
37991,-4.7,-34.0,0.007426395130980298
37992,-4.7,-33.0,0.0037018684063528863
37993,-4.7,-32.0,0.004299124921306896
37994,-4.7,-31.0,0.009043569862099253
37995,-4.7,-30.0,0.0046410397749301405
37996,-4.7,-29.0,0.005398598839448175
37997,-4.7,-28.0,0.01109200649757602
37998,-4.7,-27.0,0.005525728433240212
37999,-4.7,-26.0,0.002378038538539895
38000,-4.7,-25.0,0.007071126045166327
38001,-4.7,-24.0,0.014707506033340827
38002,-4.7,-23.0,0.007941236939729096
38003,-4.7,-22.0,0.009264008771842207
38004,-4.7,-21.0,0.018277018488704194
38005,-4.7,-20.0,0.009432360372415752
38006,-4.7,-19.0,0.004424528527540364
38007,-4.7,-18.0,0.012130388831685206
38008,-4.7,-17.0,0.024667818772052635
38009,-4.7,-16.0,0.013374432388388577
38010,-4.7,-15.0,0.015862466768468024
38011,-4.7,-14.0,0.031306779151338206
38012,-4.7,-13.0,0.01577020374688586
38013,-4.7,-12.0,0.006950090023388913
38014,-4.7,-11.0,0.02137181375858096
38015,-4.7,-10.0,0.04489678358751003
38016,-4.7,-9.0,0.023264275798411164
38017,-4.7,-8.0,0.030400536598465103
38018,-4.7,-7.0,0.0637256417064403
38019,-4.7,-6.0,0.02947998395210541
38020,-4.7,-5.0,0.009264377748901657
38021,-4.7,-4.0,0.0339964957525401
38022,-4.7,-3.0,0.07423725191234468
38023,-4.7,-2.0,0.03386451760956309
38024,-4.7,-1.0,0.007946622072459638
38025,-4.7,0.0,0.0006493742539180564
38026,-4.7,1.0,0.007039524121757956
38027,-4.7,2.0,0.019930400637448695
38028,-4.7,3.0,0.040086551561886785
38029,-4.7,4.0,0.01939917460380338
38030,-4.7,5.0,0.006735720824757792
38031,-4.7,6.0,0.014679268720197725
38032,-4.7,7.0,0.02862568879262133
38033,-4.7,8.0,0.014556499666808673
38034,-4.7,9.0,0.012355106114991089
38035,-4.7,10.0,0.022624948046223656
38036,-4.7,11.0,0.01107219723704074
38037,-4.7,12.0,0.003991919350810622
38038,-4.7,13.0,0.008598473065530549
38039,-4.7,14.0,0.016724348585407275
38040,-4.7,15.0,0.008369965684020974
38041,-4.7,16.0,0.007169566251012739
38042,-4.7,17.0,0.013427776416608866
38043,-4.7,18.0,0.006336887586128729
38044,-4.7,19.0,0.001996614492836217
38045,-4.7,20.0,0.004939097772846104
38046,-4.7,21.0,0.010123718605883862
38047,-4.7,22.0,0.004830701481181069
38048,-4.7,23.0,0.0041530766034877245
38049,-4.7,24.0,0.00827323190166896
38050,-4.7,25.0,0.003683429923899571
38051,-4.7,26.0,0.0008884410639946424
38052,-4.7,27.0,0.0029027698375074314
38053,-4.7,28.0,0.006418248734339048
38054,-4.7,29.0,0.0029110868846326118
38055,-4.7,30.0,0.002522995380155299
38056,-4.7,31.0,0.005371774570085164
38057,-4.7,32.0,0.002275554622759299
38058,-4.7,33.0,0.00040058519685141604
38059,-4.7,34.0,0.001831668473426806
38060,-4.7,35.0,0.004302551596221592
38061,-4.7,36.0,0.0018889900946129857
38062,-4.7,37.0,0.0016556260262061506
38063,-4.7,38.0,0.003682044643102912
38064,-4.7,39.0,0.0016037880059028226
38065,-4.7,40.0,0.0014121170233709855
38066,-4.7,41.0,0.003172311574893103
38067,-4.7,42.0,0.0013011154483666876
38068,-4.7,43.0,0.00017314165453290794
38069,-4.7,44.0,0.0010775969178167533
38070,-4.7,45.0,0.002624735706244043
38071,-4.7,46.0,0.00107190794314957
38072,-4.7,47.0,7.70171415847472e-05
38073,-4.7,48.0,4.6635634625598646e-06
38074,-4.7,49.0,2.9075284599118938e-06
38075,-4.7,50.0,2.177132414096781e-06
38076,-4.7,51.0,1.6223914934168165e-06
38077,-4.7,52.0,1.202577898514079e-06
38078,-4.7,53.0,8.866603739913335e-07
38079,-4.7,54.0,6.50261150456027e-07
38080,-4.7,55.0,4.7435629320321095e-07
38081,-4.7,56.0,3.4419758300343545e-07
38082,-4.7,57.0,2.4842609427808947e-07
38083,-4.7,58.0,1.7834987827730076e-07
38084,-4.7,59.0,1.2736045652905745e-07
38085,-4.7,60.0,9.046541109882147e-08
38086,-4.7,61.0,6.391704139250021e-08
38087,-4.7,62.0,4.491970596659186e-08
38088,-4.7,63.0,3.140098526367954e-08
38089,-4.7,64.0,2.1834123813363343e-08
38090,-4.7,65.0,1.5101301597250413e-08
38091,-4.7,66.0,1.038912829362591e-08
38092,-4.7,67.0,7.1093509041124735e-09
38093,-4.7,68.0,4.839125702910643e-09
38094,-4.7,69.0,3.2763475658212534e-09
38095,-4.7,70.0,2.2064756532221823e-09
38096,-4.7,71.0,1.4780680227217287e-09
38097,-4.7,72.0,9.848629763235723e-10
38098,-4.7,73.0,6.52744633069615e-10
38099,-4.7,74.0,4.3032533537915147e-10
38100,-4.6,-75.0,1.1020486813628137e-08
38101,-4.6,-74.0,1.5993439229132746e-08
38102,-4.6,-73.0,2.308708262416251e-08
38103,-4.6,-72.0,3.3149910288373505e-08
38104,-4.6,-71.0,4.734583335667463e-08
38105,-4.6,-70.0,6.726161338973997e-08
38106,-4.6,-69.0,9.504710714050736e-08
38107,-4.6,-68.0,1.3359697771214075e-07
38108,-4.6,-67.0,1.867843438966801e-07
38109,-4.6,-66.0,2.5975888803374133e-07
38110,-4.6,-65.0,3.59324201623194e-07
38111,-4.6,-64.0,4.944115748141727e-07
38112,-4.6,-63.0,6.766699607812319e-07
38113,-4.6,-62.0,9.211943650314786e-07
38114,-4.6,-61.0,1.2474172790097786e-06
38115,-4.6,-60.0,1.6801898076031887e-06
38116,-4.6,-59.0,2.2510805921512325e-06
38117,-4.6,-58.0,2.999921213333394e-06
38118,-4.6,-57.0,3.976626129907701e-06
38119,-4.6,-56.0,5.243312981957106e-06
38120,-4.6,-55.0,6.876744837718598e-06
38121,-4.6,-54.0,8.971109248684985e-06
38122,-4.6,-53.0,1.1641139360092897e-05
38123,-4.6,-52.0,1.5025569399661716e-05
38124,-4.6,-51.0,1.9290900306114355e-05
38125,-4.6,-50.0,2.4635430848172823e-05
38126,-4.6,-49.0,3.129348528026477e-05
38127,-4.6,-48.0,3.953974130774526e-05
38128,-4.6,-47.0,4.969595363053304e-05
38129,-4.6,-46.0,6.343125843036304e-05
38130,-4.6,-45.0,0.00019411241047214014
38131,-4.6,-44.0,0.0018277745902905052
38132,-4.6,-43.0,0.004497347799602385
38133,-4.6,-42.0,0.0037907222820387377
38134,-4.6,-41.0,0.004999158380824338
38135,-4.6,-40.0,0.002280754117817634
38136,-4.6,-39.0,0.002626183214694347
38137,-4.6,-38.0,0.0058118967521628056
38138,-4.6,-37.0,0.002608071187306585
38139,-4.6,-36.0,0.0007716033255773772
38140,-4.6,-35.0,0.0032989226818368757
38141,-4.6,-34.0,0.00744625022809908
38142,-4.6,-33.0,0.003708061028929542
38143,-4.6,-32.0,0.004306009470385157
38144,-4.6,-31.0,0.00906518286703698
38145,-4.6,-30.0,0.004647757363059382
38146,-4.6,-29.0,0.005406193938991099
38147,-4.6,-28.0,0.011115936610519891
38148,-4.6,-27.0,0.005532938257053847
38149,-4.6,-26.0,0.0023756215070879216
38150,-4.6,-25.0,0.00708024740502782
38151,-4.6,-24.0,0.014735738427423959
38152,-4.6,-23.0,0.007952986458352218
38153,-4.6,-22.0,0.009277004790455259
38154,-4.6,-21.0,0.018309008151838353
38155,-4.6,-20.0,0.009447812546642073
38156,-4.6,-19.0,0.004430973159642802
38157,-4.6,-18.0,0.012147587263324846
38158,-4.6,-17.0,0.02470207055189696
38159,-4.6,-16.0,0.013397322540401166
38160,-4.6,-15.0,0.0158817762929531
38161,-4.6,-14.0,0.03133273361552189
38162,-4.6,-13.0,0.015795751711890568
38163,-4.6,-12.0,0.006974752301411833
38164,-4.6,-11.0,0.02137103578998567
38165,-4.6,-10.0,0.04485437190888554
38166,-4.6,-9.0,0.023261439349007998
38167,-4.6,-8.0,0.03029440625427513
38168,-4.6,-7.0,0.06341264193563555
38169,-4.6,-6.0,0.029383864679036163
38170,-4.6,-5.0,0.009354852326166436
38171,-4.6,-4.0,0.03415580152552306
38172,-4.6,-3.0,0.07471901882908225
38173,-4.6,-2.0,0.03403187889590572
38174,-4.6,-1.0,0.007914170659164159
38175,-4.6,0.0,0.0006430775845254337
38176,-4.6,1.0,0.006999557699598453
38177,-4.6,2.0,0.0198949793927858
38178,-4.6,3.0,0.0400561615058802
38179,-4.6,4.0,0.019373060170596878
38180,-4.6,5.0,0.006712404731176394
38181,-4.6,6.0,0.014646779391976733
38182,-4.6,7.0,0.028576730694515648
38183,-4.6,8.0,0.014529924154150027
38184,-4.6,9.0,0.012329080951778376
38185,-4.6,10.0,0.022578781004661742
38186,-4.6,11.0,0.0110520191483747
38187,-4.6,12.0,0.003987778869311755
38188,-4.6,13.0,0.008581960439163748
38189,-4.6,14.0,0.01668557606097781
38190,-4.6,15.0,0.008354850722331471
38191,-4.6,16.0,0.007156251953527864
38192,-4.6,17.0,0.013393959909075711
38193,-4.6,18.0,0.006325661532863191
38194,-4.6,19.0,0.001998993724342628
38195,-4.6,20.0,0.004929998053679836
38196,-4.6,21.0,0.010094847352864329
38197,-4.6,22.0,0.00482064731558012
38198,-4.6,23.0,0.004144119545225611
38199,-4.6,24.0,0.00824708538226414
38200,-4.6,25.0,0.003674858092453289
38201,-4.6,26.0,0.000890333922631273
38202,-4.6,27.0,0.0028953015459474234
38203,-4.6,28.0,0.006395014175914315
38204,-4.6,29.0,0.002902358483104841
38205,-4.6,30.0,0.0025150564145370517
38206,-4.6,31.0,0.005350463783033795
38207,-4.6,32.0,0.0022677825173290245
38208,-4.6,33.0,0.0004008840796846929
38209,-4.6,34.0,0.0018248133160848451
38210,-4.6,35.0,0.0042836694183730345
38211,-4.6,36.0,0.0018812863518820747
38212,-4.6,37.0,0.0016486114652939977
38213,-4.6,38.0,0.0036649012527008883
38214,-4.6,39.0,0.0015966436448930437
38215,-4.6,40.0,0.001405621207479336
38216,-4.6,41.0,0.0031568373457676008
38217,-4.6,42.0,0.0012949545025840142
38218,-4.6,43.0,0.00017256537116923224
38219,-4.6,44.0,0.0010722545208872833
38220,-4.6,45.0,0.002611318701615568
38221,-4.6,46.0,0.0010665005297537105
38222,-4.6,47.0,7.673554386312346e-05
38223,-4.6,48.0,4.730679981408905e-06
38224,-4.6,49.0,2.9627932600243047e-06
38225,-4.6,50.0,2.2197232350704636e-06
38226,-4.6,51.0,1.6550113408175034e-06
38227,-4.6,52.0,1.2274106088047669e-06
38228,-4.6,53.0,9.054517382557469e-07
38229,-4.6,54.0,6.643962557037154e-07
38230,-4.6,55.0,4.8492592484551e-07
38231,-4.6,56.0,3.5205452081217645e-07
38232,-4.6,57.0,2.542322832754038e-07
38233,-4.6,58.0,1.8261551985251034e-07
38234,-4.6,59.0,1.3047606678923635e-07
38235,-4.6,60.0,9.272785093475828e-08
38236,-4.6,61.0,6.555045088246343e-08
38237,-4.6,62.0,4.609218652324107e-08
38238,-4.6,63.0,3.2237775628142764e-08
38239,-4.6,64.0,2.242791749650142e-08
38240,-4.6,65.0,1.5520258506237667e-08
38241,-4.6,66.0,1.0683045234322859e-08
38242,-4.6,67.0,7.314376264118818e-09
38243,-4.6,68.0,4.981333736036552e-09
38244,-4.6,69.0,3.3744274212311144e-09
38245,-4.6,70.0,2.2737392219473377e-09
38246,-4.6,71.0,1.5239380901962533e-09
38247,-4.6,72.0,1.0159681738192443e-09
38248,-4.6,73.0,6.737193033731937e-10
38249,-4.6,74.0,4.443897020024937e-10
38250,-4.5,-75.0,1.0710397438096204e-08
38251,-4.5,-74.0,1.5551706852359042e-08
38252,-4.5,-73.0,2.2461390756054456e-08
38253,-4.5,-72.0,3.2268689840777774e-08
38254,-4.5,-71.0,4.611180575907336e-08
38255,-4.5,-70.0,6.554341026042682e-08
38256,-4.5,-69.0,9.266848142703875e-08
38257,-4.5,-68.0,1.3032302910366396e-07
38258,-4.5,-67.0,1.823040818506112e-07
38259,-4.5,-66.0,2.5366335212583547e-07
38260,-4.5,-65.0,3.510792559969837e-07
38261,-4.5,-64.0,4.83324398217404e-07
38262,-4.5,-63.0,6.618481754145505e-07
38263,-4.5,-62.0,9.014966983414561e-07
38264,-4.5,-61.0,1.2213946477801574e-06
38265,-4.5,-60.0,1.6460157714830865e-06
38266,-4.5,-59.0,2.206470265353742e-06
38267,-4.5,-58.0,2.9420379725102095e-06
38268,-4.5,-57.0,3.901975838916214e-06
38269,-4.5,-56.0,5.147625996898246e-06
38270,-4.5,-55.0,6.754846783879811e-06
38271,-4.5,-54.0,8.816782497515133e-06
38272,-4.5,-53.0,1.1446978296056743e-05
38273,-4.5,-52.0,1.4782833961981819e-05
38274,-4.5,-51.0,1.898937391492606e-05
38275,-4.5,-50.0,2.4263290658376614e-05
38276,-4.5,-49.0,3.0837194709474485e-05
38277,-4.5,-48.0,3.898397689708286e-05
38278,-4.5,-47.0,4.902359005142832e-05
38279,-4.5,-46.0,6.262856752934943e-05
38280,-4.5,-45.0,0.00019361270916171594
38281,-4.5,-44.0,0.0018335139356283523
38282,-4.5,-43.0,0.004513389986320378
38283,-4.5,-42.0,0.003803434210120662
38284,-4.5,-41.0,0.00501599537103437
38285,-4.5,-40.0,0.002286633802628124
38286,-4.5,-39.0,0.0026325634998490615
38287,-4.5,-38.0,0.005829497129373236
38288,-4.5,-37.0,0.002613326776749351
38289,-4.5,-36.0,0.0007694619740236221
38290,-4.5,-35.0,0.003304759507635262
38291,-4.5,-34.0,0.007465600295270554
38292,-4.5,-33.0,0.0037139858612500205
38293,-4.5,-32.0,0.00431257684556603
38294,-4.5,-31.0,0.009086154526896977
38295,-4.5,-30.0,0.004654112801386068
38296,-4.5,-29.0,0.005413362973702335
38297,-4.5,-28.0,0.011139048673484113
38298,-4.5,-27.0,0.005539682594519372
38299,-4.5,-26.0,0.0023729303914567
38300,-4.5,-25.0,0.007088768518982137
38301,-4.5,-24.0,0.014762850508314725
38302,-4.5,-23.0,0.007964041147373459
38303,-4.5,-22.0,0.009289209576356209
38304,-4.5,-21.0,0.018339611540437156
38305,-4.5,-20.0,0.009462427364604429
38306,-4.5,-19.0,0.004436888803996601
38307,-4.5,-18.0,0.012163795078889898
38308,-4.5,-17.0,0.024734589109664
38309,-4.5,-16.0,0.01341913906760723
38310,-4.5,-15.0,0.01589997307748569
38311,-4.5,-14.0,0.03135684627345734
38312,-4.5,-13.0,0.01582020321000635
38313,-4.5,-12.0,0.006998800104357076
38314,-4.5,-11.0,0.021369684365361463
38315,-4.5,-10.0,0.04481140368993782
38316,-4.5,-9.0,0.02325839377865351
38317,-4.5,-8.0,0.030192565612192034
38318,-4.5,-7.0,0.06311094157185003
38319,-4.5,-6.0,0.02929214243242995
38320,-4.5,-5.0,0.00944723899132021
38321,-4.5,-4.0,0.03432471064730846
38322,-4.5,-3.0,0.07522522646311249
38323,-4.5,-2.0,0.034208723852711675
38324,-4.5,-1.0,0.007881613719145366
38325,-4.5,0.0,0.0006367520311781635
38326,-4.5,1.0,0.006958582050279402
38327,-4.5,2.0,0.01985732088109214
38328,-4.5,3.0,0.04002164682649464
38329,-4.5,4.0,0.019344732559826563
38330,-4.5,5.0,0.006688029941109307
38331,-4.5,6.0,0.01461231984003462
38332,-4.5,7.0,0.028524248666526846
38333,-4.5,8.0,0.014501405019829229
38334,-4.5,9.0,0.012301336002720473
38335,-4.5,10.0,0.022529716612127573
38336,-4.5,11.0,0.011030302074452675
38337,-4.5,12.0,0.00398293692493925
38338,-4.5,13.0,0.008564223854884378
38339,-4.5,14.0,0.016644648131894008
38340,-4.5,15.0,0.008338582083825163
38341,-4.5,16.0,0.007141944628939963
38342,-4.5,17.0,0.01335843818936946
38343,-4.5,18.0,0.0063135795480504
38344,-4.5,19.0,0.0020010420835711237
38345,-4.5,20.0,0.0049202418479831955
38346,-4.5,21.0,0.01006473242288767
38347,-4.5,22.0,0.004809977529414083
38348,-4.5,23.0,0.004134639138735617
38349,-4.5,24.0,0.008219950821347981
38350,-4.5,25.0,0.0036658359530185604
38351,-4.5,26.0,0.0008921059946949028
38352,-4.5,27.0,0.002887488848303711
38353,-4.5,28.0,0.0063710388940917476
38354,-4.5,29.0,0.002893293545440652
38355,-4.5,30.0,0.0025068299488572765
38356,-4.5,31.0,0.005328545275633899
38357,-4.5,32.0,0.002259754905541175
38358,-4.5,33.0,0.00040114105960675615
38359,-4.5,34.0,0.0018177567777159609
38360,-4.5,35.0,0.004264309278824135
38361,-4.5,36.0,0.0018733753289144476
38362,-4.5,37.0,0.001641416955918794
38363,-4.5,38.0,0.003647352446582006
38364,-4.5,39.0,0.0015893247562073797
38365,-4.5,40.0,0.001398972901858498
38366,-4.5,41.0,0.003141016109547026
38367,-4.5,42.0,0.0012886526536559095
38368,-4.5,43.0,0.0001719723914749027
38369,-4.5,44.0,0.0010667964187214458
38370,-4.5,45.0,0.0025976167063184873
38371,-4.5,46.0,0.0010609774463878794
38372,-4.5,47.0,7.644670252259684e-05
38373,-4.5,48.0,4.798247519283724e-06
38374,-4.5,49.0,3.0185223170625033e-06
38375,-4.5,50.0,2.2627071116823206e-06
38376,-4.5,51.0,1.6879586966215996e-06
38377,-4.5,52.0,1.2525124573580582e-06
38378,-4.5,53.0,9.244615217198946e-07
38379,-4.5,54.0,6.787065950208396e-07
38380,-4.5,55.0,4.956346529627612e-07
38381,-4.5,56.0,3.600207717539972e-07
38382,-4.5,57.0,2.601235711717863e-07
38383,-4.5,58.0,1.8694681637808187e-07
38384,-4.5,59.0,1.336418960402066e-07
38385,-4.5,60.0,9.502838554498493e-08
38386,-4.5,61.0,6.721252719091073e-08
38387,-4.5,62.0,4.7286071996509e-08
38388,-4.5,63.0,3.309042796790665e-08
38389,-4.5,64.0,2.30333789845323e-08
38390,-4.5,65.0,1.5947736173628903e-08
38391,-4.5,66.0,1.098314071173136e-08
38392,-4.5,67.0,7.523850656969903e-09
38393,-4.5,68.0,5.1267235240121744e-09
38394,-4.5,69.0,3.4747674017293443e-09
38395,-4.5,70.0,2.3425975755782412e-09
38396,-4.5,71.0,1.5709260786356448e-09
38397,-4.5,72.0,1.0478519304602582e-09
38398,-4.5,73.0,6.952327058887886e-10
38399,-4.5,74.0,4.5882447790277483e-10
38400,-4.4,-75.0,1.0407637745158653e-08
38401,-4.4,-74.0,1.512014761812132e-08
38402,-4.4,-73.0,2.184972636391445e-08
38403,-4.4,-72.0,3.140668373225139e-08
38404,-4.4,-71.0,4.4903921233252215e-08
38405,-4.4,-70.0,6.38605362617126e-08
38406,-4.4,-69.0,9.03372700847719e-08
38407,-4.4,-68.0,1.271122690222137e-07
38408,-4.4,-67.0,1.7790743058225246e-07
38409,-4.4,-66.0,2.476776459252873e-07
38410,-4.4,-65.0,3.429775095675823e-07
38411,-4.4,-64.0,4.724225084811211e-07
38412,-4.4,-63.0,6.472642605662831e-07
38413,-4.4,-62.0,8.821019485423394e-07
38414,-4.4,-61.0,1.195754551787036e-06
38415,-4.4,-60.0,1.6123206324266578e-06
38416,-4.4,-59.0,2.1624540499582087e-06
38417,-4.4,-58.0,2.884884775203887e-06
38418,-4.4,-57.0,3.828213611456546e-06
38419,-4.4,-56.0,5.05300772219266e-06
38420,-4.4,-55.0,6.634219985834877e-06
38421,-4.4,-54.0,8.663948900448754e-06
38422,-4.4,-53.0,1.1254546595541828e-05
38423,-4.4,-52.0,1.4542070053547682e-05
38424,-4.4,-51.0,1.8690054545408865e-05
38425,-4.4,-50.0,2.3893568298687992e-05
38426,-4.4,-49.0,3.0383483459381453e-05
38427,-4.4,-48.0,3.8430871364319095e-05
38428,-4.4,-47.0,4.8353840787775526e-05
38429,-4.4,-46.0,6.182819071773321e-05
38430,-4.4,-45.0,0.00019310787729226635
38431,-4.4,-44.0,0.0018391497754486584
38432,-4.4,-43.0,0.004529167464378196
38433,-4.4,-42.0,0.0038159232185394033
38434,-4.4,-41.0,0.005032534753022625
38435,-4.4,-40.0,0.0022923802108798428
38436,-4.4,-39.0,0.0026387867427175703
38437,-4.4,-38.0,0.005846742500407668
38438,-4.4,-37.0,0.002618421307448733
38439,-4.4,-36.0,0.0007672684271572969
38440,-4.4,-35.0,0.0033103821150404205
38441,-4.4,-34.0,0.007484472365831744
38442,-4.4,-33.0,0.0037196575383633295
38443,-4.4,-32.0,0.0043188440570757995
38444,-4.4,-31.0,0.009106518349182389
38445,-4.4,-30.0,0.004660124660454666
38446,-4.4,-29.0,0.0054201274568119965
38447,-4.4,-28.0,0.011161384170757658
38448,-4.4,-27.0,0.005545983567858801
38449,-4.4,-26.0,0.0023699763565626134
38450,-4.4,-25.0,0.0070967172202528175
38451,-4.4,-24.0,0.014788897174867902
38452,-4.4,-23.0,0.007974431545269414
38453,-4.4,-22.0,0.009300658376826846
38454,-4.4,-21.0,0.018368896125921512
38455,-4.4,-20.0,0.009476239664834196
38456,-4.4,-19.0,0.004442291491095155
38457,-4.4,-18.0,0.012179055790340173
38458,-4.4,-17.0,0.024765463039290378
38459,-4.4,-16.0,0.013439928088823572
38460,-4.4,-15.0,0.015917110230000385
38461,-4.4,-14.0,0.031379224069847854
38462,-4.4,-13.0,0.01584360869762604
38463,-4.4,-12.0,0.00702224973380408
38464,-4.4,-11.0,0.02136780394003034
38465,-4.4,-10.0,0.044767971324381
38466,-4.4,-9.0,0.023255161874636488
38467,-4.4,-8.0,0.030094722593120182
38468,-4.4,-7.0,0.06281980382630843
38469,-4.4,-6.0,0.02920452363246433
38470,-4.4,-5.0,0.009541701865479873
38471,-4.4,-4.0,0.034504188121236214
38472,-4.4,-3.0,0.07575832685772772
38473,-4.4,-2.0,0.0343960169901493
38474,-4.4,-1.0,0.007848962967928063
38475,-4.4,0.0,0.0006303909230527354
38476,-4.4,1.0,0.0069165243794020665
38477,-4.4,2.0,0.019817183641593093
38478,-4.4,3.0,0.03998250335033449
38479,-4.4,4.0,0.019313952470058942
38480,-4.4,5.0,0.006662518633171401
38481,-4.4,6.0,0.014575707235484719
38482,-4.4,7.0,0.02846787715842512
38483,-4.4,8.0,0.014470757445571905
38484,-4.4,9.0,0.01227171467500558
38485,-4.4,10.0,0.022477465670831233
38486,-4.4,11.0,0.01100690354541963
38487,-4.4,12.0,0.003977340794089992
38488,-4.4,13.0,0.00854515214475673
38489,-4.4,14.0,0.016601351088606834
38490,-4.4,15.0,0.008321050685897356
38491,-4.4,16.0,0.007126550697866273
38492,-4.4,17.0,0.013321040117071315
38493,-4.4,18.0,0.006300558439328601
38494,-4.4,19.0,0.0020027302953734257
38495,-4.4,20.0,0.004909764207645546
38496,-4.4,21.0,0.010033245875697186
38497,-4.4,22.0,0.004798629120702913
38498,-4.4,23.0,0.00412458127945855
38499,-4.4,24.0,0.008191724721832236
38500,-4.4,25.0,0.003656315826119992
38501,-4.4,26.0,0.0008937437132865428
38502,-4.4,27.0,0.0028792944681792602
38503,-4.4,28.0,0.006346243947922803
38504,-4.4,29.0,0.002883855342027832
38505,-4.4,30.0,0.0024982843146475545
38506,-4.4,31.0,0.005305953863124246
38507,-4.4,32.0,0.002251443553896443
38508,-4.4,33.0,0.0004013503445916956
38509,-4.4,34.0,0.001810476417795114
38510,-4.4,35.0,0.00424441982535053
38511,-4.4,36.0,0.001865234207597982
38512,-4.4,37.0,0.0016340226179500468
38513,-4.4,38.0,0.0036293547314912447
38514,-4.4,39.0,0.0015818122551202174
38515,-4.4,40.0,0.0013921553931259436
38516,-4.4,41.0,0.0031248107061467596
38517,-4.4,42.0,0.0012821945861775368
38518,-4.4,43.0,0.0001713605807202321
38519,-4.4,44.0,0.0010612100294846764
38520,-4.4,45.0,0.002583599233228259
38521,-4.4,46.0,0.001055326217739145
38522,-4.4,47.0,7.614968451501512e-05
38523,-4.4,48.0,4.8661819725739406e-06
38524,-4.4,49.0,3.074659900336025e-06
38525,-4.4,50.0,2.3060428294773406e-06
38526,-4.4,51.0,1.7212032942825677e-06
38527,-4.4,52.0,1.2778613825213623e-06
38528,-4.4,53.0,9.436737654166235e-07
38529,-4.4,54.0,6.931807137420168e-07
38530,-4.4,55.0,5.064743215461299e-07
38531,-4.4,56.0,3.680905763634769e-07
38532,-4.4,57.0,2.660959255189486e-07
38533,-4.4,58.0,1.913409695976903e-07
38534,-4.4,59.0,1.3685602048458412e-07
38535,-4.4,60.0,9.736570523849303e-08
38536,-4.4,61.0,6.890238794226675e-08
38537,-4.4,62.0,4.850077450604802e-08
38538,-4.4,63.0,3.395855532086305e-08
38539,-4.4,64.0,2.3650256931274648e-08
38540,-4.4,65.0,1.638357374901969e-08
38541,-4.4,66.0,1.1289313519119797e-08
38542,-4.4,67.0,7.737711654900151e-09
38543,-4.4,68.0,5.275257472670091e-09
38544,-4.4,69.0,3.5773455437480474e-09
38545,-4.4,70.0,2.4130383917261434e-09
38546,-4.4,71.0,1.61902546882241e-09
38547,-4.4,72.0,1.0805111138368876e-09
38548,-4.4,73.0,7.172836047607671e-10
38549,-4.4,74.0,4.736294273261516e-10
38550,-4.3,-75.0,1.0112117844963802e-08
38551,-4.3,-74.0,1.4698647509124714e-08
38552,-4.3,-73.0,2.1251947560387055e-08
38553,-4.3,-72.0,3.0563719381827115e-08
38554,-4.3,-71.0,4.3721975755226945e-08
38555,-4.3,-70.0,6.22127590429513e-08
38556,-4.3,-69.0,8.805322210225992e-08
38557,-4.3,-68.0,1.2396444792100663e-07
38558,-4.3,-67.0,1.7359417816078856e-07
38559,-4.3,-66.0,2.418016550603259e-07
38560,-4.3,-65.0,3.350190398988947e-07
38561,-4.3,-64.0,4.617063182595376e-07
38562,-4.3,-63.0,6.329191749540204e-07
38563,-4.3,-62.0,8.630119241143499e-07
38564,-4.3,-61.0,1.170500077827231e-06
38565,-4.3,-60.0,1.579109349835276e-06
38566,-4.3,-59.0,2.119039589308616e-06
38567,-4.3,-58.0,2.8284730406464074e-06
38568,-4.3,-57.0,3.755356092862444e-06
38569,-4.3,-56.0,4.959481931356834e-06
38570,-4.3,-55.0,6.514897810458568e-06
38571,-4.3,-54.0,8.512654576242772e-06
38572,-4.3,-53.0,1.1063907131266668e-05
38573,-4.3,-52.0,1.4303362317079573e-05
38574,-4.3,-51.0,1.839305483021294e-05
38575,-4.3,-50.0,2.352641202310223e-05
38576,-4.3,-49.0,2.9932544670212264e-05
38577,-4.3,-48.0,3.788067386566983e-05
38578,-4.3,-47.0,4.7687024247330576e-05
38579,-4.3,-46.0,6.1030534966621325e-05
38580,-4.3,-45.0,0.0001925987577856006
38581,-4.3,-44.0,0.0018446877322845833
38582,-4.3,-43.0,0.004544693637268166
38583,-4.3,-42.0,0.0038282008092400495
38584,-4.3,-41.0,0.005048791682952221
38585,-4.3,-40.0,0.002298000743350105
38586,-4.3,-39.0,0.0026448615629330804
38587,-4.3,-38.0,0.005863651005089802
38588,-4.3,-37.0,0.0026233636838198858
38589,-4.3,-36.0,0.000765026393160822
38590,-4.3,-35.0,0.003315801969512005
38591,-4.3,-34.0,0.007502890504726935
38592,-4.3,-33.0,0.003725089167348373
38593,-4.3,-32.0,0.004324826340429991
38594,-4.3,-31.0,0.009126304204675424
38595,-4.3,-30.0,0.0046658095963580575
38596,-4.3,-29.0,0.005426506675711736
38597,-4.3,-28.0,0.011182980109371117
38598,-4.3,-27.0,0.005551861030646468
38599,-4.3,-26.0,0.002366769550164304
38600,-4.3,-25.0,0.007104118445247677
38601,-4.3,-24.0,0.014813927368902479
38602,-4.3,-23.0,0.007984184973323037
38603,-4.3,-22.0,0.009311382671774511
38604,-4.3,-21.0,0.018396921946730378
38605,-4.3,-20.0,0.009489280500754644
38606,-4.3,-19.0,0.004447195540322517
38607,-4.3,-18.0,0.012193407991365536
38608,-4.3,-17.0,0.024794770785100895
38609,-4.3,-16.0,0.01345973035223657
38610,-4.3,-15.0,0.015933234406200522
38611,-4.3,-14.0,0.03139996092875984
38612,-4.3,-13.0,0.015866012296088475
38613,-4.3,-12.0,0.007045115023497611
38614,-4.3,-11.0,0.021365431153802843
38615,-4.3,-10.0,0.04472415061440755
38616,-4.3,-9.0,0.023251760376082287
38617,-4.3,-8.0,0.030000609942486822
38618,-4.3,-7.0,0.06253855659318153
38619,-4.3,-6.0,0.02912074022628249
38620,-4.3,-5.0,0.009638433048975593
38621,-4.3,-4.0,0.034695367594656884
38622,-4.3,-3.0,0.07632120231658127
38623,-4.3,-2.0,0.03459489133524569
38624,-4.3,-1.0,0.0078162310364477
38625,-4.3,0.0,0.0006239864259157964
38626,-4.3,1.0,0.006873298098907477
38627,-4.3,2.0,0.01977428196045323
38628,-4.3,3.0,0.039938135118040556
38629,-4.3,4.0,0.019280437053410548
38630,-4.3,5.0,0.0066357789581824025
38631,-4.3,6.0,0.014536726625841358
38632,-4.3,7.0,0.02840718674160894
38633,-4.3,8.0,0.014437764390810919
38634,-4.3,9.0,0.012240033295165773
38635,-4.3,10.0,0.022421689023359444
38636,-4.3,11.0,0.010981656617268163
38637,-4.3,12.0,0.003970928884983004
38638,-4.3,13.0,0.008524615211477037
38639,-4.3,14.0,0.016555434584418074
38640,-4.3,15.0,0.008302128915500995
38641,-4.3,16.0,0.007109960735120943
38642,-4.3,17.0,0.013281565276774772
38643,-4.3,18.0,0.006286500948525783
38644,-4.3,19.0,0.002004024336517478
38645,-4.3,20.0,0.004898489230660832
38646,-4.3,21.0,0.010000237868697241
38647,-4.3,22.0,0.004786528418529382
38648,-4.3,23.0,0.004113882703717394
38649,-4.3,24.0,0.008162285820941107
38650,-4.3,25.0,0.0036462419336406307
38651,-4.3,26.0,0.0008952313127924598
38652,-4.3,27.0,0.0028706747812831503
38653,-4.3,28.0,0.006320536777000563
38654,-4.3,29.0,0.002874000847981166
38655,-4.3,30.0,0.002489382407149006
38656,-4.3,31.0,0.005282613070023029
38657,-4.3,32.0,0.0022428153615134307
38658,-4.3,33.0,0.0004015051730271726
38659,-4.3,34.0,0.0018029459124055609
38660,-4.3,35.0,0.004223940771472607
38661,-4.3,36.0,0.0018568362060909834
38662,-4.3,37.0,0.0016264051125748256
38663,-4.3,38.0,0.0036108570291105003
38664,-4.3,39.0,0.0015740837297408357
38665,-4.3,40.0,0.0013851490505993643
38666,-4.3,41.0,0.0031081774842870134
38667,-4.3,42.0,0.0012755623087756316
38668,-4.3,43.0,0.0001707274300336253
38669,-4.3,44.0,0.0010554805697928656
38670,-4.3,45.0,0.0025692304625266273
38671,-4.3,46.0,0.0010495321852974915
38672,-4.3,47.0,7.584339190994677e-05
38673,-4.3,48.0,4.934382911032264e-06
38674,-4.3,49.0,3.1311390649440985e-06
38675,-4.3,50.0,2.349680668431974e-06
38676,-4.3,51.0,1.7547084503537342e-06
38677,-4.3,52.0,1.303430508571851e-06
38678,-4.3,53.0,9.630689190112905e-07
38679,-4.3,54.0,7.078044930272718e-07
38680,-4.3,55.0,5.174348093448222e-07
38681,-4.3,56.0,3.7625673367415836e-07
38682,-4.3,57.0,2.7214426250122926e-07
38683,-4.3,58.0,1.9579441877303286e-07
38684,-4.3,59.0,1.4011596648657434e-07
38685,-4.3,60.0,9.97381060797098e-08
38686,-4.3,61.0,7.061886968990157e-08
38687,-4.3,62.0,4.973550692956686e-08
38688,-4.3,63.0,3.4841630296825593e-08
38689,-4.3,64.0,2.42782015826859e-08
38690,-4.3,65.0,1.6827541817051458e-08
38691,-4.3,66.0,1.1601414952906317e-08
38692,-4.3,67.0,7.955864117845429e-09
38693,-4.3,68.0,5.4268755885625245e-09
38694,-4.3,69.0,3.6821246352370867e-09
38695,-4.3,70.0,2.4850390279674207e-09
38696,-4.3,71.0,1.6682227978579225e-09
38697,-4.3,72.0,1.1139379469849465e-09
38698,-4.3,73.0,7.39867675721783e-10
38699,-4.3,74.0,4.888022729979611e-10
38700,-4.2,-75.0,9.823740254300277e-09
38701,-4.2,-74.0,1.4287081204069305e-08
38702,-4.2,-73.0,2.0667895778829507e-08
38703,-4.2,-72.0,2.9739599807076945e-08
38704,-4.2,-71.0,4.2565729895433484e-08
38705,-4.2,-70.0,6.059979529087165e-08
38706,-4.2,-69.0,8.58160136820006e-08
38707,-4.2,-68.0,1.2087921308621799e-07
38708,-4.2,-67.0,1.6936396751097977e-07
38709,-4.2,-66.0,2.3603506244313492e-07
38710,-4.2,-65.0,3.272036434559782e-07
38711,-4.2,-64.0,4.511758531613462e-07
38712,-4.2,-63.0,6.188133480697602e-07
38713,-4.2,-62.0,8.44227714858757e-07
38714,-4.2,-61.0,1.1456333433488285e-06
38715,-4.2,-60.0,1.5463855844104497e-06
38716,-4.2,-59.0,2.0762327983218864e-06
38717,-4.2,-58.0,2.772811902816396e-06
38718,-4.2,-57.0,3.683416926650494e-06
38719,-4.2,-56.0,4.867068480267456e-06
38720,-4.2,-55.0,6.396908544463516e-06
38721,-4.2,-54.0,8.362939097825698e-06
38722,-4.2,-53.0,1.08751143947578e-05
38723,-4.2,-52.0,1.406678473129001e-05
38724,-4.2,-51.0,1.8098473917721952e-05
38725,-4.2,-50.0,2.316195314049455e-05
38726,-4.2,-49.0,2.9484550318557652e-05
38727,-4.2,-48.0,3.7333607286027736e-05
38728,-4.2,-47.0,4.702342642263967e-05
38729,-4.2,-46.0,6.0235967027857816e-05
38730,-4.2,-45.0,0.00019208610348511664
38731,-4.2,-44.0,0.001850132753087028
38732,-4.2,-43.0,0.004559980277912549
38733,-4.2,-42.0,0.0038402770983843385
38734,-4.2,-41.0,0.005064779492364929
38735,-4.2,-40.0,0.0023035019417847994
38736,-4.2,-39.0,0.0026507955876084116
38737,-4.2,-38.0,0.0058802386395843025
38738,-4.2,-37.0,0.0026281618122691603
38739,-4.2,-36.0,0.0007627392357916732
38740,-4.2,-35.0,0.0033210292693346788
38741,-4.2,-34.0,0.007520876000190728
38742,-4.2,-33.0,0.0037302924294889102
38743,-4.2,-32.0,0.004330537275538447
38744,-4.2,-31.0,0.009145538565091572
38745,-4.2,-30.0,0.00467118248003897
38746,-4.2,-29.0,0.005432517842743746
38747,-4.2,-28.0,0.011203869314830394
38748,-4.2,-27.0,0.0055573327223258275
38749,-4.2,-26.0,0.00236331917764242
38750,-4.2,-25.0,0.007110994431723267
38751,-4.2,-24.0,0.014837984473796995
38752,-4.2,-23.0,0.007993325754814581
38753,-4.2,-22.0,0.009321410431803036
38754,-4.2,-21.0,0.018423742110910704
38755,-4.2,-20.0,0.009501577398479644
38756,-4.2,-19.0,0.004451613678510787
38757,-4.2,-18.0,0.012206885697514252
38758,-4.2,-17.0,0.024822581343411056
38759,-4.2,-16.0,0.013478581603675063
38760,-4.2,-15.0,0.015948386264910495
38761,-4.2,-14.0,0.031419138685146
38762,-4.2,-13.0,0.015887452232741794
38763,-4.2,-12.0,0.00706740749929061
38764,-4.2,-11.0,0.021362595437005468
38765,-4.2,-10.0,0.044680002104828094
38766,-4.2,-9.0,0.02324820031187561
38767,-4.2,-8.0,0.02990998144516674
38768,-4.2,-7.0,0.06226658292789763
38769,-4.2,-6.0,0.029040545943242492
38770,-4.2,-5.0,0.009737659731181661
38771,-4.2,-4.0,0.034899596233505185
38772,-4.2,-3.0,0.07691728006192464
38773,-4.2,-2.0,0.03480669330065062
38774,-4.2,-1.0,0.00778343165274699
38775,-4.2,0.0,0.0006175292255112239
38776,-4.2,1.0,0.0068287990882103435
38777,-4.2,2.0,0.01972827403739482
38778,-4.2,3.0,0.03988782991883116
38779,-4.2,4.0,0.01924384828233817
38780,-4.2,5.0,0.006607701261542491
38781,-4.2,6.0,0.01449512237487255
38782,-4.2,7.0,0.028341667148413914
38783,-4.2,8.0,0.014402168020737021
38784,-4.2,9.0,0.012206073899560646
38785,-4.2,10.0,0.022361984283735124
38786,-4.2,11.0,0.01095436336537129
38787,-4.2,12.0,0.00396362837333591
38788,-4.2,13.0,0.008502458995095852
38789,-4.2,14.0,0.016506601901849948
38790,-4.2,15.0,0.008281665709100465
38791,-4.2,16.0,0.007092045262219681
38792,-4.2,17.0,0.013239776199400411
38793,-4.2,18.0,0.006271292021112392
38794,-4.2,19.0,0.002004884185284936
38795,-4.2,20.0,0.004886327157115432
38796,-4.2,21.0,0.009965530835028392
38797,-4.2,22.0,0.004773588254750688
38798,-4.2,23.0,0.004102468560822305
38799,-4.2,24.0,0.008131490364962544
38800,-4.2,25.0,0.003635548252052512
38801,-4.2,26.0,0.0008965502553814987
38802,-4.2,27.0,0.0028615781322225056
38803,-4.2,28.0,0.006293807574326433
38804,-4.2,29.0,0.0028636790715409685
38805,-4.2,30.0,0.0024800802412988814
38806,-4.2,31.0,0.005258432119526557
38807,-4.2,32.0,0.002233831065946496
38808,-4.2,33.0,0.0004015975607521386
38809,-4.2,34.0,0.0017951340205157177
38810,-4.2,35.0,0.0042028005101524876
38811,-4.2,36.0,0.001848149521978863
38812,-4.2,37.0,0.001618536719566658
38813,-4.2,38.0,0.0035917986477582236
38814,-4.2,39.0,0.0015661125523571643
38815,-4.2,40.0,0.0013779305466599626
38816,-4.2,41.0,0.0030910645639792155
38817,-4.2,42.0,0.0012687344384264975
38818,-4.2,43.0,0.0001700699571335412
38819,-4.2,44.0,0.0010495904653479206
38820,-4.2,45.0,0.0025544678128165237
38821,-4.2,46.0,0.0010435779225990277
38822,-4.2,47.0,7.552651806704099e-05
38823,-4.2,48.0,5.002729485267758e-06
38824,-4.2,49.0,3.1878788609384375e-06
38825,-4.2,50.0,2.393560284621813e-06
38826,-4.2,51.0,1.7884294646977381e-06
38827,-4.2,52.0,1.3291869439670673e-06
38828,-4.2,53.0,9.82622942866701e-07
38829,-4.2,54.0,7.225604825104906e-07
38830,-4.2,55.0,5.285035365313086e-07
38831,-4.2,56.0,3.8451023847084784e-07
38832,-4.2,57.0,2.782621816327021e-07
38833,-4.2,58.0,2.0030264768608862e-07
38834,-4.2,59.0,1.4341857092422417e-07
38835,-4.2,60.0,1.0214338938396718e-07
38836,-4.2,61.0,7.236045597027332e-08
38837,-4.2,62.0,5.0989231676541817e-08
38838,-4.2,63.0,3.573894879935295e-08
38839,-4.2,64.0,2.4916739222688357e-08
38840,-4.2,65.0,1.7279324493804098e-08
38841,-4.2,66.0,1.1919236336526547e-08
38842,-4.2,67.0,8.178171546183542e-09
38843,-4.2,68.0,5.5814895177505095e-09
38844,-4.2,69.0,3.78904812827206e-09
38845,-4.2,70.0,2.558563734360205e-09
38846,-4.2,71.0,1.7184957684270422e-09
38847,-4.2,72.0,1.1481187328284704e-09
38848,-4.2,73.0,7.629766502021028e-10
38849,-4.2,74.0,5.043381249283754e-10
38850,-4.1,-75.0,9.542400980508366e-09
38851,-4.1,-74.0,1.3885313625086762e-08
38852,-4.1,-73.0,2.009739796902775e-08
38853,-4.1,-72.0,2.8934106720771123e-08
38854,-4.1,-71.0,4.143491315955391e-08
38855,-4.1,-70.0,5.902131677771269e-08
38856,-4.1,-69.0,8.36252566166672e-08
38857,-4.1,-68.0,1.1785612016780492e-07
38858,-4.1,-67.0,1.6521631219159047e-07
38859,-4.1,-66.0,2.30377369731594e-07
38860,-4.1,-65.0,3.1953086462319e-07
38861,-4.1,-64.0,4.408307907514634e-07
38862,-4.1,-63.0,6.049467322889466e-07
38863,-4.1,-62.0,8.257497611068033e-07
38864,-4.1,-61.0,1.1211555878279113e-06
38865,-4.1,-60.0,1.5141518180866398e-06
38866,-4.1,-59.0,2.0340380199733216e-06
38867,-4.1,-58.0,2.7179084134162686e-06
38868,-4.1,-57.0,3.612407016254992e-06
38869,-4.1,-56.0,4.775783642682808e-06
38870,-4.1,-55.0,6.280275821989543e-06
38871,-4.1,-54.0,8.214836034029508e-06
38872,-4.1,-53.0,1.0688215178680916e-05
38873,-4.1,-52.0,1.3832401465284718e-05
38874,-4.1,-51.0,1.7806398535672476e-05
38875,-4.1,-50.0,2.280030733096816e-05
38876,-4.1,-49.0,2.903965283700199e-05
38877,-4.1,-48.0,3.6789870220136913e-05
38878,-4.1,-47.0,4.636330330037395e-05
38879,-4.1,-46.0,5.944481636158664e-05
38880,-4.1,-45.0,0.00019157058196757516
38881,-4.1,-44.0,0.001855489132834786
38882,-4.1,-43.0,0.0045750375827765324
38883,-4.1,-42.0,0.0038521608634960467
38884,-4.1,-41.0,0.005080509750100634
38885,-4.1,-40.0,0.0023088895206004162
38886,-4.1,-39.0,0.002656595488462708
38887,-4.1,-38.0,0.005896519331805803
38888,-4.1,-37.0,0.002632822639884463
38889,-4.1,-36.0,0.0007604099925443455
38890,-4.1,-35.0,0.003326072995757519
38891,-4.1,-34.0,0.007538447465654424
38892,-4.1,-33.0,0.003735277637399581
38893,-4.1,-32.0,0.004335988853489604
38894,-4.1,-31.0,0.00916424463127002
38895,-4.1,-30.0,0.004676256470142241
38896,-4.1,-29.0,0.005438176180319072
38897,-4.1,-28.0,0.011224080592467383
38898,-4.1,-27.0,0.005562414355607116
38899,-4.1,-26.0,0.002359633547719474
38900,-4.1,-25.0,0.007117364831038657
38901,-4.1,-24.0,0.014861106534649128
38902,-4.1,-23.0,0.008001875337987541
38903,-4.1,-22.0,0.009330766263809983
38904,-4.1,-21.0,0.018449403076497676
38905,-4.1,-20.0,0.009513154500484816
38906,-4.1,-19.0,0.004455557105605212
38907,-4.1,-18.0,0.012219518538669162
38908,-4.1,-17.0,0.024848954662222263
38909,-4.1,-16.0,0.01349651279237722
38910,-4.1,-15.0,0.015962600728857763
38911,-4.1,-14.0,0.03143682762906137
38912,-4.1,-13.0,0.015907961089180966
38913,-4.1,-12.0,0.007089136456638038
38914,-4.1,-11.0,0.02135931935185094
38915,-4.1,-10.0,0.04463557185583811
38916,-4.1,-9.0,0.02324448710130091
38917,-4.1,-8.0,0.029822608513820178
38918,-4.1,-7.0,0.06200331257154085
38919,-4.1,-6.0,0.028963712965419577
38920,-4.1,-5.0,0.009839653908609115
38921,-4.1,-4.0,0.03511849637178528
38922,-4.1,-3.0,0.07755068976890163
38923,-4.1,-2.0,0.035033044323741616
38924,-4.1,-1.0,0.007750579878605313
38925,-4.1,0.0,0.0006110080910597259
38926,-4.1,1.0,0.006782900546508411
38927,-4.1,2.0,0.019678745733121
38928,-4.1,3.0,0.03983072570755588
38929,-4.1,4.0,0.019203776974752163
38930,-4.1,5.0,0.006578152887592008
38931,-4.1,6.0,0.014450586401996252
38932,-4.1,7.0,0.028270703980084765
38933,-4.1,8.0,0.014363657931846206
38934,-4.1,9.0,0.012169574328935668
38935,-4.1,10.0,0.02229786761051232
38936,-4.1,11.0,0.010924785946252217
38937,-4.1,12.0,0.003955351953715352
38938,-4.1,13.0,0.00847849855763771
38939,-4.1,14.0,0.016454496579455656
38940,-4.1,15.0,0.00825947979372312
38941,-4.1,16.0,0.0070726489669984205
38942,-4.1,17.0,0.013195387673924364
38943,-4.1,18.0,0.006254793681565833
38944,-4.1,19.0,0.002005262105442929
38945,-4.1,20.0,0.004873170379893854
38946,-4.1,21.0,0.009928911482958932
38947,-4.1,22.0,0.004759704078604349
38948,-4.1,23.0,0.004090249077648354
38949,-4.1,24.0,0.008099165614950039
38950,-4.1,25.0,0.003624155563136657
38951,-4.1,26.0,0.0008976784446536459
38952,-4.1,27.0,0.002851942521904781
38953,-4.1,28.0,0.006265924300281709
38954,-4.1,29.0,0.0028528287570203435
38955,-4.1,30.0,0.002470324967312518
38956,-4.1,31.0,0.005233301794326108
38957,-4.1,32.0,0.0022244434644637305
38958,-4.1,33.0,0.0004016179541916856
38959,-4.1,34.0,0.0017870031630243175
38960,-4.1,35.0,0.004180912832232217
38961,-4.1,36.0,0.0018391358792582602
38962,-4.1,37.0,0.0016103840685585845
38963,-4.1,38.0,0.003572106492729309
38964,-4.1,39.0,0.001557866657395444
38965,-4.1,40.0,0.0013704717845504453
38966,-4.1,41.0,0.0030734094464995964
38967,-4.1,42.0,0.0012616852161187065
38968,-4.1,43.0,0.0001693845699498149
38969,-4.1,44.0,0.0010435185402336352
38970,-4.1,45.0,0.0025392599753581387
38971,-4.1,46.0,0.0010374424308050101
38972,-4.1,47.0,7.519748741583948e-05
38973,-4.1,48.0,5.071074858324913e-06
38974,-4.1,49.0,3.244780542320266e-06
38975,-4.1,50.0,2.437607833685403e-06
38976,-4.1,51.0,1.8223114487902008e-06
38977,-4.1,52.0,1.3550901504991527e-06
38978,-4.1,53.0,1.0023060898673495e-06
38979,-4.1,54.0,7.374269952148003e-07
38980,-4.1,55.0,5.396647958194537e-07
38981,-4.1,56.0,3.9283978960175094e-07
38982,-4.1,57.0,2.8444160624939945e-07
38983,-4.1,58.0,2.048599231794689e-07
38984,-4.1,59.0,1.4675979205200625e-07
38985,-4.1,60.0,1.0457872562772857e-07
38986,-4.1,61.0,7.412517990546944e-08
38987,-4.1,62.0,5.2260591354790304e-08
38988,-4.1,63.0,3.664958093390236e-08
38989,-4.1,64.0,2.556523759941277e-08
38990,-4.1,65.0,1.7738495207974695e-08
38991,-4.1,66.0,1.2242492146069546e-08
38992,-4.1,67.0,8.404444386586823e-09
38993,-4.1,68.0,5.7389744850595675e-09
38994,-4.1,69.0,3.898034612608831e-09
38995,-4.1,70.0,2.6335598848496326e-09
38996,-4.1,71.0,1.7698106927178813e-09
38997,-4.1,72.0,1.1830321298127538e-09
38998,-4.1,73.0,7.865971583021629e-10
38999,-4.1,74.0,5.202287082386474e-10
39000,-4.0,-75.0,8.92873342995368e-09
39001,-4.0,-74.0,1.299927938557883e-08
39002,-4.0,-73.0,1.8824992251068936e-08
39003,-4.0,-72.0,2.7116675363220727e-08
39004,-4.0,-71.0,3.885296662862589e-08
39005,-4.0,-70.0,5.5372997762591205e-08
39006,-4.0,-69.0,7.849789196631646e-08
39007,-4.0,-68.0,1.1068889701376255e-07
39008,-4.0,-67.0,1.552516530708332e-07
39009,-4.0,-66.0,2.1659803576743087e-07
39010,-4.0,-65.0,3.0057918472938543e-07
39011,-4.0,-64.0,4.149056968689541e-07
39012,-4.0,-63.0,5.6967347873112e-07
39013,-4.0,-62.0,7.780163290158402e-07
39014,-4.0,-61.0,1.0569088400398574e-06
39015,-4.0,-60.0,1.4281455013821645e-06
39016,-4.0,-59.0,1.9195237481315605e-06
39017,-4.0,-58.0,2.5662598561725427e-06
39018,-4.0,-57.0,3.412666731230792e-06
39019,-4.0,-56.0,4.51412140016873e-06
39020,-4.0,-55.0,5.9393469824131695e-06
39021,-4.0,-54.0,7.773028656265035e-06
39022,-4.0,-53.0,1.0118775188145696e-05
39023,-4.0,-52.0,1.3102426527332672e-05
39024,-4.0,-51.0,1.6875693399258777e-05
39025,-4.0,-50.0,2.1620096463525976e-05
39026,-4.0,-49.0,2.7551150284708327e-05
39027,-4.0,-48.0,3.492271186980377e-05
39028,-4.0,-47.0,4.403377140495384e-05
39029,-4.0,-46.0,5.6510210117753044e-05
39030,-4.0,-45.0,0.0001840592459979704
39031,-4.0,-44.0,0.0017926469390647287
39032,-4.0,-43.0,0.0044218607465555775
39033,-4.0,-42.0,0.0037224220561014967
39034,-4.0,-41.0,0.004909452266745873
39035,-4.0,-40.0,0.0022294576926840657
39036,-4.0,-39.0,0.002564814077035147
39037,-4.0,-38.0,0.00569607631045545
39038,-4.0,-37.0,0.002540811264486572
39039,-4.0,-36.0,0.0007302930999930143
39040,-4.0,-35.0,0.003209011046173531
39041,-4.0,-34.0,0.007279045570838837
39042,-4.0,-33.0,0.0036031481990032505
39043,-4.0,-32.0,0.0041822811542711275
39044,-4.0,-31.0,0.008846316886857645
39045,-4.0,-30.0,0.0045096923471434095
39046,-4.0,-29.0,0.0052442345263854565
39047,-4.0,-28.0,0.010832062709785192
39048,-4.0,-27.0,0.005363333911690842
39049,-4.0,-26.0,0.0022694884010557963
39050,-4.0,-25.0,0.006862498610662433
39051,-4.0,-24.0,0.014338518635873399
39052,-4.0,-23.0,0.007716649792527419
39053,-4.0,-22.0,0.008997597892910056
39054,-4.0,-21.0,0.01779770161338221
39055,-4.0,-20.0,0.009175403139382383
39056,-4.0,-19.0,0.0042958114627752375
39057,-4.0,-18.0,0.011783601023335847
39058,-4.0,-17.0,0.023963425245201602
39059,-4.0,-16.0,0.013018883430257528
39060,-4.0,-15.0,0.015391105212116158
39061,-4.0,-14.0,0.03030173902141461
39062,-4.0,-13.0,0.015344533558173879
39063,-4.0,-12.0,0.0068500344210065366
39064,-4.0,-11.0,0.02057389122223586
39065,-4.0,-10.0,0.042958631575299076
39066,-4.0,-9.0,0.022389892028687818
39067,-4.0,-8.0,0.02864970038702995
39068,-4.0,-7.0,0.059487906282162425
39069,-4.0,-6.0,0.027832502585845
39070,-4.0,-5.0,0.009580716245556684
39071,-4.0,-4.0,0.0366052340361112
39072,-4.0,-3.0,0.08109721722469893
39073,-4.0,-2.0,0.03657047293558477
39074,-4.0,-1.0,0.008000913948238831
39075,-4.0,0.0,0.0006265896848742723
39076,-4.0,1.0,0.0069826210593075325
39077,-4.0,2.0,0.02034538683610091
39078,-4.0,3.0,0.041225075198888794
39079,-4.0,4.0,0.01986283787583141
39080,-4.0,5.0,0.006787229592753491
39081,-4.0,6.0,0.01493128903516247
39082,-4.0,7.0,0.02922818405997108
39083,-4.0,8.0,0.014847433620489866
39084,-4.0,9.0,0.012575365178628433
39085,-4.0,10.0,0.02304449185185683
39086,-4.0,11.0,0.011292368568894299
39087,-4.0,12.0,0.004090802120306395
39088,-4.0,13.0,0.008762695914775874
39089,-4.0,14.0,0.01700047746174334
39090,-4.0,15.0,0.008537568535714815
39091,-4.0,16.0,0.007310359387714446
39092,-4.0,17.0,0.013630554880582894
39093,-4.0,18.0,0.006465715387624688
39094,-4.0,19.0,0.0020786827884458794
39095,-4.0,20.0,0.005037197809430825
39096,-4.0,21.0,0.010253064113021779
39097,-4.0,22.0,0.004918869816848266
39098,-4.0,23.0,0.004226735578216903
39099,-4.0,24.0,0.008361071300804167
39100,-4.0,25.0,0.003744518174033565
39101,-4.0,26.0,0.000931565269630639
39102,-4.0,27.0,0.0029459759089770846
39103,-4.0,28.0,0.006465599111143697
39104,-4.0,29.0,0.0029456470670118106
39105,-4.0,30.0,0.002550330315354534
39106,-4.0,31.0,0.005398176751190255
39107,-4.0,32.0,0.0022958654359958573
39108,-4.0,33.0,0.00041629087615639737
39109,-4.0,34.0,0.0018437745429633933
39110,-4.0,35.0,0.004310767638423782
39111,-4.0,36.0,0.0018968960317553014
39112,-4.0,37.0,0.0016606926211242645
39113,-4.0,38.0,0.0036820300103691445
39114,-4.0,39.0,0.0016061628075045439
39115,-4.0,40.0,0.0014127477441990127
39116,-4.0,41.0,0.003167252079703581
39117,-4.0,42.0,0.0013004160878785135
39118,-4.0,43.0,0.00017485656003463773
39119,-4.0,44.0,0.001075303149368511
39120,-4.0,45.0,0.002616152394539492
39121,-4.0,46.0,0.001068938997582602
39122,-4.0,47.0,7.760135347927175e-05
39123,-4.0,48.0,5.327836640798935e-06
39124,-4.0,49.0,3.4228878837126665e-06
39125,-4.0,50.0,2.572805807953295e-06
39126,-4.0,51.0,1.9244077311620187e-06
39127,-4.0,52.0,1.4317724814107453e-06
39128,-4.0,53.0,1.0595892352655935e-06
39129,-4.0,54.0,7.799873449383311e-07
39130,-4.0,55.0,5.711155394704511e-07
39131,-4.0,56.0,4.1595536335253473e-07
39132,-4.0,57.0,3.013392867939855e-07
39133,-4.0,58.0,2.171455919592801e-07
39134,-4.0,59.0,1.5564403497793893e-07
39135,-4.0,60.0,1.1096860386118019e-07
39136,-4.0,61.0,7.869622898658188e-08
39137,-4.0,62.0,5.551289385061364e-08
39138,-4.0,63.0,3.895111981170959e-08
39139,-4.0,64.0,2.7185176412985043e-08
39140,-4.0,65.0,1.8872545683715866e-08
39141,-4.0,66.0,1.3032115873807648e-08
39142,-4.0,67.0,8.951287272710341e-09
39143,-4.0,68.0,6.115643627077447e-09
39144,-4.0,69.0,4.1560901210323756e-09
39145,-4.0,70.0,2.809401774988365e-09
39146,-4.0,71.0,1.888986516509996e-09
39147,-4.0,72.0,1.2633682902629754e-09
39148,-4.0,73.0,8.404602822634743e-10
39149,-4.0,74.0,5.561481865043514e-10
39150,-3.9,-75.0,8.349441840318091e-09
39151,-3.9,-74.0,1.2162371193127556e-08
39152,-3.9,-73.0,1.7622404728484857e-08
39153,-3.9,-72.0,2.539792265627876e-08
39154,-3.9,-71.0,3.6409719135524854e-08
39155,-3.9,-70.0,5.191855166973988e-08
39156,-3.9,-69.0,7.36400231396736e-08
39157,-3.9,-68.0,1.0389421626958676e-07
39158,-3.9,-67.0,1.457991304440785e-07
39159,-3.9,-66.0,2.0351883308055012e-07
39160,-3.9,-65.0,2.825793236964256e-07
39161,-3.9,-64.0,3.9026739220226864e-07
39162,-3.9,-63.0,5.361301844794658e-07
39163,-3.9,-62.0,7.325956895509328e-07
39164,-3.9,-61.0,9.957368199658993e-07
39165,-3.9,-60.0,1.3462040155545321e-06
39166,-3.9,-59.0,1.81035315929674e-06
39167,-3.9,-58.0,2.421596801555444e-06
39168,-3.9,-57.0,3.222006942964974e-06
39169,-3.9,-56.0,4.264196575267199e-06
39170,-3.9,-55.0,5.613504429018869e-06
39171,-3.9,-54.0,7.350502502088819e-06
39172,-3.9,-53.0,9.573838505187455e-06
39173,-3.9,-52.0,1.2403414934705528e-05
39174,-3.9,-51.0,1.5983892688238294e-05
39175,-3.9,-50.0,2.048848967840616e-05
39176,-3.9,-49.0,2.6123023610859186e-05
39177,-3.9,-48.0,3.313012370073834e-05
39178,-3.9,-47.0,4.179581483818666e-05
39179,-3.9,-46.0,5.368818823172049e-05
39180,-3.9,-45.0,0.00017675290889026507
39181,-3.9,-44.0,0.0017309953335591583
39182,-3.9,-43.0,0.004271477481832833
39183,-3.9,-42.0,0.003595092986351346
39184,-3.9,-41.0,0.004741565721550564
39185,-3.9,-40.0,0.002151596439256759
39186,-3.9,-39.0,0.0024748655250713797
39187,-3.9,-38.0,0.005499448675162237
39188,-3.9,-37.0,0.0024506908363662733
39189,-3.9,-36.0,0.0007009845647028976
39190,-3.9,-35.0,0.003094389961310226
39191,-3.9,-34.0,0.007024736006570967
39192,-3.9,-33.0,0.0034737986498992505
39193,-3.9,-32.0,0.004031819065072253
39194,-3.9,-31.0,0.008534748997229934
39195,-3.9,-30.0,0.004346670056552391
39196,-3.9,-29.0,0.0050544244825872385
39197,-3.9,-28.0,0.010448001240235295
39198,-3.9,-27.0,0.00516850520542643
39199,-3.9,-26.0,0.00218150728952181
39200,-3.9,-25.0,0.006613075752745236
39201,-3.9,-24.0,0.013826693009411462
39202,-3.9,-23.0,0.007437424383768094
39203,-3.9,-22.0,0.00867148415163873
39204,-3.9,-21.0,0.01715957846457245
39205,-3.9,-20.0,0.008844667365145591
39206,-3.9,-19.0,0.004139339419966204
39207,-3.9,-18.0,0.011356920500430842
39208,-3.9,-17.0,0.023096870408802227
39209,-3.9,-16.0,0.012551180317186862
39210,-3.9,-15.0,0.014831975246236816
39211,-3.9,-14.0,0.029192047436620194
39212,-3.9,-13.0,0.0147929749561244
39213,-3.9,-12.0,0.00661518631537673
39214,-3.9,-11.0,0.01980725805054721
39215,-3.9,-10.0,0.041324197595190154
39216,-3.9,-9.0,0.02155601065005015
39217,-3.9,-8.0,0.027511861846042342
39218,-3.9,-7.0,0.05705275300493267
39219,-3.9,-6.0,0.02673494289051775
39220,-3.9,-5.0,0.009326238004443396
39221,-3.9,-4.0,0.03616241763046315
39222,-3.9,-3.0,0.08500479443236075
39223,-3.9,-2.0,0.0382627940309592
39224,-3.9,-1.0,0.008274044629571344
39225,-3.9,0.0,0.0006435473461622307
39226,-3.9,1.0,0.007198926732890817
39227,-3.9,2.0,0.02106732364881738
39228,-3.9,3.0,0.04273510418770338
39229,-3.9,4.0,0.020576452091314923
39230,-3.9,5.0,0.007013429959997622
39231,-3.9,6.0,0.015451537308776731
39232,-3.9,7.0,0.030264627385494458
39233,-3.9,8.0,0.015370966557825801
39234,-3.9,9.0,0.013014451361751587
39235,-3.9,10.0,0.02385261303285856
39236,-3.9,11.0,0.011690084710681264
39237,-3.9,12.0,0.004237181603352963
39238,-3.9,13.0,0.009070162049567497
39239,-3.9,14.0,0.01759143979953644
39240,-3.9,15.0,0.008838454687255548
39241,-3.9,16.0,0.007567552962386769
39242,-3.9,17.0,0.01410161711168895
39243,-3.9,18.0,0.006693941276676399
39244,-3.9,19.0,0.0021580154776839567
39245,-3.9,20.0,0.005214694139973132
39246,-3.9,21.0,0.01060402302418347
39247,-3.9,22.0,0.005091141498687346
39248,-3.9,23.0,0.0043744686811305325
39249,-3.9,24.0,0.00864468599560456
39250,-3.9,25.0,0.003874818281601233
39251,-3.9,26.0,0.000968202167653314
39252,-3.9,27.0,0.0030477895551688566
39253,-3.9,28.0,0.006681877287560514
39254,-3.9,29.0,0.003046165499496138
39255,-3.9,30.0,0.0026369804132230354
39256,-3.9,31.0,0.005576791280158252
39257,-3.9,32.0,0.0023732290332950353
39258,-3.9,33.0,0.000432171730427639
39259,-3.9,34.0,0.0019052787611175922
39260,-3.9,35.0,0.00445146996414197
39261,-3.9,36.0,0.0019594781085797183
39262,-3.9,37.0,0.0017152053064508133
39263,-3.9,38.0,0.003801149331382236
39264,-3.9,39.0,0.0016584981949165274
39265,-3.9,40.0,0.001458562642472429
39266,-3.9,41.0,0.003268954454174391
39267,-3.9,42.0,0.0013423905012049358
39268,-3.9,43.0,0.00018078655789344824
39269,-3.9,44.0,0.001109752937360664
39270,-3.9,45.0,0.002699493044105128
39271,-3.9,46.0,0.001103076932192154
39272,-3.9,47.0,8.020689366686891e-05
39273,-3.9,48.0,5.606258240478592e-06
39274,-3.9,49.0,3.61607966887407e-06
39275,-3.9,50.0,2.719493531908203e-06
39276,-3.9,51.0,2.0352109593551745e-06
39277,-3.9,52.0,1.5150176147857254e-06
39278,-3.9,53.0,1.1217925555335876e-06
39279,-3.9,54.0,8.262166216419241e-07
39280,-3.9,55.0,6.052875089626452e-07
39281,-3.9,56.0,4.410784428833648e-07
39282,-3.9,57.0,3.1971001050790703e-07
39283,-3.9,58.0,2.3050633975187478e-07
39284,-3.9,59.0,1.6530870321925755e-07
39285,-3.9,60.0,1.179219746859484e-07
39286,-3.9,61.0,8.367195722114378e-08
39287,-3.9,62.0,5.9054263734439394e-08
39288,-3.9,63.0,4.145803620962512e-08
39289,-3.9,64.0,2.895025023026544e-08
39290,-3.9,65.0,2.0108609463346798e-08
39291,-3.9,66.0,1.389305885333558e-08
39292,-3.9,67.0,9.547723345180982e-09
39293,-3.9,68.0,6.526613428886478e-09
39294,-3.9,69.0,4.437742158798617e-09
39295,-3.9,70.0,3.0013894423696844e-09
39296,-3.9,71.0,2.0191507523322968e-09
39297,-3.9,72.0,1.351142791271272e-09
39298,-3.9,73.0,8.99331613802089e-10
39299,-3.9,74.0,5.954215927057672e-10
39300,-3.8,-75.0,8.090973987963972e-09
39301,-3.8,-74.0,1.1792150250850588e-08
39302,-3.8,-73.0,1.709508682431353e-08
39303,-3.8,-72.0,2.465106717192467e-08
39304,-3.8,-71.0,3.535788238563442e-08
39305,-3.8,-70.0,5.044555170149861e-08
39306,-3.8,-69.0,7.158888739465829e-08
39307,-3.8,-68.0,1.0105422066052684e-07
39308,-3.8,-67.0,1.418892224763371e-07
39309,-3.8,-66.0,1.981666045692406e-07
39310,-3.8,-65.0,2.7529456341749397e-07
39311,-3.8,-64.0,3.804091103381062e-07
39312,-3.8,-63.0,5.228658661171442e-07
39313,-3.8,-62.0,7.148514136025988e-07
39314,-3.8,-61.0,9.721367856316074e-07
39315,-3.8,-60.0,1.3149979671555284e-06
39316,-3.8,-59.0,1.7693302118444592e-06
39317,-3.8,-58.0,2.367984267166197e-06
39318,-3.8,-57.0,3.1523529687274833e-06
39319,-3.8,-56.0,4.17423575542734e-06
39320,-3.8,-55.0,5.498006078677475e-06
39321,-3.8,-54.0,7.203102005975625e-06
39322,-3.8,-53.0,9.38685311086249e-06
39323,-3.8,-52.0,1.2167646566773698e-05
39324,-3.8,-51.0,1.5688421832188547e-05
39325,-3.8,-50.0,2.0120466120412996e-05
39326,-3.8,-49.0,2.5667461807744436e-05
39327,-3.8,-48.0,3.2569712757213764e-05
39328,-3.8,-47.0,4.1110758817296505e-05
39329,-3.8,-46.0,5.285790306860374e-05
39330,-3.8,-45.0,0.00017591228321819075
39331,-3.8,-44.0,0.001732216489949665
39332,-3.8,-43.0,0.004276162589609343
39333,-3.8,-42.0,0.0035983079250252866
39334,-3.8,-41.0,0.004745848349930824
39335,-3.8,-40.0,0.00215193067927306
39336,-3.8,-39.0,0.0024748732994041467
39337,-3.8,-38.0,0.005502577518150749
39338,-3.8,-37.0,0.002449685768751097
39339,-3.8,-36.0,0.0006973040795333576
39340,-3.8,-35.0,0.003092314790344171
39341,-3.8,-34.0,0.007025690570516021
39342,-3.8,-33.0,0.0034708103478895873
39343,-3.8,-32.0,0.004028023806464553
39344,-3.8,-31.0,0.00853339528592492
39345,-3.8,-30.0,0.004341782466686168
39346,-3.8,-29.0,0.005048502120728069
39347,-3.8,-28.0,0.010443770860447855
39348,-3.8,-27.0,0.005161716644712635
39349,-3.8,-26.0,0.002173057083104621
39350,-3.8,-25.0,0.006604247533167398
39351,-3.8,-24.0,0.013817632714076569
39352,-3.8,-23.0,0.00742871190458425
39353,-3.8,-22.0,0.008660805068044036
39354,-3.8,-21.0,0.017145523874295663
39355,-3.8,-20.0,0.008835557849028605
39356,-3.8,-19.0,0.004133327979389315
39357,-3.8,-18.0,0.01134336912114272
39358,-3.8,-17.0,0.02307071917206166
39359,-3.8,-16.0,0.012539907535525112
39360,-3.8,-15.0,0.014812603043167777
39361,-3.8,-14.0,0.029145390889549205
39362,-3.8,-13.0,0.01477951434846373
39363,-3.8,-12.0,0.006620357110198038
39364,-3.8,-11.0,0.019762907832133636
39365,-3.8,-10.0,0.0411986264126115
39366,-3.8,-9.0,0.021508421582575748
39367,-3.8,-8.0,0.0273830893169581
39368,-3.8,-7.0,0.05671468665120934
39369,-3.8,-6.0,0.026617811233116743
39370,-3.8,-5.0,0.009411595006465882
39371,-3.8,-4.0,0.03710273593984808
39372,-3.8,-3.0,0.08589712407523374
39373,-3.8,-2.0,0.038591628114762196
39374,-3.8,-1.0,0.008243538597171394
39375,-3.8,0.0,0.0006365941775535462
39376,-3.8,1.0,0.007148047093185449
39377,-3.8,2.0,0.021011260415399573
39378,-3.8,3.0,0.042669011194444065
39379,-3.8,4.0,0.02053045896102704
39380,-3.8,5.0,0.006979781679967364
39381,-3.8,6.0,0.015400425921999408
39382,-3.8,7.0,0.030182915805712574
39383,-3.8,8.0,0.015326340454825421
39384,-3.8,9.0,0.01297224519729154
39385,-3.8,10.0,0.023779011312760338
39386,-3.8,11.0,0.011655602716491882
39387,-3.8,12.0,0.0042268306756610965
39388,-3.8,13.0,0.009042213607151574
39389,-3.8,14.0,0.017531913549603522
39390,-3.8,15.0,0.008812578344889231
39391,-3.8,16.0,0.007544946932031502
39392,-3.8,17.0,0.01405116059531075
39393,-3.8,18.0,0.006674715933302175
39394,-3.8,19.0,0.002157714417979879
39395,-3.8,20.0,0.00519942041094349
39396,-3.8,21.0,0.010562737647656863
39397,-3.8,22.0,0.005075201819711773
39398,-3.8,23.0,0.004360479948117695
39399,-3.8,24.0,0.008608471797010681
39400,-3.8,25.0,0.0038618631418320497
39401,-3.8,26.0,0.0009691762970284825
39402,-3.8,27.0,0.003036910470263863
39403,-3.8,28.0,0.006650866350702176
39404,-3.8,29.0,0.0030340165782025796
39405,-3.8,30.0,0.002626088746469298
39406,-3.8,31.0,0.005548959741417129
39407,-3.8,32.0,0.002362789101201437
39408,-3.8,33.0,0.0004321308171353364
39409,-3.8,34.0,0.001896275308885909
39410,-3.8,35.0,0.004427326458086298
39411,-3.8,36.0,0.0019495232716087863
39412,-3.8,37.0,0.001706215882433768
39413,-3.8,38.0,0.003779472207248938
39414,-3.8,39.0,0.0016494173013228525
39415,-3.8,40.0,0.0014503587535682554
39416,-3.8,41.0,0.0032495488834035093
39417,-3.8,42.0,0.001334641340898985
39418,-3.8,43.0,0.00018003233234588782
39419,-3.8,44.0,0.0011030882863972487
39420,-3.8,45.0,0.0026828019801426253
39421,-3.8,46.0,0.0010963433567403212
39422,-3.8,47.0,7.984626981308186e-05
39423,-3.8,48.0,5.681850940621173e-06
39424,-3.8,49.0,3.6791304554549284e-06
39425,-3.8,50.0,2.768412607649811e-06
39426,-3.8,51.0,2.072924744306277e-06
39427,-3.8,52.0,1.543914036382649e-06
39428,-3.8,53.0,1.1437979939628882e-06
39429,-3.8,54.0,8.42872838519709e-07
39430,-3.8,55.0,6.178189221750818e-07
39431,-3.8,56.0,4.504501082178406e-07
39432,-3.8,57.0,3.266769345745617e-07
39433,-3.8,58.0,2.3565490801734081e-07
39434,-3.8,59.0,1.6909108643803198e-07
39435,-3.8,60.0,1.206843961178635e-07
39436,-3.8,61.0,8.567767862588893e-08
39437,-3.8,62.0,6.050209431748733e-08
39438,-3.8,63.0,4.249709682078588e-08
39439,-3.8,64.0,2.969164402865261e-08
39440,-3.8,65.0,2.0634566567209823e-08
39441,-3.8,66.0,1.4264040887862699e-08
39442,-3.8,67.0,9.807897412516399e-09
39443,-3.8,68.0,6.708035730472894e-09
39444,-3.8,69.0,4.563530224566613e-09
39445,-3.8,70.0,3.0881088891793357e-09
39446,-3.8,71.0,2.0785974453128645e-09
39447,-3.8,72.0,1.391663643585081e-09
39448,-3.8,73.0,9.267962814487535e-10
39449,-3.8,74.0,6.139321709855874e-10
39450,-3.7,-75.0,7.838587163753729e-09
39451,-3.7,-74.0,1.1430398734371919e-08
39452,-3.7,-73.0,1.6579486537047584e-08
39453,-3.7,-72.0,2.3920314198147207e-08
39454,-3.7,-71.0,3.432802287202389e-08
39455,-3.7,-70.0,4.9002338879483884e-08
39456,-3.7,-69.0,6.957783890381675e-08
39457,-3.7,-68.0,9.826778543461438e-08
39458,-3.7,-67.0,1.3805034931998987e-07
39459,-3.7,-66.0,1.9290787562101956e-07
39460,-3.7,-65.0,2.681319177987788e-07
39461,-3.7,-64.0,3.7070904108277934e-07
39462,-3.7,-63.0,5.098048338717348e-07
39463,-3.7,-62.0,6.973660931755261e-07
39464,-3.7,-61.0,9.488636589398963e-07
39465,-3.7,-60.0,1.2842007145716375e-06
39466,-3.7,-59.0,1.7288133530952608e-06
39467,-3.7,-58.0,2.314991586083015e-06
39468,-3.7,-57.0,3.0834494498874327e-06
39469,-3.7,-56.0,4.085172094291348e-06
39470,-3.7,-55.0,5.383565330981066e-06
39471,-3.7,-54.0,7.056928647540899e-06
39472,-3.7,-53.0,9.20126571409448e-06
39473,-3.7,-52.0,1.1933436488294157e-05
39474,-3.7,-51.0,1.5394641762455703e-05
39475,-3.7,-50.0,1.9754214073823685e-05
39476,-3.7,-49.0,2.5213668117532775e-05
39477,-3.7,-48.0,3.201093985100509e-05
39478,-3.7,-47.0,4.042702889353564e-05
39479,-3.7,-46.0,5.202815190607678e-05
39480,-3.7,-45.0,0.00017505093809374006
39481,-3.7,-44.0,0.001733131041222646
39482,-3.7,-43.0,0.004280072849076323
39483,-3.7,-42.0,0.003600874951651446
39484,-3.7,-41.0,0.004749272902633943
39485,-3.7,-40.0,0.002151887012264498
39486,-3.7,-39.0,0.002474445181745713
39487,-3.7,-38.0,0.005504713187070876
39488,-3.7,-37.0,0.0024482504573869472
39489,-3.7,-36.0,0.0006935160825223388
39490,-3.7,-35.0,0.003089691155940598
39491,-3.7,-34.0,0.007025372165959853
39492,-3.7,-33.0,0.003467198957925852
39493,-3.7,-32.0,0.004023501068318755
39494,-3.7,-31.0,0.008530484518155756
39495,-3.7,-30.0,0.004336097081994206
39496,-3.7,-29.0,0.005041647952227754
39497,-3.7,-28.0,0.010437618064095126
39498,-3.7,-27.0,0.005153951995633622
39499,-3.7,-26.0,0.0021641597036253534
39500,-3.7,-25.0,0.0065941634101764545
39501,-3.7,-24.0,0.013806007924662817
39502,-3.7,-23.0,0.007418558705106364
39503,-3.7,-22.0,0.008648462948783213
39504,-3.7,-21.0,0.01712829697247665
39505,-3.7,-20.0,0.008824709400505998
39506,-3.7,-19.0,0.004126383057185608
39507,-3.7,-18.0,0.011327660891353125
39508,-3.7,-17.0,0.023040432753897763
39509,-3.7,-16.0,0.012526241439671465
39510,-3.7,-15.0,0.014790560692016397
39511,-3.7,-14.0,0.029093848651850433
39512,-3.7,-13.0,0.014763361084761933
39513,-3.7,-12.0,0.006624122288242914
39514,-3.7,-11.0,0.019715739255542576
39515,-3.7,-10.0,0.041067901958683414
39516,-3.7,-9.0,0.021458006373020543
39517,-3.7,-8.0,0.02725350060683995
39518,-3.7,-7.0,0.056376755961958847
39519,-3.7,-6.0,0.026500028051968442
39520,-3.7,-5.0,0.0094996854550333
39521,-3.7,-4.0,0.038100297602190684
39522,-3.7,-3.0,0.08686794380529914
39523,-3.7,-2.0,0.038951394296355295
39524,-3.7,-1.0,0.008213495577672352
39525,-3.7,0.0,0.0006295113894366722
39526,-3.7,1.0,0.007094985559643975
39527,-3.7,2.0,0.020949255398131608
39528,-3.7,3.0,0.04259114340403222
39529,-3.7,4.0,0.020478596565037102
39530,-3.7,5.0,0.006943856501738267
39531,-3.7,6.0,0.015344560909239989
39532,-3.7,7.0,0.03009216673451023
39533,-3.7,8.0,0.015276972291163416
39534,-3.7,9.0,0.012925948093196906
39535,-3.7,10.0,0.02369815715140618
39536,-3.7,11.0,0.011617433668958697
39537,-3.7,12.0,0.004214981316069331
39538,-3.7,13.0,0.009011368479010162
39539,-3.7,14.0,0.017467019390468998
39540,-3.7,15.0,0.008783912608404264
39541,-3.7,16.0,0.007519945886954661
39542,-3.7,17.0,0.013996428529678952
39543,-3.7,18.0,0.006653391360821856
39544,-3.7,19.0,0.0021566527360712203
39545,-3.7,20.0,0.005182521177752741
39546,-3.7,21.0,0.010518286984851051
39547,-3.7,22.0,0.0050577060746392405
39548,-3.7,23.0,0.004345160574455384
39549,-3.7,24.0,0.008569713389395052
39550,-3.7,25.0,0.0038477458422027013
39551,-3.7,26.0,0.0009698334419955653
39552,-3.7,27.0,0.0030251300834556252
39553,-3.7,28.0,0.006617924702979465
39554,-3.7,29.0,0.003020980542459769
39555,-3.7,30.0,0.00261443457127793
39556,-3.7,31.0,0.005519535557373828
39557,-3.7,32.0,0.002351669183527641
39558,-3.7,33.0,0.0004319636833244421
39559,-3.7,34.0,0.001886732374143941
39560,-3.7,35.0,0.0044019267133950345
39561,-3.7,36.0,0.0019390162870763254
39562,-3.7,37.0,0.0016967457587582727
39563,-3.7,38.0,0.003756729241390322
39564,-3.7,39.0,0.0016398725812106915
39565,-3.7,40.0,0.0014417488046396935
39566,-3.7,41.0,0.0032292312073491044
39567,-3.7,42.0,0.0013265186283269862
39568,-3.7,43.0,0.00017922931790257507
39569,-3.7,44.0,0.001096116553691954
39570,-3.7,45.0,0.0026653616612550956
39571,-3.7,46.0,0.0010893042152889882
39572,-3.7,47.0,7.946431865669613e-05
39573,-3.7,48.0,5.756709382797602e-06
39574,-3.7,49.0,3.7418652036085968e-06
39575,-3.7,50.0,2.817145304216514e-06
39576,-3.7,51.0,2.1105384962476253e-06
39577,-3.7,52.0,1.57276627007321e-06
39578,-3.7,53.0,1.165793807241025e-06
39579,-3.7,54.0,8.595394729957333e-07
39580,-3.7,55.0,6.303711578499343e-07
39581,-3.7,56.0,4.598468254949699e-07
39582,-3.7,57.0,3.336693707979667e-07
39583,-3.7,58.0,2.408273115814968e-07
39584,-3.7,59.0,1.7289456581130877e-07
39585,-3.7,60.0,1.2346479316842918e-07
39586,-3.7,61.0,8.769828229741481e-08
39587,-3.7,62.0,6.196196614341208e-08
39588,-3.7,63.0,4.354571550304227e-08
39589,-3.7,64.0,3.04405013653556e-08
39590,-3.7,65.0,2.116626819734853e-08
39591,-3.7,66.0,1.4639387523341734e-08
39592,-3.7,67.0,1.0071348760281419e-08
39593,-3.7,68.0,6.8918922156797596e-09
39594,-3.7,69.0,4.691107980518116e-09
39595,-3.7,70.0,3.176131631325592e-09
39596,-3.7,71.0,2.138984639192919e-09
39597,-3.7,72.0,1.4328573223398592e-09
39598,-3.7,73.0,9.547382836468645e-10
39599,-3.7,74.0,6.327786764438558e-10
39600,-3.6,-75.0,7.592032747589974e-09
39601,-3.6,-74.0,1.1076767765493814e-08
39602,-3.6,-73.0,1.607511674471294e-08
39603,-3.6,-72.0,2.3204986942534596e-08
39604,-3.6,-71.0,3.331920485192984e-08
39605,-3.6,-70.0,4.75876256307593e-08
39606,-3.6,-69.0,6.760511433390102e-08
39607,-3.6,-68.0,9.55325069011905e-08
39608,-3.6,-67.0,1.3427924930314876e-07
39609,-3.6,-66.0,1.8773824011250888e-07
39610,-3.6,-65.0,2.610854607815105e-07
39611,-3.6,-64.0,3.611592483355334e-07
39612,-3.6,-63.0,4.969365044760402e-07
39613,-3.6,-62.0,6.801256728687038e-07
39614,-3.6,-61.0,9.258988482901634e-07
39615,-3.6,-60.0,1.2537877627301117e-06
39616,-3.6,-59.0,1.688770434147742e-06
39617,-3.6,-58.0,2.262576723002362e-06
39618,-3.6,-57.0,3.015241627418882e-06
39619,-3.6,-56.0,3.996934516242174e-06
39620,-3.6,-55.0,5.2700902605424115e-06
39621,-3.6,-54.0,6.911863952849299e-06
39622,-3.6,-53.0,9.016924154718227e-06
39623,-3.6,-52.0,1.1700589946538572e-05
39624,-3.6,-51.0,1.5102304063242182e-05
39625,-3.6,-50.0,1.9389417753658628e-05
39626,-3.6,-49.0,2.47612424862253e-05
39627,-3.6,-48.0,3.145329990957937e-05
39628,-3.6,-47.0,3.9743989554922205e-05
39629,-3.6,-46.0,5.1198107369335773e-05
39630,-3.6,-45.0,0.00017416513827223806
39631,-3.6,-44.0,0.0017336971356814261
39632,-3.6,-43.0,0.0042831040476495165
39633,-3.6,-42.0,0.0036027068172325085
39634,-3.6,-41.0,0.004751724314467209
39635,-3.6,-40.0,0.0021514142543377635
39636,-3.6,-39.0,0.002473522567242392
39637,-3.6,-38.0,0.005505723488104039
39638,-3.6,-37.0,0.0024463276176422467
39639,-3.6,-36.0,0.0006896065066502383
39640,-3.6,-35.0,0.003086447329075223
39641,-3.6,-34.0,0.007023614085307597
39642,-3.6,-33.0,0.0034628845324135215
39643,-3.6,-32.0,0.0040181582707642756
39644,-3.6,-31.0,0.00852581591582396
39645,-3.6,-30.0,0.004329514792480559
39646,-3.6,-29.0,0.0050337468093494915
39647,-3.6,-28.0,0.010429298753374942
39648,-3.6,-27.0,0.005145094179942574
39649,-3.6,-26.0,0.00215477010015105
39650,-3.6,-25.0,0.0065826733182381
39651,-3.6,-24.0,0.013791497322411637
39652,-3.6,-23.0,0.007406795148575725
39653,-3.6,-22.0,0.008634259743605792
39654,-3.6,-21.0,0.017107499521716217
39655,-3.6,-20.0,0.008811918745331847
39656,-3.6,-19.0,0.00411841134517308
39657,-3.6,-18.0,0.011309533786808181
39658,-3.6,-17.0,0.023005475045647972
39659,-3.6,-16.0,0.012509889250525038
39660,-3.6,-15.0,0.014765502344627687
39661,-3.6,-14.0,0.029036742107533417
39662,-3.6,-13.0,0.01474416577892069
39663,-3.6,-12.0,0.00662631780252438
39664,-3.6,-11.0,0.019665275351919885
39665,-3.6,-10.0,0.04093103879572768
39666,-3.6,-9.0,0.021404232277004547
39667,-3.6,-8.0,0.02712229192161952
39668,-3.6,-7.0,0.05603725981045027
39669,-3.6,-6.0,0.026380811311329293
39670,-3.6,-5.0,0.009591042921649527
39671,-3.6,-4.0,0.03916591533560142
39672,-3.6,-3.0,0.08793402296730314
39673,-3.6,-2.0,0.03934871639680277
39674,-3.6,-1.0,0.008184042354550955
39675,-3.6,0.0,0.0006222625562225384
39676,-3.6,1.0,0.007039319567236536
39677,-3.6,2.0,0.020879965078514123
39678,-3.6,3.0,0.0424987205328204
39679,-3.6,4.0,0.02041954242819037
39680,-3.6,5.0,0.006905223534187142
39681,-3.6,6.0,0.01528295910630552
39682,-3.6,7.0,0.029990429145913503
39683,-3.6,8.0,0.01522187582895272
39684,-3.6,9.0,0.012874728884780725
39685,-3.6,10.0,0.023608519646194565
39686,-3.6,11.0,0.011574826257336242
39687,-3.6,12.0,0.004201359578132428
39688,-3.6,13.0,0.008977044254726195
39689,-3.6,14.0,0.017395632112747642
39690,-3.6,15.0,0.00875188770439235
39691,-3.6,16.0,0.0074920621966095636
39692,-3.6,17.0,0.01393652111002431
39693,-3.6,18.0,0.0066295349502143485
39694,-3.6,19.0,0.0021546840823607207
39695,-3.6,20.0,0.0051636594262466085
39696,-3.6,21.0,0.010469997560334371
39697,-3.6,22.0,0.005038326262939267
39698,-3.6,23.0,0.00432822894783115
39699,-3.6,24.0,0.008527864427106357
39700,-3.6,25.0,0.003832217527602143
39701,-3.6,26.0,0.0009701063153059743
39702,-3.6,27.0,0.0030122533634877407
39703,-3.6,28.0,0.006582633413354072
39704,-3.6,29.0,0.003006863988870291
39705,-3.6,30.0,0.0026018508690944203
39706,-3.6,31.0,0.005488171317932738
39707,-3.6,32.0,0.0023397197394629376
39708,-3.6,33.0,0.00043164084551156523
39709,-3.6,34.0,0.0018765306161088416
39710,-3.6,35.0,0.004374995653642967
39711,-3.6,36.0,0.001927835265321191
39712,-3.6,37.0,0.0016866885523446511
39713,-3.6,38.0,0.003732686766397601
39714,-3.6,39.0,0.0016297616380710755
39715,-3.6,40.0,0.0014326429880291494
39716,-3.6,41.0,0.003207801344019973
39717,-3.6,42.0,0.00131793994757738
39718,-3.6,43.0,0.0001783660823204059
39719,-3.6,44.0,0.0010887698956537385
39720,-3.6,45.0,0.002647007604722237
39721,-3.6,46.0,0.0010818922002149595
39722,-3.6,47.0,7.905600349682601e-05
39723,-3.6,48.0,5.830371268196374e-06
39724,-3.6,49.0,3.803971163893024e-06
39725,-3.6,50.0,2.8654556705897753e-06
39726,-3.6,51.0,2.147875159699646e-06
39727,-3.6,52.0,1.6014422089674364e-06
39728,-3.6,53.0,1.187681986354959e-06
39729,-3.6,54.0,8.76144226981493e-07
39730,-3.6,55.0,6.428911881977222e-07
39731,-3.6,56.0,4.6922992316024557e-07
39732,-3.6,57.0,3.4065927863424314e-07
39733,-3.6,58.0,2.460033350128199e-07
39734,-3.6,59.0,1.7670465107750394e-07
39735,-3.6,60.0,1.2625283915944327e-07
39736,-3.6,61.0,8.972645127767332e-08
39737,-3.6,62.0,6.342872479027982e-08
39738,-3.6,63.0,4.460028229564837e-08
39739,-3.6,64.0,3.119430866821541e-08
39740,-3.6,65.0,2.1701974393058952e-08
39741,-3.6,66.0,1.5017901360149314e-08
39742,-3.6,67.0,1.033725820292191e-08
39743,-3.6,68.0,7.07762574968748e-09
39744,-3.6,69.0,4.820098754135752e-09
39745,-3.6,70.0,3.2652045156763742e-09
39746,-3.6,71.0,2.2001432089667834e-09
39747,-3.6,72.0,1.4746115155455386e-09
39748,-3.6,73.0,9.830834849391391e-10
39749,-3.6,74.0,6.519124690107913e-10
39750,-3.5,-75.0,7.351005040248653e-09
39751,-3.5,-74.0,1.0730824384874836e-08
39752,-3.5,-73.0,1.558136717916074e-08
39753,-3.5,-72.0,2.2504229281534003e-08
39754,-3.5,-71.0,3.2330232917381926e-08
39755,-3.5,-70.0,4.619975052560058e-08
39756,-3.5,-69.0,6.566841512236757e-08
39757,-3.5,-68.0,9.284521941917279e-08
39758,-3.5,-67.0,1.3057158211907886e-07
39759,-3.5,-66.0,1.8265177350248624e-07
39760,-3.5,-65.0,2.541471406895664e-07
39761,-3.5,-64.0,3.517488368709692e-07
39762,-3.5,-63.0,4.842461979747207e-07
39763,-3.5,-62.0,6.631104569996055e-07
39764,-3.5,-61.0,9.032160393075188e-07
39765,-3.5,-60.0,1.2237241004087933e-06
39766,-3.5,-59.0,1.6491550645630311e-06
39767,-3.5,-58.0,2.2106784612623926e-06
39768,-3.5,-57.0,2.947649048423361e-06
39769,-3.5,-56.0,3.909417715210136e-06
39770,-3.5,-55.0,5.157443586103753e-06
39771,-3.5,-54.0,6.767729676092693e-06
39772,-3.5,-53.0,8.833597928303434e-06
39773,-3.5,-52.0,1.1468810055128355e-05
39774,-3.5,-51.0,1.481102788889481e-05
39775,-3.5,-50.0,1.902559058499472e-05
39776,-3.5,-49.0,2.430956578030451e-05
39777,-3.5,-48.0,3.089600834358194e-05
39778,-3.5,-47.0,3.9060650546149673e-05
39779,-3.5,-46.0,5.036648111702019e-05
39780,-3.5,-45.0,0.00017324940564383926
39781,-3.5,-44.0,0.0017338547184780374
39782,-3.5,-43.0,0.004285106853214671
39783,-3.5,-42.0,0.0036036783905231836
39784,-3.5,-41.0,0.004753037556895208
39785,-3.5,-40.0,0.0021504387506369226
39786,-3.5,-39.0,0.002472021057101791
39787,-3.5,-38.0,0.005505418525055202
39788,-3.5,-37.0,0.002443834557798577
39789,-3.5,-36.0,0.0006855544539826863
39790,-3.5,-35.0,0.0030824796185543765
39791,-3.5,-34.0,0.0070201763366209285
39792,-3.5,-33.0,0.003457751343505199
39793,-3.5,-32.0,0.004011861358731329
39794,-3.5,-31.0,0.008519100025231532
39795,-3.5,-30.0,0.00432189190406207
39796,-3.5,-29.0,0.005024631722679027
39797,-3.5,-28.0,0.010418460659397302
39798,-3.5,-27.0,0.005134973286035055
39799,-3.5,-26.0,0.0021448217373598068
39800,-3.5,-25.0,0.0065695596317492545
39801,-3.5,-24.0,0.013773636962049862
39802,-3.5,-23.0,0.007393175498942397
39803,-3.5,-22.0,0.008617908733122128
39804,-3.5,-21.0,0.017082556678184292
39805,-3.5,-20.0,0.008796891996387184
39806,-3.5,-19.0,0.004109277556853747
39807,-3.5,-18.0,0.011288609616149282
39808,-3.5,-17.0,0.0229650731217296
39809,-3.5,-16.0,0.012490429325079511
39810,-3.5,-15.0,0.0147369305707661
39811,-3.5,-14.0,0.02897309496774795
39812,-3.5,-13.0,0.014721427104242273
39813,-3.5,-12.0,0.006626710477853049
39814,-3.5,-11.0,0.019610839341371387
39815,-3.5,-10.0,0.040786638569036616
39816,-3.5,-9.0,0.02134634967233168
39817,-3.5,-8.0,0.026988401806046093
39818,-3.5,-7.0,0.05569397610477601
39819,-3.5,-6.0,0.026259131379348478
39820,-3.5,-5.0,0.009686418812933847
39821,-3.5,-4.0,0.0403147193788248
39822,-3.5,-3.0,0.08911915615930223
39823,-3.5,-2.0,0.03979298991934324
39824,-3.5,-1.0,0.008155353654396572
39825,-3.5,0.0,0.0006147957553240069
39826,-3.5,1.0,0.006980444833011952
39827,-3.5,2.0,0.02080147782168059
39828,-3.5,3.0,0.042387791102066405
39829,-3.5,4.0,0.020351416057806437
39830,-3.5,5.0,0.0068632692156480575
39831,-3.5,6.0,0.015214225281278705
39832,-3.5,7.0,0.029874937087390873
39833,-3.5,8.0,0.015159652574363953
39834,-3.5,9.0,0.012817409247290622
39835,-3.5,10.0,0.02350792947141793
39836,-3.5,11.0,0.01152671606108829
39837,-3.5,12.0,0.0041855776773581325
39838,-3.5,13.0,0.008938416148842075
39839,-3.5,14.0,0.017316157729720266
39840,-3.5,15.0,0.00871569705736963
39841,-3.5,16.0,0.0074606056722717725
39842,-3.5,17.0,0.013870163723648342
39843,-3.5,18.0,0.006602534564272304
39844,-3.5,19.0,0.002151602213003492
39845,-3.5,20.0,0.005142358372121935
39846,-3.5,21.0,0.010416915192244289
39847,-3.5,22.0,0.005016598227908194
39848,-3.5,23.0,0.004309286560080463
39849,-3.5,24.0,0.008482150601203314
39850,-3.5,25.0,0.0038149259659502215
39851,-3.5,26.0,0.0009699002568714296
39852,-3.5,27.0,0.0029980041934277927
39853,-3.5,28.0,0.006544398402879423
39854,-3.5,29.0,0.0029913929212992724
39855,-3.5,30.0,0.0025881009825810906
39856,-3.5,31.0,0.005454374126993766
39857,-3.5,32.0,0.0023267287813693335
39858,-3.5,33.0,0.0004311207384285483
39859,-3.5,34.0,0.001865500780959971
39860,-3.5,35.0,0.0043461427719701465
39861,-3.5,36.0,0.0019158072437361411
39862,-3.5,37.0,0.0016758932725828555
39863,-3.5,38.0,0.0037070129365909575
39864,-3.5,39.0,0.0016189390896349006
39865,-3.5,40.0,0.0014229137708998071
39866,-3.5,41.0,0.003184975060271728
39867,-3.5,42.0,0.0013087882384903579
39868,-3.5,43.0,0.00017742641151344667
39869,-3.5,44.0,0.0010809519229842825
39870,-3.5,45.0,0.002627506081472243
39871,-3.5,46.0,0.0010740116729703896
39872,-3.5,47.0,7.86141752822656e-05
39873,-3.5,48.0,5.90218557323554e-06
39874,-3.5,49.0,3.865007897493577e-06
39875,-3.5,50.0,2.9130110077799667e-06
39876,-3.5,51.0,2.1846847435186695e-06
39877,-3.5,52.0,1.6297550553718675e-06
39878,-3.5,53.0,1.209323731326611e-06
39879,-3.5,54.0,8.925845410530578e-07
39880,-3.5,55.0,6.553036555802847e-07
39881,-3.5,56.0,4.78544340516966e-07
39882,-3.5,57.0,3.476066529278173e-07
39883,-3.5,58.0,2.5115407503331527e-07
39884,-3.5,59.0,1.805005772308603e-07
39885,-3.5,60.0,1.2903369976998493e-07
39886,-3.5,61.0,9.175164774936252e-08
39887,-3.5,62.0,6.489492675055073e-08
39888,-3.5,63.0,4.56555690848907e-08
39889,-3.5,64.0,3.1949414623589305e-08
39890,-3.5,65.0,2.2239149523022777e-08
39891,-3.5,66.0,1.5397831536450707e-08
39892,-3.5,67.0,1.060442363600315e-08
39893,-3.5,68.0,7.264415692617685e-09
39894,-3.5,69.0,4.949945515604519e-09
39895,-3.5,70.0,3.354951605523342e-09
39896,-3.5,71.0,2.2618208900457174e-09
39897,-3.5,72.0,1.516757917970034e-09
39898,-3.5,73.0,1.0117202419646172e-09
39899,-3.5,74.0,6.712599184834902e-10
39900,-3.4,-75.0,7.115100280482402e-09
39901,-3.4,-74.0,1.0391991471231863e-08
39902,-3.4,-73.0,1.50974168143367e-08
39903,-3.4,-72.0,2.1816878679138504e-08
39904,-3.4,-71.0,3.1359468639947136e-08
39905,-3.4,-70.0,4.48364151315598e-08
39906,-3.4,-69.0,6.376453182075026e-08
39907,-3.4,-68.0,9.020146196883297e-08
39908,-3.4,-67.0,1.269211753822085e-07
39909,-3.4,-66.0,1.7763997427173702e-07
39910,-3.4,-65.0,2.473053008851755e-07
39911,-3.4,-64.0,3.4246189591952664e-07
39912,-3.4,-63.0,4.717122942943989e-07
39913,-3.4,-62.0,6.462911988425934e-07
39914,-3.4,-61.0,8.807758446697609e-07
39915,-3.4,-60.0,1.1939569197282942e-06
39916,-3.4,-59.0,1.609896757682891e-06
39917,-3.4,-58.0,2.1592031346930726e-06
39918,-3.4,-57.0,2.8805477970590562e-06
39919,-3.4,-56.0,3.822458484281507e-06
39920,-3.4,-55.0,5.045411306472637e-06
39921,-3.4,-54.0,6.6242464619929995e-06
39922,-3.4,-53.0,8.650923993058295e-06
39923,-3.4,-52.0,1.1237627125123327e-05
39924,-3.4,-51.0,1.452020829998826e-05
39925,-3.4,-50.0,1.8661956938604654e-05
39926,-3.4,-49.0,2.38576480136566e-05
39927,-3.4,-48.0,3.033780730612088e-05
39928,-3.4,-47.0,3.8375420853176606e-05
39929,-3.4,-46.0,4.953120398257103e-05
39930,-3.4,-45.0,0.0001722953100538655
39931,-3.4,-44.0,0.001733512906130242
39932,-3.4,-43.0,0.004285855520353716
39933,-3.4,-42.0,0.0036036003817400686
39934,-3.4,-41.0,0.004752962980239372
39935,-3.4,-40.0,0.002148848784743352
39936,-3.4,-39.0,0.0024698125593705105
39937,-3.4,-38.0,0.005503510662945349
39938,-3.4,-37.0,0.002440645543095938
39939,-3.4,-36.0,0.0006813274423421845
39940,-3.4,-35.0,0.0030776301764122442
39941,-3.4,-34.0,0.007014694773271398
39942,-3.4,-33.0,0.0034516230286926364
39943,-3.4,-32.0,0.004004405986083297
39944,-3.4,-31.0,0.008509897138692988
39945,-3.4,-30.0,0.004313009149125081
39946,-3.4,-29.0,0.005014047909186168
39947,-3.4,-28.0,0.01040456819512858
39948,-3.4,-27.0,0.005123329820272052
39949,-3.4,-26.0,0.0021342115938482752
39950,-3.4,-25.0,0.006554490162458618
39951,-3.4,-24.0,0.013751721141116799
39952,-3.4,-23.0,0.007377324966727152
39953,-3.4,-22.0,0.0085989728271472
39954,-3.4,-21.0,0.017052594211897417
39955,-3.4,-20.0,0.00877918158490472
39956,-3.4,-19.0,0.00409877512542731
39957,-3.4,-18.0,0.011264313167670561
39958,-3.4,-17.0,0.02291805255759694
39959,-3.4,-16.0,0.012467221481168063
39960,-3.4,-15.0,0.01470409084609325
39961,-3.4,-14.0,0.028901426171715025
39962,-3.4,-13.0,0.014694386058931962
39963,-3.4,-12.0,0.006624949843811142
39964,-3.4,-11.0,0.01955141497853596
39965,-3.4,-10.0,0.04063260118588387
39966,-3.4,-9.0,0.021283239819741864
39967,-3.4,-8.0,0.026850320417413254
39968,-3.4,-7.0,0.05534377118363739
39969,-3.4,-6.0,0.026133527473536623
39970,-3.4,-5.0,0.009786936783915871
39971,-3.4,-4.0,0.0415692119406185
39972,-3.4,-3.0,0.09045922828344663
39973,-3.4,-2.0,0.040298379646010685
39974,-3.4,-1.0,0.008127685559662055
39975,-3.4,0.0,0.0006070322608805434
39976,-3.4,1.0,0.006917443378438291
39977,-3.4,2.0,0.020710904690681268
39978,-3.4,3.0,0.04225239055864325
39979,-3.4,4.0,0.020271377281091112
39980,-3.4,5.0,0.0068170651273723815
39981,-3.4,6.0,0.015136255034482756
39982,-3.4,7.0,0.029741522960979667
39983,-3.4,8.0,0.015088194756568625
39984,-3.4,9.0,0.012752213391039189
39985,-3.4,10.0,0.02339311888718843
39986,-3.4,11.0,0.011471499914287255
39987,-3.4,12.0,0.00416705192011594
39988,-3.4,13.0,0.008894242278194154
39989,-3.4,14.0,0.01722619553414582
39990,-3.4,15.0,0.008674126660002125
39991,-3.4,16.0,0.007424537592541184
39992,-3.4,17.0,0.01379543667382407
39993,-3.4,18.0,0.006571469203689107
39994,-3.4,19.0,0.0021470979984166243
39995,-3.4,20.0,0.005117900766992889
39996,-3.4,21.0,0.010357602488770322
39997,-3.4,22.0,0.004991823551927197
39998,-3.4,23.0,0.004287733774490583
39999,-3.4,24.0,0.008431405117419246
40000,-3.4,25.0,0.003795341048719265
40001,-3.4,26.0,0.0009690736457140242
40002,-3.4,27.0,0.00298196691984132
40003,-3.4,28.0,0.006502323953108578
40004,-3.4,29.0,0.0029741546178291976
40005,-3.4,30.0,0.002572828373870317
40006,-3.4,31.0,0.00541740047253439
40007,-3.4,32.0,0.00231237680229689
40008,-3.4,33.0,0.0004303410638684504
40009,-3.4,34.0,0.001853387657023866
40010,-3.4,35.0,0.004314778656882252
40011,-3.4,36.0,0.0019026712796588483
40012,-3.4,37.0,0.001664132077677609
40013,-3.4,38.0,0.0036792066938669235
40014,-3.4,39.0,0.0016071854821755021
40015,-3.4,40.0,0.0014123686067121146
40016,-3.4,41.0,0.0031603230602398127
40017,-3.4,42.0,0.0012988867291162613
40018,-3.4,43.0,0.0001763858617519966
40019,-3.4,44.0,0.001072517037068984
40020,-3.4,45.0,0.002606503970101717
40021,-3.4,46.0,0.0010655181514739448
40022,-3.4,47.0,7.812804873712236e-05
40023,-3.4,48.0,5.971180649505451e-06
40024,-3.4,49.0,3.924318520325947e-06
40025,-3.4,50.0,2.959314677527367e-06
40026,-3.4,51.0,2.220593708502246e-06
40027,-3.4,52.0,1.6574253989725567e-06
40028,-3.4,53.0,1.230511188783389e-06
40029,-3.4,54.0,9.087066428248483e-07
40030,-3.4,55.0,6.674954230367376e-07
40031,-3.4,56.0,4.877072959700073e-07
40032,-3.4,57.0,3.54451256526185e-07
40033,-3.4,58.0,2.562359408613428e-07
40034,-3.4,59.0,1.8425097368390362e-07
40035,-3.4,60.0,1.317849234369787e-07
40036,-3.4,61.0,9.37578921614749e-08
40037,-3.4,62.0,6.634926170909272e-08
40038,-3.4,63.0,4.670361473526613e-08
40039,-3.4,64.0,3.2700246559444894e-08
40040,-3.4,65.0,2.277391442420309e-08
40041,-3.4,66.0,1.5776492729319587e-08
40042,-3.4,67.0,1.0870996485980952e-08
40043,-3.4,68.0,7.450996561260509e-09
40044,-3.4,69.0,5.0797867692235506e-09
40045,-3.4,70.0,3.444789691539787e-09
40046,-3.4,71.0,2.323625066534364e-09
40047,-3.4,72.0,1.5590336961121393e-09
40048,-3.4,73.0,1.040473586076826e-09
40049,-3.4,74.0,6.907051995322749e-10
40050,-3.3,-75.0,6.883725298518139e-09
40051,-3.3,-74.0,1.005941387079287e-08
40052,-3.3,-73.0,1.4622038716530944e-08
40053,-3.3,-72.0,2.1141183216806695e-08
40054,-3.3,-71.0,3.0404422437154956e-08
40055,-3.3,-70.0,4.34940984780596e-08
40056,-3.3,-69.0,6.18885085055295e-08
40057,-3.3,-68.0,8.759429205273956e-08
40058,-3.3,-67.0,1.2331834992635199e-07
40059,-3.3,-66.0,1.7268941189695712e-07
40060,-3.3,-65.0,2.4054139401727093e-07
40061,-3.3,-64.0,3.332729333862618e-07
40062,-3.3,-63.0,4.592999224634061e-07
40063,-3.3,-62.0,6.296204242511021e-07
40064,-3.3,-61.0,8.585139387412479e-07
40065,-3.3,-60.0,1.1643994758747321e-06
40066,-3.3,-59.0,1.5708790918751942e-06
40067,-3.3,-58.0,2.1079952354458165e-06
40068,-3.3,-57.0,2.8137311465780296e-06
40069,-3.3,-56.0,3.7357833195269896e-06
40070,-3.3,-55.0,4.933633299881319e-06
40071,-3.3,-54.0,6.480942410492607e-06
40072,-3.3,-53.0,8.468286943884153e-06
40073,-3.3,-52.0,1.1006242467482482e-05
40074,-3.3,-51.0,1.4228813735894641e-05
40075,-3.3,-50.0,1.82971909269675e-05
40076,-3.3,-49.0,2.3403793257158117e-05
40077,-3.3,-48.0,2.9776538099931225e-05
40078,-3.3,-47.0,3.768556593466356e-05
40079,-3.3,-46.0,4.8688720767957375e-05
40080,-3.3,-45.0,0.00017128882296229823
40081,-3.3,-44.0,0.0017325224409000621
40082,-3.3,-43.0,0.004284979629445019
40083,-3.3,-42.0,0.0036021620197901525
40084,-3.3,-41.0,0.0047510907063931015
40085,-3.3,-40.0,0.002146460553106928
40086,-3.3,-39.0,0.0024666862212363253
40087,-3.3,-38.0,0.005499527169965272
40088,-3.3,-37.0,0.0024365532932471043
40089,-3.3,-36.0,0.000676870997084622
40090,-3.3,-35.0,0.003071638534876796
40091,-3.3,-34.0,0.007006570067452212
40092,-3.3,-33.0,0.003444208313052287
40093,-3.3,-32.0,0.003995454583078078
40094,-3.3,-31.0,0.008497482872355765
40095,-3.3,-30.0,0.004302503998122151
40096,-3.3,-29.0,0.00500157411058296
40097,-3.3,-28.0,0.010386738387087353
40098,-3.3,-27.0,0.005109734426737619
40099,-3.3,-26.0,0.0021227673326776955
40100,-3.3,-25.0,0.006536915476042821
40101,-3.3,-24.0,0.013724585931803578
40102,-3.3,-23.0,0.007358624032185751
40103,-3.3,-22.0,0.008576729774992818
40104,-3.3,-21.0,0.017016170368914042
40105,-3.3,-20.0,0.008758048496556207
40106,-3.3,-19.0,0.004086562168857974
40107,-3.3,-18.0,0.011235695585581837
40108,-3.3,-17.0,0.02286247772074312
40109,-3.3,-16.0,0.01243921113583115
40110,-3.3,-15.0,0.01466574105787429
40111,-3.3,-14.0,0.02881929742798938
40112,-3.3,-13.0,0.014661795038309125
40113,-3.3,-12.0,0.00662046302467354
40114,-3.3,-11.0,0.01948534141237098
40115,-3.3,-10.0,0.04046549352546498
40116,-3.3,-9.0,0.021213082372848188
40117,-3.3,-8.0,0.026705674190197898
40118,-3.3,-7.0,0.05498174943126086
40119,-3.3,-6.0,0.026001708077617976
40120,-3.3,-5.0,0.009894430054285175
40121,-3.3,-4.0,0.042965933355273586
40122,-3.3,-3.0,0.09201333695661346
40123,-3.3,-2.0,0.04088820569028363
40124,-3.3,-1.0,0.008101448093728517
40125,-3.3,0.0,0.0005988416226691129
40126,-3.3,1.0,0.006848793095145642
40127,-3.3,2.0,0.020603481393331277
40128,-3.3,3.0,0.04208269476044393
40129,-3.3,4.0,0.020174744883317473
40130,-3.3,5.0,0.0067650774375481
40131,-3.3,6.0,0.015045582380589713
40132,-3.3,7.0,0.029583329631461663
40133,-3.3,8.0,0.015004033222504463
40134,-3.3,9.0,0.012676218389126722
40135,-3.3,10.0,0.02325871175820551
40136,-3.3,11.0,0.011406540481904596
40137,-3.3,12.0,0.004144822498841885
40138,-3.3,13.0,0.00884247998404735
40139,-3.3,14.0,0.017121795956295534
40140,-3.3,15.0,0.008625180424537473
40141,-3.3,16.0,0.00738215017610273
40142,-3.3,17.0,0.013709181580515272
40143,-3.3,18.0,0.0065348250425569035
40144,-3.3,19.0,0.0021406651409570797
40145,-3.3,20.0,0.005089107811008436
40146,-3.3,21.0,0.010289694031800557
40147,-3.3,22.0,0.0049628541400786215
40148,-3.3,23.0,0.004262584864325254
40149,-3.3,24.0,0.008373707260454182
40150,-3.3,25.0,0.0037725911942954144
40151,-3.3,26.0,0.0009673949752330194
40152,-3.3,27.0,0.0029634579860194463
40153,-3.3,28.0,0.006454934758994442
40154,-3.3,29.0,0.0029544699366173275
40155,-3.3,30.0,0.0025554462572397398
40156,-3.3,31.0,0.00537602517853663
40157,-3.3,32.0,0.002296137751223329
40158,-3.3,33.0,0.00042919982730567466
40159,-3.3,34.0,0.0018397708712896879
40160,-3.3,35.0,0.004279931496694718
40161,-3.3,36.0,0.0018879973365175853
40162,-3.3,37.0,0.0016510294043257916
40163,-3.3,38.0,0.0036484415949992583
40164,-3.3,39.0,0.0015941389563628684
40165,-3.3,40.0,0.0014006899435833747
40166,-3.3,41.0,0.0031331370507626747
40167,-3.3,42.0,0.0012879438219964429
40168,-3.3,43.0,0.0001752041868668899
40169,-3.3,44.0,0.0010632249930941388
40170,-3.3,45.0,0.002583418479182682
40171,-3.3,46.0,0.0010561732024929084
40172,-3.3,47.0,7.757985481144215e-05
40173,-3.3,48.0,6.0357771599425585e-06
40174,-3.3,49.0,3.980836863483124e-06
40175,-3.3,50.0,3.003560161869975e-06
40176,-3.3,51.0,2.2549950707237665e-06
40177,-3.3,52.0,1.6839989013624355e-06
40178,-3.3,53.0,1.2509061229080724e-06
40179,-3.3,54.0,9.242600964539821e-07
40180,-3.3,55.0,6.792820701425613e-07
40181,-3.3,56.0,4.965837203890561e-07
40182,-3.3,57.0,3.6109470266588566e-07
40183,-3.3,58.0,2.611776554548275e-07
40184,-3.3,59.0,1.879044841007824e-07
40185,-3.3,60.0,1.3446970839073033e-07
40186,-3.3,61.0,9.571895606392148e-08
40187,-3.3,62.0,6.777313858084795e-08
40188,-3.3,63.0,4.773131343403914e-08
40189,-3.3,64.0,3.3437615878849144e-08
40190,-3.3,65.0,2.3299862028129083e-08
40191,-3.3,66.0,1.614944176464391e-08
40192,-3.3,67.0,1.1133912321024821e-08
40193,-3.3,68.0,7.635266377907462e-09
40194,-3.3,69.0,5.208188589533078e-09
40195,-3.3,70.0,3.5337459275642095e-09
40196,-3.3,71.0,2.3848993216799593e-09
40197,-3.3,72.0,1.6009983643100201e-09
40198,-3.3,73.0,1.0690495498297638e-09
40199,-3.3,74.0,7.100532016211624e-10
40200,-3.2,-75.0,6.6558513929168706e-09
40201,-3.2,-74.0,9.731597798573317e-09
40202,-3.2,-73.0,1.4153074531128504e-08
40203,-3.2,-72.0,2.047403981129855e-08
40204,-3.2,-71.0,2.9460655159964406e-08
40205,-3.2,-70.0,4.2166481668093716e-08
40206,-3.2,-69.0,6.003139529147147e-08
40207,-3.2,-68.0,8.501109640643475e-08
40208,-3.2,-67.0,1.1974541809044427e-07
40209,-3.2,-66.0,1.67775406385161e-07
40210,-3.2,-65.0,2.3382115514019538e-07
40211,-3.2,-64.0,3.241346140995023e-07
40212,-3.2,-63.0,4.4694401783194667e-07
40213,-3.2,-62.0,6.130091451845293e-07
40214,-3.2,-61.0,8.363092222249771e-07
40215,-3.2,-60.0,1.1348877956362209e-06
40216,-3.2,-59.0,1.5318811531490497e-06
40217,-3.2,-58.0,2.0567586282251666e-06
40218,-3.2,-57.0,2.746804120507351e-06
40219,-3.2,-56.0,3.648868061116386e-06
40220,-3.2,-55.0,4.821417472570383e-06
40221,-3.2,-54.0,6.3369082953639315e-06
40222,-3.2,-53.0,8.284498328259204e-06
40223,-3.2,-52.0,1.0773110502074874e-05
40224,-3.2,-51.0,1.3934844344454541e-05
40225,-3.2,-50.0,1.7928718021442096e-05
40226,-3.2,-49.0,2.294470398831904e-05
40227,-3.2,-48.0,2.920799864136065e-05
40228,-3.2,-47.0,3.698575789201183e-05
40229,-3.2,-46.0,4.783210766189072e-05
40230,-3.2,-45.0,0.0001702033013061277
40231,-3.2,-44.0,0.0017306028741156422
40232,-3.2,-43.0,0.004281783675002616
40233,-3.2,-42.0,0.0035987795334190553
40234,-3.2,-41.0,0.004746650779392168
40235,-3.2,-40.0,0.0021429281911723584
40236,-3.2,-39.0,0.0024622451127974017
40237,-3.2,-38.0,0.005492579264186062
40238,-3.2,-37.0,0.0024311671369385466
40239,-3.2,-36.0,0.0006720810414147159
40240,-3.2,-35.0,0.0030640133925387888
40241,-3.2,-34.0,0.006994674108884133
40242,-3.2,-33.0,0.0034349573941180257
40243,-3.2,-32.0,0.003984369831970175
40244,-3.2,-31.0,0.008480492632890255
40245,-3.2,-30.0,0.00428969152776284
40246,-3.2,-29.0,0.004986414414390278
40247,-3.2,-28.0,0.010363306863370133
40248,-3.2,-27.0,0.005093375400310126
40249,-3.2,-26.0,0.0021101602612917554
40250,-3.2,-25.0,0.006515797101406718
40251,-3.2,-24.0,0.01369003646248868
40252,-3.2,-23.0,0.007335902284035291
40253,-3.2,-22.0,0.008549815408600836
40254,-3.2,-21.0,0.01697056637870267
40255,-3.2,-20.0,0.008732097673435512
40256,-3.2,-19.0,0.004071991941658143
40257,-3.2,-18.0,0.011200966899114517
40258,-3.2,-17.0,0.022794699831116344
40259,-3.2,-16.0,0.012404411003827774
40260,-3.2,-15.0,0.014619541448555809
40261,-3.2,-14.0,0.028722115571351393
40262,-3.2,-13.0,0.014621306764910353
40263,-3.2,-12.0,0.006612176820070345
40264,-3.2,-11.0,0.01940950535262603
40265,-3.2,-10.0,0.04027887755806735
40266,-3.2,-9.0,0.021132475351428495
40267,-3.2,-8.0,0.026550127400440843
40268,-3.2,-7.0,0.05459900380960229
40269,-3.2,-6.0,0.025859494427666916
40270,-3.2,-5.0,0.010012334755134786
40271,-3.2,-4.0,0.044573100330410294
40272,-3.2,-3.0,0.09389341413781002
40273,-3.2,-2.0,0.041606623237106316
40274,-3.2,-1.0,0.008077396371601467
40275,-3.2,0.0,0.0005899750362955129
40276,-3.2,1.0,0.006771592544137444
40277,-3.2,2.0,0.020470177871041502
40278,-3.2,3.0,0.041860108220564046
40279,-3.2,4.0,0.02005265112371759
40280,-3.2,5.0,0.006704392309223273
40281,-3.2,6.0,0.014935642171790041
40282,-3.2,7.0,0.029387381792450942
40283,-3.2,8.0,0.014900601075187078
40284,-3.2,9.0,0.012583890209844736
40285,-3.2,10.0,0.02309453405736236
40286,-3.2,11.0,0.011326846980315615
40287,-3.2,12.0,0.0041170736225078575
40288,-3.2,13.0,0.008779264011317124
40289,-3.2,14.0,0.016995483934887378
40290,-3.2,15.0,0.008565082520927855
40291,-3.2,16.0,0.007330213004344127
40292,-3.2,17.0,0.013605420222551484
40293,-3.2,18.0,0.0064897392828448695
40294,-3.2,19.0,0.002131349423639894
40295,-3.2,20.0,0.005053750424808289
40296,-3.2,21.0,0.010208711351695189
40297,-3.2,22.0,0.004927518553015067
40298,-3.2,23.0,0.004231975434903329
40299,-3.2,24.0,0.008305419365316187
40300,-3.2,25.0,0.0037450276451772998
40301,-3.2,26.0,0.0009644287793774888
40302,-3.2,27.0,0.0029411840221741873
40303,-3.2,28.0,0.006399435185940228
40304,-3.2,29.0,0.002931053127590619
40305,-3.2,30.0,0.0025348435512377965
40306,-3.2,31.0,0.00532792553929792
40307,-3.2,32.0,0.00227701516909262
40308,-3.2,33.0,0.0004275049258931423
40309,-3.2,34.0,0.0018238538068336568
40310,-3.2,35.0,0.004239757853364178
40311,-3.2,36.0,0.001870970067214368
40312,-3.2,37.0,0.0016358730403765668
40313,-3.2,38.0,0.0036131493683919636
40314,-3.2,39.0,0.0015791130563713675
40315,-3.2,40.0,0.0013872752632282034
40316,-3.2,41.0,0.0031020725507861693
40317,-3.2,42.0,0.0012754061266360694
40318,-3.2,43.0,0.0001738051649322727
40319,-3.2,44.0,0.0010526197213816823
40320,-3.2,45.0,0.0025571430065008203
40321,-3.2,46.0,0.0010455241336115035
40322,-3.2,47.0,7.693592170723634e-05
40323,-3.2,48.0,6.093030493536516e-06
40324,-3.2,49.0,4.0325794380417506e-06
40325,-3.2,50.0,3.0442467047966476e-06
40326,-3.2,51.0,2.2867590607816704e-06
40327,-3.2,52.0,1.7086296400952404e-06
40328,-3.2,53.0,1.26987854681906e-06
40329,-3.2,54.0,9.387782511874799e-07
40330,-3.2,55.0,6.903197926250731e-07
40331,-3.2,56.0,5.049216786286312e-07
40332,-3.2,57.0,3.673533697292382e-07
40333,-3.2,58.0,2.658461072389168e-07
40334,-3.2,59.0,1.913651321374418e-07
40335,-3.2,60.0,1.3701922612071073e-07
40336,-3.2,61.0,9.758574553174318e-08
40337,-3.2,62.0,6.913172830335289e-08
40338,-3.2,63.0,4.871408925487578e-08
40339,-3.2,64.0,3.414427486829691e-08
40340,-3.2,65.0,2.380495289935749e-08
40341,-3.2,66.0,1.650832005069002e-08
40342,-3.2,67.0,1.1387399332291577e-08
40343,-3.2,68.0,7.81326106597828e-09
40344,-3.2,69.0,5.332443137556461e-09
40345,-3.2,70.0,3.619980584970911e-09
40346,-3.2,71.0,2.444400474801673e-09
40347,-3.2,72.0,1.641816389357271e-09
40348,-3.2,73.0,1.0968896095748005e-09
40349,-3.2,74.0,7.289325886122503e-10
40350,-3.1,-75.0,6.429075069095821e-09
40351,-3.1,-74.0,9.405035102046442e-09
40352,-3.1,-73.0,1.3685430146313925e-08
40353,-3.1,-72.0,1.9808089572487566e-08
40354,-3.1,-71.0,2.8517591108471e-08
40355,-3.1,-70.0,4.083844448706972e-08
40356,-3.1,-69.0,5.817168626609296e-08
40357,-3.1,-68.0,8.242144461377438e-08
40358,-3.1,-67.0,1.1615954406373704e-07
40359,-3.1,-66.0,1.6283797115281053e-07
40360,-3.1,-65.0,2.2706101467215256e-07
40361,-3.1,-64.0,3.149311168234152e-07
40362,-3.1,-63.0,4.344848921722347e-07
40363,-3.1,-62.0,5.962383328543303e-07
40364,-3.1,-61.0,8.138628322766426e-07
40365,-3.1,-60.0,1.1050161987444868e-06
40366,-3.1,-59.0,1.492355124042757e-06
40367,-3.1,-58.0,2.0047573997175483e-06
40368,-3.1,-57.0,2.6787832626758426e-06
40369,-3.1,-56.0,3.5604052753762046e-06
40370,-3.1,-55.0,4.7070347275239046e-06
40371,-3.1,-54.0,6.189869266340399e-06
40372,-3.1,-53.0,8.096580872614672e-06
40373,-3.1,-52.0,1.0534354942645086e-05
40374,-3.1,-51.0,1.3633279673777733e-05
40375,-3.1,-50.0,1.755006980015905e-05
40376,-3.1,-49.0,2.2472089699811206e-05
40377,-3.1,-48.0,2.8621618569514714e-05
40378,-3.1,-47.0,3.6262589065483125e-05
40379,-3.1,-46.0,4.694395254497542e-05
40380,-3.1,-45.0,0.00016897313735547478
40381,-3.1,-44.0,0.0017270699121778026
40382,-3.1,-43.0,0.004274571671021001
40383,-3.1,-42.0,0.003592028857532114
40384,-3.1,-41.0,0.004737764920111819
40385,-3.1,-40.0,0.002137406769975577
40386,-3.1,-39.0,0.0024555192124974504
40387,-3.1,-38.0,0.005480497245844404
40388,-3.1,-37.0,0.002423531413753217
40389,-3.1,-36.0,0.0006667001458237056
40390,-3.1,-35.0,0.0030535521374210946
40391,-3.1,-34.0,0.006976250247274198
40392,-3.1,-33.0,0.003422523679905692
40393,-3.1,-32.0,0.003969590506507528
40394,-3.1,-31.0,0.008455589631841481
40395,-3.1,-30.0,0.004272892916866976
40396,-3.1,-29.0,0.00496661783409312
40397,-3.1,-28.0,0.010330201592043722
40398,-3.1,-27.0,0.005072262023104166
40399,-3.1,-26.0,0.002095578431867375
40400,-3.1,-25.0,0.006488588498979462
40401,-3.1,-24.0,0.01364270056323972
40402,-3.1,-23.0,0.007306290604874914
40403,-3.1,-22.0,0.008514886106792631
40404,-3.1,-21.0,0.016909127251908542
40405,-3.1,-20.0,0.008697911201373748
40406,-3.1,-19.0,0.004053476933655068
40407,-3.1,-18.0,0.011155743450549564
40408,-3.1,-17.0,0.022705788490738472
40409,-3.1,-16.0,0.012357958294624941
40410,-3.1,-15.0,0.014559767459875363
40411,-3.1,-14.0,0.028598642074520442
40412,-3.1,-13.0,0.014567183851956473
40413,-3.1,-12.0,0.006597476833549407
40414,-3.1,-11.0,0.01931631146114493
40415,-3.1,-10.0,0.04005703794403836
40416,-3.1,-9.0,0.021033135259997993
40417,-3.1,-8.0,0.026373261879356576
40418,-3.1,-7.0,0.054174174027209504
40419,-3.1,-6.0,0.02569685830954725
40420,-3.1,-5.0,0.010149042597653318
40421,-3.1,-4.0,0.046556737008471696
40422,-3.1,-3.0,0.0963761018991696
40423,-3.1,-2.0,0.04256272937598356
40424,-3.1,-1.0,0.008057343780823706
40425,-3.1,0.0,0.0005798126333440895
40426,-3.1,1.0,0.006678626263652635
40427,-3.1,2.0,0.02028867537373147
40428,-3.1,3.0,0.04153873708850096
40429,-3.1,4.0,0.019883190431102496
40430,-3.1,5.0,0.006627787322855679
40431,-3.1,6.0,0.014790207455111603
40432,-3.1,7.0,0.02912164193340586
40433,-3.1,8.0,0.014761677172124621
40434,-3.1,9.0,0.012461554372235941
40435,-3.1,10.0,0.02287545743311543
40436,-3.1,11.0,0.011220093149451564
40437,-3.1,12.0,0.004079321436128075
40438,-3.1,13.0,0.008695047342313026
40439,-3.1,14.0,0.016828793047468326
40440,-3.1,15.0,0.008484509896245798
40441,-3.1,16.0,0.007260749504632955
40442,-3.1,17.0,0.013469381746796441
40443,-3.1,18.0,0.006429144839686466
40444,-3.1,19.0,0.0021168030957078136
40445,-3.1,20.0,0.005006326074549175
40446,-3.1,21.0,0.010103585792054838
40447,-3.1,22.0,0.004880455533882343
40448,-3.1,23.0,0.004191302128408121
40449,-3.1,24.0,0.008217547847512108
40450,-3.1,25.0,0.003708578874866803
40451,-3.1,26.0,0.0009591057941246475
40452,-3.1,27.0,0.002911950356251872
40453,-3.1,28.0,0.0063289095656635435
40454,-3.1,29.0,0.0029007265585917954
40455,-3.1,30.0,0.0025082738480074543
40456,-3.1,31.0,0.005267353146834077
40457,-3.1,32.0,0.0022525450589492416
40458,-3.1,33.0,0.0004247841216308137
40459,-3.1,34.0,0.0018036657886716229
40460,-3.1,35.0,0.004189692767736475
40461,-3.1,36.0,0.0018495714217875961
40462,-3.1,37.0,0.001616899833217434
40463,-3.1,38.0,0.0035694449717206264
40464,-3.1,39.0,0.0015604078080322936
40465,-3.1,40.0,0.0013706321652505683
40466,-3.1,41.0,0.0030637978472083352
40467,-3.1,42.0,0.0012599026286650445
40468,-3.1,43.0,0.00017200038468962782
40469,-3.1,44.0,0.0010395709665902276
40470,-3.1,45.0,0.0025249344103924778
40471,-3.1,46.0,0.001032448895530039
40472,-3.1,47.0,7.611297386753623e-05
40473,-3.1,48.0,6.1357970722350425e-06
40474,-3.1,49.0,4.074748706203845e-06
40475,-3.1,50.0,3.0777447987385995e-06
40476,-3.1,51.0,2.313153589689602e-06
40477,-3.1,52.0,1.7292720265789102e-06
40478,-3.1,53.0,1.2859050478641706e-06
40479,-3.1,54.0,9.511326312796703e-07
40480,-3.1,55.0,6.997771293878296e-07
40481,-3.1,56.0,5.121118213745413e-07
40482,-3.1,57.0,3.7278307149137975e-07
40483,-3.1,58.0,2.699192353836862e-07
40484,-3.1,59.0,1.9440065240272732e-07
40485,-3.1,60.0,1.3926686527361696e-07
40486,-3.1,61.0,9.923938354534027e-08
40487,-3.1,62.0,7.034066551156924e-08
40488,-3.1,63.0,4.9592389261140535e-08
40489,-3.1,64.0,3.477841020957298e-08
40490,-3.1,65.0,2.425998599932435e-08
40491,-3.1,66.0,1.683284357210249e-08
40492,-3.1,67.0,1.1617442900953426e-08
40493,-3.1,68.0,7.975349431345783e-09
40494,-3.1,69.0,5.445967013473906e-09
40495,-3.1,70.0,3.6990176507862434e-09
40496,-3.1,71.0,2.499101590055313e-09
40497,-3.1,72.0,1.6794517344042426e-09
40498,-3.1,73.0,1.1226315732214245e-09
40499,-3.1,74.0,7.464368744203308e-10
40500,-3.0,-75.0,5.516706313069405e-09
40501,-3.0,-74.0,8.074640165092964e-09
40502,-3.0,-73.0,1.1755811086478403e-08
40503,-3.0,-72.0,1.7024255425535042e-08
40504,-3.0,-71.0,2.452278341036606e-08
40505,-3.0,-70.0,3.51364196650842e-08
40506,-3.0,-69.0,5.007619897078072e-08
40507,-3.0,-68.0,7.098904187462516e-08
40508,-3.0,-67.0,1.0010076128589299e-07
40509,-3.0,-66.0,1.4040079070759443e-07
40510,-3.0,-65.0,1.9587898026170696e-07
40511,-3.0,-64.0,2.7182676880738555e-07
40512,-3.0,-63.0,3.7521718292370646e-07
40513,-3.0,-62.0,5.151803879505446e-07
40514,-3.0,-61.0,7.035938466137046e-07
40515,-3.0,-60.0,9.558084175743973e-07
40516,-3.0,-59.0,1.2915338012411775e-06
40517,-3.0,-58.0,1.7359084215143037e-06
40518,-3.0,-57.0,2.3207798811867996e-06
40519,-3.0,-56.0,3.086222259209683e-06
40520,-3.0,-55.0,4.082315398243132e-06
40521,-3.0,-54.0,5.371208590204923e-06
40522,-3.0,-53.0,7.0294863078493595e-06
40523,-3.0,-52.0,9.150846443869166e-06
40524,-3.0,-51.0,1.1849091512000575e-05
40525,-3.0,-50.0,1.526142008880156e-05
40526,-3.0,-49.0,1.9551989164802042e-05
40527,-3.0,-48.0,2.491569852419462e-05
40528,-3.0,-47.0,3.158417906578361e-05
40529,-3.0,-46.0,4.0928945739563694e-05
40530,-3.0,-45.0,0.00014903899447876062
40531,-3.0,-44.0,0.001531221515997815
40532,-3.0,-43.0,0.0037911771637496416
40533,-3.0,-42.0,0.003185214193189019
40534,-3.0,-41.0,0.004201203133148488
40535,-3.0,-40.0,0.0018940144260670994
40536,-3.0,-39.0,0.0021755634612743166
40537,-3.0,-38.0,0.004858228435206837
40538,-3.0,-37.0,0.002146343069933017
40539,-3.0,-36.0,0.0005875631526143248
40540,-3.0,-35.0,0.0027035591713271754
40541,-3.0,-34.0,0.006181457272457609
40542,-3.0,-33.0,0.003029608298529063
40543,-3.0,-32.0,0.0035135500482765774
40544,-3.0,-31.0,0.00748997662756852
40545,-3.0,-30.0,0.003781210777204127
40546,-3.0,-29.0,0.004394865531847032
40547,-3.0,-28.0,0.009148127927103808
40548,-3.0,-27.0,0.004487537404444805
40549,-3.0,-26.0,0.001848798701149795
40550,-3.0,-25.0,0.005740406645632049
40551,-3.0,-24.0,0.012078365981609695
40552,-3.0,-23.0,0.006464702819752767
40553,-3.0,-22.0,0.007533724858894225
40554,-3.0,-21.0,0.01496780348002784
40555,-3.0,-20.0,0.007696941760782181
40556,-3.0,-19.0,0.003584612328954038
40557,-3.0,-18.0,0.009870760442787643
40558,-3.0,-17.0,0.02009338185145674
40559,-3.0,-16.0,0.010937704346235082
40560,-3.0,-15.0,0.012882127901947553
40561,-3.0,-14.0,0.025298330582401413
40562,-3.0,-13.0,0.012893679967488145
40563,-3.0,-12.0,0.005848036739716572
40564,-3.0,-11.0,0.01707884017179309
40565,-3.0,-10.0,0.035392432075738
40566,-3.0,-9.0,0.018598833829632674
40567,-3.0,-8.0,0.023276358742903302
40568,-3.0,-7.0,0.047759632018872906
40569,-3.0,-6.0,0.022689327043099193
40570,-3.0,-5.0,0.00925594339059718
40571,-3.0,-4.0,0.044871796873745984
40572,-3.0,-3.0,0.10781271222434487
40573,-3.0,-2.0,0.05005956163175615
40574,-3.0,-1.0,0.009025339124905623
40575,-3.0,0.0,0.000630755656279065
40576,-3.0,1.0,0.007291056901206398
40577,-3.0,2.0,0.022259971268976907
40578,-3.0,3.0,0.045629962473779734
40579,-3.0,4.0,0.021824213672282444
40580,-3.0,5.0,0.007252496490645212
40581,-3.0,6.0,0.016212402342493548
40582,-3.0,7.0,0.03194472859333047
40583,-3.0,8.0,0.01618791854342827
40584,-3.0,9.0,0.0136599389097887
40585,-3.0,10.0,0.025081560492013818
40586,-3.0,11.0,0.012302782921747104
40587,-3.0,12.0,0.004473947445825778
40588,-3.0,13.0,0.009532408962138016
40589,-3.0,14.0,0.018445681057311546
40590,-3.0,15.0,0.009303382135843096
40591,-3.0,16.0,0.007960942222285378
40592,-3.0,17.0,0.014760656746859937
40593,-3.0,18.0,0.007050158057739308
40594,-3.0,19.0,0.002327089709662055
40595,-3.0,20.0,0.005489650073477749
40596,-3.0,21.0,0.011068870923359501
40597,-3.0,22.0,0.005350751506595163
40598,-3.0,23.0,0.004594915355023778
40599,-3.0,24.0,0.009000089725242896
40600,-3.0,25.0,0.004065221580363365
40601,-3.0,26.0,0.0010557953559360744
40602,-3.0,27.0,0.0031913253740422426
40603,-3.0,28.0,0.0069285227497911245
40604,-3.0,29.0,0.0031777220727390127
40605,-3.0,30.0,0.002747420663241909
40606,-3.0,31.0,0.005764361789555644
40607,-3.0,32.0,0.00246665089200939
40608,-3.0,33.0,0.00046722691464646073
40609,-3.0,34.0,0.001974462749730586
40610,-3.0,35.0,0.004582972686395642
40611,-3.0,36.0,0.0020239569258723605
40612,-3.0,37.0,0.001769059598167051
40613,-3.0,38.0,0.003903361796036289
40614,-3.0,39.0,0.0017068208615494689
40615,-3.0,40.0,0.0014990079661855809
40616,-3.0,41.0,0.0033495845296790004
40617,-3.0,42.0,0.001377683532356724
40618,-3.0,43.0,0.0001884221190024173
40619,-3.0,44.0,0.0011364757987329711
40620,-3.0,45.0,0.002759733169349332
40621,-3.0,46.0,0.0011285628231548796
40622,-3.0,47.0,8.335368413904828e-05
40623,-3.0,48.0,6.83962927386837e-06
40624,-3.0,49.0,4.557378891401783e-06
40625,-3.0,50.0,3.4441470105025936e-06
40626,-3.0,51.0,2.5899110150824326e-06
40627,-3.0,52.0,1.9372024319972816e-06
40628,-3.0,53.0,1.4412918261425737e-06
40629,-3.0,54.0,1.0666340662953737e-06
40630,-3.0,55.0,7.851732026911047e-07
40631,-3.0,56.0,5.749126830617057e-07
40632,-3.0,57.0,4.1872090225498966e-07
40633,-3.0,58.0,3.0334278426965215e-07
40634,-3.0,59.0,2.185893155771699e-07
40635,-3.0,60.0,1.5667885667177953e-07
40636,-3.0,61.0,1.1170639454250652e-07
40637,-3.0,62.0,7.921945215405056e-08
40638,-3.0,63.0,5.588197928875862e-08
40639,-3.0,64.0,3.921009191935416e-08
40640,-3.0,65.0,2.7365920958107047e-08
40641,-3.0,66.0,1.899802251097928e-08
40642,-3.0,67.0,1.3118761765664489e-08
40643,-3.0,68.0,9.01080119021391e-09
40644,-3.0,69.0,6.15630436102716e-09
40645,-3.0,70.0,4.183722482397271e-09
40646,-3.0,71.0,2.8280804857008205e-09
40647,-3.0,72.0,1.9015457143419844e-09
40648,-3.0,73.0,1.2717679755722115e-09
40649,-3.0,74.0,8.460482030149564e-10
40650,-2.9,-75.0,4.978533300183245e-09
40651,-2.9,-74.0,7.290815678289089e-09
40652,-2.9,-73.0,1.0620303521588182e-08
40653,-2.9,-72.0,1.5388059123087245e-08
40654,-2.9,-71.0,2.21777187313537e-08
40655,-2.9,-70.0,3.179332896643947e-08
40656,-2.9,-69.0,4.5335795822895473e-08
40657,-2.9,-68.0,6.430320080364189e-08
40658,-2.9,-67.0,9.072146322454086e-08
40659,-2.9,-66.0,1.2731325116723089e-07
40660,-2.9,-65.0,1.777146697262634e-07
40661,-2.9,-64.0,2.467510766549321e-07
40662,-2.9,-63.0,3.4078536939481164e-07
40663,-2.9,-62.0,4.681542107080531e-07
40664,-2.9,-61.0,6.397098442476797e-07
40665,-2.9,-60.0,8.694872971509338e-07
40666,-2.9,-59.0,1.1755187389157006e-06
40667,-2.9,-58.0,1.5808183887580695e-06
40668,-2.9,-57.0,2.1145624180553027e-06
40669,-2.9,-56.0,2.8134885163090596e-06
40670,-2.9,-55.0,3.7235388713217625e-06
40671,-2.9,-54.0,4.90176791262933e-06
40672,-2.9,-53.0,6.418531910330745e-06
40673,-2.9,-52.0,8.359971026802101e-06
40674,-2.9,-51.0,1.083078531472601e-05
40675,-2.9,-50.0,1.3957294109022549e-05
40676,-2.9,-49.0,1.7890753014257655e-05
40677,-2.9,-48.0,2.2810884690007803e-05
40678,-2.9,-47.0,2.8931474854029187e-05
40679,-2.9,-46.0,3.752978069939417e-05
40680,-2.9,-45.0,0.00013826699731872338
40681,-2.9,-44.0,0.001427859249686748
40682,-2.9,-43.0,0.0035364932143887467
40683,-2.9,-42.0,0.0029706767336565004
40684,-2.9,-41.0,0.003918244025714486
40685,-2.9,-40.0,0.0017652231330911909
40686,-2.9,-39.0,0.0020273103467135915
40687,-2.9,-38.0,0.004529538196277947
40688,-2.9,-37.0,0.001999263306212895
40689,-2.9,-36.0,0.0005446250154715182
40690,-2.9,-35.0,0.0025175958297121623
40691,-2.9,-34.0,0.005760731772145038
40692,-2.9,-33.0,0.0028206238080999676
40693,-2.9,-32.0,0.003270880696922303
40694,-2.9,-31.0,0.006978056709801922
40695,-2.9,-30.0,0.0035193014356864898
40696,-2.9,-29.0,0.004090220083491943
40697,-2.9,-28.0,0.008520643171918363
40698,-2.9,-27.0,0.004175693997411824
40699,-2.9,-26.0,0.001715443265844828
40700,-2.9,-25.0,0.005341319819781309
40701,-2.9,-24.0,0.011246873987200286
40702,-2.9,-23.0,0.006016059870642111
40703,-2.9,-22.0,0.007010567770038185
40704,-2.9,-21.0,0.013935118344620951
40705,-2.9,-20.0,0.007163610812923481
40706,-2.9,-19.0,0.0033339115579520723
40707,-2.9,-18.0,0.00918576722310443
40708,-2.9,-17.0,0.018701947921209317
40709,-2.9,-16.0,0.01018164909985437
40710,-2.9,-15.0,0.011987725606812731
40711,-2.9,-14.0,0.02353744397279856
40712,-2.9,-13.0,0.012003103665120472
40713,-2.9,-12.0,0.005451858900913465
40714,-2.9,-11.0,0.015882547833263715
40715,-2.9,-10.0,0.03289086204576922
40716,-2.9,-9.0,0.017298104029036226
40717,-2.9,-8.0,0.021608373973940578
40718,-2.9,-7.0,0.04428864693755261
40719,-2.9,-6.0,0.021068017569084874
40720,-2.9,-5.0,0.008447925226243682
40721,-2.9,-4.0,0.03892163830427418
40722,-2.9,-3.0,0.08810403284289327
40723,-2.9,-2.0,0.05201888230966156
40724,-2.9,-1.0,0.009860560395446489
40725,-2.9,0.0,0.0007085299236226478
40726,-2.9,1.0,0.008218724738926295
40727,-2.9,2.0,0.025219657243110476
40728,-2.9,3.0,0.051760164491151624
40729,-2.9,4.0,0.02473627012446221
40730,-2.9,5.0,0.008194466818124782
40731,-2.9,6.0,0.018350485657815722
40732,-2.9,7.0,0.03618389036890553
40733,-2.9,8.0,0.018330487763721464
40734,-2.9,9.0,0.015461398057400787
40735,-2.9,10.0,0.028396689638175033
40736,-2.9,11.0,0.013929448463770795
40737,-2.9,12.0,0.005066424859709974
40738,-2.9,13.0,0.010790818151275831
40739,-2.9,14.0,0.0208767479436119
40740,-2.9,15.0,0.010533627494089886
40741,-2.9,16.0,0.00901300743469281
40742,-2.9,17.0,0.016702832510772432
40743,-2.9,18.0,0.007983039002670542
40744,-2.9,19.0,0.002641536885961204
40745,-2.9,20.0,0.006215762673985128
40746,-2.9,21.0,0.012521558547043838
40747,-2.9,22.0,0.006057530230036602
40748,-2.9,23.0,0.005201550612566008
40749,-2.9,24.0,0.01017839868975186
40750,-2.9,25.0,0.0046013915848381656
40751,-2.9,26.0,0.0012000899057056044
40752,-2.9,27.0,0.003611499990445242
40753,-2.9,28.0,0.007832150629483788
40754,-2.9,29.0,0.003594637833531219
40755,-2.9,30.0,0.0031074624442648732
40756,-2.9,31.0,0.006513863558077972
40757,-2.9,32.0,0.0027891549595803105
40758,-2.9,33.0,0.0005306690696377479
40759,-2.9,34.0,0.0022318900154376818
40760,-2.9,35.0,0.00517655066334666
40761,-2.9,36.0,0.0022869752495822543
40762,-2.9,37.0,0.0019986271935093
40763,-2.9,38.0,0.0044076226644647575
40764,-2.9,39.0,0.0019278216969412301
40765,-2.9,40.0,0.001692839820443739
40766,-2.9,41.0,0.0037813649968123026
40767,-2.9,42.0,0.0015555719832024291
40768,-2.9,43.0,0.00021314459112925917
40769,-2.9,44.0,0.001282902967618146
40770,-2.9,45.0,0.0031146563150953174
40771,-2.9,46.0,0.0012738249159050165
40772,-2.9,47.0,9.426094648271335e-05
40773,-2.9,48.0,7.872661949042421e-06
40774,-2.9,49.0,5.262958776374027e-06
40775,-2.9,50.0,3.979524566660406e-06
40776,-2.9,51.0,2.994095494145459e-06
40777,-2.9,52.0,2.240717600919581e-06
40778,-2.9,53.0,1.6679974228663753e-06
40779,-2.9,54.0,1.235066228510718e-06
40780,-2.9,55.0,9.096443382428965e-07
40781,-2.9,56.0,6.664067765216674e-07
40782,-2.9,57.0,4.856166019663221e-07
40783,-2.9,58.0,3.5199291967783093e-07
40784,-2.9,59.0,2.5378185501484573e-07
40785,-2.9,60.0,1.820008482119875e-07
40786,-2.9,61.0,1.2982921647633452e-07
40787,-2.9,62.0,9.21207830516166e-08
40788,-2.9,63.0,6.501730326894434e-08
40789,-2.9,64.0,4.564428616530376e-08
40790,-2.9,65.0,3.1873519029842526e-08
40791,-2.9,66.0,2.2139088308245655e-08
40792,-2.9,67.0,1.5295918764860144e-08
40793,-2.9,68.0,1.051181040971291e-08
40794,-2.9,69.0,7.185642116093433e-09
40795,-2.9,70.0,4.8858458225044945e-09
40796,-2.9,71.0,3.304456533067467e-09
40797,-2.9,72.0,2.2230357049315988e-09
40798,-2.9,73.0,1.4875752412183753e-09
40799,-2.9,74.0,9.901421603842576e-10
40800,-2.8,-75.0,4.872688326224476e-09
40801,-2.8,-74.0,7.139613877410624e-09
40802,-2.8,-73.0,1.0405595136101789e-08
40803,-2.8,-72.0,1.5084997097750138e-08
40804,-2.8,-71.0,2.1752523433577815e-08
40805,-2.8,-70.0,3.1200400363646825e-08
40806,-2.8,-69.0,4.451401790654951e-08
40807,-2.8,-68.0,6.317125906863868e-08
40808,-2.8,-67.0,8.917197327195576e-08
40809,-2.8,-66.0,1.2520547753015104e-07
40810,-2.8,-65.0,1.7486560235227313e-07
40811,-2.8,-64.0,2.429246328408776e-07
40812,-2.8,-63.0,3.3567950747383686e-07
40813,-2.8,-62.0,4.613857861003558e-07
40814,-2.8,-61.0,6.307971179286954e-07
40815,-2.8,-60.0,8.578301321647613e-07
40816,-2.8,-59.0,1.160376704836364e-06
40817,-2.8,-58.0,1.5612872508301566e-06
40818,-2.8,-57.0,2.0895498317631086e-06
40819,-2.8,-56.0,2.7816901939746455e-06
40820,-2.8,-55.0,3.6834170485983963e-06
40821,-2.8,-54.0,4.851534630541005e-06
40822,-2.8,-53.0,6.356140449687585e-06
40823,-2.8,-52.0,8.283119786965671e-06
40824,-2.8,-51.0,1.0736939509729647e-05
40825,-2.8,-50.0,1.3843731841727422e-05
40826,-2.8,-49.0,1.7754643550605096e-05
40827,-2.8,-48.0,2.2649408048655896e-05
40828,-2.8,-47.0,2.8742016237052562e-05
40829,-2.8,-46.0,3.732257843699647e-05
40830,-2.8,-45.0,0.00013913267199165927
40831,-2.8,-44.0,0.0014441340089054394
40832,-2.8,-43.0,0.003578032765885516
40833,-2.8,-42.0,0.0030050073330653033
40834,-2.8,-41.0,0.003963532020837166
40835,-2.8,-40.0,0.0017843976119159039
40836,-2.8,-39.0,0.0020490108386480676
40837,-2.8,-38.0,0.004580400167939928
40838,-2.8,-37.0,0.0020198388350458137
40839,-2.8,-36.0,0.0005475393888390476
40840,-2.8,-35.0,0.0025427944211641735
40841,-2.8,-34.0,0.005822880669431308
40842,-2.8,-33.0,0.002848249662570637
40843,-2.8,-32.0,0.0033026072055238223
40844,-2.8,-31.0,0.007051175050347674
40845,-2.8,-30.0,0.0035526653616178455
40846,-2.8,-29.0,0.004128759129104748
40847,-2.8,-28.0,0.008607653014638193
40848,-2.8,-27.0,0.004214237342838195
40849,-2.8,-26.0,0.001726313627853372
40850,-2.8,-25.0,0.005390431637780968
40851,-2.8,-24.0,0.011358651537841664
40852,-2.8,-23.0,0.006072160225779218
40853,-2.8,-22.0,0.0070756225480411985
40854,-2.8,-21.0,0.014071306707211554
40855,-2.8,-20.0,0.007231223917156783
40856,-2.8,-19.0,0.0033629377905976523
40857,-2.8,-18.0,0.009271466150823719
40858,-2.8,-17.0,0.018879626951198627
40859,-2.8,-16.0,0.010279641354375712
40860,-2.8,-15.0,0.012099218689840811
40861,-2.8,-14.0,0.02375215560186091
40862,-2.8,-13.0,0.012119394291164268
40863,-2.8,-12.0,0.005512348968112463
40864,-2.8,-11.0,0.01602007604275761
40865,-2.8,-10.0,0.03315342111402574
40866,-2.8,-9.0,0.01745007226250309
40867,-2.8,-8.0,0.02175899143285925
40868,-2.8,-7.0,0.04454925043464416
40869,-2.8,-6.0,0.021220808079572242
40870,-2.8,-5.0,0.008468283366260874
40871,-2.8,-4.0,0.03803154131581022
40872,-2.8,-3.0,0.08579807601677047
40873,-2.8,-2.0,0.04985648040881613
40874,-2.8,-1.0,0.00970509907549057
40875,-2.8,0.0,0.0007067499082973492
40876,-2.8,1.0,0.008226537420671906
40877,-2.8,2.0,0.02537377846009624
40878,-2.8,3.0,0.052140788360437715
40879,-2.8,4.0,0.024897777592127475
40880,-2.8,5.0,0.008221580712659297
40881,-2.8,6.0,0.018444293200845067
40882,-2.8,7.0,0.03639579393958341
40883,-2.8,8.0,0.018431975807125307
40884,-2.8,9.0,0.015540296093335572
40885,-2.8,10.0,0.02854935646269223
40886,-2.8,11.0,0.014004743951920315
40887,-2.8,12.0,0.005094564553825949
40888,-2.8,13.0,0.010847109650504524
40889,-2.8,14.0,0.02098188017623198
40890,-2.8,15.0,0.010590707991125962
40891,-2.8,16.0,0.00906116719676332
40892,-2.8,17.0,0.016783709084932805
40893,-2.8,18.0,0.008026908463470614
40894,-2.8,19.0,0.002662551358310446
40895,-2.8,20.0,0.0062496443251697145
40896,-2.8,21.0,0.012578465471499607
40897,-2.8,22.0,0.00608961274572635
40898,-2.8,23.0,0.005228797127555771
40899,-2.8,24.0,0.010221791889737979
40900,-2.8,25.0,0.0046249743674011586
40901,-2.8,26.0,0.0012113102221101427
40902,-2.8,27.0,0.003629279915303246
40903,-2.8,28.0,0.007862071571320321
40904,-2.8,29.0,0.0036108663212567633
40905,-2.8,30.0,0.0031210740229424146
40906,-2.8,31.0,0.006536446045507015
40907,-2.8,32.0,0.002800627240129433
40908,-2.8,33.0,0.0005352328939981192
40909,-2.8,34.0,0.002240343296497446
40910,-2.8,35.0,0.005192168204987704
40911,-2.8,36.0,0.0022947674829569475
40912,-2.8,37.0,0.0020051094772794245
40913,-2.8,38.0,0.004419615341925566
40914,-2.8,39.0,0.0019335787847995249
40915,-2.8,40.0,0.0016976325442945447
40916,-2.8,41.0,0.0037907056207843325
40917,-2.8,42.0,0.0015597173859852372
40918,-2.8,43.0,0.00021411337318200105
40919,-2.8,44.0,0.0012860030245346807
40920,-2.8,45.0,0.003121520496432062
40921,-2.8,46.0,0.0012767549497137716
40922,-2.8,47.0,9.466007068409596e-05
40923,-2.8,48.0,8.046823693512547e-06
40924,-2.8,49.0,5.396749774220543e-06
40925,-2.8,50.0,4.082893883627363e-06
40926,-2.8,51.0,3.073504429463307e-06
40927,-2.8,52.0,2.301370990477818e-06
40928,-2.8,53.0,1.7140607660374749e-06
40929,-2.8,54.0,1.2698500172442555e-06
40930,-2.8,55.0,9.357614667784553e-07
40931,-2.8,56.0,6.859055297515324e-07
40932,-2.8,57.0,5.00091869986844e-07
40933,-2.8,58.0,3.626782991335334e-07
40934,-2.8,59.0,2.616252088121979e-07
40935,-2.8,60.0,1.8772573493091093e-07
40936,-2.8,61.0,1.3398439523435106e-07
40937,-2.8,62.0,9.511976962259204e-08
40938,-2.8,63.0,6.716971521010348e-08
40939,-2.8,64.0,4.7180480657895536e-08
40940,-2.8,65.0,3.296380556776721e-08
40941,-2.8,66.0,2.290859474269135e-08
40942,-2.8,67.0,1.583600658772699e-08
40943,-2.8,68.0,1.0888774734831315e-08
40944,-2.8,69.0,7.447293432036277e-09
40945,-2.8,70.0,5.0664531367840636e-09
40946,-2.8,71.0,3.428433295804288e-09
40947,-2.8,72.0,2.3076688503617437e-09
40948,-2.8,73.0,1.5450316499349076e-09
40949,-2.8,74.0,1.0289336755191032e-09
40950,-2.7,-75.0,4.7580651696067245e-09
40951,-2.7,-74.0,6.975379924406103e-09
40952,-2.7,-73.0,1.0171651114422666e-08
40953,-2.7,-72.0,1.4753706902979898e-08
40954,-2.7,-71.0,2.1286141999515628e-08
40955,-2.7,-70.0,3.0547724555939124e-08
40956,-2.7,-69.0,4.360606366022869e-08
40957,-2.7,-68.0,6.19157318193079e-08
40958,-2.7,-67.0,8.744626083971569e-08
40959,-2.7,-66.0,1.2284785702922126e-07
40960,-2.7,-65.0,1.716643184232078e-07
40961,-2.7,-64.0,2.3860447775010164e-07
40962,-2.7,-63.0,3.298855200490436e-07
40963,-2.7,-62.0,4.536636933754726e-07
40964,-2.7,-61.0,6.205701798905084e-07
40965,-2.7,-60.0,8.443721271829715e-07
40966,-2.7,-59.0,1.1427809241890581e-06
40967,-2.7,-58.0,1.5384315699120233e-06
40968,-2.7,-57.0,2.060058209137731e-06
40969,-2.7,-56.0,2.7438913341579808e-06
40970,-2.7,-55.0,3.6353014668293835e-06
40971,-2.7,-54.0,4.790711992729949e-06
40972,-2.7,-53.0,6.279799839905133e-06
40973,-2.7,-52.0,8.187996484622278e-06
40974,-2.7,-51.0,1.0619292937703379e-05
40975,-2.7,-50.0,1.369934056354024e-05
40976,-2.7,-49.0,1.757882452470248e-05
40977,-2.7,-48.0,2.243706875644579e-05
40978,-2.7,-47.0,2.8487768736407013e-05
40979,-2.7,-46.0,3.703107921837384e-05
40980,-2.7,-45.0,0.00013969494055242785
40981,-2.7,-44.0,0.0014573140438911042
40982,-2.7,-43.0,0.0036119138563172754
40983,-2.7,-42.0,0.0030328987851176376
40984,-2.7,-41.0,0.004000324376058764
40985,-2.7,-40.0,0.0017997335422248921
40986,-2.7,-39.0,0.0020662966846251643
40987,-2.7,-38.0,0.004621418323661203
40988,-2.7,-37.0,0.0020360488727788097
40989,-2.7,-36.0,0.0005492334827210248
40990,-2.7,-35.0,0.0025624801069652594
40991,-2.7,-34.0,0.0058724653004423475
40992,-2.7,-33.0,0.002869683948839266
40993,-2.7,-32.0,0.0033271450213661945
40994,-2.7,-31.0,0.007109030219270498
40995,-2.7,-30.0,0.0035782718769382387
40996,-2.7,-29.0,0.004158274352855509
40997,-2.7,-28.0,0.008675974099547769
40998,-2.7,-27.0,0.00424353715353619
40999,-2.7,-26.0,0.0017332795793811061
41000,-2.7,-25.0,0.00542770788307293
41001,-2.7,-24.0,0.011445688257692635
41002,-2.7,-23.0,0.006114918924610058
41003,-2.7,-22.0,0.007125134158549199
41004,-2.7,-21.0,0.014176800815677666
41005,-2.7,-20.0,0.007282937166307824
41006,-2.7,-19.0,0.0033844285364520665
41007,-2.7,-18.0,0.00933680687814286
41008,-2.7,-17.0,0.01901610336631889
41009,-2.7,-16.0,0.010355104496948233
41010,-2.7,-15.0,0.01218422547674167
41011,-2.7,-14.0,0.023915075614233044
41012,-2.7,-13.0,0.012209212629500652
41013,-2.7,-12.0,0.005560771656094436
41014,-2.7,-11.0,0.01612278136255937
41015,-2.7,-10.0,0.03334402833452563
41016,-2.7,-9.0,0.017564271725699524
41017,-2.7,-8.0,0.021863129233176865
41018,-2.7,-7.0,0.0447148814985179
41019,-2.7,-6.0,0.021328672343669863
41020,-2.7,-5.0,0.008491415230988323
41021,-2.7,-4.0,0.03736660455376163
41022,-2.7,-3.0,0.08406098587420964
41023,-2.7,-2.0,0.04810715030742814
41024,-2.7,-1.0,0.009570701014087944
41025,-2.7,0.0,0.0007042499199031274
41026,-2.7,1.0,0.008225675110339727
41027,-2.7,2.0,0.025503878512432732
41028,-2.7,3.0,0.0524734568986187
41029,-2.7,4.0,0.025035797049133314
41030,-2.7,5.0,0.008240141167342657
41031,-2.7,6.0,0.018519699208449734
41032,-2.7,7.0,0.0365721251856766
41033,-2.7,8.0,0.018515173430658286
41034,-2.7,9.0,0.015603549618171498
41035,-2.7,10.0,0.0286736800352818
41036,-2.7,11.0,0.014065985132378184
41037,-2.7,12.0,0.0051174102131012105
41038,-2.7,13.0,0.010892425462866366
41039,-2.7,14.0,0.021066012485507764
41040,-2.7,15.0,0.010637141125427458
41041,-2.7,16.0,0.009100193726883766
41042,-2.7,17.0,0.016847756640037185
41043,-2.7,18.0,0.008062726766420338
41044,-2.7,19.0,0.002680895849350317
41045,-2.7,20.0,0.006277260913270599
41046,-2.7,21.0,0.012622752818298914
41047,-2.7,22.0,0.006115612126824523
41048,-2.7,23.0,0.00525082194607208
41049,-2.7,24.0,0.010254925414385595
41050,-2.7,25.0,0.004643949924913001
41051,-2.7,26.0,0.0012213701747018659
41052,-2.7,27.0,0.0036434476059948027
41053,-2.7,28.0,0.007884088400501322
41054,-2.7,29.0,0.003623494856841171
41055,-2.7,30.0,0.0031315736948574983
41056,-2.7,31.0,0.006552443220893467
41057,-2.7,32.0,0.002809303359583606
41058,-2.7,33.0,0.0005392965827187685
41059,-2.7,34.0,0.0022465560821572864
41060,-2.7,35.0,0.005202536083564396
41061,-2.7,36.0,0.0023002546600558696
41062,-2.7,37.0,0.002009575595896955
41063,-2.7,38.0,0.0044271270353096435
41064,-2.7,39.0,0.0019373851355737844
41065,-2.7,40.0,0.0017007105938853097
41066,-2.7,41.0,0.003796193160156865
41067,-2.7,42.0,0.0015622835727057513
41068,-2.7,43.0,0.00021487376478823673
41069,-2.7,44.0,0.0012877979498525933
41070,-2.7,45.0,0.003125203115317744
41071,-2.7,46.0,0.0012783864588212027
41072,-2.7,47.0,9.496706818326685e-05
41073,-2.7,48.0,8.216438313499573e-06
41074,-2.7,49.0,5.527961833121051e-06
41075,-2.7,50.0,4.184420765016115e-06
41076,-2.7,51.0,3.1516094218350176e-06
41077,-2.7,52.0,2.3611114776623143e-06
41078,-2.7,53.0,1.7594924227130659e-06
41079,-2.7,54.0,1.3042022895054327e-06
41080,-2.7,55.0,9.615880112232932e-07
41081,-2.7,56.0,7.052117640354742e-07
41082,-2.7,57.0,5.144419870025536e-07
41083,-2.7,58.0,3.7328415593699796e-07
41084,-2.7,59.0,2.694194540999904e-07
41085,-2.7,60.0,1.934214156685233e-07
41086,-2.7,61.0,1.381231096986681e-07
41087,-2.7,62.0,9.811023171298693e-08
41088,-2.7,63.0,6.931837997814022e-08
41089,-2.7,64.0,4.871566610190292e-08
41090,-2.7,65.0,3.40545397717849e-08
41091,-2.7,66.0,2.3679226353585095e-08
41092,-2.7,67.0,1.6377443941038352e-08
41093,-2.7,68.0,1.1267066294212253e-08
41094,-2.7,69.0,7.710129828177993e-09
41095,-2.7,70.0,5.24805821621938e-09
41096,-2.7,71.0,3.553216803534665e-09
41097,-2.7,72.0,2.3929348795001788e-09
41098,-2.7,73.0,1.6029728316646579e-09
41099,-2.7,74.0,1.0680892690256776e-09
41100,-2.6,-75.0,4.640175061058512e-09
41101,-2.6,-74.0,6.8061769487532105e-09
41102,-2.6,-73.0,9.930204984446183e-09
41103,-2.6,-72.0,1.4411171905325788e-08
41104,-2.6,-71.0,2.080302502311177e-08
41105,-2.6,-70.0,2.9870314256215406e-08
41106,-2.6,-69.0,4.266180236337726e-08
41107,-2.6,-68.0,6.060726897460862e-08
41108,-2.6,-67.0,8.564388062392035e-08
41109,-2.6,-66.0,1.20379924809083e-07
41110,-2.6,-65.0,1.6830534386971313e-07
41111,-2.6,-64.0,2.3406035035739527e-07
41112,-2.6,-63.0,3.237754409885352e-07
41113,-2.6,-62.0,4.4549831306147673e-07
41114,-2.6,-61.0,6.097254623149108e-07
41115,-2.6,-60.0,8.300585110239572e-07
41116,-2.6,-59.0,1.1240074500510334e-06
41117,-2.6,-58.0,1.51396480794699e-06
41118,-2.6,-57.0,2.028376068553274e-06
41119,-2.6,-56.0,2.7031321836663743e-06
41120,-2.6,-55.0,3.5832094610971197e-06
41121,-2.6,-54.0,4.724580101493757e-06
41122,-2.6,-53.0,6.196412828136794e-06
41123,-2.6,-52.0,8.083577003797944e-06
41124,-2.6,-51.0,1.0489454962667838e-05
41125,-2.6,-50.0,1.3539055639733691e-05
41126,-2.6,-49.0,1.738240765713583e-05
41127,-2.6,-48.0,2.219819224499934e-05
41128,-2.6,-47.0,2.819953055745749e-05
41129,-2.6,-46.0,3.669509455009728e-05
41130,-2.6,-45.0,0.0001400944671192854
41131,-2.6,-44.0,0.001468824881350325
41132,-2.6,-43.0,0.0036416626544827292
41133,-2.6,-42.0,0.0030573151517102833
41134,-2.6,-41.0,0.004032530555965984
41135,-2.6,-40.0,0.0018129967296581717
41136,-2.6,-39.0,0.0020811970031029627
41137,-2.6,-38.0,0.004657117437266579
41138,-2.6,-37.0,0.002049897495416942
41139,-2.6,-36.0,0.0005502631472848784
41140,-2.6,-35.0,0.002579179051050541
41141,-2.6,-34.0,0.005915249426934286
41142,-2.6,-33.0,0.0028877590497935327
41143,-2.6,-32.0,0.0033477796879997556
41144,-2.6,-31.0,0.00715861157123622
41145,-2.6,-30.0,0.0035996587397101767
41146,-2.6,-29.0,0.004182878138530651
41147,-2.6,-28.0,0.008734148689255776
41148,-2.6,-27.0,0.0042677943955668094
41149,-2.6,-26.0,0.0017380846324071984
41150,-2.6,-25.0,0.005458522464098647
41151,-2.6,-24.0,0.011519269692118216
41152,-2.6,-23.0,0.00615038540148629
41153,-2.6,-22.0,0.007166152972870473
41154,-2.6,-21.0,0.014265590998685107
41155,-2.6,-20.0,0.007325949960565539
41156,-2.6,-19.0,0.0034017415714376283
41157,-2.6,-18.0,0.009391024097980063
41158,-2.6,-17.0,0.019130169740995576
41159,-2.6,-16.0,0.010418262864889154
41160,-2.6,-15.0,0.012254797572171572
41161,-2.6,-14.0,0.024049885502172092
41162,-2.6,-13.0,0.012284608056774074
41163,-2.6,-12.0,0.005602568693402469
41164,-2.6,-11.0,0.016206661752584294
41165,-2.6,-10.0,0.033495897416184126
41166,-2.6,-9.0,0.017658115631977046
41167,-2.6,-8.0,0.021942642787402152
41168,-2.6,-7.0,0.04483049495395629
41169,-2.6,-6.0,0.021412785821088822
41170,-2.6,-5.0,0.008516068831852545
41171,-2.6,-4.0,0.03682312764653714
41172,-2.6,-3.0,0.08263076449004425
41173,-2.6,-2.0,0.046588611105411654
41174,-2.6,-1.0,0.009447909721632387
41175,-2.6,0.0,0.0007013490444751283
41176,-2.6,1.0,0.008219796131329804
41177,-2.6,2.0,0.025621003056310692
41178,-2.6,3.0,0.05278075172334973
41179,-2.6,4.0,0.02516114447218346
41180,-2.6,5.0,0.008253760540603845
41181,-2.6,6.0,0.01858473662107417
41182,-2.6,7.0,0.036728683414980756
41183,-2.6,8.0,0.018588090799654688
41184,-2.6,9.0,0.015657921006585494
41185,-2.6,10.0,0.02878207000169077
41186,-2.6,11.0,0.014119256233019054
41187,-2.6,12.0,0.005137170407447851
41188,-2.6,13.0,0.01093147968132948
41189,-2.6,14.0,0.021138275196759357
41190,-2.6,15.0,0.010677525187582379
41191,-2.6,16.0,0.00913402191754235
41192,-2.6,17.0,0.01690228437331528
41193,-2.6,18.0,0.008093977175716
41194,-2.6,19.0,0.002697710342998943
41195,-2.6,20.0,0.006301324746160528
41196,-2.6,21.0,0.012659906173551547
41197,-2.6,22.0,0.006138173694676643
41198,-2.6,23.0,0.00526989704430325
41199,-2.6,24.0,0.010282263423634981
41200,-2.6,25.0,0.004660329255577804
41201,-2.6,26.0,0.0012307851582956124
41202,-2.6,27.0,0.003655582798375309
41203,-2.6,28.0,0.007901642492970791
41204,-2.6,29.0,0.0036340985624103133
41205,-2.6,30.0,0.0031403238740212638
41206,-2.6,31.0,0.006564721344843571
41207,-2.6,32.0,0.00281640757620064
41208,-2.6,33.0,0.0005430890663621492
41209,-2.6,34.0,0.002251509346974597
41210,-2.6,35.0,0.005209936217990643
41211,-2.6,36.0,0.002304443484749101
41212,-2.6,37.0,0.0020129059071684256
41213,-2.6,38.0,0.0044321029641334496
41214,-2.6,39.0,0.001940090764126621
41215,-2.6,40.0,0.0017028208346034702
41216,-2.6,41.0,0.0037994980618284006
41217,-2.6,42.0,0.0015639572777432895
41218,-2.6,43.0,0.0002155192701722294
41219,-2.6,44.0,0.0012888546453952655
41220,-2.6,45.0,0.003127081487028748
41221,-2.6,46.0,0.0012792825629630784
41222,-2.6,47.0,9.522335460903187e-05
41223,-2.6,48.0,8.3847720053434e-06
41224,-2.6,49.0,5.6587577781405286e-06
41225,-2.6,50.0,4.28574014402747e-06
41226,-2.6,51.0,3.229640368598122e-06
41227,-2.6,52.0,2.420859452054001e-06
41228,-2.6,53.0,1.8049775802993572e-06
41229,-2.6,54.0,1.3386304831307837e-06
41230,-2.6,55.0,9.874978178762758e-07
41231,-2.6,56.0,7.245994733816204e-07
41232,-2.6,57.0,5.288667218631148e-07
41233,-2.6,58.0,3.8395538534744825e-07
41234,-2.6,59.0,2.772691402103794e-07
41235,-2.6,60.0,1.9916293684750803e-07
41236,-2.6,61.0,1.4229894956925643e-07
41237,-2.6,62.0,1.0113023873677363e-07
41238,-2.6,63.0,7.14902014898504e-08
41239,-2.6,64.0,5.0268757228881435e-08
41240,-2.6,65.0,3.515895076561681e-08
41241,-2.6,66.0,2.4460187828419275e-08
41242,-2.6,67.0,1.6926602225436865e-08
41243,-2.6,68.0,1.1651072510490496e-08
41244,-2.6,69.0,7.977156920431275e-09
41245,-2.6,70.0,5.432709427368918e-09
41246,-2.6,71.0,3.680195834033945e-09
41247,-2.6,72.0,2.479770511477557e-09
41248,-2.6,73.0,1.6620273340535363e-09
41249,-2.6,74.0,1.1080285257510586e-09
41250,-2.5,-75.0,4.521283061955026e-09
41251,-2.5,-74.0,6.635321294064867e-09
41252,-2.5,-73.0,9.686086073125869e-09
41253,-2.5,-72.0,1.406438668841282e-08
41254,-2.5,-71.0,2.0313248452517688e-08
41255,-2.5,-70.0,2.918260588099459e-08
41256,-2.5,-69.0,4.170180631962032e-08
41257,-2.5,-68.0,5.92750284924574e-08
41258,-2.5,-67.0,8.380593647958153e-08
41259,-2.5,-66.0,1.1785931236487865e-07
41260,-2.5,-65.0,1.6486904790351838e-07
41261,-2.5,-64.0,2.29403724417272e-07
41262,-2.5,-63.0,3.175030536196644e-07
41263,-2.5,-62.0,4.3710065377440263e-07
41264,-2.5,-61.0,5.985509344036222e-07
41265,-2.5,-60.0,8.152801672620522e-07
41266,-2.5,-59.0,1.104584004098055e-06
41267,-2.5,-58.0,1.4885955943705705e-06
41268,-2.5,-57.0,1.9954498450253727e-06
41269,-2.5,-56.0,2.660669988844408e-06
41270,-2.5,-55.0,3.52880218025953e-06
41271,-2.5,-54.0,4.655321967872701e-06
41272,-2.5,-53.0,6.1088328176052506e-06
41273,-2.5,-52.0,7.973570976479213e-06
41274,-2.5,-51.0,1.0352222472942873e-05
41275,-2.5,-50.0,1.3369046572555213e-05
41276,-2.5,-49.0,1.7173285237842236e-05
41277,-2.5,-48.0,2.1942820485798546e-05
41278,-2.5,-47.0,2.7890011098332504e-05
41279,-2.5,-46.0,3.633103732158123e-05
41280,-2.5,-45.0,0.00014038841534681342
41281,-2.5,-44.0,0.0014792419001776458
41282,-2.5,-43.0,0.0036687017377442584
41283,-2.5,-42.0,0.0030794525473796146
41284,-2.5,-41.0,0.004061728173474206
41285,-2.5,-40.0,0.0018249004376166757
41286,-2.5,-39.0,0.0020945315874056525
41287,-2.5,-38.0,0.004689324237134788
41288,-2.5,-37.0,0.0020621948566098966
41289,-2.5,-36.0,0.000550854621937216
41290,-2.5,-35.0,0.002593912837422792
41291,-2.5,-34.0,0.005953561350547425
41292,-2.5,-33.0,0.0029036207277859925
41293,-2.5,-32.0,0.00336584041588456
41294,-2.5,-31.0,0.007202743617890828
41295,-2.5,-30.0,0.0036182576076935914
41296,-2.5,-29.0,0.004204234747417027
41297,-2.5,-28.0,0.008785629946174664
41298,-2.5,-27.0,0.004288709561163075
41299,-2.5,-26.0,0.0017414372475152728
41300,-2.5,-25.0,0.005485050555557602
41301,-2.5,-24.0,0.011583959189147298
41302,-2.5,-23.0,0.0061810076495864815
41303,-2.5,-22.0,0.007201532013062648
41304,-2.5,-21.0,0.014343334953055729
41305,-2.5,-20.0,0.00736317471573727
41306,-2.5,-19.0,0.0034162360893660545
41307,-2.5,-18.0,0.009437853552848433
41308,-2.5,-17.0,0.019229427125476418
41309,-2.5,-16.0,0.01047325053257687
41310,-2.5,-15.0,0.012315809297690586
41311,-2.5,-14.0,0.024166166360144164
41312,-2.5,-13.0,0.012350451031644597
41313,-2.5,-12.0,0.005639934200759296
41314,-2.5,-11.0,0.016278187818435468
41315,-2.5,-10.0,0.033622474057178955
41316,-2.5,-9.0,0.017738643800681367
41317,-2.5,-8.0,0.022006362948313304
41318,-2.5,-7.0,0.04491426978674599
41319,-2.5,-6.0,0.021481700280974847
41320,-2.5,-5.0,0.00854172021374382
41321,-2.5,-4.0,0.036359174163203424
41322,-2.5,-3.0,0.0814014890865873
41323,-2.5,-2.0,0.045226037140609604
41324,-2.5,-1.0,0.009332855645766976
41325,-2.5,0.0,0.0006981795265402985
41326,-2.5,1.0,0.008210413547004504
41327,-2.5,2.0,0.025729705549587714
41328,-2.5,3.0,0.05307197499807269
41329,-2.5,4.0,0.02527827553017312
41330,-2.5,5.0,0.008263926017351214
41331,-2.5,6.0,0.018642701507369935
41332,-2.5,7.0,0.036871945776361825
41333,-2.5,8.0,0.018654011840900854
41334,-2.5,9.0,0.015706181587606855
41335,-2.5,10.0,0.02887961071055248
41336,-2.5,11.0,0.014167048844988641
41337,-2.5,12.0,0.005154747956989532
41338,-2.5,13.0,0.010966201923480037
41339,-2.5,14.0,0.021202408251096885
41340,-2.5,15.0,0.010713741749072287
41341,-2.5,16.0,0.009164261664484611
41342,-2.5,17.0,0.01695028646241373
41343,-2.5,18.0,0.008122084438647969
41344,-2.5,19.0,0.002713458430417206
41345,-2.5,20.0,0.006322945104598729
41346,-2.5,21.0,0.012692173558638416
41347,-2.5,22.0,0.006158379811131538
41348,-2.5,23.0,0.005286952068817769
41349,-2.5,24.0,0.010305636260045374
41350,-2.5,25.0,0.004674935497620796
41351,-2.5,26.0,0.001239764363498358
41352,-2.5,27.0,0.0036663323665067625
41353,-2.5,28.0,0.007916146017914875
41354,-2.5,29.0,0.0036433229929546873
41355,-2.5,30.0,0.0031478830839567957
41356,-2.5,31.0,0.006574457366542416
41357,-2.5,32.0,0.0028224420666224646
41358,-2.5,33.0,0.0005467035542717014
41359,-2.5,34.0,0.002255605729771441
41360,-2.5,35.0,0.005215306373027263
41361,-2.5,36.0,0.002307747438672132
41362,-2.5,37.0,0.0020154621065837978
41363,-2.5,38.0,0.004435342928075389
41364,-2.5,39.0,0.0019420450502265058
41365,-2.5,40.0,0.0017042703312209432
41366,-2.5,41.0,0.0038013074278744575
41367,-2.5,42.0,0.0015650209167222524
41368,-2.5,43.0,0.00021608826862795657
41369,-2.5,44.0,0.0012894063388765753
41370,-2.5,45.0,0.0031277223716347545
41371,-2.5,46.0,0.0012796749667805965
41372,-2.5,47.0,9.544594603014911e-05
41373,-2.5,48.0,8.553149258160486e-06
41374,-2.5,49.0,5.790014140840876e-06
41375,-2.5,50.0,4.387515772046972e-06
41376,-2.5,51.0,3.308097538701284e-06
41377,-2.5,52.0,2.48099006319493e-06
41378,-2.5,53.0,1.8507961434062235e-06
41379,-2.5,54.0,1.3733423870608671e-06
41380,-2.5,55.0,1.0136443637955598e-06
41381,-2.5,56.0,7.441814489302225e-07
41382,-2.5,57.0,5.434485488836754e-07
41383,-2.5,58.0,3.94751990822544e-07
41384,-2.5,59.0,2.8521770307768985e-07
41385,-2.5,60.0,2.0498158365598538e-07
41386,-2.5,61.0,1.4653433540001094e-07
41387,-2.5,62.0,1.0419577791519075e-07
41388,-2.5,63.0,7.369652252997205e-08
41389,-2.5,64.0,5.184776136071051e-08
41390,-2.5,65.0,3.6282662952644224e-08
41391,-2.5,66.0,2.5255410028750153e-08
41392,-2.5,67.0,1.7486214956381374e-08
41393,-2.5,68.0,1.2042684760429939e-08
41394,-2.5,69.0,8.249676847867594e-09
41395,-2.5,70.0,5.6212987590711286e-09
41396,-2.5,71.0,3.809978359846422e-09
41397,-2.5,72.0,2.5685880627117137e-09
41398,-2.5,73.0,1.7224733838418808e-09
41399,-2.5,74.0,1.1489382504825995e-09
41400,-2.4,-75.0,4.402587807945435e-09
41401,-2.4,-74.0,6.464570488263024e-09
41402,-2.4,-73.0,9.441857279719431e-09
41403,-2.4,-72.0,1.3717068114231813e-08
41404,-2.4,-71.0,1.9822173194389792e-08
41405,-2.4,-70.0,2.849228928698491e-08
41406,-2.4,-69.0,4.0737045808627667e-08
41407,-2.4,-68.0,5.793457496826495e-08
41408,-2.4,-67.0,8.195439081040783e-08
41409,-2.4,-66.0,1.1531684057386911e-07
41410,-2.4,-65.0,1.6139844695695774e-07
41411,-2.4,-64.0,2.246943102234e-07
41412,-2.4,-63.0,3.1115078894796346e-07
41413,-2.4,-62.0,4.285838929089083e-07
41414,-2.4,-61.0,5.872011421009364e-07
41415,-2.4,-60.0,8.002469828634703e-07
41416,-2.4,-59.0,1.0847940806548474e-06
41417,-2.4,-58.0,1.462704762913269e-06
41418,-2.4,-57.0,1.961788353284527e-06
41419,-2.4,-56.0,2.617180861101863e-06
41420,-2.4,-55.0,3.472973160741098e-06
41421,-2.4,-54.0,4.584112064090292e-06
41422,-2.4,-53.0,6.018595170422153e-06
41423,-2.4,-52.0,7.859974664747733e-06
41424,-2.4,-51.0,1.0210176920549444e-05
41425,-2.4,-50.0,1.3192633463933662e-05
41426,-2.4,-49.0,1.6955704251941238e-05
41427,-2.4,-48.0,2.1676356705005106e-05
41428,-2.4,-47.0,2.756604783071719e-05
41429,-2.4,-46.0,3.594773106790399e-05
41430,-2.4,-45.0,0.00014060711002559072
41431,-2.4,-44.0,0.001488868353201208
41432,-2.4,-43.0,0.0036937805315548048
41433,-2.4,-42.0,0.0030999412567874977
41434,-2.4,-41.0,0.004088748538737755
41435,-2.4,-40.0,0.0018358208796943954
41436,-2.4,-39.0,0.002106732930601234
41437,-2.4,-38.0,0.004719001734117721
41438,-2.4,-37.0,0.0020733686231321916
41439,-2.4,-36.0,0.0005511281524101955
41440,-2.4,-35.0,0.0026072209440102367
41441,-2.4,-34.0,0.005988629230508341
41442,-2.4,-33.0,0.002917874228947119
41443,-2.4,-32.0,0.003382029424372682
41444,-2.4,-31.0,0.007242916859469096
41445,-2.4,-30.0,0.003634825051132768
41446,-2.4,-29.0,0.004223223693357414
41447,-2.4,-28.0,0.008832240673799306
41448,-2.4,-27.0,0.004307181522505384
41449,-2.4,-26.0,0.0017437133884685937
41450,-2.4,-25.0,0.005508441843205826
41451,-2.4,-24.0,0.011642166146497655
41452,-2.4,-23.0,0.006208079208476389
41453,-2.4,-22.0,0.007232778772086905
41454,-2.4,-21.0,0.014413020082225376
41455,-2.4,-20.0,0.0073961497883181454
41456,-2.4,-19.0,0.0034286304687826128
41457,-2.4,-18.0,0.009479268276852627
41458,-2.4,-17.0,0.019317889312529406
41459,-2.4,-16.0,0.010522249757843695
41460,-2.4,-15.0,0.01236983413743496
41461,-2.4,-14.0,0.024268978176156468
41462,-2.4,-13.0,0.012409311337849551
41463,-2.4,-12.0,0.005674022801692327
41464,-2.4,-11.0,0.016340774236644335
41465,-2.4,-10.0,0.03373085966611538
41466,-2.4,-9.0,0.017809569061668164
41467,-2.4,-8.0,0.022058938232655572
41468,-2.4,-7.0,0.044975779967231365
41469,-2.4,-6.0,0.021539914809159087
41470,-2.4,-5.0,0.0085680833415934
41471,-2.4,-4.0,0.035952617528040416
41472,-2.4,-3.0,0.0803172875877864
41473,-2.4,-2.0,0.04397938440430117
41474,-2.4,-1.0,0.009223474814454895
41475,-2.4,0.0,0.0006948127373689454
41476,-2.4,1.0,0.008198343847841015
41477,-2.4,2.0,0.02583244043129782
41478,-2.4,3.0,0.05335213995393448
41479,-2.4,4.0,0.025389590254047713
41480,-2.4,5.0,0.008271436057961396
41481,-2.4,6.0,0.018695356510461617
41482,-2.4,7.0,0.03700537315823189
41483,-2.4,8.0,0.018714690991636265
41484,-2.4,9.0,0.015749810676817973
41485,-2.4,10.0,0.028969015388917285
41486,-2.4,11.0,0.014210691784458848
41487,-2.4,12.0,0.005170623234079689
41488,-2.4,13.0,0.010997620472597794
41489,-2.4,14.0,0.02126040629209497
41490,-2.4,15.0,0.010746793081913711
41491,-2.4,16.0,0.009191770307005761
41492,-2.4,17.0,0.01699335973238434
41493,-2.4,18.0,0.00814780705707233
41494,-2.4,19.0,0.002728385249143342
41495,-2.4,20.0,0.006342712415557951
41496,-2.4,21.0,0.01272075428291957
41497,-2.4,22.0,0.006176806869769677
41498,-2.4,23.0,0.005302482096175619
41499,-2.4,24.0,0.010326020912913115
41500,-2.4,25.0,0.004688207182033117
41501,-2.4,26.0,0.001248418166633805
41502,-2.4,27.0,0.003676041085111147
41503,-2.4,28.0,0.00792835344247944
41504,-2.4,29.0,0.003651512570684591
41505,-2.4,30.0,0.003154549398241617
41506,-2.4,31.0,0.006582280543953782
41507,-2.4,32.0,0.00282767501237826
41508,-2.4,33.0,0.0005501894206152373
41509,-2.4,34.0,0.002259060406712807
41510,-2.4,35.0,0.005219148372306588
41511,-2.4,36.0,0.002310387660813686
41512,-2.4,37.0,0.002017437699915095
41513,-2.4,38.0,0.0044372751555295
41514,-2.4,39.0,0.0019434349990645184
41515,-2.4,40.0,0.0017052234874750476
41516,-2.4,41.0,0.0038019893048989346
41517,-2.4,42.0,0.0015656257380042072
41518,-2.4,43.0,0.00021660127945816358
41519,-2.4,44.0,0.0012895779883280156
41520,-2.4,45.0,0.0031274294835882885
41521,-2.4,46.0,0.0012796878295025021
41522,-2.4,47.0,9.564395139404513e-05
41523,-2.4,48.0,8.722273560627225e-06
41524,-2.4,49.0,5.922197133799684e-06
41525,-2.4,50.0,4.490101738641765e-06
41526,-2.4,51.0,3.3872486641046034e-06
41527,-2.4,52.0,2.541704770244727e-06
41528,-2.4,53.0,1.8970989725891346e-06
41529,-2.4,54.0,1.4084504276617852e-06
41530,-2.4,55.0,1.040111029767371e-06
41531,-2.4,56.0,7.640192325011621e-07
41532,-2.4,57.0,5.582326726032304e-07
41533,-2.4,58.0,4.0570701704317706e-07
41534,-2.4,59.0,2.932891823968679e-07
41535,-2.4,60.0,2.1089476068784982e-07
41536,-2.4,61.0,1.5084180742615113e-07
41537,-2.4,62.0,1.0731584118471811e-07
41538,-2.4,63.0,7.594375970007179e-08
41539,-2.4,64.0,5.345723529119105e-08
41540,-2.4,65.0,3.7428896763492566e-08
41541,-2.4,66.0,2.606715794434615e-08
41542,-2.4,67.0,1.8057867440915036e-08
41543,-2.4,68.0,1.2443007255324458e-08
41544,-2.4,69.0,8.528454994049805e-09
41545,-2.4,70.0,5.8143541584675844e-09
41546,-2.4,71.0,3.942926775863884e-09
41547,-2.4,72.0,2.6596350756645373e-09
41548,-2.4,73.0,1.7844792441093472e-09
41549,-2.4,74.0,1.1909322569667962e-09
41550,-2.3,-75.0,4.2848089242312505e-09
41551,-2.3,-74.0,6.2949820754049404e-09
41552,-2.3,-73.0,9.199064061919012e-09
41553,-2.3,-72.0,1.3371462055037845e-08
41554,-2.3,-71.0,1.9333044773198425e-08
41555,-2.3,-70.0,2.7804028480934873e-08
41556,-2.3,-69.0,3.977418598679734e-08
41557,-2.3,-68.0,5.659538038214872e-08
41558,-2.3,-67.0,8.010262967618447e-08
41559,-2.3,-66.0,1.1277132202268607e-07
41560,-2.3,-65.0,1.5791983342763271e-07
41561,-2.3,-64.0,2.1996865041340343e-07
41562,-2.3,-63.0,3.0476915491322243e-07
41563,-2.3,-62.0,4.2001745475875216e-07
41564,-2.3,-61.0,5.757709834561171e-07
41565,-2.3,-60.0,7.850879605879742e-07
41566,-2.3,-59.0,1.0648120765104108e-06
41567,-2.3,-58.0,1.4365267783290931e-06
41568,-2.3,-57.0,1.927705079258032e-06
41569,-2.3,-56.0,2.573081633070139e-06
41570,-2.3,-55.0,3.4162736039280367e-06
41571,-2.3,-54.0,4.5116752692120804e-06
41572,-2.3,-53.0,5.926647932125518e-06
41573,-2.3,-52.0,7.744021181759242e-06
41574,-2.3,-51.0,1.006491340746524e-05
41575,-2.3,-50.0,1.3011868361599808e-05
41576,-2.3,-49.0,1.6732290136641002e-05
41577,-2.3,-48.0,2.1402141565774697e-05
41578,-2.3,-47.0,2.7231868487850308e-05
41579,-2.3,-46.0,3.5550628944498645e-05
41580,-2.3,-45.0,0.00014076906017582952
41581,-2.3,-44.0,0.0014978881706619233
41582,-2.3,-43.0,0.0037173533779684773
41583,-2.3,-42.0,0.003119163491281439
41584,-2.3,-41.0,0.004114095767135563
41585,-2.3,-40.0,0.001845986420681511
41586,-2.3,-39.0,0.0021180636158837467
41587,-2.3,-38.0,0.004746734177323657
41588,-2.3,-37.0,0.0020836786135540477
41589,-2.3,-36.0,0.0005511573028001417
41590,-2.3,-35.0,0.0026194312449768532
41591,-2.3,-34.0,0.006021198637846135
41592,-2.3,-33.0,0.0029308875264314393
41593,-2.3,-32.0,0.003396773684049299
41594,-2.3,-31.0,0.007280036497408138
41595,-2.3,-30.0,0.0036498212389079808
41596,-2.3,-29.0,0.004240379931196485
41597,-2.3,-28.0,0.008875088230782806
41598,-2.3,-27.0,0.004323757150142734
41599,-2.3,-26.0,0.0017451427414795087
41600,-2.3,-25.0,0.005529395703485532
41601,-2.3,-24.0,0.011695354588357952
41602,-2.3,-23.0,0.00623238674058694
41603,-2.3,-22.0,0.007260809948328995
41604,-2.3,-21.0,0.014476461662064607
41605,-2.3,-20.0,0.0074258103041239375
41606,-2.3,-19.0,0.003439361682741436
41607,-2.3,-18.0,0.009516467368397154
41608,-2.3,-17.0,0.01939799513302512
41609,-2.3,-16.0,0.01056658601710294
41610,-2.3,-15.0,0.012418435309819592
41611,-2.3,-14.0,0.024361395365733396
41612,-2.3,-13.0,0.012462748851925673
41613,-2.3,-12.0,0.005705533381497508
41614,-2.3,-11.0,0.01639649318425208
41615,-2.3,-10.0,0.03382536700325848
41616,-2.3,-9.0,0.017873142826673964
41617,-2.3,-8.0,0.0221031784676179
41618,-2.3,-7.0,0.04502081374933359
41619,-2.3,-6.0,0.021590147193626667
41620,-2.3,-5.0,0.008594978518401929
41621,-2.3,-4.0,0.035590032800584315
41622,-2.3,-3.0,0.07934426979896847
41623,-2.3,-2.0,0.04282401618078161
41624,-2.3,-1.0,0.009118501860170143
41625,-2.3,0.0,0.0006912929089754844
41626,-2.3,1.0,0.008184094066838362
41627,-2.3,2.0,0.02593073387078693
41628,-2.3,3.0,0.053624365211591474
41629,-2.3,4.0,0.025496579919673776
41630,-2.3,5.0,0.008276783718928916
41631,-2.3,6.0,0.01874378486442885
41632,-2.3,7.0,0.03713109064120689
41633,-2.3,8.0,0.018771205224831746
41634,-2.3,9.0,0.01578971510347836
41635,-2.3,10.0,0.029051946698169975
41636,-2.3,11.0,0.014250998749693286
41637,-2.3,12.0,0.005185089552659734
41638,-2.3,13.0,0.01102636425739028
41639,-2.3,14.0,0.021313490458073833
41640,-2.3,15.0,0.01077729190025212
41641,-2.3,16.0,0.009217071758973312
41642,-2.3,17.0,0.017032481603776517
41643,-2.3,18.0,0.008171608366086193
41644,-2.3,19.0,0.002742639352693501
41645,-2.3,20.0,0.006360987222901161
41646,-2.3,21.0,0.012746382670477842
41647,-2.3,22.0,0.006193807051094059
41648,-2.3,23.0,0.00531678961732209
41649,-2.3,24.0,0.010344015915893368
41650,-2.3,25.0,0.004700412374505826
41651,-2.3,26.0,0.0012568132815118564
41652,-2.3,27.0,0.003684919807846536
41653,-2.3,28.0,0.007938727445285723
41654,-2.3,29.0,0.003658878183217888
41655,-2.3,30.0,0.003160505383336918
41656,-2.3,31.0,0.006588577087906233
41657,-2.3,32.0,0.0028322707995451545
41658,-2.3,33.0,0.0005535766528741566
41659,-2.3,34.0,0.0022620053787912385
41660,-2.3,35.0,0.005221770520309893
41661,-2.3,36.0,0.0023124999279477668
41662,-2.3,37.0,0.0020189515407866383
41663,-2.3,38.0,0.0044381628958697775
41664,-2.3,39.0,0.001944375532628387
41665,-2.3,40.0,0.0017057813682338425
41666,-2.3,41.0,0.003801770052985695
41667,-2.3,42.0,0.0015658647479403955
41668,-2.3,43.0,0.00021707090068553495
41669,-2.3,44.0,0.0012894464685452385
41670,-2.3,45.0,0.003126389702052607
41671,-2.3,46.0,0.0012793975453912064
41672,-2.3,47.0,9.582297195055405e-05
41673,-2.3,48.0,8.892576152995214e-06
41674,-2.3,49.0,6.0555935167186235e-06
41675,-2.3,50.0,4.593716766147714e-06
41676,-2.3,51.0,3.467259873596139e-06
41677,-2.3,52.0,2.603129179969165e-06
41678,-2.3,53.0,1.9439806038291965e-06
41679,-2.3,54.0,1.4440254314756868e-06
41680,-2.3,55.0,1.0669506369310529e-06
41681,-2.3,56.0,7.841520370457051e-07
41682,-2.3,57.0,5.732480703120724e-07
41683,-2.3,58.0,4.1684177914844995e-07
41684,-2.3,59.0,3.014991850333134e-07
41685,-2.3,60.0,2.1691384250246337e-07
41686,-2.3,61.0,1.5522961725370345e-07
41687,-2.3,62.0,1.1049638681860079e-07
41688,-2.3,63.0,7.82361952583252e-08
41689,-2.3,64.0,5.510024230775539e-08
41690,-2.3,65.0,3.8599833203088264e-08
41691,-2.3,66.0,2.689697708112158e-08
41692,-2.3,67.0,1.8642649664282744e-08
41693,-2.3,68.0,1.285280505782756e-08
41694,-2.3,69.0,8.814025788088563e-09
41695,-2.3,70.0,6.012247152266873e-09
41696,-2.3,71.0,4.079298113845238e-09
41697,-2.3,72.0,2.753088508359681e-09
41698,-2.3,73.0,1.8481661505022015e-09
41699,-2.3,74.0,1.2340931978756178e-09
41700,-2.2,-75.0,4.1684112993387635e-09
41701,-2.2,-74.0,6.127241410514284e-09
41702,-2.2,-73.0,8.958710990053621e-09
41703,-2.2,-72.0,1.3029032536019647e-08
41704,-2.2,-71.0,1.8847984602812685e-08
41705,-2.2,-70.0,2.7120879902624613e-08
41706,-2.2,-69.0,3.8817605346084706e-08
41707,-2.2,-68.0,5.5263681450624935e-08
41708,-2.2,-67.0,7.825948620323031e-08
41709,-2.2,-66.0,1.1023519624009733e-07
41710,-2.2,-65.0,1.5445062652135154e-07
41711,-2.2,-64.0,2.152509994369677e-07
41712,-2.2,-63.0,2.9839173275489365e-07
41713,-2.2,-62.0,4.1144757185472535e-07
41714,-2.2,-61.0,5.643237502862202e-07
41715,-2.2,-60.0,7.698892592261145e-07
41716,-2.2,-59.0,1.0447546207401288e-06
41717,-2.2,-58.0,1.4102186307149213e-06
41718,-2.2,-57.0,1.893410158121178e-06
41719,-2.2,-56.0,2.5286520026055085e-06
41720,-2.2,-55.0,3.359073718107354e-06
41721,-2.2,-54.0,4.438498856321946e-06
41722,-2.2,-53.0,5.833628882295315e-06
41723,-2.2,-52.0,7.626540652074343e-06
41724,-2.2,-51.0,9.91750640024903e-06
41725,-2.2,-50.0,1.2828134265028208e-05
41726,-2.2,-49.0,1.6504813135631673e-05
41727,-2.2,-48.0,2.1122428417135926e-05
41728,-2.2,-47.0,2.6890325634169845e-05
41729,-2.2,-46.0,3.514340951527081e-05
41730,-2.2,-45.0,0.00014088660707284542
41731,-2.2,-44.0,0.0015064232487302853
41732,-2.2,-43.0,0.003739721252634348
41733,-2.2,-42.0,0.0031373725102166604
41734,-2.2,-41.0,0.0041381038949289215
41735,-2.2,-40.0,0.0018555485307466893
41736,-2.2,-39.0,0.0021286978487398186
41737,-2.2,-38.0,0.004772908885511329
41738,-2.2,-37.0,0.002093297315328448
41739,-2.2,-36.0,0.0005509912616104754
41740,-2.2,-35.0,0.002630761497741654
41741,-2.2,-34.0,0.006051764155044386
41742,-2.2,-33.0,0.002942905102688651
41743,-2.2,-32.0,0.003410356902518597
41744,-2.2,-31.0,0.0073147032648278355
41745,-2.2,-30.0,0.0036635520487689095
41746,-2.2,-29.0,0.004256059051416498
41747,-2.2,-28.0,0.008914907745345523
41748,-2.2,-27.0,0.0043388000602402515
41749,-2.2,-26.0,0.0017458787023310056
41750,-2.2,-25.0,0.00554837707838797
41751,-2.2,-24.0,0.011744496602248482
41752,-2.2,-23.0,0.0062544530588747645
41753,-2.2,-22.0,0.0072862346964806275
41754,-2.2,-21.0,0.01453486497393148
41755,-2.2,-20.0,0.007452777421554561
41756,-2.2,-19.0,0.003448720208384948
41757,-2.2,-18.0,0.009550247067437612
41758,-2.2,-17.0,0.019471363613858057
41759,-2.2,-16.0,0.010607138899845044
41760,-2.2,-15.0,0.01246265012790087
41761,-2.2,-14.0,0.024445458498932864
41762,-2.2,-13.0,0.012511797879560815
41763,-2.2,-12.0,0.005734927953758085
41764,-2.2,-11.0,0.01644671766729615
41765,-2.2,-10.0,0.033908855710528575
41766,-2.2,-9.0,0.017930855507629084
41767,-2.2,-8.0,0.022140935586829634
41768,-2.2,-7.0,0.04505318594606191
41769,-2.2,-6.0,0.02163418743302337
41770,-2.2,-5.0,0.008622282348445448
41771,-2.2,-4.0,0.035262525986873565
41772,-2.2,-3.0,0.07845998986865445
41773,-2.2,-2.0,0.04174338376749689
41774,-2.2,-1.0,0.009017089992879455
41775,-2.2,0.0,0.0006876499323207488
41776,-2.2,1.0,0.008168008342518577
41777,-2.2,2.0,0.026025625949500076
41778,-2.2,3.0,0.05389077856562679
41779,-2.2,4.0,0.02560026011732375
41780,-2.2,5.0,0.008280301592310364
41781,-2.2,6.0,0.018788713011928502
41782,-2.2,7.0,0.037250522086657537
41783,-2.2,8.0,0.01882427584163492
41784,-2.2,9.0,0.01582650101446259
41785,-2.2,10.0,0.029129515523710646
41786,-2.2,11.0,0.014288512935687551
41787,-2.2,12.0,0.005198342054405026
41788,-2.2,13.0,0.011052852461299573
41789,-2.2,14.0,0.021362475502681184
41790,-2.2,15.0,0.010805646329594097
41791,-2.2,16.0,0.00924051481512815
41792,-2.2,17.0,0.017068304015122493
41793,-2.2,18.0,0.008193796680956333
41794,-2.2,19.0,0.002756318671497722
41795,-2.2,20.0,0.006378009327441367
41796,-2.2,21.0,0.012769548640269945
41797,-2.2,22.0,0.00620961474820419
41798,-2.2,23.0,0.005330075944123389
41799,-2.2,24.0,0.01036002083154976
41800,-2.2,25.0,0.004711729570767361
41801,-2.2,26.0,0.0012649935449130822
41802,-2.2,27.0,0.00369310900682108
41803,-2.2,28.0,0.007947577245715754
41804,-2.2,29.0,0.003665560518489719
41805,-2.2,30.0,0.0031658728763378206
41806,-2.2,31.0,0.006593605351787408
41807,-2.2,32.0,0.0028363392319919406
41808,-2.2,33.0,0.0005568850706835203
41809,-2.2,34.0,0.0022645288978846386
41810,-2.2,35.0,0.005223379287691515
41811,-2.2,36.0,0.0023141751070089225
41812,-2.2,37.0,0.0020200832031278286
41813,-2.2,38.0,0.004438182566321467
41814,-2.2,39.0,0.001944943639220642
41815,-2.2,40.0,0.0017060117028553491
41816,-2.2,41.0,0.003800801447454425
41817,-2.2,42.0,0.0015658002970255049
41818,-2.2,43.0,0.00021750556505699888
41819,-2.2,44.0,0.001289063341474986
41820,-2.2,45.0,0.003124728392749507
41821,-2.2,46.0,0.0012788553618759153
41822,-2.2,47.0,9.598676416233791e-05
41823,-2.2,48.0,9.064346590488278e-06
41824,-2.2,49.0,6.190396866487158e-06
41825,-2.2,50.0,4.698509321997203e-06
41826,-2.2,51.0,3.5482445932704344e-06
41827,-2.2,52.0,2.665349576887891e-06
41828,-2.2,53.0,1.9915063927962565e-06
41829,-2.2,54.0,1.4801166880869583e-06
41830,-2.2,55.0,1.0942001969214021e-06
41831,-2.2,56.0,8.046075333271103e-07
41832,-2.2,57.0,5.885153384055107e-07
41833,-2.2,58.0,4.281715399659377e-07
41834,-2.2,59.0,3.0985897098027104e-07
41835,-2.2,60.0,2.2304709871986814e-07
41836,-2.2,61.0,1.5970381079201052e-07
41837,-2.2,62.0,1.1374181479224633e-07
41838,-2.2,63.0,8.05770165929622e-08
41839,-2.2,64.0,5.677908067012398e-08
41840,-2.2,65.0,3.979712167103432e-08
41841,-2.2,66.0,2.774604558343123e-08
41842,-2.2,67.0,1.9241399156252053e-08
41843,-2.2,68.0,1.327267070370991e-08
41844,-2.2,69.0,9.106806411607436e-09
41845,-2.2,70.0,6.215270031880213e-09
41846,-2.2,71.0,4.219296158508672e-09
41847,-2.2,72.0,2.8490897371125956e-09
41848,-2.2,73.0,1.9136316955267254e-09
41849,-2.2,74.0,1.2784881043841902e-09
41850,-2.1,-75.0,4.053708908485561e-09
41851,-2.1,-74.0,5.961813358445625e-09
41852,-2.1,-73.0,8.721482220290246e-09
41853,-2.1,-72.0,1.2690780459940024e-08
41854,-2.1,-71.0,1.8368448299228246e-08
41855,-2.1,-70.0,2.6444947958133507e-08
41856,-2.1,-69.0,3.787032835430772e-08
41857,-2.1,-68.0,5.394379946371908e-08
41858,-2.1,-67.0,7.643109844568881e-08
41859,-2.1,-66.0,1.0771713101298974e-07
41860,-2.1,-65.0,1.5100299518162925e-07
41861,-2.1,-64.0,2.1055834251520718e-07
41862,-2.1,-63.0,2.9204209300547097e-07
41863,-2.1,-62.0,4.029067644032869e-07
41864,-2.1,-61.0,5.52904052204234e-07
41865,-2.1,-60.0,7.547117203115305e-07
41866,-2.1,-59.0,1.0247042170406951e-06
41867,-2.1,-58.0,1.383891558030006e-06
41868,-2.1,-57.0,1.8590527125015683e-06
41869,-2.1,-56.0,2.4840907390505014e-06
41870,-2.1,-55.0,3.30163693907581e-06
41871,-2.1,-54.0,4.364929980692566e-06
41872,-2.1,-53.0,5.73999290449881e-06
41873,-2.1,-52.0,7.508125738976349e-06
41874,-2.1,-51.0,9.76872370359518e-06
41875,-2.1,-50.0,1.2642420255637848e-05
41876,-2.1,-49.0,1.62745401868769e-05
41877,-2.1,-48.0,2.0838830963940543e-05
41878,-2.1,-47.0,2.6543463199721746e-05
41879,-2.1,-46.0,3.47287086527255e-05
41880,-2.1,-45.0,0.0001409684994701472
41881,-2.1,-44.0,0.0015145594994893123
41882,-2.1,-43.0,0.003761096193641747
41883,-2.1,-42.0,0.003154746782418932
41884,-2.1,-41.0,0.0041610083155241276
41885,-2.1,-40.0,0.0018646140580739529
41886,-2.1,-39.0,0.0021387585436510696
41887,-2.1,-38.0,0.00479779893442121
41888,-2.1,-37.0,0.00210234651721823
41889,-2.1,-36.0,0.0005506650151414365
41890,-2.1,-35.0,0.00264136552202775
41891,-2.1,-34.0,0.0060806747178172955
41892,-2.1,-33.0,0.0029540997281235753
41893,-2.1,-32.0,0.0034229795893987417
41894,-2.1,-31.0,0.007347341179386454
41895,-2.1,-30.0,0.003676233745927153
41896,-2.1,-29.0,0.004270512466989696
41897,-2.1,-28.0,0.008952218266577577
41898,-2.1,-27.0,0.004352567424156271
41899,-2.1,-26.0,0.0017460302748900974
41900,-2.1,-25.0,0.005565714737610266
41901,-2.1,-24.0,0.011790278664060185
41902,-2.1,-23.0,0.0062746477398234425
41903,-2.1,-22.0,0.007309483551704334
41904,-2.1,-21.0,0.014589081110164978
41905,-2.1,-20.0,0.007477489979802575
41906,-2.1,-19.0,0.0034569114412641836
41907,-2.1,-18.0,0.009581169651412003
41908,-2.1,-17.0,0.019539137674040963
41909,-2.1,-16.0,0.010644529100116035
41910,-2.1,-15.0,0.012503210466499562
41911,-2.1,-14.0,0.024522607557202872
41912,-2.1,-13.0,0.012557187568753675
41913,-2.1,-12.0,0.005762531182592016
41914,-2.1,-11.0,0.016492414465837817
41915,-2.1,-10.0,0.03398334068949568
41916,-2.1,-9.0,0.017983755441785553
41917,-2.1,-8.0,0.022173505052549395
41918,-2.1,-7.0,0.04507556433672574
41919,-2.1,-6.0,0.021673286664954574
41920,-2.1,-5.0,0.008649904674174282
41921,-2.1,-4.0,0.034963834939681256
41922,-2.1,-3.0,0.07764864859414533
41923,-2.1,-2.0,0.04072567411189447
41924,-2.1,-1.0,0.008918637112525333
41925,-2.1,0.0,0.0006839052434102963
41926,-2.1,1.0,0.008150335188758807
41927,-2.1,2.0,0.026117873182023025
41928,-2.1,3.0,0.05415293070718908
41929,-2.1,4.0,0.025701369056040427
41930,-2.1,5.0,0.008282228246189714
41931,-2.1,6.0,0.01883065835272687
41932,-2.1,7.0,0.03736468065750137
41933,-2.1,8.0,0.01887441580918482
41934,-2.1,9.0,0.015860598346484036
41935,-2.1,10.0,0.029202509371071095
41936,-2.1,11.0,0.014323619036955202
41937,-2.1,12.0,0.005210518398508405
41938,-2.1,13.0,0.011077381346657618
41939,-2.1,14.0,0.02140793792778264
41940,-2.1,15.0,0.010832144598512396
41941,-2.1,16.0,0.009262345637285558
41942,-2.1,17.0,0.017101288047251046
41943,-2.1,18.0,0.008214589463998974
41944,-2.1,19.0,0.0027694915262822155
41945,-2.1,20.0,0.006393947758718035
41946,-2.1,21.0,0.012790598755033689
41947,-2.1,22.0,0.006224395300698551
41948,-2.1,23.0,0.0053424830672787705
41949,-2.1,24.0,0.010374318487381759
41950,-2.1,25.0,0.004722284743805365
41951,-2.1,26.0,0.0012729894134581123
41952,-2.1,27.0,0.0037007078749453815
41953,-2.1,28.0,0.007955121999186722
41954,-2.1,29.0,0.003671659079989351
41955,-2.1,30.0,0.0031707380819007993
41956,-2.1,31.0,0.006597548632367143
41957,-2.1,32.0,0.0028399580821935606
41958,-2.1,33.0,0.0005601285400719414
41959,-2.1,34.0,0.002266693536077167
41960,-2.1,35.0,0.005224121348370554
41961,-2.1,36.0,0.002315477698512563
41962,-2.1,37.0,0.00202088919740772
41963,-2.1,38.0,0.004437459587451596
41964,-2.1,39.0,0.0019451940311547755
41965,-2.1,40.0,0.0017059626430133942
41966,-2.1,41.0,0.0037991914535555043
41967,-2.1,42.0,0.001565476730420304
41968,-2.1,43.0,0.00021791126084546892
41969,-2.1,44.0,0.00128846529970493
41970,-2.1,45.0,0.003122534783672877
41971,-2.1,46.0,0.0012780977538230664
41972,-2.1,47.0,9.613800169555569e-05
41973,-2.1,48.0,9.23779199956242e-06
41974,-2.1,49.0,6.3267466575564745e-06
41975,-2.1,50.0,4.804587106331986e-06
41976,-2.1,51.0,3.6302856861494456e-06
41977,-2.1,52.0,2.7284294577414228e-06
41978,-2.1,53.0,2.0397247977144683e-06
41979,-2.1,54.0,1.5167610262127091e-06
41980,-2.1,55.0,1.121887582819826e-06
41981,-2.1,56.0,8.254067270778633e-07
41982,-2.1,57.0,6.040502391789014e-07
41983,-2.1,58.0,4.3970807565390024e-07
41984,-2.1,59.0,3.1837729942433097e-07
41985,-2.1,60.0,2.29301015284549e-07
41986,-2.1,61.0,1.6426916889446018e-07
41987,-2.1,62.0,1.1705563289992353e-07
41988,-2.1,63.0,8.296878543483428e-08
41989,-2.1,64.0,5.849561237278312e-08
41990,-2.1,65.0,4.102210909517363e-08
41991,-2.1,66.0,2.8615333084941713e-08
41992,-2.1,67.0,1.9854810534344402e-08
41993,-2.1,68.0,1.3703099342898725e-08
41994,-2.1,69.0,9.407148068969043e-09
41995,-2.1,70.0,6.423670651108423e-09
41996,-2.1,71.0,4.363094940255732e-09
41997,-2.1,72.0,2.9477603331894713e-09
41998,-2.1,73.0,1.9809603674709e-09
41999,-2.1,74.0,1.3241753890665015e-09
42000,-2.0,-75.0,3.794786973732908e-09
42001,-2.0,-74.0,5.583989677970459e-09
42002,-2.0,-73.0,8.173120839945199e-09
42003,-2.0,-72.0,1.189918839934451e-08
42004,-2.0,-71.0,1.723188822760235e-08
42005,-2.0,-70.0,2.4821870454510548e-08
42006,-2.0,-69.0,3.556495372353893e-08
42007,-2.0,-68.0,5.068694295043154e-08
42008,-2.0,-67.0,7.185484500739498e-08
42009,-2.0,-66.0,1.0132161946942835e-07
42010,-2.0,-65.0,1.4211315984553382e-07
42011,-2.0,-64.0,1.9826797763758175e-07
42012,-2.0,-63.0,2.751420476418258e-07
42013,-2.0,-62.0,3.7979344151046364e-07
42014,-2.0,-61.0,5.214636787521999e-07
42015,-2.0,-60.0,7.121750831047055e-07
42016,-2.0,-59.0,9.674657367945273e-07
42017,-2.0,-58.0,1.3072857255053146e-06
42018,-2.0,-57.0,1.7570800687130787e-06
42019,-2.0,-56.0,2.3490847918961097e-06
42020,-2.0,-55.0,3.123862729201755e-06
42021,-2.0,-54.0,4.132104511709344e-06
42022,-2.0,-53.0,5.436717422291611e-06
42023,-2.0,-52.0,7.115219980348384e-06
42024,-2.0,-51.0,9.262452845496479e-06
42025,-2.0,-50.0,1.1993606500238971e-05
42026,-2.0,-49.0,1.5447552835161912e-05
42027,-2.0,-48.0,1.979045155822238e-05
42028,-2.0,-47.0,2.522156152132199e-05
42029,-2.0,-46.0,3.30363143823494e-05
42030,-2.0,-45.0,0.0001357920486576243
42031,-2.0,-44.0,0.0014659099828011812
42032,-2.0,-43.0,0.003641408575168277
42033,-2.0,-42.0,0.003053819274514228
42034,-2.0,-41.0,0.004027874370441498
42035,-2.0,-40.0,0.0018037998705469406
42036,-2.0,-39.0,0.0020686744713365015
42037,-2.0,-38.0,0.004642816912358662
42038,-2.0,-37.0,0.0020326417977561797
42039,-2.0,-36.0,0.0005298025951200544
42040,-2.0,-35.0,0.002553042651760631
42041,-2.0,-34.0,0.005881691599953851
42042,-2.0,-33.0,0.002854669542720796
42043,-2.0,-32.0,0.0033074253728449
42044,-2.0,-31.0,0.007104671711959201
42045,-2.0,-30.0,0.003551271484591916
42046,-2.0,-29.0,0.004125074910195555
42047,-2.0,-28.0,0.008654143437091099
42048,-2.0,-27.0,0.00420338277099822
42049,-2.0,-26.0,0.0016809474414282062
42050,-2.0,-25.0,0.0053746800102825515
42051,-2.0,-24.0,0.011394423560480786
42052,-2.0,-23.0,0.006059885834153462
42053,-2.0,-22.0,0.0070590404393745185
42054,-2.0,-21.0,0.014096886095804236
42055,-2.0,-20.0,0.007222156518408838
42056,-2.0,-19.0,0.0033356363486311416
42057,-2.0,-18.0,0.009253317305508338
42058,-2.0,-17.0,0.01887529814962926
42059,-2.0,-16.0,0.010283221337998241
42060,-2.0,-15.0,0.012075639280549319
42061,-2.0,-14.0,0.02368194448750697
42062,-2.0,-13.0,0.01213225806212613
42063,-2.0,-12.0,0.005573936598355987
42064,-2.0,-11.0,0.01592119089662573
42065,-2.0,-10.0,0.0327876945845086
42066,-2.0,-9.0,0.01736395025987028
42067,-2.0,-8.0,0.021378572083156275
42068,-2.0,-7.0,0.043417928572846806
42069,-2.0,-6.0,0.0209033953495889
42070,-2.0,-5.0,0.008355997812370994
42071,-2.0,-4.0,0.03340304044069578
42072,-2.0,-3.0,0.07404715517451582
42073,-2.0,-2.0,0.03708077865112402
42074,-2.0,-1.0,0.009229512137984766
42075,-2.0,0.0,0.0007114333063046829
42076,-2.0,1.0,0.008506196934142786
42077,-2.0,2.0,0.0274165132598867
42078,-2.0,3.0,0.056920960668866365
42079,-2.0,4.0,0.02699013633947712
42080,-2.0,5.0,0.008664661978709113
42081,-2.0,6.0,0.019740106381524763
42082,-2.0,7.0,0.039202269323644096
42083,-2.0,8.0,0.01979450441348745
42084,-2.0,9.0,0.01662512432433871
42085,-2.0,10.0,0.0306212272050975
42086,-2.0,11.0,0.015018587663626747
42087,-2.0,12.0,0.005462494613906441
42088,-2.0,13.0,0.01161200075394645
42089,-2.0,14.0,0.022439381823586266
42090,-2.0,15.0,0.011357617785735213
42091,-2.0,16.0,0.009710774961455528
42092,-2.0,17.0,0.01792172396153808
42093,-2.0,18.0,0.00861382507506918
42094,-2.0,19.0,0.0029104957646627037
42095,-2.0,20.0,0.006704443837185875
42096,-2.0,21.0,0.013400451080456543
42097,-2.0,22.0,0.006525918409118357
42098,-2.0,23.0,0.005600994910645982
42099,-2.0,24.0,0.010866070139681628
42100,-2.0,25.0,0.004950372080279292
42101,-2.0,26.0,0.001339881927924202
42102,-2.0,27.0,0.0038787564831903086
42103,-2.0,28.0,0.008328631473094194
42104,-2.0,29.0,0.0038468059950823954
42105,-2.0,30.0,0.003321572197135713
42106,-2.0,31.0,0.006904895185771545
42107,-2.0,32.0,0.002974284728394356
42108,-2.0,33.0,0.0005892918444261552
42109,-2.0,34.0,0.002373148745880036
42110,-2.0,35.0,0.005464990164274566
42111,-2.0,36.0,0.002423267781833117
42112,-2.0,37.0,0.0021146191553733473
42113,-2.0,38.0,0.004640636032210533
42114,-2.0,39.0,0.002034859406177732
42115,-2.0,40.0,0.0017843187569702218
42116,-2.0,41.0,0.003972101726414368
42117,-2.0,42.0,0.0016370861165415445
42118,-2.0,43.0,0.00022835794087295037
42119,-2.0,44.0,0.0013470548067939885
42120,-2.0,45.0,0.00326373334094118
42121,-2.0,46.0,0.0013360415898442878
42122,-2.0,47.0,0.00010071810351070956
42123,-2.0,48.0,9.847106320926835e-06
42124,-2.0,49.0,6.762839392745623e-06
42125,-2.0,50.0,5.138527146649739e-06
42126,-2.0,51.0,3.884674718427671e-06
42127,-2.0,52.0,2.9211770645815274e-06
42128,-2.0,53.0,2.1849829128881345e-06
42129,-2.0,54.0,1.625642194429828e-06
42130,-2.0,55.0,1.2030633302256006e-06
42131,-2.0,56.0,8.856018365457655e-07
42132,-2.0,57.0,6.484476625384815e-07
42133,-2.0,58.0,4.722779620676933e-07
42134,-2.0,59.0,3.4214225081977995e-07
42135,-2.0,60.0,2.465482757956287e-07
42136,-2.0,61.0,1.7671907642905945e-07
42137,-2.0,62.0,1.2599435108290204e-07
42138,-2.0,63.0,8.935212266200713e-08
42139,-2.0,64.0,6.30296389615918e-08
42140,-2.0,65.0,4.422531142924056e-08
42141,-2.0,66.0,3.086619586124652e-08
42142,-2.0,67.0,2.1427990115806396e-08
42143,-2.0,68.0,1.4796734622449261e-08
42144,-2.0,69.0,1.0163339828017053e-08
42145,-2.0,70.0,6.943734745116162e-09
42146,-2.0,71.0,4.718847129919769e-09
42147,-2.0,72.0,3.189809921494741e-09
42148,-2.0,73.0,2.144765474834346e-09
42149,-2.0,74.0,1.434435167892416e-09
42150,-1.9,-75.0,3.5830287556229465e-09
42151,-1.9,-74.0,5.275199499129648e-09
42152,-1.9,-73.0,7.7252686474833e-09
42153,-1.9,-72.0,1.1253157594752803e-08
42154,-1.9,-71.0,1.6305019346902716e-08
42155,-1.9,-70.0,2.3499268497243783e-08
42156,-1.9,-69.0,3.368786406093788e-08
42157,-1.9,-68.0,4.803731400345953e-08
42158,-1.9,-67.0,6.813496912018635e-08
42159,-1.9,-66.0,9.612747138696287e-08
42160,-1.9,-65.0,1.3489973016053214e-07
42161,-1.9,-64.0,1.883045226780887e-07
42162,-1.9,-63.0,2.6145474530257516e-07
42163,-1.9,-62.0,3.610924546544771e-07
42164,-1.9,-61.0,4.960510875264525e-07
42165,-1.9,-60.0,6.778295627427974e-07
42166,-1.9,-59.0,9.212992417388018e-07
42167,-1.9,-58.0,1.2455668143301113e-06
42168,-1.9,-57.0,1.6750178957896226e-06
42169,-1.9,-56.0,2.2405672385867416e-06
42170,-1.9,-55.0,2.9811416971930846e-06
42171,-1.9,-54.0,3.945421111929362e-06
42172,-1.9,-53.0,5.1938597330664174e-06
42173,-1.9,-52.0,6.801006295825752e-06
42174,-1.9,-51.0,8.858133975261671e-06
42175,-1.9,-50.0,1.1476181803448105e-05
42176,-1.9,-49.0,1.4788996367778149e-05
42177,-1.9,-48.0,1.895684705112432e-05
42178,-1.9,-47.0,2.417210219347419e-05
42179,-1.9,-46.0,3.1697724522340924e-05
42180,-1.9,-45.0,0.00013194768398847276
42181,-1.9,-44.0,0.0014311497143247541
42182,-1.9,-43.0,0.0035561438888710886
42183,-1.9,-42.0,0.0029817947575354583
42184,-1.9,-41.0,0.0039328607952803935
42185,-1.9,-40.0,0.0017601338500171466
42186,-1.9,-39.0,0.002018275309085453
42187,-1.9,-38.0,0.004531864120718293
42188,-1.9,-37.0,0.001982329238470348
42189,-1.9,-36.0,0.0005141619524811811
42190,-1.9,-35.0,0.002489117536998585
42191,-1.9,-34.0,0.005738635447682979
42192,-1.9,-33.0,0.00278255383540988
42193,-1.9,-32.0,0.0032235344640471225
42194,-1.9,-31.0,0.006929682861369684
42195,-1.9,-30.0,0.0034603490541469384
42196,-1.9,-29.0,0.004019189201468546
42197,-1.9,-28.0,0.008438638129811767
42198,-1.9,-27.0,0.004094540953905446
42199,-1.9,-26.0,0.0016322868477935736
42200,-1.9,-25.0,0.005235235756611164
42201,-1.9,-24.0,0.011107453373208708
42202,-1.9,-23.0,0.005903232323451735
42203,-1.9,-22.0,0.006876308050947244
42204,-1.9,-21.0,0.013739532626891964
42205,-1.9,-20.0,0.007036011636262657
42206,-1.9,-19.0,0.0032464185746497046
42207,-1.9,-18.0,0.009014186788911837
42208,-1.9,-17.0,0.018392331874864266
42209,-1.9,-16.0,0.010020320075373445
42210,-1.9,-15.0,0.011763898236649856
42211,-1.9,-14.0,0.023068820335160393
42212,-1.9,-13.0,0.01182340476053197
42213,-1.9,-12.0,0.005438125599835617
42214,-1.9,-11.0,0.015503437070055227
42215,-1.9,-10.0,0.031909675388808234
42216,-1.9,-9.0,0.01691142424723263
42217,-1.9,-8.0,0.020792328328351123
42218,-1.9,-7.0,0.042187457715637526
42219,-1.9,-6.0,0.020337181229730713
42220,-1.9,-5.0,0.008144046456376399
42221,-1.9,-4.0,0.03221339167710051
42222,-1.9,-3.0,0.07128370156600589
42223,-1.9,-2.0,0.03226549953733818
42224,-1.9,-1.0,0.00946420965840303
42225,-1.9,0.0,0.0007331292114388776
42226,-1.9,1.0,0.008794169833345841
42227,-1.9,2.0,0.028511747951891056
42228,-1.9,3.0,0.059274055799289724
42229,-1.9,4.0,0.028079555707672402
42230,-1.9,5.0,0.008979624972054182
42231,-1.9,6.0,0.020499705194392235
42232,-1.9,7.0,0.040745605540787544
42233,-1.9,8.0,0.020565071288251236
42234,-1.9,9.0,0.017263123965771832
42235,-1.9,10.0,0.031808191890008435
42236,-1.9,11.0,0.015599636281216007
42237,-1.9,12.0,0.005672747753371031
42238,-1.9,13.0,0.012058202538661557
42239,-1.9,14.0,0.023300117019385037
42240,-1.9,15.0,0.011796888984699954
42241,-1.9,16.0,0.010085401659167404
42242,-1.9,17.0,0.01860551046084147
42243,-1.9,18.0,0.008947753990673235
42244,-1.9,19.0,0.003029901322184884
42245,-1.9,20.0,0.006964091044182304
42246,-1.9,21.0,0.013907833719305786
42247,-1.9,22.0,0.006777918668918101
42248,-1.9,23.0,0.005816982188863081
42249,-1.9,24.0,0.011274511328627028
42250,-1.9,25.0,0.005140858456376093
42251,-1.9,26.0,0.0013970491315216606
42252,-1.9,27.0,0.004027295833655467
42253,-1.9,28.0,0.008638005800644508
42254,-1.9,29.0,0.00399256965273943
42255,-1.9,30.0,0.003447003806280496
42256,-1.9,31.0,0.007158874735873164
42257,-1.9,32.0,0.003085803974058702
42258,-1.9,33.0,0.0006141746433006772
42259,-1.9,34.0,0.0024613460302922207
42260,-1.9,35.0,0.005663413925435508
42261,-1.9,36.0,0.002512331805689899
42262,-1.9,37.0,0.0021919800840223824
42263,-1.9,38.0,0.004807649696136492
42264,-1.9,39.0,0.0021087244525437683
42265,-1.9,40.0,0.0018487966944856192
42266,-1.9,41.0,0.004113969745249386
42267,-1.9,42.0,0.0016959360651313733
42268,-1.9,43.0,0.00023707084632457838
42269,-1.9,44.0,0.0013951157896791785
42270,-1.9,45.0,0.0033793469472780135
42271,-1.9,46.0,0.0013835266159649743
42272,-1.9,47.0,0.00010453150839471552
42273,-1.9,48.0,1.0398140893482546e-05
42274,-1.9,49.0,7.1608193837061254e-06
42275,-1.9,50.0,5.443850435746101e-06
42276,-1.9,51.0,4.117688202825399e-06
42277,-1.9,52.0,3.098046808456625e-06
42278,-1.9,53.0,2.3185125610789046e-06
42279,-1.9,54.0,1.7259082425986303e-06
42280,-1.9,55.0,1.2779462094604307e-06
42281,-1.9,56.0,9.412260712661559e-07
42282,-1.9,57.0,6.895436004606278e-07
42283,-1.9,58.0,5.024766133248138e-07
42284,-1.9,59.0,3.6421368107652875e-07
42285,-1.9,60.0,2.625928489981735e-07
42286,-1.9,61.0,1.8831969389330136e-07
42287,-1.9,62.0,1.3433672724839597e-07
42288,-1.9,63.0,9.53191033773931e-08
42289,-1.9,64.0,6.72746241001809e-08
42290,-1.9,65.0,4.722899966167354e-08
42291,-1.9,66.0,3.298012842231859e-08
42292,-1.9,67.0,2.290773023447361e-08
42293,-1.9,68.0,1.58269742581647e-08
42294,-1.9,69.0,1.0876767542950214e-08
42295,-1.9,70.0,7.4351187756739325e-09
42296,-1.9,71.0,5.055476382352976e-09
42297,-1.9,72.0,3.4191832010923445e-09
42298,-1.9,73.0,2.3002167714019715e-09
42299,-1.9,74.0,1.5392220246314598e-09
42300,-1.8,-75.0,3.4829734635776183e-09
42301,-1.8,-74.0,5.130623544722438e-09
42302,-1.8,-73.0,7.51754854964276e-09
42303,-1.8,-72.0,1.0956414165627403e-08
42304,-1.8,-71.0,1.588351975340789e-08
42305,-1.8,-70.0,2.2903990859582738e-08
42306,-1.8,-69.0,3.285199011169393e-08
42307,-1.8,-68.0,4.6870362529117334e-08
42308,-1.8,-67.0,6.651522269195664e-08
42309,-1.8,-66.0,9.389228183058218e-08
42310,-1.8,-65.0,1.3183321565780272e-07
42311,-1.8,-64.0,1.8412209370382642e-07
42312,-1.8,-63.0,2.5578382145614844e-07
42313,-1.8,-62.0,3.534486651356487e-07
42314,-1.8,-61.0,4.858091917405563e-07
42315,-1.8,-60.0,6.641882937125346e-07
42316,-1.8,-59.0,9.032392754878059e-07
42317,-1.8,-58.0,1.2218011175760606e-06
42318,-1.8,-57.0,1.6439338190527939e-06
42319,-1.8,-56.0,2.2001599213757577e-06
42320,-1.8,-55.0,2.9289386572336184e-06
42321,-1.8,-54.0,3.878398323336628e-06
42322,-1.8,-53.0,5.10835008049379e-06
42323,-1.8,-52.0,6.6926020425357e-06
42324,-1.8,-51.0,8.721585818252188e-06
42325,-1.8,-50.0,1.1305298217085628e-05
42326,-1.8,-49.0,1.4576548258150917e-05
42327,-1.8,-48.0,1.8694484246591852e-05
42328,-1.8,-47.0,2.3850301113467003e-05
42329,-1.8,-46.0,3.131173834013156e-05
42330,-1.8,-45.0,0.0001320119847879728
42331,-1.8,-44.0,0.0014385618234409156
42332,-1.8,-43.0,0.0035756342902076993
42333,-1.8,-42.0,0.0029976205567641342
42334,-1.8,-41.0,0.0039537159940065845
42335,-1.8,-40.0,0.0017683567953218854
42336,-1.8,-39.0,0.002027381276370841
42337,-1.8,-38.0,0.0045544603791685
42338,-1.8,-37.0,0.001990481025703775
42339,-1.8,-36.0,0.0005137528130468955
42340,-1.8,-35.0,0.0024986156864168765
42341,-1.8,-34.0,0.005764741918150191
42342,-1.8,-33.0,0.002792526675209279
42343,-1.8,-32.0,0.0032347452177311897
42344,-1.8,-31.0,0.006959005620857494
42345,-1.8,-30.0,0.0034715243863137203
42346,-1.8,-29.0,0.0040318913615448385
42347,-1.8,-28.0,0.008471970615271262
42348,-1.8,-27.0,0.004106514450496274
42349,-1.8,-26.0,0.001631878636449165
42350,-1.8,-25.0,0.0052502602094340834
42351,-1.8,-24.0,0.011148063597755565
42352,-1.8,-23.0,0.005920721507994445
42353,-1.8,-22.0,0.006896434580149164
42354,-1.8,-21.0,0.013787425372880793
42355,-1.8,-20.0,0.007057384072275952
42356,-1.8,-19.0,0.0032529295086521307
42357,-1.8,-18.0,0.009040963677601719
42358,-1.8,-17.0,0.018451989078378073
42359,-1.8,-16.0,0.01005292772816276
42360,-1.8,-15.0,0.011799231982288334
42361,-1.8,-14.0,0.02313659941879184
42362,-1.8,-13.0,0.01186325667772595
42363,-1.8,-12.0,0.005462402600751933
42364,-1.8,-11.0,0.01554354682193934
42365,-1.8,-10.0,0.031974895817171334
42366,-1.8,-9.0,0.01695835883056811
42367,-1.8,-8.0,0.0208216686783537
42368,-1.8,-7.0,0.04220770898820507
42369,-1.8,-6.0,0.020372969334280344
42370,-1.8,-5.0,0.008173943974160661
42371,-1.8,-4.0,0.03200646372560517
42372,-1.8,-3.0,0.07070399163393234
42373,-1.8,-2.0,0.032065052106242005
42374,-1.8,-1.0,0.009346866650213153
42375,-1.8,0.0,0.0007274486820760375
42376,-1.8,1.0,0.008754303864287369
42377,-1.8,2.0,0.028552309080376218
42378,-1.8,3.0,0.05943849437087863
42379,-1.8,4.0,0.028130681501555267
42380,-1.8,5.0,0.008960552407647296
42381,-1.8,6.0,0.020498761128937806
42382,-1.8,7.0,0.040779105499824275
42383,-1.8,8.0,0.020573016624197332
42384,-1.8,9.0,0.017260389979726783
42385,-1.8,10.0,0.03181536450656698
42386,-1.8,11.0,0.015601862242670517
42387,-1.8,12.0,0.005672254878599598
42388,-1.8,13.0,0.01205677387876609
42389,-1.8,14.0,0.02329613869473851
42390,-1.8,15.0,0.011798386408112259
42391,-1.8,16.0,0.010085706316471328
42392,-1.8,17.0,0.018598660636699064
42393,-1.8,18.0,0.008949674064085799
42394,-1.8,19.0,0.0030370499859068306
42395,-1.8,20.0,0.006965326798493976
42396,-1.8,21.0,0.013898838263601576
42397,-1.8,22.0,0.006778423157894265
42398,-1.8,23.0,0.005817122138431705
42399,-1.8,24.0,0.01126425974729314
42400,-1.8,25.0,0.005140589803234633
42401,-1.8,26.0,0.001402579529521145
42402,-1.8,27.0,0.00402638433996035
42403,-1.8,28.0,0.00862648366527079
42404,-1.8,29.0,0.003990124044679348
42405,-1.8,30.0,0.003444466522494919
42406,-1.8,31.0,0.007146823473434597
42407,-1.8,32.0,0.003082738807024351
42408,-1.8,33.0,0.0006163668451602147
42409,-1.8,34.0,0.0024581217227765315
42410,-1.8,35.0,0.005651288338056226
42411,-1.8,36.0,0.0025080420989617505
42412,-1.8,37.0,0.0021878789483778605
42413,-1.8,38.0,0.004795874292340106
42414,-1.8,39.0,0.0021041983433293483
42415,-1.8,40.0,0.0018445359923869582
42416,-1.8,41.0,0.00410280456295539
42417,-1.8,42.0,0.0016917178820150872
42418,-1.8,43.0,0.00023699179139586617
42419,-1.8,44.0,0.0013912819924124112
42420,-1.8,45.0,0.00336921774235061
42421,-1.8,46.0,0.0013795395647062665
42422,-1.8,47.0,0.00010446762864450616
42423,-1.8,48.0,1.0572467206022315e-05
42424,-1.8,49.0,7.300436295899755e-06
42425,-1.8,50.0,5.552979823291043e-06
42426,-1.8,51.0,4.202470127676664e-06
42427,-1.8,52.0,3.1635189765132525e-06
42428,-1.8,53.0,2.3687718588097235e-06
42429,-1.8,54.0,1.7642609225887621e-06
42430,-1.8,55.0,1.307040454669461e-06
42431,-1.8,56.0,9.631673633824231e-07
42432,-1.8,57.0,7.059938286351951e-07
42433,-1.8,58.0,5.147381944700781e-07
42434,-1.8,59.0,3.733001555781841e-07
42435,-1.8,60.0,2.6928749634620266e-07
42436,-1.8,61.0,1.9322370878864237e-07
42437,-1.8,62.0,1.379084320885071e-07
42438,-1.8,63.0,9.790556778143753e-08
42439,-1.8,64.0,6.913693264245142e-08
42440,-1.8,65.0,4.85622680263018e-08
42441,-1.8,66.0,3.392922536665427e-08
42442,-1.8,67.0,2.3579524890116448e-08
42443,-1.8,68.0,1.6299799952351342e-08
42444,-1.8,69.0,1.120767719568391e-08
42445,-1.8,70.0,7.665404308604478e-09
42446,-1.8,71.0,5.214835706215537e-09
42447,-1.8,72.0,3.5288427396146705e-09
42448,-1.8,73.0,2.375254165802162e-09
42449,-1.8,74.0,1.5902814055096352e-09
42450,-1.7,-75.0,3.3848342025952567e-09
42451,-1.7,-74.0,4.9887159227130285e-09
42452,-1.7,-73.0,7.313516661801788e-09
42453,-1.7,-72.0,1.0664729478473337e-08
42454,-1.7,-71.0,1.5468903834291216e-08
42455,-1.7,-70.0,2.2318003587767438e-08
42456,-1.7,-69.0,3.2028548257034765e-08
42457,-1.7,-68.0,4.571990007581198e-08
42458,-1.7,-67.0,6.491714303672335e-08
42459,-1.7,-66.0,9.168528346762092e-08
42460,-1.7,-65.0,1.2880299840102967e-07
42461,-1.7,-64.0,1.7998587412166956e-07
42462,-1.7,-63.0,2.501710075318167e-07
42463,-1.7,-62.0,3.458769663462085e-07
42464,-1.7,-61.0,4.7565537881989224e-07
42465,-1.7,-60.0,6.506527815878053e-07
42466,-1.7,-59.0,8.853036949724943e-07
42467,-1.7,-58.0,1.198178080681034e-06
42468,-1.7,-57.0,1.6130081861528747e-06
42469,-1.7,-56.0,2.159921065244789e-06
42470,-1.7,-55.0,2.876903510348436e-06
42471,-1.7,-54.0,3.811525413161324e-06
42472,-1.7,-53.0,5.022945324903896e-06
42473,-1.7,-52.0,6.584217814606957e-06
42474,-1.7,-51.0,8.584915712982908e-06
42475,-1.7,-50.0,1.1134071072560281e-05
42476,-1.7,-49.0,1.4363426301241062e-05
42477,-1.7,-48.0,1.843097174047183e-05
42478,-1.7,-47.0,2.3526682384704408e-05
42479,-1.7,-46.0,3.092284049254498e-05
42480,-1.7,-45.0,0.00013205642824393318
42481,-1.7,-44.0,0.0014457328155830526
42482,-1.7,-43.0,0.0035945214491090653
42483,-1.7,-42.0,0.0030129396196968
42484,-1.7,-41.0,0.003973900296908169
42485,-1.7,-40.0,0.0017762795555588166
42486,-1.7,-39.0,0.002036139826306504
42487,-1.7,-38.0,0.004576274594373844
42488,-1.7,-37.0,0.001998287673758232
42489,-1.7,-36.0,0.0005132483102886591
42490,-1.7,-35.0,0.002507671540868464
42491,-1.7,-34.0,0.005789836973552348
42492,-1.7,-33.0,0.0028019961539491405
42493,-1.7,-32.0,0.003245366663565502
42494,-1.7,-31.0,0.006987082965078676
42495,-1.7,-30.0,0.0034820520504418567
42496,-1.7,-29.0,0.0040438347514908405
42497,-1.7,-28.0,0.00850375481686972
42498,-1.7,-27.0,0.004117691562332584
42499,-1.7,-26.0,0.0016310931524372951
42500,-1.7,-25.0,0.0052642537225373485
42501,-1.7,-24.0,0.011186586367595452
42502,-1.7,-23.0,0.0059370288358006704
42503,-1.7,-22.0,0.006915187806027903
42504,-1.7,-21.0,0.013832708341157322
42505,-1.7,-20.0,0.00707732140828069
42506,-1.7,-19.0,0.0032586634874104074
42507,-1.7,-18.0,0.009065929241251379
42508,-1.7,-17.0,0.018508163687221656
42509,-1.7,-16.0,0.010083525815647785
42510,-1.7,-15.0,0.011832263907453794
42511,-1.7,-14.0,0.023200109497443062
42512,-1.7,-13.0,0.011900795677007409
42513,-1.7,-12.0,0.0054854933156444656
42514,-1.7,-11.0,0.015580879974680254
42515,-1.7,-10.0,0.03203473643105468
42516,-1.7,-9.0,0.017002367055466303
42517,-1.7,-8.0,0.020848043650344223
42518,-1.7,-7.0,0.042222477987876234
42519,-1.7,-6.0,0.020405951436447023
42520,-1.7,-5.0,0.008203729585354706
42521,-1.7,-4.0,0.03181314513851231
42522,-1.7,-3.0,0.0701591121350289
42523,-1.7,-2.0,0.03187831974896258
42524,-1.7,-1.0,0.009232523380290935
42525,-1.7,0.0,0.0007217882080991345
42526,-1.7,1.0,0.0087141755903335
42527,-1.7,2.0,0.028594049226531155
42528,-1.7,3.0,0.059606407693604736
42529,-1.7,4.0,0.028182945117874957
42530,-1.7,5.0,0.00894111974865907
42531,-1.7,6.0,0.020497451545780587
42532,-1.7,7.0,0.04081241842379931
42533,-1.7,8.0,0.02058061066948065
42534,-1.7,9.0,0.017257137824435106
42535,-1.7,10.0,0.031821933179575324
42536,-1.7,11.0,0.015603613404622366
42537,-1.7,12.0,0.0056713691020050345
42538,-1.7,13.0,0.012054876839969905
42539,-1.7,14.0,0.02329155703456532
42540,-1.7,15.0,0.011799475467502131
42541,-1.7,16.0,0.010085636192716777
42542,-1.7,17.0,0.018591314550486973
42543,-1.7,18.0,0.008951290238509482
42544,-1.7,19.0,0.003044018884419635
42545,-1.7,20.0,0.006966328297755523
42546,-1.7,21.0,0.01388949660258867
42547,-1.7,22.0,0.006778734513126697
42548,-1.7,23.0,0.005817099965424676
42549,-1.7,24.0,0.011253752119062365
42550,-1.7,25.0,0.005140197018847303
42551,-1.7,26.0,0.0014080688062905918
42552,-1.7,27.0,0.004025386749007694
42553,-1.7,28.0,0.008614789117398606
42554,-1.7,29.0,0.003987603884921466
42555,-1.7,30.0,0.00344186914363058
42556,-1.7,31.0,0.0071346396911302805
42557,-1.7,32.0,0.003079624681227504
42558,-1.7,33.0,0.0006185608769101256
42559,-1.7,34.0,0.0024548625117548797
42560,-1.7,35.0,0.005639063232848564
42561,-1.7,36.0,0.002503715528695555
42562,-1.7,37.0,0.002183747008878887
42563,-1.7,38.0,0.004784015002650711
42564,-1.7,39.0,0.002099640976389886
42565,-1.7,40.0,0.0018402485748771791
42566,-1.7,41.0,0.004091567041309993
42567,-1.7,42.0,0.0016874737805374423
42568,-1.7,43.0,0.00023691456175429677
42569,-1.7,44.0,0.0013874269065730393
42570,-1.7,45.0,0.0033590282508265262
42571,-1.7,46.0,0.0013755298314036021
42572,-1.7,47.0,0.00010440501301441013
42573,-1.7,48.0,1.0749299967196649e-05
42574,-1.7,49.0,7.442133189850992e-06
42575,-1.7,50.0,5.663807253922829e-06
42576,-1.7,51.0,4.288626928995887e-06
42577,-1.7,52.0,3.230095528455878e-06
42578,-1.7,53.0,2.4199114184047107e-06
42579,-1.7,54.0,1.803309943050842e-06
42580,-1.7,55.0,1.336681491806776e-06
42581,-1.7,56.0,9.85534918691851e-07
42582,-1.7,57.0,7.227740055172624e-07
42583,-1.7,58.0,5.272533932564847e-07
42584,-1.7,59.0,3.8258023808171e-07
42585,-1.7,60.0,2.761289415959442e-07
42586,-1.7,61.0,1.982382859803309e-07
42587,-1.7,62.0,1.415628586229664e-07
42588,-1.7,63.0,1.0055351991243191e-07
42589,-1.7,64.0,7.104465028499973e-08
42590,-1.7,65.0,4.992885671450981e-08
42591,-1.7,66.0,3.4902617018257436e-08
42592,-1.7,67.0,2.426892197769647e-08
42593,-1.7,68.0,1.6785299623565645e-08
42594,-1.7,69.0,1.1547655684720941e-08
42595,-1.7,70.0,7.902139049810303e-09
42596,-1.7,71.0,5.378753236359587e-09
42597,-1.7,72.0,3.6417043397943185e-09
42598,-1.7,73.0,2.452527334344511e-09
42599,-1.7,74.0,1.6428924662965957e-09
42600,-1.6,-75.0,3.2886784514055405e-09
42601,-1.6,-74.0,4.849580529323488e-09
42602,-1.6,-73.0,7.113331453118575e-09
42603,-1.6,-72.0,1.0378343082119764e-08
42604,-1.6,-71.0,1.5061530601144777e-08
42605,-1.6,-70.0,2.174184029171049e-08
42606,-1.6,-69.0,3.1218325282036034e-08
42607,-1.6,-68.0,4.4587077721176566e-08
42608,-1.6,-67.0,6.334240145838048e-08
42609,-1.6,-66.0,8.950888500200746e-08
42610,-1.6,-65.0,1.258125246986652e-07
42611,-1.6,-64.0,1.7590075974966813e-07
42612,-1.6,-63.0,2.4462320986676767e-07
42613,-1.6,-62.0,3.3838703364198923e-07
42614,-1.6,-61.0,4.6560311118446265e-07
42615,-1.6,-60.0,6.372416323449283e-07
42616,-1.6,-59.0,8.675180441021443e-07
42617,-1.6,-58.0,1.1747325419525368e-06
42618,-1.6,-57.0,1.5822882020804244e-06
42619,-1.6,-56.0,2.119914218485913e-06
42620,-1.6,-55.0,2.825121258055662e-06
42621,-1.6,-54.0,3.744915354779796e-06
42622,-1.6,-53.0,4.937794666782808e-06
42623,-1.6,-52.0,6.476049417869918e-06
42624,-1.6,-51.0,8.448379022140362e-06
42625,-1.6,-50.0,1.0962831333041408e-05
42626,-1.6,-49.0,1.4150056787091468e-05
42627,-1.6,-48.0,1.816685522268016e-05
42628,-1.6,-47.0,2.3201940288893182e-05
42629,-1.6,-46.0,3.05319284679714e-05
42630,-1.6,-45.0,0.00013208387244217454
42631,-1.6,-44.0,0.0014526900803596009
42632,-1.6,-43.0,0.003612872844150878
42633,-1.6,-42.0,0.003027808813426613
42634,-1.6,-41.0,0.003993488716881818
42635,-1.6,-40.0,0.001783936345306604
42636,-1.6,-39.0,0.002044590366125816
42637,-1.6,-38.0,0.0045973940058458085
42638,-1.6,-37.0,0.0020057883739529854
42639,-1.6,-36.0,0.0005126601123270634
42640,-1.6,-35.0,0.002516334716318435
42641,-1.6,-34.0,0.005814032481993001
42642,-1.6,-33.0,0.0028110181347061973
42643,-1.6,-32.0,0.0032554636688901695
42644,-1.6,-31.0,0.007014051161011011
42645,-1.6,-30.0,0.003492002176416767
42646,-1.6,-29.0,0.00405510089660266
42647,-1.6,-28.0,0.008534157836277634
42648,-1.6,-27.0,0.0041281558519131005
42649,-1.6,-26.0,0.0016299667258195723
42650,-1.6,-25.0,0.005277323000927942
42651,-1.6,-24.0,0.011223242864922628
42652,-1.6,-23.0,0.005952274081932004
42653,-1.6,-22.0,0.006932707088975073
42654,-1.6,-21.0,0.013875655571894397
42655,-1.6,-20.0,0.007095965409022966
42656,-1.6,-19.0,0.003263687264248349
42657,-1.6,-18.0,0.00908926454191293
42658,-1.6,-17.0,0.018561222838780807
42659,-1.6,-16.0,0.010112313420117203
42660,-1.6,-15.0,0.011863228347466224
42661,-1.6,-14.0,0.023259811754154026
42662,-1.6,-13.0,0.01193625414777293
42663,-1.6,-12.0,0.005507499535968473
42664,-1.6,-11.0,0.015615742088563004
42665,-1.6,-10.0,0.03208983589459787
42666,-1.6,-9.0,0.017043778308703083
42667,-1.6,-8.0,0.02087184863234033
42668,-1.6,-7.0,0.04223257764369014
42669,-1.6,-6.0,0.02043650794926389
42670,-1.6,-5.0,0.008233398589843404
42671,-1.6,-4.0,0.03163189190106451
42672,-1.6,-3.0,0.06964514629432614
42673,-1.6,-2.0,0.03170375666565263
42674,-1.6,-1.0,0.009120869009852475
42675,-1.6,0.0,0.0007161477699908639
42676,-1.6,1.0,0.00867379767684729
42677,-1.6,2.0,0.02863704547287184
42678,-1.6,3.0,0.05977797381519371
42679,-1.6,4.0,0.02823642178243877
42680,-1.6,5.0,0.008921336303223186
42681,-1.6,6.0,0.020495784469855415
42682,-1.6,7.0,0.04084555813691513
42683,-1.6,8.0,0.020587859522164378
42684,-1.6,9.0,0.017253367946305432
42685,-1.6,10.0,0.03182789658746022
42686,-1.6,11.0,0.015604888530850741
42687,-1.6,12.0,0.005670088989136714
42688,-1.6,13.0,0.012052508238760506
42689,-1.6,14.0,0.023286366476233146
42690,-1.6,15.0,0.011800152310277263
42691,-1.6,16.0,0.010085187369869512
42692,-1.6,17.0,0.018583466495665932
42693,-1.6,18.0,0.008952598589764806
42694,-1.6,19.0,0.0030508051859006466
42695,-1.6,20.0,0.006967092021714437
42696,-1.6,21.0,0.013879804057288487
42697,-1.6,22.0,0.00677884945985148
42698,-1.6,23.0,0.005816912743487396
42699,-1.6,24.0,0.011242984801063123
42700,-1.6,25.0,0.0051396776298728445
42701,-1.6,26.0,0.0014135152604106257
42702,-1.6,27.0,0.004024301167709991
42703,-1.6,28.0,0.008602919799181064
42704,-1.6,29.0,0.003985007625335747
42705,-1.6,30.0,0.0034392103794874634
42706,-1.6,31.0,0.007122321787502526
42707,-1.6,32.0,0.003076460620906507
42708,-1.6,33.0,0.000620756176147487
42709,-1.6,34.0,0.0024515677409005987
42710,-1.6,35.0,0.005626737703083125
42711,-1.6,36.0,0.0024993515910191077
42712,-1.6,37.0,0.0021795838737412574
42713,-1.6,38.0,0.004772071241735383
42714,-1.6,39.0,0.0020950520592153354
42715,-1.6,40.0,0.0018359342201644457
42716,-1.6,41.0,0.00408025679486029
42717,-1.6,42.0,0.0016832035956734705
42718,-1.6,43.0,0.00023683912901223555
42719,-1.6,44.0,0.0013835504315473294
42720,-1.6,45.0,0.0033487782357484192
42721,-1.6,46.0,0.001371497326762547
42722,-1.6,47.0,0.0001043436666722875
42723,-1.6,48.0,1.0928652086276995e-05
42724,-1.6,49.0,7.58592320654748e-06
42725,-1.6,50.0,5.776345353723883e-06
42726,-1.6,51.0,4.37617029537728e-06
42727,-1.6,52.0,3.297786980739291e-06
42728,-1.6,53.0,2.4719404862770277e-06
42729,-1.6,54.0,1.843063278117477e-06
42730,-1.6,55.0,1.3668760838668257e-06
42731,-1.6,56.0,1.00833438886651e-06
42732,-1.6,57.0,7.398887915889991e-07
42733,-1.6,58.0,5.400260062635326e-07
42734,-1.6,59.0,3.92056986686761e-07
42735,-1.6,60.0,2.8311962212417203e-07
42736,-1.6,61.0,2.0336534883984176e-07
42737,-1.6,62.0,1.4530151029482055e-07
42738,-1.6,63.0,1.0326412436219195e-07
42739,-1.6,64.0,7.29986713127539e-08
42740,-1.6,65.0,5.132944669029519e-08
42741,-1.6,66.0,3.590081769464501e-08
42742,-1.6,67.0,2.4976306882957967e-08
42743,-1.6,68.0,1.7283759823670628e-08
42744,-1.6,69.0,1.1896914470930775e-08
42745,-1.6,70.0,8.145477896400894e-09
42746,-1.6,71.0,5.54734161551505e-09
42747,-1.6,72.0,3.757849333986712e-09
42748,-1.6,73.0,2.532094590950476e-09
42749,-1.6,74.0,1.6970967285441429e-09
42750,-1.5,-75.0,3.1945525306952447e-09
42751,-1.5,-74.0,4.713290260730009e-09
42752,-1.5,-73.0,6.91710622926742e-09
42753,-1.5,-72.0,1.0097429098658557e-08
42754,-1.5,-71.0,1.46616648179893e-08
42755,-1.5,-70.0,2.1175899580514462e-08
42756,-1.5,-69.0,3.0421915681195704e-08
42757,-1.5,-68.0,4.3472774185504155e-08
42758,-1.5,-67.0,6.179228565644986e-08
42759,-1.5,-66.0,8.736495786436531e-08
42760,-1.5,-65.0,1.2286449255524277e-07
42761,-1.5,-64.0,1.7187060998642077e-07
42762,-1.5,-63.0,2.3914590731321806e-07
42763,-1.5,-62.0,3.309865871858319e-07
42764,-1.5,-61.0,4.5566318811783903e-07
42765,-1.5,-60.0,6.239698446253798e-07
42766,-1.5,-59.0,8.49903007501809e-07
42767,-1.5,-58.0,1.1514928300955175e-06
42768,-1.5,-57.0,1.5518123994825876e-06
42769,-1.5,-56.0,2.0801914393447576e-06
42770,-1.5,-55.0,2.773661762290634e-06
42771,-1.5,-54.0,3.6786612827262774e-06
42772,-1.5,-53.0,4.8530214523328436e-06
42773,-1.5,-52.0,6.36825914880821e-06
42774,-1.5,-51.0,8.312187914735072e-06
42775,-1.5,-50.0,1.0791854588625032e-05
42776,-1.5,-49.0,1.3936795405719271e-05
42777,-1.5,-48.0,1.79025908585329e-05
42778,-1.5,-47.0,2.2876656196180556e-05
42779,-1.5,-46.0,3.0139754818172336e-05
42780,-1.5,-45.0,0.00013209670256688434
42781,-1.5,-44.0,0.0014594563973295961
42782,-1.5,-43.0,0.003630744581756916
42783,-1.5,-42.0,0.0030422754326102056
42784,-1.5,-41.0,0.004012543642502411
42785,-1.5,-40.0,0.0017913556475120229
42786,-1.5,-39.0,0.0020527657105636715
42787,-1.5,-38.0,0.00461789121023342
42788,-1.5,-37.0,0.0020130157886302847
42789,-1.5,-36.0,0.0005119980149363359
42790,-1.5,-35.0,0.002524646586399619
42791,-1.5,-34.0,0.005837421608996313
42792,-1.5,-33.0,0.0028196392293658255
42793,-1.5,-32.0,0.003265090365710581
42794,-1.5,-31.0,0.007040023757319398
42795,-1.5,-30.0,0.00350143332445297
42796,-1.5,-29.0,0.004065757871420138
42797,-1.5,-28.0,0.008563318972632392
42798,-1.5,-27.0,0.004137977134820092
42799,-1.5,-26.0,0.0016285298944964384
42800,-1.5,-25.0,0.005289557167896218
42801,-1.5,-24.0,0.011258217496637647
42802,-1.5,-23.0,0.005966557258524292
42803,-1.5,-22.0,0.006949108748978505
42804,-1.5,-21.0,0.01391649548032981
42805,-1.5,-20.0,0.007113434352994144
42806,-1.5,-19.0,0.0032680566376802707
42807,-1.5,-18.0,0.00911112048616785
42808,-1.5,-17.0,0.018611472278353438
42809,-1.5,-16.0,0.010139456303094964
42810,-1.5,-15.0,0.011892320265964656
42811,-1.5,-14.0,0.02331608980998089
42812,-1.5,-13.0,0.011969825215348605
42813,-1.5,-12.0,0.005528505550780055
42814,-1.5,-11.0,0.015648386307709126
42815,-1.5,-10.0,0.032140723498656834
42816,-1.5,-9.0,0.01708286502008819
42817,-1.5,-8.0,0.02089340774913248
42818,-1.5,-7.0,0.042238673714875455
42819,-1.5,-6.0,0.020464950320078838
42820,-1.5,-5.0,0.00826294592585993
42821,-1.5,-4.0,0.031461423901101376
42822,-1.5,-3.0,0.06915884837083407
42823,-1.5,-2.0,0.031540081109066594
42824,-1.5,-1.0,0.009011642836181062
42825,-1.5,0.0,0.0007105272440367321
42826,-1.5,1.0,0.008633181875706244
42827,-1.5,2.0,0.028681375105753807
42828,-1.5,3.0,0.059953372729826614
42829,-1.5,4.0,0.02829118700744175
42830,-1.5,5.0,0.008901210485535065
42831,-1.5,6.0,0.020493765248367827
42832,-1.5,7.0,0.04087853310735287
42833,-1.5,8.0,0.02059476658186632
42834,-1.5,9.0,0.017249078393747137
42835,-1.5,10.0,0.03183324887313539
42836,-1.5,11.0,0.015605684197723025
42837,-1.5,12.0,0.005668412351423329
42838,-1.5,13.0,0.012049663176045795
42839,-1.5,14.0,0.023280558060127795
42840,-1.5,15.0,0.011800411383362252
42841,-1.5,16.0,0.010084354472936761
42842,-1.5,17.0,0.01857510803304167
42843,-1.5,18.0,0.008953593886148142
42844,-1.5,19.0,0.003057405621939042
42845,-1.5,20.0,0.006967613424589152
42846,-1.5,21.0,0.013869753889965721
42847,-1.5,22.0,0.006778763714631707
42848,-1.5,23.0,0.005816556677599909
42849,-1.5,24.0,0.011231952474643571
42850,-1.5,25.0,0.00513902838932532
42851,-1.5,26.0,0.0014189169672768343
42852,-1.5,27.0,0.004023125093345729
42853,-1.5,28.0,0.008590872066784863
42854,-1.5,29.0,0.003982333113914963
42855,-1.5,30.0,0.003436488417732893
42856,-1.5,31.0,0.007109867097326502
42857,-1.5,32.0,0.0030732451835886044
42858,-1.5,33.0,0.0006229520765984344
42859,-1.5,34.0,0.0024482363822475187
42860,-1.5,35.0,0.005614310005160769
42861,-1.5,36.0,0.002494949406000526
42862,-1.5,37.0,0.0021753888236095754
42863,-1.5,38.0,0.004760041717511105
42864,-1.5,39.0,0.002090430986364653
42865,-1.5,40.0,0.0018315924326953005
42866,-1.5,41.0,0.004068872836362907
42867,-1.5,42.0,0.0016789069126041632
42868,-1.5,43.0,0.00023676542756175255
42869,-1.5,44.0,0.0013796522621993088
42870,-1.5,45.0,0.0033384669684358103
42871,-1.5,46.0,0.0013674417595370165
42872,-1.5,47.0,0.00010428357859271278
42873,-1.5,48.0,1.1110534185691592e-05
42874,-1.5,49.0,7.731817873809354e-06
42875,-1.5,50.0,5.89060554356787e-06
42876,-1.5,51.0,4.465111024358415e-06
42877,-1.5,52.0,3.3666031984720612e-06
42878,-1.5,53.0,2.52486783853388e-06
42879,-1.5,54.0,1.8835285668783259e-06
42880,-1.5,55.0,1.3976307587141237e-06
42881,-1.5,56.0,1.031571263353932e-06
42882,-1.5,57.0,7.573427376076651e-07
42883,-1.5,58.0,5.530597576063291e-07
42884,-1.5,59.0,4.017334130478349e-07
42885,-1.5,60.0,2.9026194669800425e-07
42886,-1.5,61.0,2.086068040910472e-07
42887,-1.5,62.0,1.4912588171190724e-07
42888,-1.5,63.0,1.0603854181918738e-07
42889,-1.5,64.0,7.49998890798033e-08
42890,-1.5,65.0,5.276471965835204e-08
42891,-1.5,66.0,3.692434328718167e-08
42892,-1.5,67.0,2.570206687908334e-08
42893,-1.5,68.0,1.7795469000872244e-08
42894,-1.5,69.0,1.2255666756704234e-08
42895,-1.5,70.0,8.395577257836805e-09
42896,-1.5,71.0,5.720714749373812e-09
42897,-1.5,72.0,3.877360078539936e-09
42898,-1.5,73.0,2.614015060435694e-09
42899,-1.5,74.0,1.7529363434823596e-09
42900,-1.4,-75.0,3.1024862878239475e-09
42901,-1.4,-74.0,4.579893845749294e-09
42902,-1.4,-73.0,6.724919044471055e-09
42903,-1.4,-72.0,9.822110525493497e-09
42904,-1.4,-71.0,1.4269497527049157e-08
42905,-1.4,-70.0,2.0620474362492846e-08
42906,-1.4,-69.0,2.9639763259524297e-08
42907,-1.4,-68.0,4.2377654582205495e-08
42908,-1.4,-67.0,6.026778225170296e-08
42909,-1.4,-66.0,8.525495151450054e-08
42910,-1.4,-65.0,1.199610119081267e-07
42911,-1.4,-64.0,1.6789846930426648e-07
42912,-1.4,-63.0,2.337434557715893e-07
42913,-1.4,-62.0,3.2368180841981673e-07
42914,-1.4,-61.0,4.4584431228795864e-07
42915,-1.4,-60.0,6.108495762586653e-07
42916,-1.4,-59.0,8.324754421209881e-07
42917,-1.4,-58.0,1.1284821451897263e-06
42918,-1.4,-57.0,1.5216124774898953e-06
42919,-1.4,-56.0,2.0407957314685323e-06
42920,-1.4,-55.0,2.7225829539029645e-06
42921,-1.4,-54.0,3.612840697152034e-06
42922,-1.4,-53.0,4.7687286537846204e-06
42923,-1.4,-52.0,6.260982899949573e-06
42924,-1.4,-51.0,8.176520529552529e-06
42925,-1.4,-50.0,1.0621372811246252e-05
42926,-1.4,-49.0,1.3723942246374058e-05
42927,-1.4,-48.0,1.7638564326291937e-05
42928,-1.4,-47.0,2.2551322601514222e-05
42929,-1.4,-46.0,2.9746958088789033e-05
42930,-1.4,-45.0,0.00013209693533582334
42931,-1.4,-44.0,0.001466050971982695
42932,-1.4,-43.0,0.003648183954965931
42933,-1.4,-42.0,0.003056379351952313
42934,-1.4,-41.0,0.004031117676923698
42935,-1.4,-40.0,0.0017985614993088195
42936,-1.4,-39.0,0.002060693560216285
42937,-1.4,-38.0,0.004637827450999941
42938,-1.4,-37.0,0.00201999751342155
42939,-1.4,-36.0,0.0005112703545335956
42940,-1.4,-35.0,0.002532642127304038
42941,-1.4,-34.0,0.005860083014451359
42942,-1.4,-33.0,0.0028278988684477856
42943,-1.4,-32.0,0.0032742925523801133
42944,-1.4,-31.0,0.007065096679066223
42945,-1.4,-30.0,0.003510395072696855
42946,-1.4,-29.0,0.004075863308186312
42947,-1.4,-28.0,0.008591355954737857
42948,-1.4,-27.0,0.004147214554358019
42949,-1.4,-26.0,0.0016268086918935626
42950,-1.4,-25.0,0.005301031698664373
42951,-1.4,-24.0,0.011291666135845202
42952,-1.4,-23.0,0.005979963040252414
42953,-1.4,-22.0,0.006964491224919585
42954,-1.4,-21.0,0.013955421080544329
42955,-1.4,-20.0,0.0071298282969470515
42956,-1.4,-19.0,0.0032718189099405306
42957,-1.4,-18.0,0.009131624583485222
42958,-1.4,-17.0,0.018659170111158085
42959,-1.4,-16.0,0.010165094380482699
42960,-1.4,-15.0,0.011919704080920602
42961,-1.4,-14.0,0.023369267087802105
42962,-1.4,-13.0,0.012001671553184691
42963,-1.4,-12.0,0.005548582101918102
42964,-1.4,-11.0,0.015679025119995495
42965,-1.4,-10.0,0.03218784364980715
42966,-1.4,-9.0,0.017119855457862307
42967,-1.4,-8.0,0.02091299001601241
42968,-1.4,-7.0,0.04224131815241222
42969,-1.4,-6.0,0.020491536677631064
42970,-1.4,-5.0,0.008292366306717947
42971,-1.4,-4.0,0.03130066561656981
42972,-1.4,-3.0,0.06869749276355261
42973,-1.4,-2.0,0.03138621604043924
42974,-1.4,-1.0,0.008904623306145595
42975,-1.4,0.0,0.0007049264198958306
42976,-1.4,1.0,0.00859233924069502
42977,-1.4,2.0,0.028727116483826958
42978,-1.4,3.0,0.06013278826675465
42979,-1.4,4.0,0.02834731744606894
42980,-1.4,5.0,0.008880750024100255
42981,-1.4,6.0,0.02049139695416369
42982,-1.4,7.0,0.04091134723059877
42983,-1.4,8.0,0.0206013329491449
42984,-1.4,9.0,0.017244265152023194
42985,-1.4,10.0,0.031837980251637185
42986,-1.4,11.0,0.015605995093701674
42987,-1.4,12.0,0.005666336356763671
42988,-1.4,13.0,0.012046335270402294
42989,-1.4,14.0,0.023274119879421844
42990,-1.4,15.0,0.011800245659502722
42991,-1.4,16.0,0.01008313086425865
42992,-1.4,17.0,0.018566228352385028
42993,-1.4,18.0,0.00895426975969642
42994,-1.4,19.0,0.0030638165422118752
42995,-1.4,20.0,0.0069678870686301995
42996,-1.4,21.0,0.013859337576868844
42997,-1.4,22.0,0.006778472115525846
42998,-1.4,23.0,0.005816027215990635
42999,-1.4,24.0,0.011220648368196686
43000,-1.4,25.0,0.005138245375557913
43001,-1.4,26.0,0.0014242718026498942
43002,-1.4,27.0,0.004021855491463601
43003,-1.4,28.0,0.008578641163222806
43004,-1.4,29.0,0.003979577672835865
43005,-1.4,30.0,0.0034337009915289276
43006,-1.4,31.0,0.007097272036318352
43007,-1.4,32.0,0.003069976521056085
43008,-1.4,33.0,0.0006251478183864579
43009,-1.4,34.0,0.002444867085264076
43010,-1.4,35.0,0.005601777674667934
43011,-1.4,36.0,0.00249050776836372
43012,-1.4,37.0,0.002171160856020598
43013,-1.4,38.0,0.0047479245305995475
43014,-1.4,39.0,0.0020857768826181284
43015,-1.4,40.0,0.001827222481169754
43016,-1.4,41.0,0.004057413662596436
43017,-1.4,42.0,0.0016745831017985118
43018,-1.4,43.0,0.00023669335908655227
43019,-1.4,44.0,0.0013757319179677529
43020,-1.4,45.0,0.0033280932996113855
43021,-1.4,46.0,0.0013633626655213751
43022,-1.4,47.0,0.0001042247235582364
43023,-1.4,48.0,1.1294954654628858e-05
43024,-1.4,49.0,7.87982712632586e-06
43025,-1.4,50.0,6.006598051117927e-06
43026,-1.4,51.0,4.55545902911172e-06
43027,-1.4,52.0,3.436553398698866e-06
43028,-1.4,53.0,2.578701782160004e-06
43029,-1.4,54.0,1.9247131133481267e-06
43030,-1.4,55.0,1.4289518084139104e-06
43031,-1.4,56.0,1.0552508684347114e-06
43032,-1.4,57.0,7.751402836079846e-07
43033,-1.4,58.0,5.663582980029932e-07
43034,-1.4,59.0,4.1161248156422476e-07
43035,-1.4,60.0,2.975582948062978e-07
43036,-1.4,61.0,2.139645412797502e-07
43037,-1.4,62.0,1.5303745823973083e-07
43038,-1.4,63.0,1.0887792876526222e-07
43039,-1.4,64.0,7.704919578982032e-08
43040,-1.4,65.0,5.423535790959237e-08
43041,-1.4,66.0,3.797371115568544e-08
43042,-1.4,67.0,2.644659105725309e-08
43043,-1.4,68.0,1.83207174558724e-08
43044,-1.4,69.0,1.2624127459793679e-08
43045,-1.4,70.0,8.652595041598828e-09
43046,-1.4,71.0,5.8989877998718745e-09
43047,-1.4,72.0,4.000319951741527e-09
43048,-1.4,73.0,2.698348679123359e-09
43049,-1.4,74.0,1.8104540939934749e-09
43050,-1.3,-75.0,3.0124965631896677e-09
43051,-1.3,-74.0,4.449420901017718e-09
43052,-1.3,-73.0,6.5368200340144234e-09
43053,-1.3,-72.0,9.552469813866169e-09
43054,-1.3,-71.0,1.3885161228169565e-08
43055,-1.3,-70.0,2.0075773509460203e-08
43056,-1.3,-69.0,2.887219188607319e-08
43057,-1.3,-68.0,4.130221383964587e-08
43058,-1.3,-67.0,5.876963776595002e-08
43059,-1.3,-66.0,8.317997861984985e-08
43060,-1.3,-65.0,1.171037229701351e-07
43061,-1.3,-64.0,1.6398673078851705e-07
43062,-1.3,-63.0,2.2841931297873542e-07
43063,-1.3,-62.0,3.164776473900036e-07
43064,-1.3,-61.0,4.361535076692243e-07
43065,-1.3,-60.0,5.978907095486881e-07
43066,-1.3,-59.0,8.152491377673811e-07
43067,-1.3,-58.0,1.1057195764526465e-06
43068,-1.3,-57.0,1.4917146564513064e-06
43069,-1.3,-56.0,2.0017628375780045e-06
43070,-1.3,-55.0,2.671933194841617e-06
43071,-1.3,-54.0,3.5475185581676046e-06
43072,-1.3,-53.0,4.685002901276061e-06
43073,-1.3,-52.0,6.154335385423016e-06
43074,-1.3,-51.0,8.041527711816324e-06
43075,-1.3,-50.0,1.0451582993317242e-05
43076,-1.3,-49.0,1.3511752816355801e-05
43077,-1.3,-48.0,1.7375104797419998e-05
43078,-1.3,-47.0,2.2226360769220884e-05
43079,-1.3,-46.0,2.9354085511021916e-05
43080,-1.3,-45.0,0.00013208629514934334
43081,-1.3,-44.0,0.0014724901888676395
43082,-1.3,-43.0,0.003665231303189611
43083,-1.3,-42.0,0.00307015459083163
43084,-1.3,-41.0,0.00404925570143673
43085,-1.3,-40.0,0.0018055744270226244
43086,-1.3,-39.0,0.002068397576629434
43087,-1.3,-38.0,0.004657255010025697
43088,-1.3,-37.0,0.002026757140841
43089,-1.3,-36.0,0.0005104843093056923
43090,-1.3,-35.0,0.0025403512598318745
43091,-1.3,-34.0,0.005882083904406696
43092,-1.3,-33.0,0.0028358308068921604
43093,-1.3,-32.0,0.003283109440865008
43094,-1.3,-31.0,0.007089351932794744
43095,-1.3,-30.0,0.003518929899873927
43096,-1.3,-29.0,0.004085466585733845
43097,-1.3,-28.0,0.008618369473857015
43098,-1.3,-27.0,0.004155918818677588
43099,-1.3,-26.0,0.0016248255849305065
43100,-1.3,-25.0,0.0053118112825488555
43101,-1.3,-24.0,0.011323722116709378
43102,-1.3,-23.0,0.005992563984036412
43103,-1.3,-22.0,0.0069789388283243246
43104,-1.3,-21.0,0.01399259742283753
43105,-1.3,-20.0,0.007145232905762749
43106,-1.3,-19.0,0.00327501467562764
43107,-1.3,-18.0,0.009150885863376269
43108,-1.3,-17.0,0.018704536808083913
43109,-1.3,-16.0,0.010189347160482632
43110,-1.3,-15.0,0.011945520086667131
43111,-1.3,-14.0,0.02341961944901468
43112,-1.3,-13.0,0.012031931793641199
43113,-1.3,-12.0,0.005567789258667995
43114,-1.3,-11.0,0.015707838916639287
43115,-1.3,-10.0,0.03223157370186423
43116,-1.3,-9.0,0.017154943040622702
43117,-1.3,-8.0,0.020930821090723604
43118,-1.3,-7.0,0.0422409733767727
43119,-1.3,-6.0,0.020516483213502603
43120,-1.3,-5.0,0.008321654312676839
43121,-1.3,-4.0,0.031148702959423395
43122,-1.3,-3.0,0.06825876423290217
43123,-1.3,-2.0,0.031241245949286314
43124,-1.3,-1.0,0.008799619967807228
43125,-1.3,0.0,0.0006993450130349091
43126,-1.3,1.0,0.008551280286765578
43127,-1.3,2.0,0.028774349762597625
43128,-1.3,3.0,0.06031640969808907
43129,-1.3,4.0,0.028404891606870306
43130,-1.3,5.0,0.008859962114411325
43131,-1.3,6.0,0.020488680659671975
43132,-1.3,7.0,0.04094400035759011
43133,-1.3,8.0,0.02060755769569082
43134,-1.3,9.0,0.01723892236891486
43135,-1.3,10.0,0.031842077416908504
43136,-1.3,11.0,0.015605814220539187
43137,-1.3,12.0,0.005663857604626215
43138,-1.3,13.0,0.01204251681524209
43139,-1.3,14.0,0.023267037382233215
43140,-1.3,15.0,0.01179964678928627
43141,-1.3,16.0,0.010081508774269795
43142,-1.3,17.0,0.01855681451594392
43143,-1.3,18.0,0.008954618821174033
43144,-1.3,19.0,0.003070033950748111
43145,-1.3,20.0,0.006967906713865761
43146,-1.3,21.0,0.01384854499235851
43147,-1.3,22.0,0.006777968709499574
43148,-1.3,23.0,0.005815319125329979
43149,-1.3,24.0,0.011209064407885496
43150,-1.3,25.0,0.005137324058731954
43151,-1.3,26.0,0.001429577457825025
43152,-1.3,27.0,0.004020488848243377
43153,-1.3,28.0,0.008566221335623608
43154,-1.3,29.0,0.003976738151056834
43155,-1.3,30.0,0.0034308454251356906
43156,-1.3,31.0,0.0070845321995820915
43157,-1.3,32.0,0.003066652420524677
43158,-1.3,33.0,0.0006273425545620314
43159,-1.3,34.0,0.0024414582100758296
43160,-1.3,35.0,0.0055891376056228115
43161,-1.3,36.0,0.0024860251819470492
43162,-1.3,37.0,0.002166898715652344
43163,-1.3,38.0,0.0047357172424178804
43164,-1.3,39.0,0.002081088632412379
43165,-1.3,40.0,0.0018228234245058887
43166,-1.3,41.0,0.004045877313251576
43167,-1.3,42.0,0.0016702313430195194
43168,-1.3,43.0,0.00023662279555479576
43169,-1.3,44.0,0.0013717887628234503
43170,-1.3,45.0,0.003317655708339877
43171,-1.3,46.0,0.001359259427467247
43172,-1.3,47.0,0.00010416706348736672
43173,-1.3,48.0,1.1481919644815696e-05
43174,-1.3,49.0,8.029959286613078e-06
43175,-1.3,50.0,6.1243318930661765e-06
43176,-1.3,51.0,4.6472233225800844e-06
43177,-1.3,52.0,3.5076461366711116e-06
43178,-1.3,53.0,2.6334501434349996e-06
43179,-1.3,54.0,1.96662387690245e-06
43180,-1.3,55.0,1.4608452814809907e-06
43181,-1.3,56.0,1.0793783610452355e-06
43182,-1.3,57.0,7.932857540544032e-07
43183,-1.3,58.0,5.79925201024809e-07
43184,-1.3,59.0,4.216971065190045e-07
43185,-1.3,60.0,3.050110145055958e-07
43186,-1.3,61.0,2.1944043117288383e-07
43187,-1.3,62.0,1.5703771482710962e-07
43188,-1.3,63.0,1.117834366252774e-07
43189,-1.3,64.0,7.914748188842693e-08
43190,-1.3,65.0,5.5742043892873756e-08
43191,-1.3,66.0,3.904943983088997e-08
43192,-1.3,67.0,2.721027012308569e-08
43193,-1.3,68.0,1.8859797204914505e-08
43194,-1.3,69.0,1.3002513122871224e-08
43195,-1.3,70.0,8.916690594723599e-09
43196,-1.3,71.0,6.082277148340142e-09
43197,-1.3,72.0,4.126813331310403e-09
43198,-1.3,73.0,2.785156181651704e-09
43199,-1.3,74.0,1.869693387321403e-09
43200,-1.2,-75.0,2.924589810436307e-09
43201,-1.2,-74.0,4.321885752006512e-09
43202,-1.2,-73.0,6.3528369562299886e-09
43203,-1.2,-72.0,9.288556863474299e-09
43204,-1.2,-71.0,1.3508741349200606e-08
43205,-1.2,-70.0,1.9541938225207307e-08
43206,-1.2,-69.0,2.8119428726149612e-08
43207,-1.2,-68.0,4.024680949762992e-08
43208,-1.2,-67.0,5.729840467104823e-08
43209,-1.2,-66.0,8.114087936445824e-08
43210,-1.2,-65.0,1.1429388555666129e-07
43211,-1.2,-64.0,1.6013725954945877e-07
43212,-1.2,-63.0,2.2317620809620312e-07
43213,-1.2,-62.0,3.093780545395032e-07
43214,-1.2,-61.0,4.26596434660537e-07
43215,-1.2,-60.0,5.851012773782149e-07
43216,-1.2,-59.0,7.98235390207299e-07
43217,-1.2,-58.0,1.083220868928168e-06
43218,-1.2,-57.0,1.4621406981282704e-06
43219,-1.2,-56.0,1.9631225897469386e-06
43220,-1.2,-55.0,2.6217530557930012e-06
43221,-1.2,-54.0,3.482749613631129e-06
43222,-1.2,-53.0,4.601917514828244e-06
43223,-1.2,-52.0,6.048414069140736e-06
43224,-1.2,-51.0,7.907338075426284e-06
43225,-1.2,-50.0,1.028265363676299e-05
43226,-1.2,-49.0,1.3300446314829434e-05
43227,-1.2,-48.0,1.7112495430090346e-05
43228,-1.2,-47.0,2.1902133971876776e-05
43229,-1.2,-46.0,2.896161001684977e-05
43230,-1.2,-45.0,0.00013206627083554284
43231,-1.2,-44.0,0.0014787881710942824
43232,-1.2,-43.0,0.003681921393533133
43233,-1.2,-42.0,0.003083630475536255
43234,-1.2,-41.0,0.00406699640830736
43235,-1.2,-40.0,0.00181241214097796
43236,-1.2,-39.0,0.002075898181256768
43237,-1.2,-38.0,0.004676218984406368
43238,-1.2,-37.0,0.002033315050857715
43239,-1.2,-36.0,0.0005096461235912018
43240,-1.2,-35.0,0.0025477998470488953
43241,-1.2,-34.0,0.005903482298795554
43242,-1.2,-33.0,0.0028434642435150492
43243,-1.2,-32.0,0.0032915749557631594
43244,-1.2,-31.0,0.007112860360052574
43245,-1.2,-30.0,0.0035270745850437884
43246,-1.2,-29.0,0.004094610456956866
43247,-1.2,-28.0,0.008644446552717656
43248,-1.2,-27.0,0.004164133864168428
43249,-1.2,-26.0,0.0016226001721981079
43250,-1.2,-25.0,0.005321951951104532
43251,-1.2,-24.0,0.011354500690623097
43252,-1.2,-23.0,0.006004422922797918
43253,-1.2,-22.0,0.006992524534284107
43254,-1.2,-21.0,0.014028167122625453
43255,-1.2,-20.0,0.007159722299626329
43256,-1.2,-19.0,0.0032776791514404105
43257,-1.2,-18.0,0.00916899853129124
43258,-1.2,-17.0,0.01874776264521161
43259,-1.2,-16.0,0.010212317786137544
43260,-1.2,-15.0,0.011969889229066218
43261,-1.2,-14.0,0.02346738459151117
43262,-1.2,-13.0,0.012060725293915135
43263,-1.2,-12.0,0.005586178552798974
43264,-1.2,-11.0,0.01573498235864004
43265,-1.2,-10.0,0.032272237223740924
43266,-1.2,-9.0,0.01718829326221458
43267,-1.2,-8.0,0.020947092007905083
43268,-1.2,-7.0,0.04223803032623839
43269,-1.2,-6.0,0.020539972639734817
43270,-1.2,-5.0,0.008350804453612061
43271,-1.2,-4.0,0.031004751189857002
43272,-1.2,-3.0,0.06784067629159579
43273,-1.2,-2.0,0.031104384748933664
43274,-1.2,-1.0,0.008696467444282603
43275,-1.2,0.0,0.0006937826735535997
43276,-1.2,1.0,0.008510015110759286
43277,-1.2,2.0,0.028823157530738577
43278,-1.2,3.0,0.06050443318079935
43279,-1.2,4.0,0.02846399048242353
43280,-1.2,5.0,0.008838853533345615
43281,-1.2,6.0,0.02048561561898136
43282,-1.2,7.0,0.0409764886413285
43283,-1.2,8.0,0.020613438042728985
43284,-1.2,9.0,0.017233042502845214
43285,-1.2,10.0,0.0318455238057216
43286,-1.2,11.0,0.01560513302461219
43287,-1.2,12.0,0.00566097217600888
43288,-1.2,13.0,0.012038198881979401
43289,-1.2,14.0,0.02325929356893101
43290,-1.2,15.0,0.01179860520040227
43291,-1.2,16.0,0.010079479387159784
43292,-1.2,17.0,0.01854685161810883
43293,-1.2,18.0,0.008954632735086347
43294,-1.2,19.0,0.0030760535290874714
43295,-1.2,20.0,0.006967665376732057
43296,-1.2,21.0,0.013837364530164011
43297,-1.2,22.0,0.006777246809469819
43298,-1.2,23.0,0.005814426539846613
43299,-1.2,24.0,0.011197191317233178
43300,-1.2,25.0,0.0051362593441923385
43301,-1.2,26.0,0.0014348314488059487
43302,-1.2,27.0,0.0040190212047180865
43303,-1.2,28.0,0.00855360591312001
43304,-1.2,29.0,0.003973810958842413
43305,-1.2,30.0,0.003427918663885333
43306,-1.2,31.0,0.007071642427285641
43307,-1.2,32.0,0.003063270331784216
43308,-1.2,33.0,0.0006295353549526523
43309,-1.2,34.0,0.002438007849447721
43310,-1.2,35.0,0.005576386103666262
43311,-1.2,36.0,0.0024814998826428974
43312,-1.2,37.0,0.0021626009145039645
43313,-1.2,38.0,0.004723416921081029
43314,-1.2,39.0,0.0020763648995634036
43315,-1.2,40.0,0.0018183941292748546
43316,-1.2,41.0,0.004034261410784382
43317,-1.2,42.0,0.0016658506414933944
43318,-1.2,43.0,0.00023655358113041855
43319,-1.2,44.0,0.0013678220187628304
43320,-1.2,45.0,0.003307152335286813
43321,-1.2,46.0,0.0013551312885843976
43322,-1.2,47.0,0.0001041105482831473
43323,-1.2,48.0,1.1671433022392871e-05
43324,-1.2,49.0,8.182221015904077e-06
43325,-1.2,50.0,6.243814834378762e-06
43326,-1.2,51.0,4.740411984107544e-06
43327,-1.2,52.0,3.579889278857186e-06
43328,-1.2,53.0,2.6891202463548045e-06
43329,-1.2,54.0,2.0092674552155735e-06
43330,-1.2,55.0,1.4933169695322382e-06
43331,-1.2,56.0,1.1039587184441287e-06
43332,-1.2,57.0,8.117833499221099e-07
43333,-1.2,58.0,5.937639570883104e-07
43334,-1.2,59.0,4.3199014756620367e-07
43335,-1.2,60.0,3.126224190639292e-07
43336,-1.2,61.0,2.2503632328733172e-07
43337,-1.2,62.0,1.6112811420491442e-07
43338,-1.2,63.0,1.1475621046755969e-07
43339,-1.2,64.0,8.12956351354116e-08
43340,-1.2,65.0,5.728545955976316e-08
43341,-1.2,66.0,4.015204855686567e-08
43342,-1.2,67.0,2.7993496080843187e-08
43343,-1.2,68.0,1.9413001764551662e-08
43344,-1.2,69.0,1.3391041768795287e-08
43345,-1.2,70.0,9.188024607894563e-09
43346,-1.2,71.0,6.270700332977132e-09
43347,-1.2,72.0,4.256925554381027e-09
43348,-1.2,73.0,2.874499075913683e-09
43349,-1.2,74.0,1.9306982397842667e-09
43350,-1.1,-75.0,2.838764113942883e-09
43351,-1.1,-74.0,4.197290375180217e-09
43352,-1.1,-73.0,6.172979459783968e-09
43353,-1.1,-72.0,9.030395178080414e-09
43354,-1.1,-71.0,1.3140285077334666e-08
43355,-1.1,-70.0,1.9019054646957694e-08
43356,-1.1,-69.0,2.738162212497968e-08
43357,-1.1,-68.0,3.921168695012043e-08
43358,-1.1,-67.0,5.5854476826336304e-08
43359,-1.1,-66.0,7.913827092986588e-08
43360,-1.1,-65.0,1.115324478026611e-07
43361,-1.1,-64.0,1.5635148763950634e-07
43362,-1.1,-63.0,2.1801627211144536e-07
43363,-1.1,-62.0,3.023861588959761e-07
43364,-1.1,-61.0,4.1717763226287235e-07
43365,-1.1,-60.0,5.724877905902643e-07
43366,-1.1,-59.0,7.81443441355225e-07
43367,-1.1,-58.0,1.0609990121856843e-06
43368,-1.1,-57.0,1.4329086887944676e-06
43369,-1.1,-56.0,1.9248999455293025e-06
43370,-1.1,-55.0,2.572076679769844e-06
43371,-1.1,-54.0,3.4185801841157846e-06
43372,-1.1,-53.0,4.519534828449493e-06
43373,-1.1,-52.0,5.94330217476231e-06
43374,-1.1,-51.0,7.774061880437688e-06
43375,-1.1,-50.0,1.0114729721481905e-05
43376,-1.1,-49.0,1.3090211965398655e-05
43377,-1.1,-48.0,1.6850981397540365e-05
43378,-1.1,-47.0,2.1578957615109323e-05
43379,-1.1,-46.0,2.8569943243676078e-05
43380,-1.1,-45.0,0.00013203815874606898
43381,-1.1,-44.0,0.001484957203918806
43382,-1.1,-43.0,0.003698284466324498
43383,-1.1,-42.0,0.003096832519060462
43384,-1.1,-41.0,0.004084373461101333
43385,-1.1,-40.0,0.0018190900616639584
43386,-1.1,-39.0,0.0020832131605387416
43387,-1.1,-38.0,0.004694758631668847
43388,-1.1,-37.0,0.002039689009742392
43389,-1.1,-36.0,0.0005087612782721561
43390,-1.1,-35.0,0.0025550104500779744
43391,-1.1,-34.0,0.005924328748672606
43392,-1.1,-33.0,0.00285082466912747
43393,-1.1,-32.0,0.003299718718490966
43394,-1.1,-31.0,0.007135683722763544
43395,-1.1,-30.0,0.003534861268168256
43396,-1.1,-29.0,0.004103332281934581
43397,-1.1,-28.0,0.008669663097276422
43398,-1.1,-27.0,0.004171898115833969
43399,-1.1,-26.0,0.0016201497135413122
43400,-1.1,-25.0,0.005331502690652643
43401,-1.1,-24.0,0.01138410240177366
43402,-1.1,-23.0,0.006015594779059143
43403,-1.1,-22.0,0.00700531209605381
43404,-1.1,-21.0,0.014062254548947497
43405,-1.1,-20.0,0.007173361210983331
43406,-1.1,-19.0,0.003279843183550937
43407,-1.1,-18.0,0.009186044738572709
43408,-1.1,-17.0,0.018789013340752357
43409,-1.1,-16.0,0.010234096097817832
43410,-1.1,-15.0,0.011992916723806804
43411,-1.1,-14.0,0.023512769172276127
43412,-1.1,-13.0,0.012088155746673648
43413,-1.1,-12.0,0.0056037945944550395
43414,-1.1,-11.0,0.01576058920209399
43415,-1.1,-10.0,0.03231011405942858
43416,-1.1,-9.0,0.017220048939358704
43417,-1.1,-8.0,0.020961965792636605
43418,-1.1,-7.0,0.04223282212526358
43419,-1.1,-6.0,0.020562160591626577
43420,-1.1,-5.0,0.008379811212259175
43421,-1.1,-4.0,0.030868130608479944
43422,-1.1,-3.0,0.06744150938522477
43423,-1.1,-2.0,0.0309749514539345
43424,-1.1,-1.0,0.0085950208345416
43425,-1.1,0.0,0.0006882389923874951
43426,-1.1,1.0,0.008468553485064468
43427,-1.1,2.0,0.028873625395879975
43428,-1.1,3.0,0.06069706311165067
43429,-1.1,4.0,0.028524698129281496
43430,-1.1,5.0,0.008817430726527862
43431,-1.1,6.0,0.020482199382049013
43432,-1.1,7.0,0.04100880474893117
43433,-1.1,8.0,0.02061896947150995
43434,-1.1,9.0,0.017226616413685548
43435,-1.1,10.0,0.03184829975576363
43436,-1.1,11.0,0.015603941476567637
43437,-1.1,12.0,0.005657675664880636
43438,-1.1,13.0,0.012033371383312542
43439,-1.1,14.0,0.023250869111915554
43440,-1.1,15.0,0.011797110157892608
43441,-1.1,16.0,0.010077032893211353
43442,-1.1,17.0,0.01853632288313872
43443,-1.1,18.0,0.008954302265137206
43444,-1.1,19.0,0.003081870649714966
43445,-1.1,20.0,0.0069671553657041935
43446,-1.1,21.0,0.013825783178234232
43447,-1.1,22.0,0.006776299028897968
43448,-1.1,23.0,0.005813342991168286
43449,-1.1,24.0,0.011185018678994478
43450,-1.1,25.0,0.005135045598770802
43451,-1.1,26.0,0.0014400311209975096
43452,-1.1,27.0,0.004017448177591161
43453,-1.1,28.0,0.008540787355717054
43454,-1.1,29.0,0.003970792088941808
43455,-1.1,30.0,0.0034249172926175287
43456,-1.1,31.0,0.007058596846209124
43457,-1.1,32.0,0.0030598273839813374
43458,-1.1,33.0,0.0006317252080054634
43459,-1.1,34.0,0.0024345138424786473
43460,-1.1,35.0,0.005563518920092404
43461,-1.1,36.0,0.0024769298528534434
43462,-1.1,37.0,0.0021582657446625984
43463,-1.1,38.0,0.004711020171000823
43464,-1.1,39.0,0.0020716041398454966
43465,-1.1,40.0,0.0018139332808640542
43466,-1.1,41.0,0.00402256318629282
43467,-1.1,42.0,0.0016614398383196789
43468,-1.1,43.0,0.00023648553328246426
43469,-1.1,44.0,0.001363830774555132
43470,-1.1,45.0,0.00329658100447471
43471,-1.1,46.0,0.0013509773613325825
43472,-1.1,47.0,0.00010405511632619342
43473,-1.1,48.0,1.1863496284321869e-05
43474,-1.1,49.0,8.336617240353262e-06
43475,-1.1,50.0,6.365053328568961e-06
43476,-1.1,51.0,4.835032111555936e-06
43477,-1.1,52.0,3.6532899649025363e-06
43478,-1.1,53.0,2.7457188826811753e-06
43479,-1.1,54.0,2.0526500608865754e-06
43480,-1.1,55.0,1.5263723892039132e-06
43481,-1.1,56.0,1.1289967243440717e-06
43482,-1.1,57.0,8.306371381526628e-07
43483,-1.1,58.0,6.078779655071344e-07
43484,-1.1,59.0,4.4249440379144876e-07
43485,-1.1,60.0,3.2039478256112233e-07
43486,-1.1,61.0,2.3075404265937184e-07
43487,-1.1,62.0,1.6531010453509331e-07
43488,-1.1,63.0,1.177973873085106e-07
43489,-1.1,64.0,8.349453939341582e-08
43490,-1.1,65.0,5.886628550730547e-08
43491,-1.1,66.0,4.1282056690321817e-08
43492,-1.1,67.0,2.8796661816785736e-08
43493,-1.1,68.0,1.9980625865744148e-08
43494,-1.1,69.0,1.3789932706634339e-08
43495,-1.1,70.0,9.466758985415539e-09
43496,-1.1,71.0,6.464375962819861e-09
43497,-1.1,72.0,4.390742861392389e-09
43498,-1.1,73.0,2.9664396070392886e-09
43499,-1.1,74.0,1.9935132540719586e-09
43500,-1.0,-75.0,2.732838019334139e-09
43501,-1.0,-74.0,4.0428254332253066e-09
43502,-1.0,-73.0,5.948975698828117e-09
43503,-1.0,-72.0,8.707340103481629e-09
43504,-1.0,-71.0,1.2676954418942683e-08
43505,-1.0,-70.0,1.8358215222952823e-08
43506,-1.0,-69.0,2.6444301055193334e-08
43507,-1.0,-68.0,3.7889583905566616e-08
43508,-1.0,-67.0,5.399999091144444e-08
43509,-1.0,-66.0,7.655148942671721e-08
43510,-1.0,-65.0,1.0794429910347122e-07
43511,-1.0,-64.0,1.5140209476748768e-07
43512,-1.0,-63.0,2.1122735693352233e-07
43513,-1.0,-62.0,2.931261426940784e-07
43514,-1.0,-61.0,4.0461786006403124e-07
43515,-1.0,-60.0,5.555480815010849e-07
43516,-1.0,-59.0,7.5872494525109e-07
43517,-1.0,-58.0,1.030702148384224e-06
43518,-1.0,-57.0,1.3927337729754922e-06
43519,-1.0,-56.0,1.8719279999579975e-06
43520,-1.0,-55.0,2.5026278964319016e-06
43521,-1.0,-54.0,3.3280476029193753e-06
43522,-1.0,-53.0,4.402191039527734e-06
43523,-1.0,-52.0,5.792077294520268e-06
43524,-1.0,-51.0,7.580291726164746e-06
43525,-1.0,-50.0,9.867874059077265e-06
43526,-1.0,-49.0,1.2777543965184725e-05
43527,-1.0,-48.0,1.645725103074267e-05
43528,-1.0,-47.0,2.1086026662853533e-05
43529,-1.0,-46.0,2.7952653153594963e-05
43530,-1.0,-45.0,0.00013094071492933168
43531,-1.0,-44.0,0.0014790081998687832
43532,-1.0,-43.0,0.00368445340662277
43533,-1.0,-42.0,0.0030847550882157986
43534,-1.0,-41.0,0.0040684075613067186
43535,-1.0,-40.0,0.0018109288419847131
43536,-1.0,-39.0,0.002073534609849178
43537,-1.0,-38.0,0.004674978197575982
43538,-1.0,-37.0,0.002029428958360778
43539,-1.0,-36.0,0.00050374749162247
43540,-1.0,-35.0,0.0025413835189576368
43541,-1.0,-34.0,0.005896824063780137
43542,-1.0,-33.0,0.0028349334256931383
43543,-1.0,-32.0,0.003280947001866944
43544,-1.0,-31.0,0.007100268625644806
43545,-1.0,-30.0,0.00351380914790517
43546,-1.0,-29.0,0.004078573669255809
43547,-1.0,-28.0,0.008624114529011429
43548,-1.0,-27.0,0.004145610251587016
43549,-1.0,-26.0,0.001604471735262546
43550,-1.0,-25.0,0.005297525469902469
43551,-1.0,-24.0,0.011320765210268249
43552,-1.0,-23.0,0.005977628762406832
43553,-1.0,-22.0,0.006960880906115626
43554,-1.0,-21.0,0.01398153058381805
43555,-1.0,-20.0,0.007128370955670064
43556,-1.0,-19.0,0.00325512373575078
43557,-1.0,-18.0,0.009128036834378845
43558,-1.0,-17.0,0.018676900277711843
43559,-1.0,-16.0,0.010172229107075815
43560,-1.0,-15.0,0.01191799874215236
43561,-1.0,-14.0,0.02336637237266854
43562,-1.0,-13.0,0.012016816109495034
43563,-1.0,-12.0,0.005575440252855577
43564,-1.0,-11.0,0.01565773772473401
43565,-1.0,-10.0,0.032085126969402036
43566,-1.0,-9.0,0.017111500925942033
43567,-1.0,-8.0,0.020806767853639586
43568,-1.0,-7.0,0.0418857962393346
43569,-1.0,-6.0,0.020417523969119594
43570,-1.0,-5.0,0.008340994819394819
43571,-1.0,-4.0,0.03049086171396635
43572,-1.0,-3.0,0.06652005605118548
43573,-1.0,-2.0,0.03060404700259193
43574,-1.0,-1.0,0.008048152958942902
43575,-1.0,0.0,0.0006889239503674497
43576,-1.0,1.0,0.00850356201825876
43577,-1.0,2.0,0.029188972465574035
43578,-1.0,3.0,0.061448453008068483
43579,-1.0,4.0,0.0288471507229002
43580,-1.0,5.0,0.008875711782126906
43581,-1.0,6.0,0.020664714117717493
43582,-1.0,7.0,0.041414275363376926
43583,-1.0,8.0,0.02081175759575777
43584,-1.0,9.0,0.017376275371729012
43585,-1.0,10.0,0.03214011618484468
43586,-1.0,11.0,0.015744157011083153
43587,-1.0,12.0,0.005705395642837333
43588,-1.0,13.0,0.012137438509577296
43589,-1.0,14.0,0.023453165740025917
43590,-1.0,15.0,0.011902446817788492
43591,-1.0,16.0,0.010165800185263186
43592,-1.0,17.0,0.01869372812285268
43593,-1.0,18.0,0.009035065731374367
43594,-1.0,19.0,0.0031155662868216
43595,-1.0,20.0,0.007029739311512803
43596,-1.0,21.0,0.013939446528840176
43597,-1.0,22.0,0.006836748557048324
43598,-1.0,23.0,0.005864932044009191
43599,-1.0,24.0,0.01127416824676557
43600,-1.0,25.0,0.0051803762171412455
43601,-1.0,26.0,0.001458319971867906
43602,-1.0,27.0,0.004052295207636035
43603,-1.0,28.0,0.008605331791519743
43604,-1.0,29.0,0.004003769924389017
43605,-1.0,30.0,0.00345296499930061
43606,-1.0,31.0,0.007109478732314901
43607,-1.0,32.0,0.003084122846023156
43608,-1.0,33.0,0.0006396775239715113
43609,-1.0,34.0,0.0024530876385141353
43610,-1.0,35.0,0.0056010228287189006
43611,-1.0,36.0,0.0024948027352333446
43612,-1.0,37.0,0.0021734846036450574
43613,-1.0,38.0,0.004741264239158534
43614,-1.0,39.0,0.00208560572435752
43615,-1.0,40.0,0.0018258993300771548
43616,-1.0,41.0,0.004047264381229713
43617,-1.0,42.0,0.0016720708385443946
43618,-1.0,43.0,0.00023856907261702857
43619,-1.0,44.0,0.0013721838205184998
43620,-1.0,45.0,0.0033158304632133996
43621,-1.0,46.0,0.0013590480471776102
43622,-1.0,47.0,0.00010494675855554744
43623,-1.0,48.0,1.2167797525596382e-05
43624,-1.0,49.0,8.57041076357565e-06
43625,-1.0,50.0,6.547072354317375e-06
43626,-1.0,51.0,4.975946440073679e-06
43627,-1.0,52.0,3.7617657609995874e-06
43628,-1.0,53.0,2.8287526395234907e-06
43629,-1.0,54.0,2.115851263206965e-06
43630,-1.0,55.0,1.5742077754101838e-06
43631,-1.0,56.0,1.1649990725150067e-06
43632,-1.0,57.0,8.575818847374664e-07
43633,-1.0,58.0,6.279311374989655e-07
43634,-1.0,59.0,4.5733534881739363e-07
43635,-1.0,60.0,3.3131705942570383e-07
43636,-1.0,61.0,2.387476248471641e-07
43637,-1.0,62.0,1.711277826886772e-07
43638,-1.0,63.0,1.2200795956949826e-07
43639,-1.0,64.0,8.652507096942712e-08
43640,-1.0,65.0,6.103541608024953e-08
43641,-1.0,66.0,4.28260470602915e-08
43642,-1.0,67.0,2.988960651279732e-08
43643,-1.0,68.0,2.0750020371823625e-08
43644,-1.0,69.0,1.4328574130982401e-08
43645,-1.0,70.0,9.841777382637358e-09
43646,-1.0,71.0,6.724038822073987e-09
43647,-1.0,72.0,4.569545419247165e-09
43648,-1.0,73.0,3.0888861015684735e-09
43649,-1.0,74.0,2.0769062826274234e-09
43650,-0.9,-75.0,2.632821046942159e-09
43651,-0.9,-74.0,3.896940981442184e-09
43652,-0.9,-73.0,5.737364256756443e-09
43653,-0.9,-72.0,8.402086066929725e-09
43654,-0.9,-71.0,1.2239056394063266e-08
43655,-0.9,-70.0,1.7733516092059905e-08
43656,-0.9,-69.0,2.5558059587747098e-08
43657,-0.9,-68.0,3.66392867571329e-08
43658,-0.9,-67.0,5.2245904330159804e-08
43659,-0.9,-66.0,7.410433226835461e-08
43660,-0.9,-65.0,1.045492816942626e-07
43661,-0.9,-64.0,1.4671841135047556e-07
43662,-0.9,-63.0,2.048020435960951e-07
43663,-0.9,-62.0,2.8436102003456904e-07
43664,-0.9,-61.0,3.927280746559169e-07
43665,-0.9,-60.0,5.395105492349617e-07
43666,-0.9,-59.0,7.372147927476509e-07
43667,-0.9,-58.0,1.0020150593737967e-06
43668,-0.9,-57.0,1.3546919924295997e-06
43669,-0.9,-56.0,1.821767651880531e-06
43670,-0.9,-55.0,2.4368652582045456e-06
43671,-0.9,-54.0,3.2423220810177528e-06
43672,-0.9,-53.0,4.291082843249917e-06
43673,-0.9,-52.0,5.648898243946673e-06
43674,-0.9,-51.0,7.3968482970329515e-06
43675,-0.9,-50.0,9.634202698800554e-06
43676,-0.9,-49.0,1.2481619945211872e-05
43677,-0.9,-48.0,1.608467365610438e-05
43678,-0.9,-47.0,2.0619680171459086e-05
43679,-0.9,-46.0,2.7369474350424996e-05
43680,-0.9,-45.0,0.00012996316969611627
43681,-0.9,-44.0,0.001474274961907731
43682,-0.9,-43.0,0.003673629752089273
43683,-0.9,-42.0,0.0030752033787832408
43684,-0.9,-41.0,0.004055770915291725
43685,-0.9,-40.0,0.0018042682925715147
43686,-0.9,-39.0,0.002065577005902645
43687,-0.9,-38.0,0.004659039738807613
43688,-0.9,-37.0,0.0020208635572799617
43689,-0.9,-36.0,0.0004991925734574318
43690,-0.9,-35.0,0.0025298835693208293
43691,-0.9,-34.0,0.005874189509458719
43692,-0.9,-33.0,0.002821418459026125
43693,-0.9,-32.0,0.0032649256856984617
43694,-0.9,-31.0,0.007070733759434719
43695,-0.9,-30.0,0.003495704534625124
43696,-0.9,-29.0,0.004057234882486231
43697,-0.9,-28.0,0.008585720093102983
43698,-0.9,-27.0,0.004122794762294081
43699,-0.9,-26.0,0.001590175445688713
43700,-0.9,-25.0,0.005267977407043998
43701,-0.9,-24.0,0.011266827855653295
43702,-0.9,-23.0,0.005944633181409163
43703,-0.9,-22.0,0.006922242570587292
43704,-0.9,-21.0,0.01391242543559989
43705,-0.9,-20.0,0.007089271629997819
43706,-0.9,-19.0,0.0032330495551104238
43707,-0.9,-18.0,0.0090775991357636
43708,-0.9,-17.0,0.0185803763714262
43709,-0.9,-16.0,0.01011874939789669
43710,-0.9,-15.0,0.01185299836845301
43711,-0.9,-14.0,0.023239658919661545
43712,-0.9,-13.0,0.011955398329241744
43713,-0.9,-12.0,0.005551472723186574
43714,-0.9,-11.0,0.015568196230988792
43715,-0.9,-10.0,0.03188799540625761
43716,-0.9,-9.0,0.017017517562223156
43717,-0.9,-8.0,0.02067014335462059
43718,-0.9,-7.0,0.04157723000717016
43719,-0.9,-6.0,0.020291058196963755
43720,-0.9,-5.0,0.008309566083465331
43721,-0.9,-4.0,0.030150841850244067
43722,-0.9,-3.0,0.06568385990306595
43723,-0.9,-2.0,0.030270482363228546
43724,-0.9,-1.0,0.007573830898027308
43725,-0.9,0.0,0.0006887725958796498
43726,-0.9,1.0,0.008528298725055321
43727,-0.9,2.0,0.02947488870706279
43728,-0.9,3.0,0.062140566353893346
43729,-0.9,4.0,0.029140668292507547
43730,-0.9,5.0,0.008923524111523853
43731,-0.9,6.0,0.020824003118828278
43732,-0.9,7.0,0.04177441262430766
43733,-0.9,8.0,0.020981308605148723
43734,-0.9,9.0,0.01750606934373416
43735,-0.9,10.0,0.032395785037995756
43736,-0.9,11.0,0.01586643289475241
43737,-0.9,12.0,0.005746330398240741
43738,-0.9,13.0,0.012227483906686888
43739,-0.9,14.0,0.023628698049249254
43740,-0.9,15.0,0.011994134553523906
43741,-0.9,16.0,0.010242857897917007
43742,-0.9,17.0,0.018829708321174896
43743,-0.9,18.0,0.009105479668733346
43744,-0.9,19.0,0.0031457048705486584
43745,-0.9,20.0,0.007084264672041755
43746,-0.9,21.0,0.014037090746617137
43747,-0.9,22.0,0.006889389805216467
43748,-0.9,23.0,0.005909820740305632
43749,-0.9,24.0,0.011350339428643684
43750,-0.9,25.0,0.005219804620727819
43751,-0.9,26.0,0.001475026898602313
43752,-0.9,27.0,0.004082526256296506
43753,-0.9,28.0,0.00865993708183955
43754,-0.9,29.0,0.0040321755767909525
43755,-0.9,30.0,0.0034770674212528494
43756,-0.9,31.0,0.007152120419456644
43757,-0.9,32.0,0.003104887788419408
43758,-0.9,33.0,0.0006469562762307852
43759,-0.9,34.0,0.002468845561887245
43760,-0.9,35.0,0.005631998789179562
43761,-0.9,36.0,0.002509794528162449
43762,-0.9,37.0,0.0021861891622794003
43763,-0.9,38.0,0.00476595867958788
43764,-0.9,39.0,0.002097183399783912
43765,-0.9,40.0,0.0018357392726698674
43766,-0.9,41.0,0.00406720948343856
43767,-0.9,42.0,0.0016807481386836032
43768,-0.9,43.0,0.00024038904841315562
43769,-0.9,44.0,0.0013789275147232166
43770,-0.9,45.0,0.0033311661756863058
43771,-0.9,46.0,0.0013655198162606861
43772,-0.9,47.0,0.00010572265196876277
43773,-0.9,48.0,1.2464589918480863e-05
43774,-0.9,49.0,8.79959964357201e-06
43775,-0.9,50.0,6.725764856381192e-06
43776,-0.9,51.0,5.114479863627317e-06
43777,-0.9,52.0,3.868555158095414e-06
43778,-0.9,53.0,2.9106052645608393e-06
43779,-0.9,54.0,2.1782352828905544e-06
43780,-0.9,55.0,1.62148538341778e-06
43781,-0.9,56.0,1.2006264575886495e-06
43782,-0.9,57.0,8.842789433300925e-07
43783,-0.9,58.0,6.478240510009515e-07
43784,-0.9,59.0,4.7207520301815366e-07
43785,-0.9,60.0,3.4217761160766183e-07
43786,-0.9,61.0,2.467051584384783e-07
43787,-0.9,62.0,1.769257620543802e-07
43788,-0.9,63.0,1.2620893412125125e-07
43789,-0.9,64.0,8.955199880975058e-08
43790,-0.9,65.0,6.320429844469845e-08
43791,-0.9,66.0,4.437149712521322e-08
43792,-0.9,67.0,3.098472726424496e-08
43793,-0.9,68.0,2.1521740742456545e-08
43794,-0.9,69.0,1.4869392699987032e-08
43795,-0.9,70.0,1.0218689009313785e-08
43796,-0.9,71.0,6.985270781590477e-09
43797,-0.9,72.0,4.749604212942794e-09
43798,-0.9,73.0,3.2123118987202017e-09
43799,-0.9,74.0,2.161046445844058e-09
43800,-0.8,-75.0,2.5541477188894956e-09
43801,-0.8,-74.0,3.782508283032972e-09
43802,-0.8,-73.0,5.571855846154692e-09
43803,-0.8,-72.0,8.164055785805029e-09
43804,-0.8,-71.0,1.1898662957729388e-08
43805,-0.8,-70.0,1.7249498355141375e-08
43806,-0.8,-69.0,2.487372816555842e-08
43807,-0.8,-68.0,3.5677252787323845e-08
43808,-0.8,-67.0,5.0901201616689744e-08
43809,-0.8,-66.0,7.22355146862582e-08
43810,-0.8,-65.0,1.019669938490557e-07
43811,-0.8,-64.0,1.4317083819877865e-07
43812,-0.8,-63.0,1.999565462691548e-07
43813,-0.8,-62.0,2.777811641234594e-07
43814,-0.8,-61.0,3.8384515916733014e-07
43815,-0.8,-60.0,5.27588656918648e-07
43816,-0.8,-59.0,7.213083156483863e-07
43817,-0.8,-58.0,9.809176201945499e-07
43818,-0.8,-57.0,1.3268756985312587e-06
43819,-0.8,-56.0,1.7853117034483677e-06
43820,-0.8,-55.0,2.389373107095886e-06
43821,-0.8,-54.0,3.180826626253376e-06
43822,-0.8,-53.0,4.211939578733761e-06
43823,-0.8,-52.0,5.547666869747688e-06
43824,-0.8,-51.0,7.268164091876817e-06
43825,-0.8,-50.0,9.471639948940605e-06
43826,-0.8,-49.0,1.2277550947652136e-05
43827,-0.8,-48.0,1.58301282691852e-05
43828,-0.8,-47.0,2.0304221234504726e-05
43829,-0.8,-46.0,2.6985728979414966e-05
43830,-0.8,-45.0,0.00012990640952611826
43831,-0.8,-44.0,0.001479898670124373
43832,-0.8,-43.0,0.0036886002547240632
43833,-0.8,-42.0,0.0030872479574882835
43834,-0.8,-41.0,0.004071614682973558
43835,-0.8,-40.0,0.0018102882185350307
43836,-0.8,-39.0,0.0020721364564037677
43837,-0.8,-38.0,0.004675823233430084
43838,-0.8,-37.0,0.002026505217818711
43839,-0.8,-36.0,0.0004981662309763281
43840,-0.8,-35.0,0.0025361680484811923
43841,-0.8,-34.0,0.0058928156413163854
43842,-0.8,-33.0,0.002827735706205254
43843,-0.8,-32.0,0.003271851409506417
43844,-0.8,-31.0,0.007090862693387842
43845,-0.8,-30.0,0.003502163656764651
43846,-0.8,-29.0,0.0040644016698376546
43847,-0.8,-28.0,0.008607622872206209
43848,-0.8,-27.0,0.004128933294629758
43849,-0.8,-26.0,0.0015870424878957584
43850,-0.8,-25.0,0.0052754147034260665
43851,-0.8,-24.0,0.011291998149040024
43852,-0.8,-23.0,0.005953349184588969
43853,-0.8,-22.0,0.0069321782229941585
43854,-0.8,-21.0,0.013940993215448349
43855,-0.8,-20.0,0.0070998809809395035
43856,-0.8,-19.0,0.003233568344218248
43857,-0.8,-18.0,0.009090834496408193
43858,-0.8,-17.0,0.018614330116704023
43859,-0.8,-16.0,0.010136217838067691
43860,-0.8,-15.0,0.011871176439947954
43861,-0.8,-14.0,0.023276270790962065
43862,-0.8,-13.0,0.01197783164048265
43863,-0.8,-12.0,0.005566261368948826
43864,-0.8,-11.0,0.015588142870212684
43865,-0.8,-10.0,0.03191559385843888
43866,-0.8,-9.0,0.01704326154348706
43867,-0.8,-8.0,0.020679606538206146
43868,-0.8,-7.0,0.041563304246218326
43869,-0.8,-6.0,0.02030800328348603
43870,-0.8,-5.0,0.00833694613938828
43871,-0.8,-4.0,0.030032081764873028
43872,-0.8,-3.0,0.06533273595823995
43873,-0.8,-2.0,0.030159068150206875
43874,-0.8,-1.0,0.00761701647205863
43875,-0.8,0.0,0.0006830532801980968
43876,-0.8,1.0,0.008483912164662785
43877,-0.8,2.0,0.029526017186150486
43878,-0.8,3.0,0.062339587456866054
43879,-0.8,4.0,0.02920210971353421
43880,-0.8,5.0,0.008899056855588732
43881,-0.8,6.0,0.02081531640365117
43882,-0.8,7.0,0.04179842526127453
43883,-0.8,8.0,0.02098168344544673
43884,-0.8,9.0,0.017494341908273415
43885,-0.8,10.0,0.03239001818657148
43886,-0.8,11.0,0.01586045712682476
43887,-0.8,12.0,0.005740558434750957
43888,-0.8,13.0,0.012218534208463775
43889,-0.8,14.0,0.023613250629533802
43890,-0.8,15.0,0.011988786767556447
43891,-0.8,16.0,0.01023700644488341
43892,-0.8,17.0,0.018813438604883003
43893,-0.8,18.0,0.00910223068151127
43894,-0.8,19.0,0.0031503503923537663
43895,-0.8,20.0,0.007081474324727898
43896,-0.8,21.0,0.014021227296098464
43897,-0.8,22.0,0.006886325246712187
43898,-0.8,23.0,0.005906924535026138
43899,-0.8,24.0,0.011334732593863342
43900,-0.8,25.0,0.00521704585155925
43901,-0.8,26.0,0.0014798395882472998
43902,-0.8,27.0,0.004079768508026432
43903,-0.8,28.0,0.008644518780811667
43904,-0.8,29.0,0.0040280016999873
43905,-0.8,30.0,0.0034730771412273113
43906,-0.8,31.0,0.007136924939834739
43907,-0.8,32.0,0.0031005676007019294
43908,-0.8,33.0,0.0006490394145879583
43909,-0.8,34.0,0.0024646564908539824
43910,-0.8,35.0,0.005617418636390072
43911,-0.8,36.0,0.002504500767390975
43912,-0.8,37.0,0.002181222772896196
43913,-0.8,38.0,0.004752092660958251
43914,-0.8,39.0,0.0020918039666695345
43915,-0.8,40.0,0.0018307347763861467
43916,-0.8,41.0,0.004054239260253022
43917,-0.8,42.0,0.001675830669714386
43918,-0.8,43.0,0.00024027458653343254
43919,-0.8,44.0,0.0013745151581612037
43920,-0.8,45.0,0.0033195353070380584
43921,-0.8,46.0,0.0013609409179476308
43922,-0.8,47.0,0.00010564823222517113
43923,-0.8,48.0,1.2665197010080043e-05
43924,-0.8,49.0,8.96138772127865e-06
43925,-0.8,50.0,6.853102737096693e-06
43926,-0.8,51.0,5.2140869512864195e-06
43927,-0.8,52.0,3.945997946455123e-06
43928,-0.8,53.0,2.9704528540893514e-06
43929,-0.8,54.0,2.224208288594853e-06
43930,-0.8,55.0,1.6565899973320886e-06
43931,-0.8,56.0,1.2272731972868822e-06
43932,-0.8,57.0,9.043863067571673e-07
43933,-0.8,58.0,6.629077931279793e-07
43934,-0.8,59.0,4.83324282302132e-07
43935,-0.8,60.0,3.5051805309269354e-07
43936,-0.8,61.0,2.528531733271879e-07
43937,-0.8,62.0,1.8143147599561998e-07
43938,-0.8,63.0,1.2949203047038443e-07
43939,-0.8,64.0,9.19304974639817e-08
43940,-0.8,65.0,6.491758083812864e-08
43941,-0.8,66.0,4.559856562604562e-08
43942,-0.8,67.0,3.185856164469788e-08
43943,-0.8,68.0,2.2140492131681664e-08
43944,-0.8,69.0,1.5305040889279675e-08
43945,-0.8,70.0,1.0523684846147135e-08
43946,-0.8,71.0,7.197593020712388e-09
43947,-0.8,72.0,4.896579954835023e-09
43948,-0.8,73.0,3.313481305262837e-09
43949,-0.8,74.0,2.2302949874418425e-09
43950,-0.7,-75.0,2.4774739458349423e-09
43951,-0.7,-74.0,3.670915281991996e-09
43952,-0.7,-73.0,5.410354664982645e-09
43953,-0.7,-72.0,7.931644054626551e-09
43954,-0.7,-71.0,1.156609632188818e-08
43955,-0.7,-70.0,1.6776312245198116e-08
43956,-0.7,-69.0,2.4204287575170253e-08
43957,-0.7,-68.0,3.473555282755634e-08
43958,-0.7,-67.0,4.9584077043053345e-08
43959,-0.7,-66.0,7.04038420121293e-08
43960,-0.7,-65.0,9.943438528155974e-08
43961,-0.7,-64.0,1.3968923347388804e-07
43962,-0.7,-63.0,1.9519800862013733e-07
43963,-0.7,-62.0,2.713150836031344e-07
43964,-0.7,-61.0,3.751099656449411e-07
43965,-0.7,-60.0,5.158570537170929e-07
43966,-0.7,-59.0,7.056449729118033e-07
43967,-0.7,-58.0,9.601282274289037e-07
43968,-0.7,-57.0,1.2994462841185696e-06
43969,-0.7,-56.0,1.7493372041640326e-06
43970,-0.7,-55.0,2.342474334555059e-06
43971,-0.7,-54.0,3.1200550540576404e-06
43972,-0.7,-53.0,4.133669789836922e-06
43973,-0.7,-52.0,5.4474770845976345e-06
43974,-0.7,-51.0,7.14070596931237e-06
43975,-0.7,-50.0,9.310499835188098e-06
43976,-0.7,-49.0,1.2075105959345441e-05
43977,-0.7,-48.0,1.5577402042522273e-05
43978,-0.7,-47.0,1.9990754385594022e-05
43979,-0.7,-46.0,2.6604033613060765e-05
43980,-0.7,-45.0,0.0001298454559580038
43981,-0.7,-44.0,0.0014854300696461441
43982,-0.7,-43.0,0.0037033338810680406
43983,-0.7,-42.0,0.0030990948478631783
43984,-0.7,-41.0,0.004087195342654296
43985,-0.7,-40.0,0.001816194596482787
43986,-0.7,-39.0,0.002078563748828121
43987,-0.7,-38.0,0.004692300107211196
43988,-0.7,-37.0,0.0020320165856307464
43989,-0.7,-36.0,0.0004971103682838702
43990,-0.7,-35.0,0.002542283017881311
43991,-0.7,-34.0,0.005911042326698186
43992,-0.7,-33.0,0.0028338576615390557
43993,-0.7,-32.0,0.0032785458758154253
43994,-0.7,-31.0,0.007110493804799672
43995,-0.7,-30.0,0.003508363492467756
43996,-0.7,-29.0,0.004071261312329691
43997,-0.7,-28.0,0.00862889630520369
43998,-0.7,-27.0,0.004134739930294917
43999,-0.7,-26.0,0.0015837401758629565
44000,-0.7,-25.0,0.005282413835008032
44001,-0.7,-24.0,0.011316299184084073
44002,-0.7,-23.0,0.005961548541193427
44003,-0.7,-22.0,0.006941513343996989
44004,-0.7,-21.0,0.01396845971748883
44005,-0.7,-20.0,0.007109840898479011
44006,-0.7,-19.0,0.003233685506001163
44007,-0.7,-18.0,0.0091032574304128
44008,-0.7,-17.0,0.018646815435658905
44009,-0.7,-16.0,0.01015277087073169
44010,-0.7,-15.0,0.011888335662329531
44011,-0.7,-14.0,0.023311130870455908
44012,-0.7,-13.0,0.011999218811170147
44013,-0.7,-12.0,0.005580414008350837
44014,-0.7,-11.0,0.015606955196916048
44015,-0.7,-10.0,0.03194124299690431
44016,-0.7,-9.0,0.017067836706022726
44017,-0.7,-8.0,0.02068814247031902
44018,-0.7,-7.0,0.041548066656172694
44019,-0.7,-6.0,0.020324091360493412
44020,-0.7,-5.0,0.008364158064091094
44021,-0.7,-4.0,0.02991860216280138
44022,-0.7,-3.0,0.06499535667342521
44023,-0.7,-2.0,0.0300530236887472
44024,-0.7,-1.0,0.0076602309031834764
44025,-0.7,0.0,0.0006773547394712955
44026,-0.7,1.0,0.008439402948350367
44027,-0.7,2.0,0.029579279972483646
44028,-0.7,3.0,0.06254431716971383
44029,-0.7,4.0,0.029265622451191773
44030,-0.7,5.0,0.008874326730171569
44031,-0.7,6.0,0.020806303152778486
44032,-0.7,7.0,0.041822297082549434
44033,-0.7,8.0,0.020981722083290157
44034,-0.7,9.0,0.017482055923081143
44035,-0.7,10.0,0.03238354473894515
44036,-0.7,11.0,0.015853950345832212
44037,-0.7,12.0,0.005734362934880989
44038,-0.7,13.0,0.012209049008388663
44039,-0.7,14.0,0.02359707650155062
44040,-0.7,15.0,0.011982955805933802
44041,-0.7,16.0,0.01023070990198864
44042,-0.7,17.0,0.01879656180116194
44043,-0.7,18.0,0.009098609819937539
44044,-0.7,19.0,0.0031547744632251136
44045,-0.7,20.0,0.007078391882924294
44046,-0.7,21.0,0.014004931869051005
44047,-0.7,22.0,0.006883013023544774
44048,-0.7,23.0,0.005903818270251014
44049,-0.7,24.0,0.011318802974747622
44050,-0.7,25.0,0.005214121849717972
44051,-0.7,26.0,0.00148458643962935
44052,-0.7,27.0,0.004076893188112052
44053,-0.7,28.0,0.00862888310883569
44054,-0.7,29.0,0.0040237262156300425
44055,-0.7,30.0,0.0034690040774997704
44056,-0.7,31.0,0.007121564558126464
44057,-0.7,32.0,0.0030961803914400753
44058,-0.7,33.0,0.000651115461139358
44059,-0.7,34.0,0.002460419761076079
44060,-0.7,35.0,0.005602718406058215
44061,-0.7,36.0,0.002499159377441992
44062,-0.7,37.0,0.0021762168685464526
44063,-0.7,38.0,0.004738127995478697
44064,-0.7,39.0,0.002086386086581339
44065,-0.7,40.0,0.0018256977764010648
44066,-0.7,41.0,0.004041185844464987
44067,-0.7,42.0,0.0016708825426653721
44068,-0.7,43.0,0.00024016096499809625
44069,-0.7,44.0,0.0013700781746739683
44070,-0.7,45.0,0.0033078365749434112
44071,-0.7,46.0,0.0013563362367184232
44072,-0.7,47.0,0.0001055748492674524
44073,-0.7,48.0,1.286832983739443e-05
44074,-0.7,49.0,9.125305759461752e-06
44075,-0.7,50.0,6.982204349146123e-06
44076,-0.7,51.0,5.315141264753207e-06
44077,-0.7,52.0,4.024617946876071e-06
44078,-0.7,53.0,3.0312500129458e-06
44079,-0.7,54.0,2.2709410460914696e-06
44080,-0.7,55.0,1.6922977169134281e-06
44081,-0.7,56.0,1.2543950337223125e-06
44082,-0.7,57.0,9.248651343978413e-07
44083,-0.7,58.0,6.782798509455962e-07
44084,-0.7,59.0,4.947955381054817e-07
44085,-0.7,60.0,3.59028499752258e-07
44086,-0.7,61.0,2.5913037258918007e-07
44087,-0.7,62.0,1.8603468586314275e-07
44088,-0.7,63.0,1.328482124609625e-07
44089,-0.7,64.0,9.436341923980611e-08
44090,-0.7,65.0,6.66711232528419e-08
44091,-0.7,66.0,4.685522339166763e-08
44092,-0.7,67.0,3.2754002894462806e-08
44093,-0.7,68.0,2.2774920868746043e-08
44094,-0.7,69.0,1.5751992240785366e-08
44095,-0.7,70.0,1.0836779016420394e-08
44096,-0.7,71.0,7.415681327693647e-09
44097,-0.7,72.0,5.047635797056885e-09
44098,-0.7,73.0,3.417520079483028e-09
44099,-0.7,74.0,2.3015491178168346e-09
44100,-0.6,-75.0,2.402774131625266e-09
44101,-0.6,-74.0,3.5621286700706433e-09
44102,-0.6,-73.0,5.252818144606541e-09
44103,-0.6,-72.0,7.70479762107467e-09
44104,-0.6,-71.0,1.12412915968869e-08
44105,-0.6,-70.0,1.631388132413928e-08
44106,-0.6,-69.0,2.3549651870069276e-08
44107,-0.6,-68.0,3.3814096805725915e-08
44108,-0.6,-67.0,4.8294447210973536e-08
44109,-0.6,-66.0,6.86092567577072e-08
44110,-0.6,-65.0,9.695145639897927e-08
44111,-0.6,-64.0,1.3627370626384834e-07
44112,-0.6,-63.0,1.9052672635833642e-07
44113,-0.6,-62.0,2.6496337726745656e-07
44114,-0.6,-61.0,3.6652356620670086e-07
44115,-0.6,-60.0,5.043175292845747e-07
44116,-0.6,-59.0,6.90227616314493e-07
44117,-0.6,-58.0,9.396512740183338e-07
44118,-0.6,-57.0,1.272410340258614e-06
44119,-0.6,-56.0,1.7138538328477568e-06
44120,-0.6,-55.0,2.2961828975805443e-06
44121,-0.6,-54.0,3.0600271745768045e-06
44122,-0.6,-53.0,4.056301201033378e-06
44123,-0.6,-52.0,5.348367196541094e-06
44124,-0.6,-51.0,7.014526242396708e-06
44125,-0.6,-50.0,9.150853017426399e-06
44126,-0.6,-49.0,1.1874379442596684e-05
44127,-0.6,-48.0,1.5326620029269608e-05
44128,-0.6,-47.0,1.9679443642976352e-05
44129,-0.6,-46.0,2.6224606263286506e-05
44130,-0.6,-45.0,0.0001297810157662097
44131,-0.6,-44.0,0.0014908759162150882
44132,-0.6,-43.0,0.0037178472701333226
44133,-0.6,-42.0,0.003110758097480576
44134,-0.6,-41.0,0.0041025314391879555
44135,-0.6,-40.0,0.0018219959436510166
44136,-0.6,-39.0,0.0020848687225472015
44137,-0.6,-38.0,0.004708492042730827
44138,-0.6,-37.0,0.0020374075321432723
44139,-0.6,-36.0,0.000496028120324985
44140,-0.6,-35.0,0.002548241058930959
44141,-0.6,-34.0,0.005928897610616204
44142,-0.6,-33.0,0.0028397986030046507
44143,-0.6,-32.0,0.003285025693752763
44144,-0.6,-31.0,0.007129661478558066
44145,-0.6,-30.0,0.0035143221497093836
44146,-0.6,-29.0,0.004077834862077549
44147,-0.6,-28.0,0.00864958276957945
44148,-0.6,-27.0,0.0041402364299251235
44149,-0.6,-26.0,0.001580278652082109
44150,-0.6,-25.0,0.005289002503578583
44151,-0.6,-24.0,0.011339787156748982
44152,-0.6,-23.0,0.005969262306574445
44153,-0.6,-22.0,0.006950283870995227
44154,-0.6,-21.0,0.013994894312574778
44155,-0.6,-20.0,0.0071191878446393055
44156,-0.6,-19.0,0.003233418765863526
44157,-0.6,-18.0,0.009114913807063467
44158,-0.6,-17.0,0.018677924058240817
44159,-0.6,-16.0,0.010168458356974306
44160,-0.6,-15.0,0.01190453396097909
44161,-0.6,-14.0,0.023344352314579073
44162,-0.6,-13.0,0.012019616521618749
44163,-0.6,-12.0,0.00559395469570018
44164,-0.6,-11.0,0.015624704311945797
44165,-0.6,-10.0,0.03196509127342635
44166,-0.6,-9.0,0.017091318015647956
44167,-0.6,-8.0,0.020695831431997005
44168,-0.6,-7.0,0.041531679617026244
44169,-0.6,-6.0,0.020339398161734253
44170,-0.6,-5.0,0.008391196820739215
44171,-0.6,-4.0,0.02981004053607892
44172,-0.6,-3.0,0.06467080781025017
44173,-0.6,-2.0,0.029951985345102777
44174,-0.6,-1.0,0.007703463039827132
44175,-0.6,0.0,0.0006716761241197256
44176,-0.6,1.0,0.008394778560927126
44177,-0.6,2.0,0.029634782314896677
44178,-0.6,3.0,0.06275501376154967
44179,-0.6,4.0,0.029331310521376892
44180,-0.6,5.0,0.008849337854660562
44181,-0.6,6.0,0.020796948976437125
44182,-0.6,7.0,0.04184599616937177
44183,-0.6,8.0,0.020981407823739858
44184,-0.6,9.0,0.017469191296192305
44185,-0.6,10.0,0.032376323769124034
44186,-0.6,11.0,0.015846892441080635
44187,-0.6,12.0,0.005727736226580019
44188,-0.6,13.0,0.012199010376066051
44189,-0.6,14.0,0.023580140514766926
44190,-0.6,15.0,0.01197662306672559
44191,-0.6,16.0,0.010223951749716633
44192,-0.6,17.0,0.01877904844845813
44193,-0.6,18.0,0.009094601770876783
44194,-0.6,19.0,0.003158970412825153
44195,-0.6,20.0,0.007075004886763111
44196,-0.6,21.0,0.013988181917987763
44197,-0.6,22.0,0.006879441031263146
44198,-0.6,23.0,0.005900491414207589
44199,-0.6,24.0,0.01130253240721225
44200,-0.6,25.0,0.005211023347344845
44201,-0.6,26.0,0.001489263674032063
44202,-0.6,27.0,0.0040738930466348595
44203,-0.6,28.0,0.008613016608205343
44204,-0.6,29.0,0.004019342287434817
44205,-0.6,30.0,0.0034648423702445356
44206,-0.6,31.0,0.007106028531716007
44207,-0.6,32.0,0.0030917211107318967
44208,-0.6,33.0,0.0006531828631831984
44209,-0.6,34.0,0.002456131483449182
44210,-0.6,35.0,0.00558789005235649
44211,-0.6,36.0,0.002493766608590195
44212,-0.6,37.0,0.0021711682365318837
44213,-0.6,38.0,0.00472405810348937
44214,-0.6,39.0,0.002080926788733256
44215,-0.6,40.0,0.0018206257139718853
44216,-0.6,41.0,0.004028043774123815
44217,-0.6,42.0,0.0016659014700610552
44218,-0.6,43.0,0.0002400478186778086
44219,-0.6,44.0,0.0013656147348910358
44220,-0.6,45.0,0.003296065619587834
44221,-0.6,46.0,0.0013517039833038454
44222,-0.6,47.0,0.0001055023620385686
44223,-0.6,48.0,1.3073973463485632e-05
44224,-0.6,49.0,9.291346535428682e-06
44225,-0.6,50.0,7.113066868683357e-06
44226,-0.6,51.0,5.417642878071283e-06
44227,-0.6,52.0,4.104417029050197e-06
44228,-0.6,53.0,3.0929996157409203e-06
44229,-0.6,54.0,2.3184368847484723e-06
44230,-0.6,55.0,1.7286119583520254e-06
44231,-0.6,56.0,1.2819952370658517e-06
44232,-0.6,57.0,9.457184152638356e-07
44233,-0.6,58.0,6.939428657586497e-07
44234,-0.6,59.0,5.064912438609864e-07
44235,-0.6,60.0,3.677108667882635e-07
44236,-0.6,61.0,2.6553834057603947e-07
44237,-0.6,62.0,1.907366817476e-07
44238,-0.6,63.0,1.362785159057502e-07
44239,-0.6,64.0,9.685158527142975e-08
44240,-0.6,65.0,6.846556907363665e-08
44241,-0.6,66.0,4.8141969089127204e-08
44242,-0.6,67.0,3.367143359557715e-08
44243,-0.6,68.0,2.3425317657812505e-08
44244,-0.6,69.0,1.6210465626008193e-08
44245,-0.6,70.0,1.1158134864988272e-08
44246,-0.6,71.0,7.639656579014754e-09
44247,-0.6,72.0,5.202860459266304e-09
44248,-0.6,73.0,3.5244928231924637e-09
44249,-0.6,74.0,2.3748555144922598e-09
44250,-0.5,-75.0,2.3300202279170105e-09
44251,-0.5,-74.0,3.456111425781086e-09
44252,-0.5,-73.0,5.099198140149695e-09
44253,-0.5,-72.0,7.483454926036173e-09
44254,-0.5,-71.0,1.0924171615137997e-08
44255,-0.5,-70.0,1.58621111443728e-08
44256,-0.5,-69.0,2.290970888354153e-08
44257,-0.5,-68.0,3.2912756753775096e-08
44258,-0.5,-67.0,4.703217434343553e-08
44259,-0.5,-66.0,6.685162395370185e-08
44260,-0.5,-65.0,9.451809797668371e-08
44261,-0.5,-64.0,1.3292421159546713e-07
44262,-0.5,-63.0,1.8594278016168912e-07
44263,-0.5,-62.0,2.58726345787815e-07
44264,-0.5,-61.0,3.5808662238660487e-07
44265,-0.5,-60.0,4.929713115154703e-07
44266,-0.5,-59.0,6.750583340331841e-07
44267,-0.5,-58.0,9.194901216394894e-07
44268,-0.5,-57.0,1.245773074181378e-06
44269,-0.5,-56.0,1.6788694231781214e-06
44270,-0.5,-55.0,2.250510308486542e-06
44271,-0.5,-54.0,3.000759579251151e-06
44272,-0.5,-53.0,3.97985732544577e-06
44273,-0.5,-52.0,5.250370037683483e-06
44274,-0.5,-51.0,6.889670147869184e-06
44275,-0.5,-50.0,8.992761067260699e-06
44276,-0.5,-49.0,1.1675454258722176e-05
44277,-0.5,-48.0,1.507789256418067e-05
44278,-0.5,-47.0,1.9370434463473216e-05
44279,-0.5,-46.0,2.5847641213626604e-05
44280,-0.5,-45.0,0.00012971372533040665
44281,-0.5,-44.0,0.0014962423158963335
44282,-0.5,-43.0,0.0037321554648436484
44283,-0.5,-42.0,0.0031222504075496143
44284,-0.5,-41.0,0.004117639742114951
44285,-0.5,-40.0,0.0018276999645543896
44286,-0.5,-39.0,0.0020910602808802714
44287,-0.5,-38.0,0.004724418656548056
44288,-0.5,-37.0,0.002042686997504085
44289,-0.5,-36.0,0.0004949223408486961
44290,-0.5,-35.0,0.0025540535750025904
44291,-0.5,-34.0,0.005946406888937853
44292,-0.5,-33.0,0.0028455714842746736
44293,-0.5,-32.0,0.0032913059355425384
44294,-0.5,-31.0,0.00714839687479302
44295,-0.5,-30.0,0.003520056078596465
44296,-0.5,-29.0,0.004084141444728674
44297,-0.5,-28.0,0.008669720692089511
44298,-0.5,-27.0,0.004145442585656682
44299,-0.5,-26.0,0.0015766672128567046
44300,-0.5,-25.0,0.005295205898355217
44301,-0.5,-24.0,0.01136251303766144
44302,-0.5,-23.0,0.005976518721720394
44303,-0.5,-22.0,0.006958522462220128
44304,-0.5,-21.0,0.014020359893195368
44305,-0.5,-20.0,0.007127954952909413
44306,-0.5,-19.0,0.003232784307103532
44307,-0.5,-18.0,0.009125845225849711
44308,-0.5,-17.0,0.01870773900258247
44309,-0.5,-16.0,0.010183325458467974
44310,-0.5,-15.0,0.011919823702550795
44311,-0.5,-14.0,0.023376037275556476
44312,-0.5,-13.0,0.012039075932491629
44313,-0.5,-12.0,0.005606905089721758
44314,-0.5,-11.0,0.015641453982757902
44315,-0.5,-10.0,0.03198727174075025
44316,-0.5,-9.0,0.01711377251117054
44317,-0.5,-8.0,0.020702744206610686
44318,-0.5,-7.0,0.04151428595825406
44319,-0.5,-6.0,0.02035399025709745
44320,-0.5,-5.0,0.008418057426969513
44321,-0.5,-4.0,0.029706071039627465
44322,-0.5,-3.0,0.06435826822358338
44323,-0.5,-2.0,0.02985562616422877
44324,-0.5,-1.0,0.0077467022873945615
44325,-0.5,0.0,0.0006660165461552849
44326,-0.5,1.0,0.008350046605513734
44327,-0.5,2.0,0.02969263657750337
44328,-0.5,3.0,0.06297195354928081
44329,-0.5,4.0,0.02939928507283627
44330,-0.5,5.0,0.008824094406714373
44331,-0.5,6.0,0.020787237905971468
44332,-0.5,7.0,0.04186948724213467
44333,-0.5,8.0,0.020980722326267322
44334,-0.5,9.0,0.017455726409300088
44335,-0.5,10.0,0.03236831131101197
44336,-0.5,11.0,0.015839261873976107
44337,-0.5,12.0,0.005720670190690736
44338,-0.5,13.0,0.0121883992763503
44339,-0.5,14.0,0.02356240527219133
44340,-0.5,15.0,0.011969768825320044
44341,-0.5,16.0,0.01021671451607465
44342,-0.5,17.0,0.01876086729772275
44343,-0.5,18.0,0.009090190349682507
44344,-0.5,19.0,0.003162931258354741
44345,-0.5,20.0,0.007071300193533415
44346,-0.5,21.0,0.013970953565530863
44347,-0.5,22.0,0.006875596489369438
44348,-0.5,23.0,0.005896932853858193
44349,-0.5,24.0,0.011285901656847955
44350,-0.5,25.0,0.005207740556185418
44351,-0.5,26.0,0.0014938673290269039
44352,-0.5,27.0,0.004070760425074695
44353,-0.5,28.0,0.008596905016862574
44354,-0.5,29.0,0.004014842681047442
44355,-0.5,30.0,0.0034605858170353816
44356,-0.5,31.0,0.007090305466012868
44357,-0.5,32.0,0.0030871844060377024
44358,-0.5,33.0,0.0006552399789538178
44359,-0.5,34.0,0.0024517875318156405
44360,-0.5,35.0,0.005572925032303784
44361,-0.5,36.0,0.0024883184781218245
44362,-0.5,37.0,0.002166073463266971
44363,-0.5,38.0,0.004709875995476504
44364,-0.5,39.0,0.0020754229148189727
44365,-0.5,40.0,0.0018155158681627554
44366,-0.5,41.0,0.004014807246105507
44367,-0.5,42.0,0.0016608850189974661
44368,-0.5,43.0,0.0002399347556815747
44369,-0.5,44.0,0.0013611228929692417
44370,-0.5,45.0,0.003284217809501508
44371,-0.5,46.0,0.0013470422551983918
44372,-0.5,47.0,0.00010543061793795907
44373,-0.5,48.0,1.3282109534516554e-05
44374,-0.5,49.0,9.459500238139183e-06
44375,-0.5,50.0,7.245685479825357e-06
44376,-0.5,51.0,5.521590344848386e-06
44377,-0.5,52.0,4.185395912094697e-06
44378,-0.5,53.0,3.155703674053322e-06
44379,-0.5,54.0,2.3666984924676026e-06
44380,-0.5,55.0,1.7655356655574832e-06
44381,-0.5,56.0,1.3100767332027159e-06
44382,-0.5,57.0,9.669488899943032e-07
44383,-0.5,58.0,7.098993016672689e-07
44384,-0.5,59.0,5.18413548065729e-07
44385,-0.5,60.0,3.7656698244699723e-07
44386,-0.5,61.0,2.720786019714118e-07
44387,-0.5,62.0,1.9553871344309615e-07
44388,-0.5,63.0,1.3978394989593312e-07
44389,-0.5,64.0,9.939579935108989e-08
44390,-0.5,65.0,7.030155072333544e-08
44391,-0.5,66.0,4.945929468665208e-08
44392,-0.5,67.0,3.461123242152481e-08
44393,-0.5,68.0,2.4091971075741437e-08
44394,-0.5,69.0,1.6680678891127298e-08
44395,-0.5,70.0,1.1487915365154273e-08
44396,-0.5,71.0,7.869639644606306e-09
44397,-0.5,72.0,5.36234283891945e-09
44398,-0.5,73.0,3.6344643915948847e-09
44399,-0.5,74.0,2.450261121949711e-09
44400,-0.4,-75.0,2.2591821911913854e-09
44401,-0.4,-74.0,3.3528234828506987e-09
44402,-0.4,-73.0,4.949441902533556e-09
44403,-0.4,-72.0,7.267547508932586e-09
44404,-0.4,-71.0,1.0614648951157054e-08
44405,-0.4,-70.0,1.542089213574802e-08
44406,-0.4,-69.0,2.2284324330915467e-08
44407,-0.4,-68.0,3.203137260354191e-08
44408,-0.4,-67.0,4.579707442672081e-08
44409,-0.4,-66.0,6.513074252282033e-08
44410,-0.4,-65.0,9.213410695445934e-08
44411,-0.4,-64.0,1.296405722502658e-07
44412,-0.4,-63.0,1.8144606563688248e-07
44413,-0.4,-62.0,2.52604032626793e-07
44414,-0.4,-61.0,3.497994406939746e-07
44415,-0.4,-60.0,4.818191415707921e-07
44416,-0.4,-59.0,6.601385513958057e-07
44417,-0.4,-58.0,8.996472352493282e-07
44418,-0.4,-57.0,1.2195384879601274e-06
44419,-0.4,-56.0,1.6443901996759605e-06
44420,-0.4,-55.0,2.2054659448530143e-06
44421,-0.4,-54.0,2.9422660456808677e-06
44422,-0.4,-53.0,3.904357990799087e-06
44423,-0.4,-52.0,5.15351364371908e-06
44424,-0.4,-51.0,6.766176719317959e-06
44425,-0.4,-50.0,8.836277583912465e-06
44426,-0.4,-49.0,1.1478403086427794e-05
44427,-0.4,-48.0,1.4831317056731949e-05
44428,-0.4,-47.0,1.9063855997268165e-05
44429,-0.4,-46.0,2.547331190163578e-05
44430,-0.4,-45.0,0.00012964415973535634
44431,-0.4,-44.0,0.0015015348123085673
44432,-0.4,-43.0,0.003746272126954362
44433,-0.4,-42.0,0.0031335833139193034
44434,-0.4,-41.0,0.004132535484353667
44435,-0.4,-40.0,0.0018333136595686764
44436,-0.4,-39.0,0.0020971465160214775
44437,-0.4,-38.0,0.004740097776259776
44438,-0.4,-37.0,0.0020478631144047
44439,-0.4,-36.0,0.0004937956383156188
44440,-0.4,-35.0,0.002559730947812848
44441,-0.4,-34.0,0.005963593262560905
44442,-0.4,-33.0,0.0028511881102688424
44443,-0.4,-32.0,0.0032974003402495952
44444,-0.4,-31.0,0.007166728359338524
44445,-0.4,-30.0,0.0035255802909776174
44446,-0.4,-29.0,0.004090198514814533
44447,-0.4,-28.0,0.008689345075825704
44448,-0.4,-27.0,0.004150376482115092
44449,-0.4,-26.0,0.001572914418720815
44450,-0.4,-25.0,0.005301047029865997
44451,-0.4,-24.0,0.011384523269771803
44452,-0.4,-23.0,0.005983343588431049
44453,-0.4,-22.0,0.006966258934326153
44454,-0.4,-21.0,0.014044913739628134
44455,-0.4,-20.0,0.007136172474137732
44456,-0.4,-19.0,0.0032317969789257953
44457,-0.4,-18.0,0.009136089589615055
44458,-0.4,-17.0,0.018736335742183367
44459,-0.4,-16.0,0.010197413270550853
44460,-0.4,-15.0,0.011934252444116535
44461,-0.4,-14.0,0.02340627837863205
44462,-0.4,-13.0,0.012057643431410069
44463,-0.4,-12.0,0.005619284785056533
44464,-0.4,-11.0,0.015657261643048145
44465,-0.4,-10.0,0.03200790414218831
44466,-0.4,-9.0,0.017135260389566344
44467,-0.4,-8.0,0.02070894343047865
44468,-0.4,-7.0,0.0414960117496031
44469,-0.4,-6.0,0.020367926358390305
44470,-0.4,-5.0,0.008444734958926852
44471,-0.4,-4.0,0.029606399492855665
44472,-0.4,-3.0,0.06405699715684567
44473,-0.4,-2.0,0.029763650867603297
44474,-0.4,-1.0,0.007789938537462191
44475,-0.4,0.0,0.0006603750751460186
44476,-0.4,1.0,0.008305214813541632
44477,-0.4,2.0,0.02975296295128427
44478,-0.4,3.0,0.06319543270610053
44479,-0.4,4.0,0.02946966509885583
44480,-0.4,5.0,0.008798600621993918
44481,-0.4,6.0,0.020777152213303184
44482,-0.4,7.0,0.04189273127655491
44483,-0.4,8.0,0.020979645417904633
44484,-0.4,9.0,0.01744163795999863
44485,-0.4,10.0,0.03235946005215128
44486,-0.4,11.0,0.015831035532432022
44487,-0.4,12.0,0.005713156213557607
44488,-0.4,13.0,0.012177195460541359
44489,-0.4,14.0,0.023543830913934614
44490,-0.4,15.0,0.011962372125428172
44491,-0.4,16.0,0.010208979684897885
44492,-0.4,17.0,0.018741985142815352
44493,-0.4,18.0,0.009085358417377292
44494,-0.4,19.0,0.003166649674861228
44495,-0.4,20.0,0.007067263913644666
44496,-0.4,21.0,0.013953221479938988
44497,-0.4,22.0,0.006871465878560829
44498,-0.4,23.0,0.005893130841239746
44499,-0.4,24.0,0.011268890319376616
44500,-0.4,25.0,0.005204263119901043
44501,-0.4,26.0,0.0014983932425361435
44502,-0.4,27.0,0.004067487219137224
44503,-0.4,28.0,0.008580533193799828
44504,-0.4,29.0,0.0040102197277584566
44505,-0.4,30.0,0.0034562278416755527
44506,-0.4,31.0,0.00707438325386023
44507,-0.4,32.0,0.0030825645945725387
44508,-0.4,33.0,0.0006572850701384804
44509,-0.4,34.0,0.0024473835212920803
44510,-0.4,35.0,0.0055578142592446955
44511,-0.4,36.0,0.0024828107488180672
44512,-0.4,37.0,0.002160928915687107
44513,-0.4,38.0,0.004695574233470266
44514,-0.4,39.0,0.0020698711015115097
44515,-0.4,40.0,0.001810365340664246
44516,-0.4,41.0,0.004001470083777439
44517,-0.4,42.0,0.0016558305974425525
44518,-0.4,43.0,0.00023982135494174928
44519,-0.4,44.0,0.0013566005755543938
44520,-0.4,45.0,0.0032722882156413914
44521,-0.4,46.0,0.001342349025878108
44522,-0.4,47.0,0.00010535945175233998
44523,-0.4,48.0,1.349271597443549e-05
44524,-0.4,49.0,9.629754232046353e-06
44525,-0.4,50.0,7.380053188343268e-06
44526,-0.4,51.0,5.6269805521533336e-06
44527,-0.4,52.0,4.267554050675548e-06
44528,-0.4,53.0,3.2193632482159313e-06
44529,-0.4,54.0,2.4157278477727214e-06
44530,-0.4,55.0,1.803071258202553e-06
44531,-0.4,56.0,1.338642064232492e-06
44532,-0.4,57.0,9.885590210159118e-07
44533,-0.4,58.0,7.261514231683524e-07
44534,-0.4,59.0,5.305644575763899e-07
44535,-0.4,60.0,3.8559857564167e-07
44536,-0.4,61.0,2.7875261267987023e-07
44537,-0.4,62.0,2.0044198378474498e-07
44538,-0.4,63.0,1.4336549196177414e-07
44539,-0.4,64.0,1.019968444376476e-07
44540,-0.4,65.0,7.217968716105404e-08
44541,-0.4,66.0,5.080768367344052e-08
44542,-0.4,67.0,3.5573772879323595e-08
44543,-0.4,68.0,2.477516668955371e-08
44544,-0.4,69.0,1.7162848242286837e-08
44545,-0.4,70.0,1.1826282693654898e-08
44546,-0.4,71.0,8.105751096189961e-09
44547,-0.4,72.0,5.526171812657402e-09
44548,-0.4,73.0,3.7474997590951445e-09
44549,-0.4,74.0,2.5278130616945367e-09
44550,-0.3,-75.0,2.190228366105361e-09
44551,-0.3,-74.0,3.252222291447725e-09
44552,-0.3,-73.0,4.803492895275437e-09
44553,-0.3,-72.0,7.057001189503198e-09
44554,-0.3,-71.0,1.031262762143808e-08
44555,-0.3,-70.0,1.4990102036426983e-08
44556,-0.3,-69.0,2.167334526562627e-08
44557,-0.3,-68.0,3.116975707199553e-08
44558,-0.3,-67.0,4.4588924076053764e-08
44559,-0.3,-66.0,6.344635487330081e-08
44560,-0.3,-65.0,8.979919976512478e-08
44561,-0.3,-64.0,1.2642249717680894e-07
44562,-0.3,-63.0,1.7703631860989248e-07
44563,-0.3,-62.0,2.465962585796473e-07
44564,-0.3,-61.0,3.416620195234063e-07
44565,-0.3,-60.0,4.708613372269133e-07
44566,-0.3,-59.0,6.454691159497651e-07
44567,-0.3,-58.0,8.801242966807935e-07
44568,-0.3,-57.0,1.1937095293552459e-06
44569,-0.3,-56.0,1.610420976896822e-06
44570,-0.3,-55.0,2.1610573111060356e-06
44571,-0.3,-54.0,2.8845578792369686e-06
44572,-0.3,-53.0,3.829819783090913e-06
44573,-0.3,-52.0,5.057821826988078e-06
44574,-0.3,-51.0,6.64407952330603e-06
44575,-0.3,-50.0,8.681449134658176e-06
44576,-0.3,-49.0,1.1283289616732293e-05
44577,-0.3,-48.0,1.4586979501161347e-05
44578,-0.3,-47.0,1.8759822985940326e-05
44579,-0.3,-46.0,2.5101773343542344e-05
44580,-0.3,-45.0,0.00012957284036860446
44581,-0.3,-44.0,0.0015067584591621176
44582,-0.3,-43.0,0.0037602097157200896
44583,-0.3,-42.0,0.0031447673375707068
44584,-0.3,-41.0,0.00414723256065242
44585,-0.3,-40.0,0.0018388434152543937
44586,-0.3,-39.0,0.0021031348129666315
44587,-0.3,-38.0,0.00475554567089396
44588,-0.3,-37.0,0.0020529433111120096
44589,-0.3,-36.0,0.0004926504058646391
44590,-0.3,-35.0,0.0025652826675570217
44591,-0.3,-34.0,0.005980477831993944
44592,-0.3,-33.0,0.0028566592832467634
44593,-0.3,-32.0,0.0033033214833352235
44594,-0.3,-31.0,0.007184681861803169
44595,-0.3,-30.0,0.003530908543204198
44596,-0.3,-29.0,0.004096022068255414
44597,-0.3,-28.0,0.008708487938674885
44598,-0.3,-27.0,0.004155054713602164
44599,-0.3,-26.0,0.0015690281864083361
44600,-0.3,-25.0,0.005306547007787326
44601,-0.3,-24.0,0.01140586034877083
44602,-0.3,-23.0,0.005989760581467376
44603,-0.3,-22.0,0.006973520626490697
44604,-0.3,-21.0,0.014068608240582
44605,-0.3,-20.0,0.007143868147473471
44606,-0.3,-19.0,0.0032304704694298687
44607,-0.3,-18.0,0.009145681581433435
44608,-0.3,-17.0,0.018763783177189845
44609,-0.3,-16.0,0.010210759348893919
44610,-0.3,-15.0,0.011947863556525041
44611,-0.3,-14.0,0.023435159951619038
44612,-0.3,-13.0,0.012075361254094436
44613,-0.3,-12.0,0.005631111587701535
44614,-0.3,-11.0,0.015672179224431784
44615,-0.3,-10.0,0.0320270966507622
44616,-0.3,-9.0,0.01715583590854329
44617,-0.3,-8.0,0.020714484713103592
44618,-0.3,-7.0,0.0414769686152627
44619,-0.3,-6.0,0.02038125840215486
44620,-0.3,-5.0,0.008471224553963977
44621,-0.3,-4.0,0.02951075922431396
44622,-0.3,-3.0,0.06376632368094351
44623,-0.3,-2.0,0.029675791694651954
44624,-0.3,-1.0,0.007833162108251555
44625,-0.3,0.0,0.0006547507336407355
44626,-0.3,1.0,0.00826029105608553
44627,-0.3,2.0,0.02981589025945019
44628,-0.3,3.0,0.0634257693082749
44629,-0.3,4.0,0.029542578242704995
44630,-0.3,5.0,0.008772860793768978
44631,-0.3,6.0,0.020766672205585937
44632,-0.3,7.0,0.04191568506681195
44633,-0.3,8.0,0.020978154880752897
44634,-0.3,9.0,0.017426900783281237
44635,-0.3,10.0,0.03234971898746009
44636,-0.3,11.0,0.015822188566200275
44637,-0.3,12.0,0.00570518513335923
44638,-0.3,13.0,0.012165377343416358
44639,-0.3,14.0,0.023524374872761288
44640,-0.3,15.0,0.011954410655926968
44641,-0.3,16.0,0.01020072759222908
44642,-0.3,17.0,0.018722366628961807
44643,-0.3,18.0,0.009080087787083576
44644,-0.3,19.0,0.0031701179616557716
44645,-0.3,20.0,0.00706288133827455
44646,-0.3,21.0,0.013934958734524034
44647,-0.3,22.0,0.006867034869846231
44648,-0.3,23.0,0.005889072932855092
44649,-0.3,24.0,0.011251476708225364
44650,-0.3,25.0,0.005200580060221144
44651,-0.3,26.0,0.001502837034855115
44652,-0.3,27.0,0.004064064836786677
44653,-0.3,28.0,0.008563885034809805
44654,-0.3,29.0,0.004005465283542863
44655,-0.3,30.0,0.0034517614590138133
44656,-0.3,31.0,0.007058249007099598
44657,-0.3,32.0,0.003077855632146501
44658,-0.3,33.0,0.000659316293459488
44659,-0.3,34.0,0.0024429147838089553
44660,-0.3,35.0,0.005542548050296763
44661,-0.3,36.0,0.0024772389046646727
44662,-0.3,37.0,0.0021557307202591247
44663,-0.3,38.0,0.004681144887427532
44664,-0.3,39.0,0.0020642677607008897
44665,-0.3,40.0,0.0018051710386493265
44666,-0.3,41.0,0.003988025700452658
44667,-0.3,42.0,0.0016507354387608106
44668,-0.3,43.0,0.00023970716349676889
44669,-0.3,44.0,0.001352045569308883
44670,-0.3,45.0,0.003260271582088353
44671,-0.3,46.0,0.0013376221326141771
44672,-0.3,47.0,0.00010528868445296247
44673,-0.3,48.0,1.370576664491426e-05
44674,-0.3,49.0,9.802092794190318e-06
44675,-0.3,50.0,7.5161606142547365e-06
44676,-0.3,51.0,5.7338085578571834e-06
44677,-0.3,52.0,4.350889508209584e-06
44678,-0.3,53.0,3.2839783490711194e-06
44679,-0.3,54.0,2.4655261441526814e-06
44680,-0.3,55.0,1.8412205738185352e-06
44681,-0.3,56.0,1.3676933444258941e-06
44682,-0.3,57.0,1.010550959251675e-06
44683,-0.3,58.0,7.427012701496699e-07
44684,-0.3,59.0,5.429458189455779e-07
44685,-0.3,60.0,3.948072621112853e-07
44686,-0.3,61.0,2.855617496282556e-07
44687,-0.3,62.0,2.05447641182669e-07
44688,-0.3,63.0,1.4702408264285734e-07
44689,-0.3,64.0,1.046554787338272e-07
44690,-0.3,65.0,7.410058106709851e-08
44691,-0.3,66.0,5.218760905308886e-08
44692,-0.3,67.0,3.655942188903362e-08
44693,-0.3,68.0,2.5475186057791514e-08
44694,-0.3,69.0,1.7657187548453807e-08
44695,-0.3,70.0,1.2173397747455248e-08
44696,-0.3,71.0,8.348110874784056e-09
44697,-0.3,72.0,5.694436009202229e-09
44698,-0.3,73.0,3.863663865347355e-09
44699,-0.3,74.0,2.607558528696415e-09
44700,-0.2,-75.0,2.123125808929669e-09
44701,-0.2,-74.0,3.1542632922035804e-09
44702,-0.2,-73.0,4.6612914850503604e-09
44703,-0.2,-72.0,6.851737067838965e-09
44704,-0.2,-71.0,1.0018004524070908e-08
44705,-0.2,-70.0,1.4569607953089092e-08
44706,-0.2,-69.0,2.107660301021343e-08
44707,-0.2,-68.0,3.032769980669407e-08
44708,-0.2,-67.0,4.3407466364572175e-08
44709,-0.2,-66.0,6.179815504751095e-08
44710,-0.2,-65.0,8.751302365997337e-08
44711,-0.2,-64.0,1.2326959714084153e-07
44712,-0.2,-63.0,1.7271313662806583e-07
44713,-0.2,-62.0,2.4070265114751964e-07
44714,-0.2,-61.0,3.33674089051732e-07
44715,-0.2,-60.0,4.600978467588626e-07
44716,-0.2,-59.0,6.31050369822699e-07
44717,-0.2,-58.0,8.609223012689968e-07
44718,-0.2,-57.0,1.1682882201176973e-06
44719,-0.2,-56.0,1.576965328842091e-06
44720,-0.2,-55.0,2.1172902609582055e-06
44721,-0.2,-54.0,2.8276442035051435e-06
44722,-0.2,-53.0,3.7562564237252787e-06
44723,-0.2,-52.0,4.963314663469311e-06
44724,-0.2,-51.0,6.523407284761108e-06
44725,-0.2,-50.0,8.528316053539099e-06
44726,-0.2,-49.0,1.1090169567451708e-05
44727,-0.2,-48.0,1.434495575799634e-05
44728,-0.2,-47.0,1.8458437372617187e-05
44729,-0.2,-46.0,2.4733164189707713e-05
44730,-0.2,-45.0,0.00012950024131241474
44731,-0.2,-44.0,0.0015119178810320212
44732,-0.2,-43.0,0.003773979637538151
44733,-0.2,-42.0,0.003155812110679383
44734,-0.2,-41.0,0.0041617436938226945
44735,-0.2,-40.0,0.0018442950800565442
44736,-0.2,-39.0,0.0021090319366196073
44737,-0.2,-38.0,0.004770777243934665
44738,-0.2,-37.0,0.0020579343978444527
44739,-0.2,-36.0,0.0004914888465117903
44740,-0.2,-35.0,0.002570717442016055
44741,-0.2,-34.0,0.005997079944208226
44742,-0.2,-33.0,0.0028619949252991117
44743,-0.2,-32.0,0.003309080918821463
44744,-0.2,-31.0,0.007202281175657842
44745,-0.2,-30.0,0.00353605348936718
44746,-0.2,-29.0,0.004101626820534452
44747,-0.2,-28.0,0.008727178680802965
44748,-0.2,-27.0,0.004159492566186818
44749,-0.2,-26.0,0.0015650158660274304
44750,-0.2,-25.0,0.005311725273875295
44751,-0.2,-24.0,0.011426563309581717
44752,-0.2,-23.0,0.005995791510204626
44753,-0.2,-22.0,0.006980332705628772
44754,-0.2,-21.0,0.014091491497263168
44755,-0.2,-20.0,0.007151067511258315
44756,-0.2,-19.0,0.0032288174505379634
44757,-0.2,-18.0,0.009154653064344894
44758,-0.2,-17.0,0.01879014444869942
44759,-0.2,-16.0,0.010223398150913127
44760,-0.2,-15.0,0.011960696746965553
44761,-0.2,-14.0,0.02346275905594695
44762,-0.2,-13.0,0.012092268004978597
44763,-0.2,-12.0,0.005642401745569942
44764,-0.2,-11.0,0.015686253853512012
44765,-0.2,-10.0,0.03204494732737646
44766,-0.2,-9.0,0.01717554814276782
44767,-0.2,-8.0,0.02071941757297342
44768,-0.2,-7.0,0.0414572556664359
44769,-0.2,-6.0,0.020394032454015467
44770,-0.2,-5.0,0.00849752141236305
44771,-0.2,-4.0,0.029418907591696304
44772,-0.2,-3.0,0.06348563785028188
44773,-0.2,-2.0,0.02959180491998391
44774,-0.2,-1.0,0.007876363694255688
44775,-0.2,0.0,0.0006491424919630277
44776,-0.2,1.0,0.008215283356733105
44777,-0.2,2.0,0.029881556872100833
44778,-0.2,3.0,0.06366330565968045
44779,-0.2,4.0,0.029618161712352015
44780,-0.2,5.0,0.008746879272364637
44781,-0.2,6.0,0.020755775990880014
44782,-0.2,7.0,0.04193830072672481
44783,-0.2,8.0,0.020976226209540195
44784,-0.2,9.0,0.017411487648873243
44785,-0.2,10.0,0.03233903302639452
44786,-0.2,11.0,0.015812694199988316
44787,-0.2,12.0,0.005696747179125401
44788,-0.2,13.0,0.012152921863767088
44789,-0.2,14.0,0.023503991597036016
44790,-0.2,15.0,0.011945860611214611
44791,-0.2,16.0,0.010191937308810977
44792,-0.2,17.0,0.018701974035660755
44793,-0.2,18.0,0.009074359117937606
44794,-0.2,19.0,0.0031733280041985504
44795,-0.2,20.0,0.0070581368573325535
44796,-0.2,21.0,0.013916136648307051
44797,-0.2,22.0,0.0068622882442016435
44798,-0.2,23.0,0.005884745920973003
44799,-0.2,24.0,0.011233637727098407
44800,-0.2,25.0,0.005196679715924044
44801,-0.2,26.0,0.0015071940882996648
44802,-0.2,27.0,0.004060484150695431
44803,-0.2,28.0,0.0085469433769928
44804,-0.2,29.0,0.004000570682656444
44805,-0.2,30.0,0.0034471792350865018
44806,-0.2,31.0,0.007041888978999173
44807,-0.2,32.0,0.0030730510778688163
44808,-0.2,33.0,0.0006613316911696542
44809,-0.2,34.0,0.0024383763404035837
44810,-0.2,35.0,0.0055271160667705885
44811,-0.2,36.0,0.0024715981233312616
44812,-0.2,37.0,0.0021504747391994875
44813,-0.2,38.0,0.004666579485771602
44814,-0.2,39.0,0.0020586090570972274
44815,-0.2,40.0,0.00179992965534213
44816,-0.2,41.0,0.003974467057938028
44817,-0.2,42.0,0.001645596584169286
44818,-0.2,43.0,0.00023959169342248492
44819,-0.2,44.0,0.0013474555067685306
44820,-0.2,45.0,0.0032481622927994507
44821,-0.2,46.0,0.0013328592626502518
44822,-0.2,47.0,0.00010521812183769749
44823,-0.2,48.0,1.3921230965189688e-05
44824,-0.2,49.0,9.976496820448895e-06
44825,-0.2,50.0,7.653995760098027e-06
44826,-0.2,51.0,5.842067408900611e-06
44827,-0.2,52.0,4.4353988151854566e-06
44828,-0.2,53.0,3.349547828178135e-06
44829,-0.2,54.0,2.5160937054910854e-06
44830,-0.2,55.0,1.8799848030481003e-06
44831,-0.2,56.0,1.3972322109568259e-06
44832,-0.2,57.0,1.0329265068620478e-06
44833,-0.2,58.0,7.595506298873018e-07
44834,-0.2,59.0,5.555592975072422e-07
44835,-0.2,60.0,4.041945288980135e-07
44836,-0.2,61.0,2.9250729931783266e-07
44837,-0.2,62.0,2.1055677123313207e-07
44838,-0.2,63.0,1.5076061938032928e-07
44839,-0.2,64.0,1.0737243126811852e-07
44840,-0.2,65.0,7.606481566801642e-08
44841,-0.2,66.0,5.3599531077074376e-08
44842,-0.2,67.0,3.7568538176545584e-08
44843,-0.2,68.0,2.6192305598522416e-08
44844,-0.2,69.0,1.8163907549573793e-08
44845,-0.2,70.0,1.2529419593677977e-08
44846,-0.2,71.0,8.596837911267772e-09
44847,-0.2,72.0,5.867223549490504e-09
44848,-0.2,73.0,3.9830214385694155e-09
44849,-0.2,74.0,2.6895446721470624e-09
44850,-0.1,-75.0,2.057840561830731e-09
44851,-0.1,-74.0,3.058900318692388e-09
44852,-0.1,-73.0,4.522775528696705e-09
44853,-0.1,-72.0,6.651672375338005e-09
44854,-0.1,-71.0,9.730670664911811e-09
44855,-0.1,-70.0,1.4159268117187624e-08
44856,-0.1,-69.0,2.0493915656839032e-08
44857,-0.1,-68.0,2.9504970924857943e-08
44858,-0.1,-67.0,4.2252415802732274e-08
44859,-0.1,-66.0,6.018579568669098e-08
44860,-0.1,-65.0,8.52751663934138e-08
44861,-0.1,-64.0,1.2018139811350546e-07
44862,-0.1,-63.0,1.6847599736077888e-07
44863,-0.1,-62.0,2.3492266968091055e-07
44864,-0.1,-61.0,3.258351453972477e-07
44865,-0.1,-60.0,4.4952829508183353e-07
44866,-0.1,-59.0,6.1688221169309e-07
44867,-0.1,-58.0,8.420416406072931e-07
44868,-0.1,-57.0,1.1432757658752053e-06
44869,-0.1,-56.0,1.5440257340447269e-06
44870,-0.1,-55.0,2.074169187890831e-06
44871,-0.1,-54.0,2.7715322089658967e-06
44872,-0.1,-53.0,3.6836790923578853e-06
44873,-0.1,-52.0,4.870008909575662e-06
44874,-0.1,-51.0,6.404184422077481e-06
44875,-0.1,-50.0,8.37691312455546e-06
44876,-0.1,-49.0,1.0899091550670282e-05
44877,-0.1,-48.0,1.4105312649467359e-05
44878,-0.1,-47.0,1.8159789677739947e-05
44879,-0.1,-46.0,2.436760847965581e-05
44880,-0.1,-45.0,0.00012942679475925518
44881,-0.1,-44.0,0.001517017324626917
44882,-0.1,-43.0,0.003787592372149328
44883,-0.1,-42.0,0.0031667264829444717
44884,-0.1,-41.0,0.004176080574947546
44885,-0.1,-40.0,0.0018496740281882236
44886,-0.1,-39.0,0.0021148441053072315
44887,-0.1,-38.0,0.004785806196159123
44888,-0.1,-37.0,0.0020628426396879554
44889,-0.1,-36.0,0.0004903129944888831
44890,-0.1,-35.0,0.0025760432886687617
44891,-0.1,-34.0,0.0060134174009262905
44892,-0.1,-33.0,0.0028672041817626314
44893,-0.1,-32.0,0.003314689299315628
44894,-0.1,-31.0,0.007219548211470527
44895,-0.1,-30.0,0.0035410268106693785
44896,-0.1,-29.0,0.0041070263571213765
44897,-0.1,-28.0,0.00874544439478324
44898,-0.1,-27.0,0.00416370417142622
44899,-0.1,-26.0,0.001560884306266438
44900,-0.1,-25.0,0.005316599798596938
44901,-0.1,-24.0,0.011446668136943665
44902,-0.1,-23.0,0.0060014565394694835
44903,-0.1,-22.0,0.006986718424009524
44904,-0.1,-21.0,0.014113607833218095
44905,-0.1,-20.0,0.0071577941653827104
44906,-0.1,-19.0,0.0032268497002425705
44907,-0.1,-18.0,0.009163033418735308
44908,-0.1,-17.0,0.018815477626170623
44909,-0.1,-16.0,0.010235361408273441
44910,-0.1,-15.0,0.011972788500047661
44911,-0.1,-14.0,0.023489146357210774
44912,-0.1,-13.0,0.01210839909656953
44913,-0.1,-12.0,0.005653170142803734
44914,-0.1,-11.0,0.015699528440108104
44915,-0.1,-10.0,0.03206154535174627
44916,-0.1,-9.0,0.017194441621792452
44917,-0.1,-8.0,0.020723786224433677
44918,-0.1,-7.0,0.04143696112576113
44919,-0.1,-6.0,0.02040628946893874
44920,-0.1,-5.0,0.008523620798340929
44921,-0.1,-4.0,0.02933062304759898
44922,-0.1,-3.0,0.06321438324625923
44923,-0.1,-2.0,0.029511467916770968
44924,-0.1,-1.0,0.007919534323353242
44925,-0.1,0.0,0.0006435492622657124
44926,-0.1,1.0,0.008170199906233952
44927,-0.1,2.0,0.029950111748826495
44928,-0.1,3.0,0.06390841094150937
44929,-0.1,4.0,0.029696563323094997
44930,-0.1,5.0,0.008720660464402657
44931,-0.1,6.0,0.02074443920982448
44932,-0.1,7.0,0.04196052511822289
44933,-0.1,8.0,0.02097383233404562
44934,-0.1,9.0,0.017395369030288845
44935,-0.1,10.0,0.03232734254564413
44936,-0.1,11.0,0.01580252352059118
44937,-0.1,12.0,0.005687831901189044
44938,-0.1,13.0,0.012139804325643388
44939,-0.1,14.0,0.023482632235543033
44940,-0.1,15.0,0.01193669653228142
44941,-0.1,16.0,0.01018258650633362
44942,-0.1,17.0,0.018680767029706207
44943,-0.1,18.0,0.009068151794362714
44944,-0.1,19.0,0.003176271230681192
44945,-0.1,20.0,0.0070530138660946096
44946,-0.1,21.0,0.013896724604728674
44947,-0.1,22.0,0.006857209801158545
44948,-0.1,23.0,0.0058801357554631355
44949,-0.1,24.0,0.011215348724998221
44950,-0.1,25.0,0.005192549673429607
44951,-0.1,26.0,0.0015114595240775567
44952,-0.1,27.0,0.004056735444163015
44953,-0.1,28.0,0.008529689890110725
44954,-0.1,29.0,0.00399552668486492
44955,-0.1,30.0,0.003442473241792371
44956,-0.1,31.0,0.007025288475992122
44957,-0.1,32.0,0.0030681440540138074
44958,-0.1,33.0,0.0006633291802787363
44959,-0.1,34.0,0.0024337628697156284
44960,-0.1,35.0,0.005511507246366728
44961,-0.1,36.0,0.0024658832448715973
44962,-0.1,37.0,0.0021451565434257077
44963,-0.1,38.0,0.004651868959093486
44964,-0.1,39.0,0.002052890882751251
44965,-0.1,40.0,0.0017946376479104672
44966,-0.1,41.0,0.003960786619339637
44967,-0.1,42.0,0.001640410862772838
44968,-0.1,43.0,0.0002394744183531146
44969,-0.1,44.0,0.0013428278502440323
44970,-0.1,45.0,0.003235954333741896
44971,-0.1,46.0,0.0013280579374645354
44972,-0.1,47.0,0.00010514755299197829
44973,-0.1,48.0,1.4139073485416721e-05
44974,-0.1,49.0,1.0152943496055213e-05
44975,-0.1,50.0,7.793543751043867e-06
44976,-0.1,51.0,5.951747937481759e-06
44977,-0.1,52.0,4.5210768102660015e-06
44978,-0.1,53.0,3.4160692546638615e-06
44979,-0.1,54.0,2.5674298911905298e-06
44980,-0.1,55.0,1.9193644169894407e-06
44981,-0.1,56.0,1.427259768597759e-06
44982,-0.1,57.0,1.0556870754032482e-06
44983,-0.1,58.0,7.767010055827829e-07
44984,-0.1,59.0,5.684063538635483e-07
44985,-0.1,60.0,4.1376171688389667e-07
44986,-0.1,61.0,2.995904449350115e-07
44987,-0.1,62.0,2.157703872649219e-07
44988,-0.1,63.0,1.5457594962700057e-07
44989,-0.1,64.0,1.1014839690532734e-07
44990,-0.1,65.0,7.807295114659142e-08
44991,-0.1,66.0,5.5043894678405535e-08
44992,-0.1,67.0,3.860147045099421e-08
44993,-0.1,68.0,2.692679530350362e-08
44994,-0.1,69.0,1.8683214955463032e-08
44995,-0.1,70.0,1.2894504842369915e-08
44996,-0.1,71.0,8.852049692763336e-09
44997,-0.1,72.0,6.044621748979116e-09
44998,-0.1,73.0,4.1056367925992206e-09
44999,-0.1,74.0,2.7738184580961413e-09
45000,0.0,-75.0,1.9930178926525814e-09
45001,0.0,-74.0,2.9641227753164205e-09
45002,0.0,-73.0,4.384976664724311e-09
45003,0.0,-72.0,6.452447687696021e-09
45004,0.0,-71.0,9.444257189983214e-09
45005,0.0,-70.0,1.3749826754822305e-08
45006,0.0,-69.0,1.9911902378236688e-08
45007,0.0,-68.0,2.8682327485373993e-08
45008,0.0,-67.0,4.109624420005576e-08
45009,0.0,-66.0,5.8570102507023705e-08
45010,0.0,-65.0,8.303017291504645e-08
45011,0.0,-64.0,1.1707980977084246e-07
45012,0.0,-63.0,1.6421551301466084e-07
45013,0.0,-62.0,2.2910388944643547e-07
45014,0.0,-61.0,3.1793390953038205e-07
45015,0.0,-60.0,4.3886136164331026e-07
45016,0.0,-59.0,6.025650658804628e-07
45017,0.0,-58.0,8.229371351352252e-07
45018,0.0,-57.0,1.1179322341752369e-06
45019,0.0,-56.0,1.5106032143957355e-06
45020,0.0,-55.0,2.0303524684496115e-06
45021,0.0,-54.0,2.714429575948104e-06
45022,0.0,-53.0,3.6097059640417693e-06
45023,0.0,-52.0,4.774755996968071e-06
45024,0.0,-51.0,6.282270703063389e-06
45025,0.0,-50.0,8.221824780724522e-06
45026,0.0,-49.0,1.0703009119318777e-05
45027,0.0,-48.0,1.3858930006905207e-05
45028,0.0,-47.0,1.785213655029123e-05
45029,0.0,-46.0,2.3989328800330323e-05
45030,0.0,-45.0,0.0001292672807363626
45031,0.0,-44.0,0.0015210532949102152
45032,0.0,-43.0,0.0037985417710468387
45033,0.0,-42.0,0.0031754155053284015
45034,0.0,-41.0,0.004187480575992393
45035,0.0,-40.0,0.0018537574534967611
45036,0.0,-39.0,0.002119173505368983
45037,0.0,-38.0,0.004797467757435506
45038,0.0,-37.0,0.0020663052857939007
45039,0.0,-36.0,0.0004888009960934851
45040,0.0,-35.0,0.002579559147512634
45041,0.0,-34.0,0.006025515881623096
45042,0.0,-33.0,0.0028703944208050293
45043,0.0,-32.0,0.003317958963647661
45044,0.0,-31.0,0.0072317135824089196
45045,0.0,-30.0,0.003543492438136407
45046,0.0,-29.0,0.004109511494508152
45047,0.0,-28.0,0.008757509950644862
45048,0.0,-27.0,0.004164944156638219
45049,0.0,-26.0,0.001555609615466752
45050,0.0,-25.0,0.005317665310163863
45051,0.0,-24.0,0.011458618966769713
45052,0.0,-23.0,0.0060027986690577755
45053,0.0,-22.0,0.006988071075164782
45054,0.0,-21.0,0.014125642685998923
45055,0.0,-20.0,0.007159328305955213
45056,0.0,-19.0,0.003222443952486625
45057,0.0,-18.0,0.00916477991195522
45058,0.0,-17.0,0.018827366755476947
45059,0.0,-16.0,0.010239896466842459
45060,0.0,-15.0,0.0119762404796668
45061,0.0,-14.0,0.023498823380815978
45062,0.0,-13.0,0.012115762742927052
45063,0.0,-12.0,0.005659682005794623
45064,0.0,-11.0,0.015701642836155563
45065,0.0,-10.0,0.03205574125955805
45066,0.0,-9.0,0.017201164384229382
45067,0.0,-8.0,0.0207139112318708
45068,0.0,-7.0,0.041388751554993296
45069,0.0,-6.0,0.020404551814315084
45070,0.0,-5.0,0.008543859364902458
45071,0.0,-4.0,0.029226345775723406
45072,0.0,-3.0,0.06291038453213928
45073,0.0,-2.0,0.02941509478071421
45074,0.0,-1.0,0.007957395065096991
45075,0.0,0.0,0.0006618707162669154
45076,0.0,1.0,0.007976028003675462
45077,0.0,2.0,0.02948397280547548
45078,0.0,3.0,0.06305769471610599
45079,0.0,4.0,0.029294781828132173
45080,0.0,5.0,0.008563865561084372
45081,0.0,6.0,0.02045233086230341
45082,0.0,7.0,0.04148566694743704
45083,0.0,8.0,0.020762414672072765
45084,0.0,9.0,0.01724144241954465
45085,0.0,10.0,0.032130802589690644
45086,0.0,11.0,0.015738409610225938
45087,0.0,12.0,0.005672934647686214
45088,0.0,13.0,0.012144132864200845
45089,0.0,14.0,0.023553847937110992
45090,0.0,15.0,0.012004283897322086
45091,0.0,16.0,0.010263874082677255
45092,0.0,17.0,0.018871452686297183
45093,0.0,18.0,0.009186240048066055
45094,0.0,19.0,0.0032299895876785503
45095,0.0,20.0,0.007176092501209649
45096,0.0,21.0,0.014158719117468828
45097,0.0,22.0,0.007004434256590404
45098,0.0,23.0,0.006016854748715059
45099,0.0,24.0,0.011485450328246086
45100,0.0,25.0,0.005330117089960464
45101,0.0,26.0,0.0015592522118415642
45102,0.0,27.0,0.004174696738735569
45103,0.0,28.0,0.00877801642841496
45104,0.0,29.0,0.004119134275154625
45105,0.0,30.0,0.003551786556522372
45106,0.0,31.0,0.007246882991780201
45107,0.0,32.0,0.0031695401444023935
45108,0.0,33.0,0.0006888345627251531
45109,0.0,34.0,0.002516283200294418
45110,0.0,35.0,0.005695584626874272
45111,0.0,36.0,0.0025505375559402217
45112,0.0,37.0,0.002219165219152111
45113,0.0,38.0,0.004810375144991505
45114,0.0,39.0,0.0021241367623648063
45115,0.0,40.0,0.0018569746270964225
45116,0.0,41.0,0.004096930278503944
45117,0.0,42.0,0.0016975211582595882
45118,0.0,43.0,0.0002485076179464536
45119,0.0,44.0,0.0013894521158008598
45120,0.0,45.0,0.003347441607298311
45121,0.0,46.0,0.001374110331717422
45122,0.0,47.0,0.00010912328450557333
45123,0.0,48.0,1.4912772500158314e-05
45124,0.0,49.0,1.0729967243462238e-05
45125,0.0,50.0,8.241077488317622e-06
45126,0.0,51.0,6.296981191033753e-06
45127,0.0,52.0,4.785936506983079e-06
45128,0.0,53.0,3.6181584072049023e-06
45129,0.0,54.0,2.72078565091365e-06
45130,0.0,55.0,2.0351067168597736e-06
45131,0.0,56.0,1.514140424334417e-06
45132,0.0,57.0,1.1205499705680981e-06
45133,0.0,58.0,8.24864114626312e-07
45134,0.0,59.0,6.039760248400511e-07
45135,0.0,60.0,4.3988899401911516e-07
45136,0.0,61.0,3.186783796691435e-07
45137,0.0,62.0,2.296403563008799e-07
45138,0.0,63.0,1.646000380435934e-07
45139,0.0,64.0,1.1735396241582146e-07
45140,0.0,65.0,8.322459534844702e-08
45141,0.0,66.0,5.8707249539893163e-08
45142,0.0,67.0,4.119247466086877e-08
45143,0.0,68.0,2.8749489671233878e-08
45144,0.0,69.0,1.9958527844354558e-08
45145,0.0,70.0,1.3782023180322275e-08
45146,0.0,71.0,9.46637174665668e-09
45147,0.0,72.0,6.467556659974271e-09
45148,0.0,73.0,4.395244472240896e-09
45149,0.0,74.0,2.971063528811716e-09
45150,0.1,-75.0,1.8598402877576301e-09
45151,0.1,-74.0,2.767528071911397e-09
45152,0.1,-73.0,4.096326146877485e-09
45153,0.1,-72.0,6.0309139286166105e-09
45154,0.1,-71.0,8.83197526758547e-09
45155,0.1,-70.0,1.2865263052993678e-08
45156,0.1,-69.0,1.864084569481462e-08
45157,0.1,-68.0,2.6865731487058742e-08
45158,0.1,-67.0,3.8513931140075345e-08
45159,0.1,-66.0,5.49190677079782e-08
45160,0.1,-65.0,7.789589954039805e-08
45161,0.1,-64.0,1.0989860552040715e-07
45162,0.1,-63.0,1.54225406708379e-07
45163,0.1,-62.0,2.1528106935041792e-07
45164,0.1,-61.0,2.989110422904728e-07
45165,0.1,-60.0,4.128233998934441e-07
45166,0.1,-59.0,5.671173381872599e-07
45167,0.1,-58.0,7.749396252512999e-07
45168,0.1,-57.0,1.05329301843995e-06
45169,0.1,-56.0,1.4240230697055786e-06
45170,0.1,-55.0,1.9150117372468716e-06
45171,0.1,-54.0,2.5616075470963417e-06
45172,0.1,-53.0,3.4083223904871707e-06
45173,0.1,-52.0,4.5108240415512875e-06
45174,0.1,-51.0,5.938250733664604e-06
45175,0.1,-50.0,7.77586921246272e-06
45176,0.1,-49.0,1.0128090152407477e-05
45177,0.1,-48.0,1.3121844883125694e-05
45178,0.1,-47.0,1.6912320148168755e-05
45179,0.1,-46.0,2.27606614640333e-05
45180,0.1,-45.0,0.0001244449857119544
45181,0.1,-44.0,0.0014700548098372382
45182,0.1,-43.0,0.0036723276021066614
45183,0.1,-42.0,0.003069783109628093
45184,0.1,-41.0,0.004048643158191098
45185,0.1,-40.0,0.0017916521762343094
45186,0.1,-39.0,0.0020482344060292366
45187,0.1,-38.0,0.004639704282164565
45188,0.1,-37.0,0.001997396073196256
45189,0.1,-36.0,0.0004704098407978212
45190,0.1,-35.0,0.002494489103081784
45191,0.1,-34.0,0.005833115290928076
45192,0.1,-33.0,0.0027776855160329453
45193,0.1,-32.0,0.00321229566159455
45194,0.1,-31.0,0.007011064809881565
45195,0.1,-30.0,0.0034346696774034814
45196,0.1,-29.0,0.003986465744676348
45197,0.1,-28.0,0.008510346503275815
45198,0.1,-27.0,0.004047535695520978
45199,0.1,-26.0,0.001508031879387506
45200,0.1,-25.0,0.005180774157755894
45201,0.1,-24.0,0.011189914877851195
45202,0.1,-23.0,0.0058668009517334144
45203,0.1,-22.0,0.006841659216846438
45204,0.1,-21.0,0.01386521001003282
45205,0.1,-20.0,0.007037019242922859
45206,0.1,-19.0,0.0031690681736065087
45207,0.1,-18.0,0.009047587299018063
45208,0.1,-17.0,0.018638403320393827
45209,0.1,-16.0,0.01015949472781529
45210,0.1,-15.0,0.011909626833203246
45211,0.1,-14.0,0.023429378993621325
45212,0.1,-13.0,0.01211227402451909
45213,0.1,-12.0,0.0056749331986413135
45214,0.1,-11.0,0.01576668700960832
45215,0.1,-10.0,0.03225403152258669
45216,0.1,-9.0,0.017355920309804894
45217,0.1,-8.0,0.020926268476803938
45218,0.1,-7.0,0.04186536823917844
45219,0.1,-6.0,0.020697395563750644
45220,0.1,-5.0,0.00870088399995993
45221,0.1,-4.0,0.029629218305934
45222,0.1,-3.0,0.06376348127457243
45223,0.1,-2.0,0.02988219174179558
45224,0.1,-1.0,0.008151671760505177
45225,0.1,0.0,0.0006420898396503847
45226,0.1,1.0,0.00793803095637628
45227,0.1,2.0,0.029580394039158995
45228,0.1,3.0,0.06336202491317339
45229,0.1,4.0,0.02939912679399334
45230,0.1,5.0,0.008543528318088594
45231,0.1,6.0,0.02045394980252121
45232,0.1,7.0,0.04153374008172487
45233,0.1,8.0,0.02077218809416368
45234,0.1,9.0,0.01723460045736647
45235,0.1,10.0,0.03213642736049949
45236,0.1,11.0,0.015736195800123844
45237,0.1,12.0,0.0056663735218508956
45238,0.1,13.0,0.01213667911979328
45239,0.1,14.0,0.023544006921286185
45240,0.1,15.0,0.012000751795123584
45241,0.1,16.0,0.010259266819386912
45242,0.1,17.0,0.018859422506083343
45243,0.1,18.0,0.009184434331920873
45244,0.1,19.0,0.003234386236140885
45245,0.1,20.0,0.007174511700344472
45246,0.1,21.0,0.014146571163391727
45247,0.1,22.0,0.007003036399467136
45248,0.1,23.0,0.00601547336605068
45249,0.1,24.0,0.011473402640668361
45250,0.1,25.0,0.0053290170937799405
45251,0.1,26.0,0.0015645298620561635
45252,0.1,27.0,0.004173428797260376
45253,0.1,28.0,0.008765869999242872
45254,0.1,29.0,0.004116618606900893
45255,0.1,30.0,0.003549293858121043
45256,0.1,31.0,0.00723465035826661
45257,0.1,32.0,0.0031666556218523318
45258,0.1,33.0,0.0006913947002868102
45259,0.1,34.0,0.0025132989484760522
45260,0.1,35.0,0.0056834947074111365
45261,0.1,36.0,0.002546469167690237
45262,0.1,37.0,0.00221528172615551
45263,0.1,38.0,0.004798652955741827
45264,0.1,39.0,0.0021197844978383916
45265,0.1,40.0,0.0018528740095689082
45266,0.1,41.0,0.0040857909698871165
45267,0.1,42.0,0.0016934180596555031
45268,0.1,43.0,0.000248584664096948
45269,0.1,44.0,0.001385702102451397
45270,0.1,45.0,0.003337294277866033
45271,0.1,46.0,0.0013701687921929058
45272,0.1,47.0,0.00010913959750478428
45273,0.1,48.0,1.515637855634861e-05
45274,0.1,49.0,1.0926437172080678e-05
45275,0.1,50.0,8.396478579917399e-06
45276,0.1,51.0,6.419141848166647e-06
45277,0.1,52.0,4.8813831601239195e-06
45278,0.1,53.0,3.692282585639689e-06
45279,0.1,54.0,2.7780053186321554e-06
45280,0.1,55.0,2.079013556856185e-06
45281,0.1,56.0,1.5476319154456379e-06
45282,0.1,57.0,1.1459459673570234e-06
45283,0.1,58.0,8.440082884656782e-07
45284,0.1,59.0,6.183229837665792e-07
45285,0.1,60.0,4.5057820023636786e-07
45286,0.1,61.0,3.265961564446585e-07
45287,0.1,62.0,2.354713482057408e-07
45288,0.1,63.0,1.6886948497875452e-07
45289,0.1,64.0,1.2046209027624362e-07
45290,0.1,65.0,8.547433258101479e-08
45291,0.1,66.0,6.032636387297102e-08
45292,0.1,67.0,4.235109931081877e-08
45293,0.1,68.0,2.957388187306145e-08
45294,0.1,69.0,2.0541780647586257e-08
45295,0.1,70.0,1.4192338090186682e-08
45296,0.1,71.0,9.753397335067929e-09
45297,0.1,72.0,6.667207827031585e-09
45298,0.1,73.0,4.5333387911038375e-09
45299,0.1,74.0,3.0660445969212306e-09
45300,0.2,-75.0,1.8023638878254718e-09
45301,0.2,-74.0,2.6834298717718917e-09
45302,0.2,-73.0,3.9739658607836645e-09
45303,0.2,-72.0,5.8538841537432695e-09
45304,0.2,-71.0,8.577292614909805e-09
45305,0.2,-70.0,1.2500933396580931e-08
45306,0.2,-69.0,1.8122611091534286e-08
45307,0.2,-68.0,2.613275621763313e-08
45308,0.2,-67.0,3.748312442093275e-08
45309,0.2,-66.0,5.347767014048787e-08
45310,0.2,-65.0,7.58918788998709e-08
45311,0.2,-64.0,1.0712831523249337e-07
45312,0.2,-63.0,1.5041785835408765e-07
45313,0.2,-62.0,2.1007806097519715e-07
45314,0.2,-61.0,2.918422708607366e-07
45315,0.2,-60.0,4.0327557451791224e-07
45316,0.2,-59.0,5.542962085405454e-07
45317,0.2,-58.0,7.578237574822087e-07
45318,0.2,-57.0,1.0305781021461518e-06
45319,0.2,-56.0,1.3940555408920976e-06
45320,0.2,-55.0,1.8757105733251127e-06
45321,0.2,-54.0,2.510373253663818e-06
45322,0.2,-53.0,3.3419324810420545e-06
45323,0.2,-52.0,4.425314737155448e-06
45324,0.2,-51.0,5.828785206737828e-06
45325,0.2,-50.0,7.636593492508703e-06
45326,0.2,-49.0,9.951978822554454e-06
45327,0.2,-48.0,1.2900539941308566e-05
45328,0.2,-47.0,1.6635975607693227e-05
45329,0.2,-46.0,2.2421922248481e-05
45330,0.2,-45.0,0.0001243944505284212
45331,0.2,-44.0,0.001475052579505363
45332,0.2,-43.0,0.0036856265653254397
45333,0.2,-42.0,0.0030804502986735735
45334,0.2,-41.0,0.004062641224620207
45335,0.2,-40.0,0.0017969259486166345
45336,0.2,-39.0,0.0020539277250876398
45337,0.2,-38.0,0.0046543489872464296
45338,0.2,-37.0,0.0020022021094556882
45339,0.2,-36.0,0.0004693091415654236
45340,0.2,-35.0,0.002499676540815848
45341,0.2,-34.0,0.005848924795307355
45342,0.2,-33.0,0.002782717062570061
45343,0.2,-32.0,0.0032176750108079645
45344,0.2,-31.0,0.007027592661347708
45345,0.2,-30.0,0.0034393451070462507
45346,0.2,-29.0,0.0039914752068601405
45347,0.2,-28.0,0.008527511518095159
45348,0.2,-27.0,0.004051252457961275
45349,0.2,-26.0,0.0015037674149775845
45350,0.2,-25.0,0.005184864831640598
45351,0.2,-24.0,0.011208097548160477
45352,0.2,-23.0,0.005871366687328736
45353,0.2,-22.0,0.006846686524265654
45354,0.2,-21.0,0.013884497687824545
45355,0.2,-20.0,0.0070420898667953894
45356,0.2,-19.0,0.0031661133007316166
45357,0.2,-18.0,0.009053728155710641
45358,0.2,-17.0,0.01865945425934546
45359,0.2,-16.0,0.010168765482469873
45360,0.2,-15.0,0.011918701161623137
45361,0.2,-14.0,0.02345055421853699
45362,0.2,-13.0,0.012125291651136093
45363,0.2,-12.0,0.005683795369048063
45364,0.2,-11.0,0.015776743330895907
45365,0.2,-10.0,0.0322655087851613
45366,0.2,-9.0,0.017371901851206382
45367,0.2,-8.0,0.02092853581896067
45368,0.2,-7.0,0.04184295212007272
45369,0.2,-6.0,0.02070858680375464
45370,0.2,-5.0,0.00872699285024638
45371,0.2,-4.0,0.029550823494018583
45372,0.2,-3.0,0.06351856428045598
45373,0.2,-2.0,0.02981361981306461
45374,0.2,-1.0,0.008196605541758654
45375,0.2,0.0,0.0006476666374087229
45376,0.2,1.0,0.007894711282118261
45377,0.2,2.0,0.029660737521607864
45378,0.2,3.0,0.06363352440855737
45379,0.2,4.0,0.029487437437804503
45380,0.2,5.0,0.00851731595547704
45381,0.2,6.0,0.0204415393133794
45382,0.2,7.0,0.0415538282309349
45383,0.2,8.0,0.020767682400391018
45384,0.2,9.0,0.017215557706936006
45385,0.2,10.0,0.03211959439923137
45386,0.2,11.0,0.01572279418252473
45387,0.2,12.0,0.005655545432911129
45388,0.2,13.0,0.012120436327099238
45389,0.2,14.0,0.023517414357554133
45390,0.2,15.0,0.011988558580545252
45391,0.2,16.0,0.010247213035942466
45392,0.2,17.0,0.018833915132685786
45393,0.2,18.0,0.009175978362156108
45394,0.2,19.0,0.003236338816255135
45395,0.2,20.0,0.007167725558622187
45396,0.2,21.0,0.014124316908632794
45397,0.2,22.0,0.006996593034963223
45398,0.2,23.0,0.0060097584009945176
45399,0.2,24.0,0.011453180906537365
45400,0.2,25.0,0.005324098667226258
45401,0.2,26.0,0.001568661490737371
45402,0.2,27.0,0.004169181892160615
45403,0.2,28.0,0.008747508198820877
45404,0.2,29.0,0.004111181350198651
45405,0.2,30.0,0.00354428728543298
45406,0.2,31.0,0.007217304809648258
45407,0.2,32.0,0.003161536656398277
45408,0.2,33.0,0.0006934724416274082
45409,0.2,34.0,0.002508547788981195
45410,0.2,35.0,0.005667400384711423
45411,0.2,36.0,0.0025406125355646953
45412,0.2,37.0,0.0022098448448541704
45413,0.2,38.0,0.004783553992538271
45414,0.2,39.0,0.0021139458408156353
45415,0.2,40.0,0.0018474754967108215
45416,0.2,41.0,0.004071778171444897
45417,0.2,42.0,0.0016881281050727857
45418,0.2,43.0,0.00024849319080046974
45419,0.2,44.0,0.0013809815534723219
45420,0.2,45.0,0.003324800419247973
45421,0.2,46.0,0.0013652661849404017
45422,0.2,47.0,0.00010908279748589253
45423,0.2,48.0,1.539250746861632e-05
45424,0.2,49.0,1.1117886174205023e-05
45425,0.2,50.0,8.548182910694364e-06
45426,0.2,51.0,6.538603229641198e-06
45427,0.2,52.0,4.974876452057618e-06
45428,0.2,53.0,3.7650064316532916e-06
45429,0.2,54.0,2.834231056586311e-06
45430,0.2,55.0,2.1222223807283772e-06
45431,0.2,56.0,1.5806387892167385e-06
45432,0.2,57.0,1.171009687992911e-06
45433,0.2,58.0,8.629277758989839e-07
45434,0.2,59.0,6.325203695021799e-07
45435,0.2,60.0,4.611696212472531e-07
45436,0.2,61.0,3.3445136583883685e-07
45437,0.2,62.0,2.412633557076588e-07
45438,0.2,63.0,1.7311546307873683e-07
45439,0.2,64.0,1.235567473858175e-07
45440,0.2,65.0,8.771688078910669e-08
45441,0.2,66.0,6.194211070058803e-08
45442,0.2,67.0,4.350858184551378e-08
45443,0.2,68.0,3.039834663795693e-08
45444,0.2,69.0,2.1125699882905643e-08
45445,0.2,70.0,1.460354711237874e-08
45446,0.2,71.0,1.0041340955112951e-08
45447,0.2,72.0,6.867697840188153e-09
45448,0.2,73.0,4.672149726035016e-09
45449,0.2,74.0,3.161610987808038e-09
45450,0.3,-75.0,1.7464811941771795e-09
45451,0.3,-74.0,2.6016152846695897e-09
45452,0.3,-73.0,3.854857659489776e-09
45453,0.3,-72.0,5.681457039631506e-09
45454,0.3,-71.0,8.329083551122548e-09
45455,0.3,-70.0,1.2145651688200004e-08
45456,0.3,-69.0,1.761694263227149e-08
45457,0.3,-68.0,2.541712206969537e-08
45458,0.3,-67.0,3.647609429988271e-08
45459,0.3,-66.0,5.206866112062036e-08
45460,0.3,-65.0,7.393168827678732e-08
45461,0.3,-64.0,1.0441694408848204e-07
45462,0.3,-63.0,1.466889799054306e-07
45463,0.3,-62.0,2.0497937730561824e-07
45464,0.3,-61.0,2.8491088670644947e-07
45465,0.3,-60.0,3.9390740276912006e-07
45466,0.3,-59.0,5.417083167151098e-07
45467,0.3,-58.0,7.410084778924856e-07
45468,0.3,-57.0,1.0082476740573914e-06
45469,0.3,-56.0,1.3645760470727062e-06
45470,0.3,-55.0,1.837023995656631e-06
45471,0.3,-54.0,2.459906625599998e-06
45472,0.3,-53.0,3.2764933839236265e-06
45473,0.3,-52.0,4.340972799611686e-06
45474,0.3,-51.0,5.720739848885584e-06
45475,0.3,-50.0,7.499028935132722e-06
45476,0.3,-49.0,9.777908377789853e-06
45477,0.3,-48.0,1.2681642833047902e-05
45478,0.3,-47.0,1.6362438695762605e-05
45479,0.3,-46.0,2.2086380492872044e-05
45480,0.3,-45.0,0.00012434446249215772
45481,0.3,-44.0,0.001480008191461975
45482,0.3,-43.0,0.0036988131017601906
45483,0.3,-42.0,0.003091024663147222
45484,0.3,-41.0,0.004076514822917329
45485,0.3,-40.0,0.0018021492628606205
45486,0.3,-39.0,0.0020595618105639806
45487,0.3,-38.0,0.004668849162481977
45488,0.3,-37.0,0.00200695097504813
45489,0.3,-36.0,0.0004682012447005237
45490,0.3,-35.0,0.0025047879442900464
45491,0.3,-34.0,0.005864544950852443
45492,0.3,-33.0,0.0027876598331861304
45493,0.3,-32.0,0.0032229472532500354
45494,0.3,-31.0,0.007043880910202325
45495,0.3,-30.0,0.003443897275235245
45496,0.3,-29.0,0.003996335879623938
45497,0.3,-28.0,0.00854436591068688
45498,0.3,-27.0,0.00405480186960874
45499,0.3,-26.0,0.0014994117129946852
45500,0.3,-25.0,0.005188726705430144
45501,0.3,-24.0,0.011225831925566334
45502,0.3,-23.0,0.0058756503395953254
45503,0.3,-22.0,0.006851383269499367
45504,0.3,-21.0,0.01390319766018895
45505,0.3,-20.0,0.007046783357399367
45506,0.3,-19.0,0.003162892511322597
45507,0.3,-18.0,0.009059392114518706
45508,0.3,-17.0,0.018679693917146887
45509,0.3,-16.0,0.010177477715892808
45510,0.3,-15.0,0.011927163720165732
45511,0.3,-14.0,0.02347075724580922
45512,0.3,-13.0,0.012137649564563209
45513,0.3,-12.0,0.005692181663986398
45514,0.3,-11.0,0.015786126047697812
45515,0.3,-10.0,0.03227598630916128
45516,0.3,-9.0,0.01738718074522783
45517,0.3,-8.0,0.02093034069276181
45518,0.3,-7.0,0.04182014928413936
45519,0.3,-6.0,0.020719340036745002
45520,0.3,-5.0,0.008752865364352174
45521,0.3,-4.0,0.029475243703615765
45522,0.3,-3.0,0.06328120694450061
45523,0.3,-2.0,0.029747932777484283
45524,0.3,-1.0,0.008241463894609134
45525,0.3,0.0,0.0006532584015055427
45526,0.3,1.0,0.007851360237222998
45527,0.3,2.0,0.0297447349741508
45528,0.3,3.0,0.06391446663602907
45529,0.3,4.0,0.029579319097707047
45530,0.3,5.0,0.00849090503993486
45531,0.3,6.0,0.020428608471498123
45532,0.3,7.0,0.04157332857995817
45533,0.3,8.0,0.020762608939204945
45534,0.3,9.0,0.017195692624153415
45535,0.3,10.0,0.0321015025199855
45536,0.3,11.0,0.015708589084823837
45537,0.3,12.0,0.005644193877268559
45538,0.3,13.0,0.01210341492877165
45539,0.3,14.0,0.02348960489446232
45540,0.3,15.0,0.011975621026488008
45541,0.3,16.0,0.010234481150250717
45542,0.3,17.0,0.018807375501915385
45543,0.3,18.0,0.009166928976885057
45544,0.3,19.0,0.003237975550702117
45545,0.3,20.0,0.007160464897560611
45546,0.3,21.0,0.0141012926589143
45547,0.3,22.0,0.00698972162246041
45548,0.3,23.0,0.006003676090180617
45549,0.3,24.0,0.011432358628110477
45550,0.3,25.0,0.005318875263669967
45551,0.3,26.0,0.0015726733780820803
45552,0.3,27.0,0.004164707803952724
45553,0.3,28.0,0.008728719638780632
45554,0.3,29.0,0.004105538012008604
45555,0.3,30.0,0.00353910835785078
45556,0.3,31.0,0.007199625703022465
45557,0.3,32.0,0.003156272974250727
45558,0.3,33.0,0.0006955211724604911
45559,0.3,34.0,0.0025036889016974745
45560,0.3,35.0,0.005651058475262957
45561,0.3,36.0,0.002534649708949845
45562,0.3,37.0,0.0022043181621488306
45563,0.3,38.0,0.004768251518782545
45564,0.3,39.0,0.0021080218688757863
45565,0.3,40.0,0.0018420040081035941
45566,0.3,41.0,0.004057594747491715
45567,0.3,42.0,0.0016827711206689273
45568,0.3,43.0,0.0002483970332954649
45569,0.3,44.0,0.0013762071443299618
45570,0.3,45.0,0.0033121686309245287
45571,0.3,46.0,0.0013603091084359133
45572,0.3,47.0,0.00010902484894572258
45573,0.3,48.0,1.563097447266979e-05
45574,0.3,49.0,1.1311378279167055e-05
45575,0.3,50.0,8.701618594968227e-06
45576,0.3,51.0,6.659515156403044e-06
45577,0.3,52.0,5.069572240505646e-06
45578,0.3,53.0,3.838717282387736e-06
45579,0.3,54.0,2.891259330781888e-06
45580,0.3,55.0,2.166077914422895e-06
45581,0.3,56.0,1.6141623329712754e-06
45582,0.3,57.0,1.1964827746512628e-06
45583,0.3,58.0,8.821690156896118e-07
45584,0.3,59.0,6.469686802453595e-07
45585,0.3,60.0,4.7195524990535696e-07
45586,0.3,61.0,3.4245577425617006e-07
45587,0.3,62.0,2.471691549981677e-07
45588,0.3,63.0,1.77447612250209e-07
45589,0.3,64.0,1.2671620396810485e-07
45590,0.3,65.0,9.00078227192108e-08
45591,0.3,66.0,6.35937544716745e-08
45592,0.3,67.0,4.469251378603553e-08
45593,0.3,68.0,3.124217115603538e-08
45594,0.3,69.0,2.1723697132080173e-08
45595,0.3,70.0,1.5024927284058028e-08
45596,0.3,71.0,1.0336586084814152e-08
45597,0.3,72.0,7.073396128867842e-09
45598,0.3,73.0,4.8146524477031275e-09
45599,0.3,74.0,3.259777906904888e-09
45600,0.4,-75.0,1.6921582216898301e-09
45601,0.4,-74.0,2.5220373814023594e-09
45602,0.4,-73.0,3.738937274459104e-09
45603,0.4,-72.0,5.51354532452297e-09
45604,0.4,-71.0,8.087230649575855e-09
45605,0.4,-70.0,1.1799261380679456e-08
45606,0.4,-69.0,1.712363366354574e-08
45607,0.4,-68.0,2.471855908507827e-08
45608,0.4,-67.0,3.549249205122322e-08
45609,0.4,-66.0,5.069159560437772e-08
45610,0.4,-65.0,7.201476721386772e-08
45611,0.4,-64.0,1.017637966805924e-07
45612,0.4,-63.0,1.430379229421146e-07
45613,0.4,-62.0,1.999840033933096e-07
45614,0.4,-61.0,2.7811570404297574e-07
45615,0.4,-60.0,3.847175397265648e-07
45616,0.4,-59.0,5.293521959864054e-07
45617,0.4,-58.0,7.244922741879613e-07
45618,0.4,-57.0,9.863003093485593e-07
45619,0.4,-56.0,1.3355834644072802e-06
45620,0.4,-55.0,1.7989515061175592e-06
45621,0.4,-54.0,2.4102082656750285e-06
45622,0.4,-53.0,3.212007477669507e-06
45623,0.4,-52.0,4.257803318629815e-06
45624,0.4,-51.0,5.614123730877467e-06
45625,0.4,-50.0,7.363190284989507e-06
45626,0.4,-49.0,9.605901456485568e-06
45627,0.4,-48.0,1.2465186957631012e-05
45628,0.4,-47.0,1.609175722756863e-05
45629,0.4,-46.0,2.1754105015684458e-05
45630,0.4,-45.0,0.0001242952924038636
45631,0.4,-44.0,0.0014849244267737278
45632,0.4,-43.0,0.00371189409589136
45633,0.4,-42.0,0.0031015120158762143
45634,0.4,-41.0,0.0040902716394442444
45635,0.4,-40.0,0.0018073256496693453
45636,0.4,-39.0,0.0020651407540556934
45637,0.4,-38.0,0.004683213838289801
45638,0.4,-37.0,0.0020116468102212536
45639,0.4,-36.0,0.00046708751143206075
45640,0.4,-35.0,0.0025098286377064115
45641,0.4,-34.0,0.005879987567071913
45642,0.4,-33.0,0.002792519942853888
45643,0.4,-32.0,0.0032281195286087637
45644,0.4,-31.0,0.007059944195814625
45645,0.4,-30.0,0.0034483340795676888
45646,0.4,-29.0,0.00400105696770307
45647,0.4,-28.0,0.008560927940067005
45648,0.4,-27.0,0.004058193610315335
45649,0.4,-26.0,0.0014949696348129343
45650,0.4,-25.0,0.005192372145686058
45651,0.4,-24.0,0.011243142565826876
45652,0.4,-23.0,0.005879665905808108
45653,0.4,-22.0,0.006855765591757752
45654,0.4,-21.0,0.013921340425309086
45655,0.4,-20.0,0.007051116257188502
45656,0.4,-19.0,0.003159414347060895
45657,0.4,-18.0,0.009064599712410621
45658,0.4,-17.0,0.018699162468992683
45659,0.4,-16.0,0.010185653670936327
45660,0.4,-15.0,0.011935039868158241
45661,0.4,-14.0,0.023490036730229907
45662,0.4,-13.0,0.01214937236361176
45663,0.4,-12.0,0.005700102493625227
45664,0.4,-11.0,0.0157948639494479
45665,0.4,-10.0,0.03228552345512958
45666,0.4,-9.0,0.017401786387841105
45667,0.4,-8.0,0.02093171002014392
45668,0.4,-7.0,0.041797012559816715
45669,0.4,-6.0,0.020729679482671164
45670,0.4,-5.0,0.008778497116326802
45671,0.4,-4.0,0.02940233125739905
45672,0.4,-3.0,0.06305104045622763
45673,0.4,-2.0,0.029684981815987662
45674,0.4,-1.0,0.00828623862173071
45675,0.4,0.0,0.0006588662154266179
45676,0.4,1.0,0.007807986776366925
45677,0.4,2.0,0.029832609239861592
45678,0.4,3.0,0.06420540859586366
45679,0.4,4.0,0.029674993534847954
45680,0.4,5.0,0.008464300272991
45681,0.4,6.0,0.02041511610181927
45682,0.4,7.0,0.04159215242260698
45683,0.4,8.0,0.020756923264555707
45684,0.4,9.0,0.017174960481129126
45685,0.4,10.0,0.032082062147161
45686,0.4,11.0,0.015693537410484393
45687,0.4,12.0,0.0056323039114317556
45688,0.4,13.0,0.012085579368032886
45689,0.4,14.0,0.023460507574667
45690,0.4,15.0,0.011961902500432766
45691,0.4,16.0,0.010221039304316348
45692,0.4,17.0,0.018779745309800366
45693,0.4,18.0,0.009157256679287901
45694,0.4,19.0,0.0032392846174593664
45695,0.4,20.0,0.0071527060250841535
45696,0.4,21.0,0.014077453914027477
45697,0.4,22.0,0.006982398818474701
45698,0.4,23.0,0.005997206190043859
45699,0.4,24.0,0.011410899677595973
45700,0.4,25.0,0.0053133288422038145
45701,0.4,26.0,0.0015765586496822345
45702,0.4,27.0,0.004159992345697784
45703,0.4,28.0,0.008709477118601086
45704,0.4,29.0,0.004099674953151268
45705,0.4,30.0,0.0035337453479584438
45706,0.4,31.0,0.007181591045124651
45707,0.4,32.0,0.003150854317902151
45708,0.4,33.0,0.0006975378426109975
45709,0.4,34.0,0.0024987143052051615
45710,0.4,35.0,0.005634452270000149
45711,0.4,36.0,0.002528572894429486
45712,0.4,37.0,0.002198694974450997
45713,0.4,38.0,0.004752731773769243
45714,0.4,39.0,0.0021020063385109576
45715,0.4,40.0,0.0018364541507988712
45716,0.4,41.0,0.004043229233239579
45717,0.4,42.0,0.001677342269173811
45718,0.4,43.0,0.0002482953704733889
45719,0.4,44.0,0.0013713749981626292
45720,0.4,45.0,0.0032993897546095834
45721,0.4,46.0,0.0013552937771749312
45722,0.4,47.0,0.00010896541349453318
45723,0.4,48.0,1.5871709595353882e-05
45724,0.4,49.0,1.1506864576148383e-05
45725,0.4,50.0,8.856750624391256e-06
45726,0.4,51.0,6.7818530399388715e-06
45727,0.4,52.0,5.165453641062236e-06
45728,0.4,53.0,3.91340386265657e-06
45729,0.4,54.0,2.9490828800189515e-06
45730,0.4,55.0,2.210575712545986e-06
45731,0.4,56.0,1.648200030399737e-06
45732,0.4,57.0,1.2223639944616706e-06
45733,0.4,58.0,9.017315967823081e-07
45734,0.4,59.0,6.616680035511109e-07
45735,0.4,60.0,4.829354516590071e-07
45736,0.4,61.0,3.506098789078355e-07
45737,0.4,62.0,2.5318928216467093e-07
45738,0.4,63.0,1.8186645174457636e-07
45739,0.4,64.0,1.2994093200387195e-07
45740,0.4,65.0,9.234756927711975e-08
45741,0.4,66.0,6.5281641685303e-08
45742,0.4,67.0,4.590318008293573e-08
45743,0.4,68.0,3.210558498178021e-08
45744,0.4,69.0,2.233595411046004e-08
45745,0.4,70.0,1.5456620266856068e-08
45746,0.4,71.0,1.0639241663825973e-08
45747,0.4,72.0,7.284385438148833e-09
45748,0.4,73.0,4.960909093124655e-09
45749,0.4,74.0,3.3605915235011966e-09
45750,0.5,-75.0,1.6393609353146923e-09
45751,0.5,-74.0,2.4446490543344003e-09
45752,0.5,-73.0,3.6261400298652907e-09
45753,0.5,-72.0,5.350060951769174e-09
45754,0.5,-71.0,7.851615055554131e-09
45755,0.5,-70.0,1.1461603492835573e-08
45756,0.5,-69.0,1.6642473535392883e-08
45757,0.5,-68.0,2.4036790928020856e-08
45758,0.5,-67.0,3.453195900251701e-08
45759,0.5,-66.0,4.934601332920793e-08
45760,0.5,-65.0,7.01405323516255e-08
45761,0.5,-64.0,9.916814363650534e-08
45762,0.5,-63.0,1.3946378933372864e-07
45763,0.5,-62.0,1.9509085240844024e-07
45764,0.5,-61.0,2.7145543430276433e-07
45765,0.5,-60.0,3.757044950376943e-07
45766,0.5,-59.0,5.172261758879739e-07
45767,0.5,-58.0,7.082733513367797e-07
45768,0.5,-57.0,9.647341943838696e-07
45769,0.5,-56.0,1.3070761390447637e-06
45770,0.5,-55.0,1.7614918902048924e-06
45771,0.5,-54.0,2.3612778163421888e-06
45772,0.5,-53.0,3.1484758638277e-06
45773,0.5,-52.0,4.175809699162081e-06
45774,0.5,-51.0,5.508943717861067e-06
45775,0.5,-50.0,7.229089421060055e-06
45776,0.5,-49.0,9.435977001488555e-06
45777,0.5,-48.0,1.2251200983642889e-05
45778,0.5,-47.0,1.5823973006085927e-05
45779,0.5,-46.0,2.1425156918115826e-05
45780,0.5,-45.0,0.0001242471897945248
45781,0.5,-44.0,0.0014898038802393803
45782,0.5,-43.0,0.0037248759763965473
45783,0.5,-42.0,0.0031119177840952584
45784,0.5,-41.0,0.004103918851958962
45785,0.5,-40.0,0.0018124584044454067
45786,0.5,-39.0,0.0020706683755262875
45787,0.5,-38.0,0.004697451449706761
45788,0.5,-37.0,0.002016293482876873
45789,0.5,-36.0,0.000465969215397067
45790,0.5,-35.0,0.0025148035992152333
45791,0.5,-34.0,0.0058952636834439945
45792,0.5,-33.0,0.0027973031156166327
45793,0.5,-32.0,0.0032331985223583294
45794,0.5,-31.0,0.007075796214063936
45795,0.5,-30.0,0.0034526629253556875
45796,0.5,-29.0,0.004005647103499265
45797,0.5,-28.0,0.00857721470230601
45798,0.5,-27.0,0.004061436772772252
45799,0.5,-26.0,0.0014904457816727462
45800,0.5,-25.0,0.00519581276944363
45801,0.5,-24.0,0.01126005247586451
45802,0.5,-23.0,0.005883426544019482
45803,0.5,-22.0,0.0068598486525171636
45804,0.5,-21.0,0.013938954553116324
45805,0.5,-20.0,0.007055104117752443
45806,0.5,-19.0,0.0031556868941008845
45807,0.5,-18.0,0.009069370216505078
45808,0.5,-17.0,0.018717897487340696
45809,0.5,-16.0,0.01019331419675484
45810,0.5,-15.0,0.011942353317892866
45811,0.5,-14.0,0.023508438039726867
45812,0.5,-13.0,0.012160483018671257
45813,0.5,-12.0,0.0057075675921034056
45814,0.5,-11.0,0.015802983696186372
45815,0.5,-10.0,0.03229417506894226
45816,0.5,-9.0,0.01741574588803817
45817,0.5,-8.0,0.020932668169402854
45818,0.5,-7.0,0.04177358954726602
45819,0.5,-6.0,0.0207396269049974
45820,0.5,-5.0,0.00880388373854895
45821,0.5,-4.0,0.02933194907578985
45822,0.5,-3.0,0.06282772285565352
45823,0.5,-2.0,0.02962462868942277
45824,0.5,-1.0,0.008330921694408812
45825,0.5,0.0,0.0006644911047007165
45826,0.5,1.0,0.007764600184704899
45827,0.5,2.0,0.029924604280516097
45828,0.5,3.0,0.06450696087150032
45829,0.5,4.0,0.02977470362536991
45830,0.5,5.0,0.008437506415944549
45831,0.5,6.0,0.020401015896390432
45832,0.5,7.0,0.04161020011623091
45833,0.5,8.0,0.02075057560326253
45834,0.5,9.0,0.017153311986373532
45835,0.5,10.0,0.03206117478795854
45836,0.5,11.0,0.015677591829132
45837,0.5,12.0,0.005619859222693662
45838,0.5,13.0,0.012066890883519464
45839,0.5,14.0,0.023430045019646673
45840,0.5,15.0,0.011947363134514347
45841,0.5,16.0,0.010206852903640354
45842,0.5,17.0,0.018750961160754427
45843,0.5,18.0,0.00914692948011208
45844,0.5,19.0,0.0032402532970567358
45845,0.5,20.0,0.0071444233030598355
45846,0.5,21.0,0.014052752381290685
45847,0.5,22.0,0.0069745993573737146
45848,0.5,23.0,0.005990326806036312
45849,0.5,24.0,0.011388764865083072
45850,0.5,25.0,0.005307439884881339
45851,0.5,26.0,0.0015803099277593028
45852,0.5,27.0,0.004155020171441116
45853,0.5,28.0,0.008689751121154587
45854,0.5,29.0,0.004093577400025688
45855,0.5,30.0,0.0035281855516598954
45856,0.5,31.0,0.00716317695287113
45857,0.5,32.0,0.003145269563407015
45858,0.5,33.0,0.0006995191615187711
45859,0.5,34.0,0.0024936153369444895
45860,0.5,35.0,0.005617563605025356
45861,0.5,36.0,0.002522373623206474
45862,0.5,37.0,0.002192967994561018
45863,0.5,38.0,0.0047369797889790614
45864,0.5,39.0,0.002095892457502051
45865,0.5,40.0,0.0018308200560344704
45866,0.5,41.0,0.004028669152231568
45867,0.5,42.0,0.0016718362843138037
45868,0.5,43.0,0.0002481873053134058
45869,0.5,44.0,0.0013664808927489826
45870,0.5,45.0,0.0032864538213492013
45871,0.5,46.0,0.001350216068463779
45872,0.5,47.0,0.00010890411947995285
45873,0.5,48.0,1.611463354468564e-05
45874,0.5,49.0,1.170428901923344e-05
45875,0.5,50.0,9.013538417825271e-06
45876,0.5,51.0,6.905587967408432e-06
45877,0.5,52.0,5.262500435921278e-06
45878,0.5,53.0,3.98905234483312e-06
45879,0.5,54.0,3.0076925017786946e-06
45880,0.5,55.0,2.255709863200641e-06
45881,0.5,56.0,1.6827482649637934e-06
45882,0.5,57.0,1.2486512948392137e-06
45883,0.5,58.0,9.216145016872102e-07
45884,0.5,59.0,6.766179815183694e-07
45885,0.5,60.0,4.941102671101371e-07
45886,0.5,61.0,3.5891394185209024e-07
45887,0.5,62.0,2.5932410434321016e-07
45888,0.5,63.0,1.8637238035303092e-07
45889,0.5,64.0,1.332313182585261e-07
45890,0.5,65.0,9.473647156957469e-08
45891,0.5,66.0,6.700607722377259e-08
45892,0.5,67.0,4.7140836971151384e-08
45893,0.5,68.0,3.298879803156341e-08
45894,0.5,69.0,2.2962639227550563e-08
45895,0.5,70.0,1.5898758794670285e-08
45896,0.5,71.0,1.0949410703270556e-08
45897,0.5,72.0,7.500744619485563e-09
45898,0.5,73.0,5.110979272467891e-09
45899,0.5,74.0,3.4640963882976353e-09
45900,0.6,-75.0,1.588055341951278e-09
45901,0.6,-74.0,2.3694031541350927e-09
45902,0.6,-73.0,3.516401044626977e-09
45903,0.6,-72.0,5.190915366211647e-09
45904,0.6,-71.0,7.622116918003968e-09
45905,0.6,-70.0,1.113251723400966e-08
45906,0.6,-69.0,1.617324849864566e-08
45907,0.6,-68.0,2.3371536165602942e-08
45908,0.6,-67.0,3.359412834960105e-08
45909,0.6,-66.0,4.8031441369787764e-08
45910,0.6,-65.0,6.830838100372251e-08
45911,0.6,-64.0,9.662922658862136e-08
45912,0.6,-63.0,1.3596563810197485e-07
45913,0.6,-62.0,1.9029877505564676e-07
45914,0.6,-61.0,2.6492869897357995e-07
45915,0.6,-60.0,3.668666503124647e-07
45916,0.6,-59.0,5.053284056325435e-07
45917,0.6,-58.0,6.923496629097554e-07
45918,0.6,-57.0,9.435471683964108e-07
45919,0.6,-56.0,1.2790519422144386e-06
45920,0.6,-55.0,1.7246432894131661e-06
45921,0.6,-54.0,2.313114054250424e-06
45922,0.6,-53.0,3.085898489635905e-06
45923,0.6,-52.0,4.094993819696233e-06
45924,0.6,-51.0,5.405204672400672e-06
45925,0.6,-50.0,7.096735615555793e-06
45926,0.6,-49.0,9.268150588337112e-06
45927,0.6,-48.0,1.2039709262642957e-05
45928,0.6,-47.0,1.5559122340490265e-05
45929,0.6,-46.0,2.1099590242557042e-05
45930,0.6,-45.0,0.0001242003848473481
45931,0.6,-44.0,0.0014946489780050898
45932,0.6,-43.0,0.0037377647594144525
45933,0.6,-42.0,0.0031222470459487833
45934,0.6,-41.0,0.00411746317775538
45935,0.6,-40.0,0.0018175506093277582
45936,0.6,-39.0,0.0020761482486888775
45937,0.6,-38.0,0.004711569892455533
45938,0.6,-37.0,0.002020894613822638
45939,0.6,-36.0,0.0004648475502142102
45940,0.6,-35.0,0.0025197174928803996
45941,0.6,-34.0,0.005910383641458701
45942,0.6,-33.0,0.002802014720552254
45943,0.6,-32.0,0.0032381905075444897
45944,0.6,-31.0,0.007091449805289334
45945,0.6,-30.0,0.0034568907707806552
45946,0.6,-29.0,0.004010114399652632
45947,0.6,-28.0,0.008593242238765392
45948,0.6,-27.0,0.0040645399163870355
45949,0.6,-26.0,0.0014858445177220853
45950,0.6,-25.0,0.005199059513357493
45951,0.6,-24.0,0.01127658325819808
45952,0.6,-23.0,0.005886944650929441
45953,0.6,-22.0,0.0068636467265867415
45954,0.6,-21.0,0.013956066865895934
45955,0.6,-20.0,0.007058761592829669
45956,0.6,-19.0,0.0031517178263232603
45957,0.6,-18.0,0.00907372174434163
45958,0.6,-17.0,0.01873593418795644
45959,0.6,-16.0,0.010200478882052234
45960,0.6,-15.0,0.011949126292954195
45961,0.6,-14.0,0.023526003569350844
45962,0.6,-13.0,0.012171003029865304
45963,0.6,-12.0,0.005714586086814657
45964,0.6,-11.0,0.015810510030612807
45965,0.6,-10.0,0.03230199192739625
45966,0.6,-9.0,0.017429084297886983
45967,0.6,-8.0,0.020933237231652205
45968,0.6,-7.0,0.04174992318757235
45969,0.6,-6.0,0.020749201877947474
45970,0.6,-5.0,0.008829020922278151
45971,0.6,-4.0,0.029263969635274726
45972,0.6,-3.0,0.06261093638624875
45973,0.6,-2.0,0.02956674469690223
45974,0.6,-1.0,0.008375505237748732
45975,0.6,0.0,0.0006701340428227129
45976,0.6,1.0,0.0077212101203383504
45977,0.6,2.0,0.03002098811601791
45978,0.6,3.0,0.06481979509389135
45979,0.6,4.0,0.029878716297447715
45980,0.6,5.0,0.008410528288261446
45981,0.6,6.0,0.020386255651003667
45982,0.6,7.0,0.04162735945064378
45983,0.6,8.0,0.020743510064940573
45984,0.6,9.0,0.01713069264434396
45985,0.6,10.0,0.03203873179658393
45986,0.6,11.0,0.01566070018600328
45987,0.6,12.0,0.005606841934056156
45988,0.6,13.0,0.012047307068197646
45989,0.6,14.0,0.023398132555733888
45990,0.6,15.0,0.01193195938270978
45991,0.6,16.0,0.0101918842432547
45992,0.6,17.0,0.018720953877470206
45993,0.6,18.0,0.009135912558969
45994,0.6,19.0,0.0032408678498492076
45995,0.6,20.0,0.007135588883912175
45996,0.6,21.0,0.014027135463707352
45997,0.6,22.0,0.0069662957927499845
45998,0.6,23.0,0.00598301417092424
45999,0.6,24.0,0.011365911526348792
46000,0.6,25.0,0.005301187199314743
46001,0.6,26.0,0.0015839192657027196
46002,0.6,27.0,0.004149774621888593
46003,0.6,28.0,0.008669509501363087
46004,0.6,29.0,0.004087229293596151
46005,0.6,30.0,0.0035224151582998768
46006,0.6,31.0,0.007144357399191127
46007,0.6,32.0,0.003139506605127896
46008,0.6,33.0,0.0007014615678590869
46009,0.6,34.0,0.002488382562548283
46010,0.6,35.0,0.005600372665308284
46011,0.6,36.0,0.002516042660752975
46012,0.6,37.0,0.0021871292735141674
46013,0.6,38.0,0.004720979224547622
46014,0.6,39.0,0.0020896728111157877
46015,0.6,40.0,0.0018250953151373434
46016,0.6,41.0,0.0040139008788775965
46017,0.6,42.0,0.0016662474128138767
46018,0.6,43.0,0.0002480718550011337
46019,0.6,44.0,0.0013615202136507579
46020,0.6,45.0,0.003273349940909672
46021,0.6,46.0,0.0013450714765258565
46022,0.6,47.0,0.0001088405576236513
46023,0.6,48.0,1.6359656576762482e-05
46024,0.6,49.0,1.1903587556476367e-05
46025,0.6,50.0,9.171935135467138e-06
46026,0.6,51.0,7.030686164441175e-06
46027,0.6,52.0,5.3606886554420904e-06
46028,0.6,53.0,4.065646024734137e-06
46029,0.6,54.0,3.067076802562681e-06
46030,0.6,55.0,2.3014727967520165e-06
46031,0.6,56.0,1.717802174236397e-06
46032,0.6,57.0,1.2753416931625133e-06
46033,0.6,58.0,9.418160233948487e-07
46034,0.6,59.0,6.918177485724749e-07
46035,0.6,60.0,5.05479365688431e-07
46036,0.6,61.0,3.6736795569816715e-07
46037,0.6,62.0,2.6557379447392315e-07
46038,0.6,63.0,1.909656579316742e-07
46039,0.6,64.0,1.365876508396999e-07
46040,0.6,65.0,9.717481118026362e-08
46041,0.6,66.0,6.876731735943902e-08
46042,0.6,67.0,4.840570697018401e-08
46043,0.6,68.0,3.3891997029991656e-08
46044,0.6,69.0,2.3603905076138875e-08
46045,0.6,70.0,1.6351464910094472e-08
46046,0.6,71.0,1.1267189054431465e-08
46047,0.6,72.0,7.722547776166857e-09
46048,0.6,73.0,5.26491947955696e-09
46049,0.6,74.0,3.5703350292070774e-09
46050,0.7,-75.0,1.538207569936298e-09
46051,0.7,-74.0,2.2962526084670458e-09
46052,0.7,-73.0,3.409655408286594e-09
46053,0.7,-72.0,5.036019772881481e-09
46054,0.7,-71.0,7.398615767292121e-09
46055,0.7,-70.0,1.0811840551741218e-08
46056,0.7,-69.0,1.5715742493371652e-08
46057,0.7,-68.0,2.2722509394931213e-08
46058,0.7,-67.0,3.267862675704711e-08
46059,0.7,-66.0,4.674739639512028e-08
46060,0.7,-65.0,6.651769431885306e-08
46061,0.7,-64.0,9.414626257414443e-08
46062,0.7,-63.0,1.3254249150373627e-07
46063,0.7,-62.0,1.8560656792925578e-07
46064,0.7,-61.0,2.585340410007694e-07
46065,0.7,-60.0,3.5820227458458387e-07
46066,0.7,-59.0,4.936568749444299e-07
46067,0.7,-58.0,6.767189389735265e-07
46068,0.7,-57.0,9.227367606022482e-07
46069,0.7,-56.0,1.2515083193033126e-06
46070,0.7,-55.0,1.6884032657323209e-06
46071,0.7,-54.0,2.2657149744902467e-06
46072,0.7,-53.0,3.0242742573945375e-06
46073,0.7,-52.0,4.015356173394922e-06
46074,0.7,-51.0,5.302909635519689e-06
46075,0.7,-50.0,6.966135764766617e-06
46076,0.7,-49.0,9.102434717881401e-06
46077,0.7,-48.0,1.183073219791746e-05
46078,0.7,-47.0,1.5297236508172987e-05
46079,0.7,-46.0,2.0777452559094062e-05
46080,0.7,-45.0,0.0001241550900951426
46081,0.7,-44.0,0.001499461993039868
46082,0.7,-43.0,0.0037505660865378514
46083,0.7,-42.0,0.003132504562552012
46084,0.7,-41.0,0.0041309109159447565
46085,0.7,-40.0,0.0018226051525608565
46086,0.7,-39.0,0.002081583723318807
46087,0.7,-38.0,0.004725576572201909
46088,0.7,-37.0,0.002025453598975831
46089,0.7,-36.0,0.00046372363616928335
46090,0.7,-35.0,0.0025245746967890565
46091,0.7,-34.0,0.005925357147926344
46092,0.7,-33.0,0.0028066598034004455
46093,0.7,-32.0,0.0032431013815306586
46094,0.7,-31.0,0.007106917031587095
46095,0.7,-30.0,0.0034610241666011773
46096,0.7,-29.0,0.004014466495270519
46097,0.7,-28.0,0.0086090256312306
46098,0.7,-27.0,0.004067511114654759
46099,0.7,-26.0,0.001481169990292164
46100,0.7,-25.0,0.005202122694490659
46101,0.7,-24.0,0.011292755237890703
46102,0.7,-23.0,0.005890231930326408
46103,0.7,-22.0,0.0068671732821498545
46104,0.7,-21.0,0.013972702597030104
46105,0.7,-20.0,0.00706210252003425
46106,0.7,-19.0,0.003147514443305662
46107,0.7,-18.0,0.009077671369565865
46108,0.7,-17.0,0.01875330564618656
46109,0.7,-16.0,0.010207166172145387
46110,0.7,-15.0,0.011955379667335276
46111,0.7,-14.0,0.023542773017279684
46112,0.7,-13.0,0.012180952565986298
46113,0.7,-12.0,0.005721166559159714
46114,0.7,-11.0,0.015817465964252975
46115,0.7,-10.0,0.03230902112953731
46116,0.7,-9.0,0.017441824814419006
46117,0.7,-8.0,0.0209334372622848
46118,0.7,-7.0,0.04172605225952454
46119,0.7,-6.0,0.020758422019879715
46120,0.7,-5.0,0.008853904418027296
46121,0.7,-4.0,0.02919827405452268
46122,0.7,-3.0,0.0624003851727379
46123,0.7,-2.0,0.02951120976198
46124,0.7,-1.0,0.008419981517681542
46125,0.7,0.0,0.0006757959564399186
46126,0.7,1.0,0.00767782666419067
46127,0.7,2.0,0.03012205631048593
46128,0.7,3.0,0.06514465279478986
46129,0.7,4.0,0.02998732601459901
46130,0.7,5.0,0.008383370765141788
46131,0.7,6.0,0.020370776357171386
46132,0.7,7.0,0.0416435037076706
46133,0.7,8.0,0.020735663702406065
46134,0.7,9.0,0.017107041996226733
46135,0.7,10.0,0.032014612910311574
46136,0.7,11.0,0.01564280480212583
46137,0.7,12.0,0.005593232372764805
46138,0.7,13.0,0.01202678134670503
46139,0.7,14.0,0.023364677179018682
46140,0.7,15.0,0.011915643496222726
46141,0.7,16.0,0.010176092064578205
46142,0.7,17.0,0.01868964768341984
46143,0.7,18.0,0.009124167863029909
46144,0.7,19.0,0.0032411133705205443
46145,0.7,20.0,0.007126172398512099
46146,0.7,21.0,0.014000545653530967
46147,0.7,22.0,0.006957458191009167
46148,0.7,23.0,0.005975242382108856
46149,0.7,24.0,0.011342293034458257
46150,0.7,25.0,0.005294547684830141
46151,0.7,26.0,0.001587378070592787
46152,0.7,27.0,0.004144237541601925
46153,0.7,28.0,0.008648717117273302
46154,0.7,29.0,0.004080613110519674
46155,0.7,30.0,0.003516419096826508
46156,0.7,31.0,0.007125103911832848
46157,0.7,32.0,0.003133552219228263
46158,0.7,33.0,0.0007033611936519868
46159,0.7,34.0,0.0024830056684535685
46160,0.7,35.0,0.005582857752030778
46161,0.7,36.0,0.0025095698997796554
46162,0.7,37.0,0.002181170107993593
46163,0.7,38.0,0.004704712175417391
46164,0.7,39.0,0.0020833392746568502
46165,0.7,40.0,0.001819272903570863
46166,0.7,41.0,0.003998909475476106
46167,0.7,42.0,0.0016605693456612847
46168,0.7,43.0,0.00024794793925267487
46169,0.7,44.0,0.0013564878986694806
46170,0.7,45.0,0.003260066170603916
46171,0.7,46.0,0.0013398550580899732
46172,0.7,47.0,0.00010877427586749391
46173,0.7,48.0,1.6606677169609676e-05
46174,0.7,49.0,1.2104687111366373e-05
46175,0.7,50.0,9.331886877005672e-06
46176,0.7,51.0,7.1571083672907915e-06
46177,0.7,52.0,5.4599900892425625e-06
46178,0.7,53.0,4.143164943001875e-06
46179,0.7,54.0,3.1272219063045714e-06
46180,0.7,55.0,2.3478550625092504e-06
46181,0.7,56.0,1.753355479821059e-06
46182,0.7,57.0,1.3024311479622345e-06
46183,0.7,58.0,9.623336683666016e-07
46184,0.7,59.0,7.072658588167079e-07
46185,0.7,60.0,5.17041991553276e-07
46186,0.7,61.0,3.7597160354989807e-07
46187,0.7,62.0,2.719383018101396e-07
46188,0.7,63.0,1.9564638381302258e-07
46189,0.7,64.0,1.4001010348401572e-07
46190,0.7,65.0,9.966278879855877e-08
46191,0.7,66.0,7.056556157302645e-08
46192,0.7,67.0,4.9697973031364784e-08
46193,0.7,68.0,3.4815341347475815e-08
46194,0.7,69.0,2.4259885489241634e-08
46195,0.7,70.0,1.6814847895699973e-08
46196,0.7,71.0,1.1592663963156221e-08
46197,0.7,72.0,7.949863259105277e-09
46198,0.7,73.0,5.422782398409014e-09
46199,0.7,74.0,3.6793474753287205e-09
46200,0.8,-75.0,1.4897839378198325e-09
46201,0.8,-74.0,2.225150525052949e-09
46202,0.8,-73.0,3.3058383342445603e-09
46203,0.8,-72.0,4.885285363064116e-09
46204,0.8,-71.0,7.180990846204483e-09
46205,0.8,-70.0,1.0499410612833421e-08
46206,0.8,-69.0,1.526973784297472e-08
46207,0.8,-68.0,2.2089422237481855e-08
46208,0.8,-67.0,3.178507577261897e-08
46209,0.8,-66.0,4.5493386666683056e-08
46210,0.8,-65.0,6.476784008415656e-08
46211,0.8,-64.0,9.171844794171733e-08
46212,0.8,-63.0,1.2919334043872164e-07
46213,0.8,-62.0,1.8101298094914567e-07
46214,0.8,-61.0,2.522699349450822e-07
46215,0.8,-60.0,3.497095380976292e-07
46216,0.8,-59.0,4.822094326495334e-07
46217,0.8,-58.0,6.613787109983715e-07
46218,0.8,-57.0,9.02300223361769e-07
46219,0.8,-56.0,1.2244423337285233e-06
46220,0.8,-55.0,1.652768859328785e-06
46221,0.8,-54.0,2.219077865960103e-06
46222,0.8,-53.0,2.96360112233553e-06
46223,0.8,-52.0,3.936895994409993e-06
46224,0.8,-51.0,5.2020599887410385e-06
46225,0.8,-50.0,6.837294595682236e-06
46226,0.8,-49.0,8.938839078179128e-06
46227,0.8,-48.0,1.1624286574472065e-05
46228,0.8,-47.0,1.5038342168114503e-05
46229,0.8,-46.0,2.045878548998303e-05
46230,0.8,-45.0,0.0001241115019252529
46231,0.8,-44.0,0.0015042450587826176
46232,0.8,-43.0,0.0037632852583037455
46233,0.8,-42.0,0.0031426948062577382
46234,0.8,-41.0,0.00414426798473231
46235,0.8,-40.0,0.001827624745583899
46236,0.8,-39.0,0.0020869779449415853
46237,0.8,-38.0,0.00473947844799302
46238,0.8,-37.0,0.0020299736289618045
46239,0.8,-36.0,0.0004625985261400739
46240,0.8,-35.0,0.002529379327865194
46241,0.8,-34.0,0.0059401933308224925
46242,0.8,-33.0,0.002811243114482443
46243,0.8,-32.0,0.0032479366984357765
46244,0.8,-31.0,0.007122209245004078
46245,0.8,-30.0,0.0034650692912044385
46246,0.8,-29.0,0.004018710596733423
46247,0.8,-28.0,0.008624579085843846
46248,0.8,-27.0,0.004070357996967082
46249,0.8,-26.0,0.0014764261478072682
46250,0.8,-25.0,0.005205012063959134
46251,0.8,-24.0,0.011308587574551715
46252,0.8,-23.0,0.005893299453467162
46253,0.8,-22.0,0.006870441051379788
46254,0.8,-21.0,0.013988885531050764
46255,0.8,-20.0,0.007065139992934747
46256,0.8,-19.0,0.0031430837037782393
46257,0.8,-18.0,0.009081235215144836
46258,0.8,-17.0,0.01877004298777695
46259,0.8,-16.0,0.010213393472192758
46260,0.8,-15.0,0.011961133088127747
46261,0.8,-14.0,0.023558783628340168
46262,0.8,-13.0,0.012190350586998102
46263,0.8,-12.0,0.005727317098010703
46264,0.8,-11.0,0.015823872941495447
46265,0.8,-10.0,0.03231530644158948
46266,0.8,-9.0,0.017453988957443003
46267,0.8,-8.0,0.02093328649260034
46268,0.8,-7.0,0.0417020118146756
46269,0.8,-6.0,0.020767303197795232
46270,0.8,-5.0,0.008878530035796741
46271,0.8,-4.0,0.029134751289673914
46272,0.8,-3.0,0.06219579317637098
46273,0.8,-2.0,0.029457911628023314
46274,0.8,-1.0,0.00846434292952235
46275,0.8,0.0,0.0006814777299101862
46276,0.8,1.0,0.0076344603789348375
46277,0.8,2.0,0.030228136134793134
46278,0.8,3.0,0.06548235597891391
46279,0.8,4.0,0.030100858934979827
46280,0.8,5.0,0.008356038773967832
46281,0.8,6.0,0.02035451111492086
46282,0.8,7.0,0.041658489337572414
46283,0.8,8.0,0.02072696538691185
46284,0.8,9.0,0.017082292713804473
46285,0.8,10.0,0.03198868450347132
46286,0.8,11.0,0.015623841639356541
46287,0.8,12.0,0.005579008793786983
46288,0.8,13.0,0.012005262351769927
46289,0.8,14.0,0.023329576320967462
46290,0.8,15.0,0.01189836289767574
46291,0.8,16.0,0.010159431026682002
46292,0.8,17.0,0.018656959227762122
46293,0.8,18.0,0.009111653628277483
46294,0.8,19.0,0.003240973614415747
46295,0.8,20.0,0.007116140583779799
46296,0.8,21.0,0.013972919808794206
46297,0.8,22.0,0.0069480537658415135
46298,0.8,23.0,0.005966983088251704
46299,0.8,24.0,0.011317858217070693
46300,0.8,25.0,0.005287496053539658
46301,0.8,26.0,0.001590677010870599
46302,0.8,27.0,0.004138389060959501
46303,0.8,28.0,0.00862733538987749
46304,0.8,29.0,0.004073709649807592
46305,0.8,30.0,0.00351018085231351
46306,0.8,31.0,0.0071053852139720975
46307,0.8,32.0,0.0031273919008711986
46308,0.8,33.0,0.000705213821563863
46309,0.8,34.0,0.0024774733338253797
46310,0.8,35.0,0.00556499500493461
46311,0.8,36.0,0.0025029442325638774
46312,0.8,37.0,0.0021750809298831594
46313,0.8,38.0,0.004688158939961411
46314,0.8,39.0,0.0020768829091334412
46315,0.8,40.0,0.0018133450903091478
46316,0.8,41.0,0.0039836784976492855
46317,0.8,42.0,0.0016547951360778423
46318,0.8,43.0,0.0002478143664209604
46319,0.8,44.0,0.0013513783715508635
46320,0.8,45.0,0.0032465893586587843
46321,0.8,46.0,0.001334561367433365
46322,0.8,47.0,0.0001087047732431392
46323,0.8,48.0,1.685558045992264e-05
46324,0.8,49.0,1.2307504383131352e-05
46325,0.8,50.0,9.49333173749305e-06
46326,0.8,51.0,7.284809083818807e-06
46327,0.8,52.0,5.560371710890028e-06
46328,0.8,53.0,4.2215854396885274e-06
46329,0.8,54.0,3.1881111114138397e-06
46330,0.8,55.0,2.394845066113644e-06
46331,0.8,56.0,1.789400287372821e-06
46332,0.8,57.0,1.3299144074806732e-06
46333,0.8,58.0,9.831640424889838e-07
46334,0.8,59.0,7.229602006263643e-07
46335,0.8,60.0,5.287968999930842e-07
46336,0.8,61.0,3.847242119087755e-07
46337,0.8,62.0,2.784173172388831e-07
46338,0.8,63.0,2.0041447141415112e-07
46339,0.8,64.0,1.4349871707078706e-07
46340,0.8,65.0,1.0220051083719332e-07
46341,0.8,66.0,7.240094292131116e-08
46342,0.8,67.0,5.101777164435683e-08
46343,0.8,68.0,3.575895809510465e-08
46344,0.8,69.0,2.4930692069913326e-08
46345,0.8,70.0,1.7289001833185845e-08
46346,0.8,71.0,1.1925912362971899e-08
46347,0.8,72.0,8.182752480158013e-09
46348,0.8,73.0,5.584616083035432e-09
46349,0.8,74.0,3.7911706933729975e-09
46350,0.9,-75.0,1.4427510138400704e-09
46351,0.9,-74.0,2.1560502811715667e-09
46352,0.9,-73.0,3.2048852933104608e-09
46353,0.9,-72.0,4.738623511985323e-09
46354,0.9,-71.0,6.9691214002692755e-09
46355,0.9,-70.0,1.0195064226456532e-08
46356,0.9,-69.0,1.4835015866184159e-08
46357,0.9,-68.0,2.1471984217790104e-08
46358,0.9,-67.0,3.091309307977749e-08
46359,0.9,-66.0,4.426891381108369e-08
46360,0.9,-65.0,6.305817521646045e-08
46361,0.9,-64.0,8.934496182835452e-08
46362,0.9,-63.0,1.2591714926895343e-07
46363,0.9,-62.0,1.7651672399611468e-07
46364,0.9,-61.0,2.461347960571042e-07
46365,0.9,-60.0,3.413865246330532e-07
46366,0.9,-59.0,4.709838033138048e-07
46367,0.9,-58.0,6.463263341685229e-07
46368,0.9,-57.0,8.822345619028494e-07
46369,0.9,-56.0,1.1978507062836287e-06
46370,0.9,-55.0,1.6177366403006795e-06
46371,0.9,-54.0,2.173199379016447e-06
46372,0.9,-53.0,2.9038761804977316e-06
46373,0.9,-52.0,3.859611371324135e-06
46374,0.9,-51.0,5.102655599634309e-06
46375,0.9,-50.0,6.710214851594346e-06
46376,0.9,-49.0,8.777370779746842e-06
46377,0.9,-48.0,1.142038585542719e-05
46378,0.9,-47.0,1.4782461732113519e-05
46379,0.9,-46.0,2.014362518041832e-05
46380,0.9,-45.0,0.0001240698019188098
46381,0.9,-44.0,0.0015090001812198852
46382,0.9,-43.0,0.003775927263819697
46383,0.9,-42.0,0.003152821985666993
46384,0.9,-41.0,0.004157539954398863
46385,0.9,-40.0,0.0018326119381628179
46386,0.9,-39.0,0.0020923338722675247
46387,0.9,-38.0,0.004753282070701204
46388,0.9,-37.0,0.002034457706475312
46389,0.9,-36.0,0.0004614732108668069
46390,0.9,-35.0,0.0025341352638528505
46391,0.9,-34.0,0.005954900788726098
46392,0.9,-33.0,0.002815769133437014
46393,0.9,-32.0,0.003252701697872586
46394,0.9,-31.0,0.00713733714791537
46395,0.9,-30.0,0.0034690319816589443
46396,0.9,-29.0,0.004022853513843843
46397,0.9,-28.0,0.00863991600742101
46398,0.9,-27.0,0.004073087785644729
46399,0.9,-26.0,0.0014716167556616357
46400,0.9,-25.0,0.005207736854441009
46401,0.9,-24.0,0.011324098361505481
46402,0.9,-23.0,0.005896157712534873
46403,0.9,-22.0,0.006873462092961123
46404,0.9,-21.0,0.014004638127642813
46405,0.9,-20.0,0.007067886424849013
46406,0.9,-19.0,0.0031384322552031893
46407,0.9,-18.0,0.009084428535873849
46408,0.9,-17.0,0.018786175557828473
46409,0.9,-16.0,0.01021917723854324
46410,0.9,-15.0,0.011966405084104749
46411,0.9,-14.0,0.02357407040962696
46412,0.9,-13.0,0.012199214952428398
46413,0.9,-12.0,0.00573304534692342
46414,0.9,-11.0,0.01582975098462519
46415,0.9,-10.0,0.03232088860203265
46416,0.9,-9.0,0.017465596726693677
46417,0.9,-8.0,0.02093280151589238
46418,0.9,-7.0,0.04167783355958232
46419,0.9,-6.0,0.020775859707138904
46420,0.9,-5.0,0.008902893645202383
46421,0.9,-4.0,0.02907329742329935
46422,0.9,-3.0,0.06199690238825163
46423,0.9,-2.0,0.02940674514727627
46424,0.9,-1.0,0.00850858198787528
46425,0.9,0.0,0.0006871802093219563
46426,0.9,1.0,0.007591122379077213
46427,0.9,2.0,0.030339591573508327
46428,0.9,3.0,0.06583381984197803
46429,0.9,4.0,0.030219677914517434
46430,0.9,5.0,0.008328537289239492
46431,0.9,6.0,0.020337383821739285
46432,0.9,7.0,0.041672153156954744
46433,0.9,8.0,0.02071733445208863
46434,0.9,9.0,0.017056369509989813
46435,0.9,10.0,0.03196079748960362
46436,0.9,11.0,0.015603739296807634
46437,0.9,12.0,0.005564147047010868
46438,0.9,13.0,0.011982693174669042
46439,0.9,14.0,0.02329271636538829
46440,0.9,15.0,0.011880059429022245
46441,0.9,16.0,0.010141851070724907
46442,0.9,17.0,0.01862279641357559
46443,0.9,18.0,0.009098323804104901
46444,0.9,19.0,0.003240430788711792
46445,0.9,20.0,0.007105456835041104
46446,0.9,21.0,0.013944188283756502
46447,0.9,22.0,0.006938046438912809
46448,0.9,23.0,0.005958205112627188
46449,0.9,24.0,0.011292550656040788
46450,0.9,25.0,0.0052800044951493005
46451,0.9,26.0,0.0015938059054857907
46452,0.9,27.0,0.004132207334143742
46453,0.9,28.0,0.00860532177398128
46454,0.9,29.0,0.004066497776471785
46455,0.9,30.0,0.0035036822454890017
46456,0.9,31.0,0.007085166792162101
46457,0.9,32.0,0.0031210096686006697
46458,0.9,33.0,0.00070701483372549
46459,0.9,34.0,0.002471773076658865
46460,0.9,35.0,0.0055467580684836915
46461,0.9,36.0,0.002496153397511432
46462,0.9,37.0,0.0021688511735243683
46463,0.9,38.0,0.004671297741742159
46464,0.9,39.0,0.0020702938358399393
46465,0.9,40.0,0.0018073033288912182
46466,0.9,41.0,0.003968189760328719
46467,0.9,42.0,0.0016489171008954805
46468,0.9,43.0,0.00024766981683746215
46469,0.9,44.0,0.001346185462261509
46470,0.9,45.0,0.0032329049557810094
46471,0.9,46.0,0.0013291843782541775
46472,0.9,47.0,0.00010863149252454443
46473,0.9,48.0,1.7106236385996262e-05
46474,0.9,49.0,1.2511944422691658e-05
46475,0.9,50.0,9.656198687071772e-06
46476,0.9,51.0,7.4137357168996975e-06
46477,0.9,52.0,5.661794995703236e-06
46478,0.9,53.0,4.3008796262342006e-06
46479,0.9,54.0,3.2497244843162227e-06
46480,0.9,55.0,2.442428758367243e-06
46481,0.9,56.0,1.8259268496833267e-06
46482,0.9,57.0,1.3577848302854935e-06
46483,0.9,58.0,1.004302715996206e-06
46484,0.9,59.0,7.388978954984433e-07
46485,0.9,60.0,5.407422821009213e-07
46486,0.9,61.0,3.9362469489369476e-07
46487,0.9,62.0,2.8501023220413836e-07
46488,0.9,63.0,2.0526961815690902e-07
46489,0.9,64.0,1.470533777187107e-07
46490,0.9,65.0,1.0478797357259178e-07
46491,0.9,66.0,7.427351661830728e-08
46492,0.9,67.0,5.23651846622432e-08
46493,0.9,68.0,3.672293630531703e-08
46494,0.9,69.0,2.5616410072328025e-08
46495,0.9,70.0,1.7774002704658284e-08
46496,0.9,71.0,1.2266998846773927e-08
46497,0.9,72.0,8.421268501019169e-09
46498,0.9,73.0,5.75046298138574e-09
46499,0.9,74.0,3.905837916433268e-09
46500,1.0,-75.0,1.3858303057694854e-09
46501,1.0,-74.0,2.072091552356893e-09
46502,1.0,-73.0,3.081725377206549e-09
46503,1.0,-72.0,4.558952197570941e-09
46504,1.0,-71.0,6.708451005942048e-09
46505,1.0,-70.0,9.818961955732268e-09
46506,1.0,-69.0,1.4295357312207741e-08
46507,1.0,-68.0,2.070191721375914e-08
46508,1.0,-67.0,2.982031576315918e-08
46509,1.0,-66.0,4.272676676686992e-08
46510,1.0,-65.0,6.089392242315286e-08
46511,1.0,-64.0,8.632448662826497e-08
46512,1.0,-63.0,1.2172511800794172e-07
46513,1.0,-62.0,1.7073107046226046e-07
46514,1.0,-61.0,2.3819415480088217e-07
46515,1.0,-60.0,3.305489928603015e-07
46516,1.0,-59.0,4.5627514385477527e-07
46517,1.0,-58.0,6.264754535902528e-07
46518,1.0,-57.0,8.555938193661773e-07
46519,1.0,-56.0,1.162298345791564e-06
46520,1.0,-55.0,1.5705584119835472e-06
46521,1.0,-54.0,2.110946249817523e-06
46522,1.0,-53.0,2.8221949623306e-06
46523,1.0,-52.0,3.753045152067143e-06
46524,1.0,-51.0,4.96441109049571e-06
46525,1.0,-50.0,6.53189420818592e-06
46526,1.0,-49.0,8.548666159996306e-06
46527,1.0,-48.0,1.1128735987660193e-05
46528,1.0,-47.0,1.4412661724090833e-05
46529,1.0,-46.0,1.9672370681470725e-05
46530,1.0,-45.0,0.00012303181271737046
46531,1.0,-44.0,0.0015015449183963358
46532,1.0,-43.0,0.0037580023841545366
46533,1.0,-42.0,0.0031374312876771733
46534,1.0,-41.0,0.004137160960054301
46535,1.0,-40.0,0.0018227781439895487
46536,1.0,-39.0,0.0020807698236265065
46537,1.0,-38.0,0.004728623063681042
46538,1.0,-37.0,0.002022497048832155
46539,1.0,-36.0,0.0004566431789045308
46540,1.0,-35.0,0.0025184104458640887
46541,1.0,-34.0,0.005921437949137234
46542,1.0,-33.0,0.002797541358068791
46543,1.0,-32.0,0.003231181808926371
46544,1.0,-31.0,0.007094740363482235
46545,1.0,-30.0,0.0034449635017996696
46546,1.0,-29.0,0.003994488297029475
46547,1.0,-28.0,0.008585382720244332
46548,1.0,-27.0,0.004042901086888011
46549,1.0,-26.0,0.0014549392621212008
46550,1.0,-25.0,0.005168366953943364
46551,1.0,-24.0,0.011248032219547198
46552,1.0,-23.0,0.005851335828290119
46553,1.0,-22.0,0.006820899454705591
46554,1.0,-21.0,0.013907131794314962
46555,1.0,-20.0,0.007013442813716927
46556,1.0,-19.0,0.0031083437118616802
46557,1.0,-18.0,0.009014120441335547
46558,1.0,-17.0,0.018650391907148085
46559,1.0,-16.0,0.010142233601500805
46560,1.0,-15.0,0.011874854301233292
46561,1.0,-14.0,0.023398796090334538
46562,1.0,-13.0,0.012109301230063253
46563,1.0,-12.0,0.005692169267946612
46564,1.0,-11.0,0.015707658556637076
46565,1.0,-10.0,0.03206560825370308
46566,1.0,-9.0,0.017335993304251462
46567,1.0,-8.0,0.020763511317089627
46568,1.0,-7.0,0.04131826787045727
46569,1.0,-6.0,0.02061680871850585
46570,1.0,-5.0,0.00885513590995233
46571,1.0,-4.0,0.028780276617426166
46572,1.0,-3.0,0.061306001839592575
46573,1.0,-2.0,0.029121305941344593
46574,1.0,-1.0,0.008483848871931883
46575,1.0,0.0,0.0006873268715653519
46576,1.0,1.0,0.008049214361001016
46577,1.0,2.0,0.0306747308116633
46578,1.0,3.0,0.06667369229873603
46579,1.0,4.0,0.03056128410769843
46580,1.0,5.0,0.008360259372387744
46581,1.0,6.0,0.020464680750894932
46582,1.0,7.0,0.041982536635267624
46583,1.0,8.0,0.02085482364202059
46584,1.0,9.0,0.017151022041050484
46585,1.0,10.0,0.03215923151474351
46586,1.0,11.0,0.0156939011950009
46587,1.0,12.0,0.005588317417574619
46588,1.0,13.0,0.012044570423669805
46589,1.0,14.0,0.02342033988236883
46590,1.0,15.0,0.011945524825468458
46591,1.0,16.0,0.010195723120791514
46592,1.0,17.0,0.018720036875076337
46593,1.0,18.0,0.009149119157665796
46594,1.0,19.0,0.0032626418442095084
46595,1.0,20.0,0.007144834804767468
46596,1.0,21.0,0.014013822647616947
46597,1.0,22.0,0.006976957916352043
46598,1.0,23.0,0.005991434830934492
46599,1.0,24.0,0.01134691190931745
46600,1.0,25.0,0.005309760756262918
46601,1.0,26.0,0.0016081774599918967
46602,1.0,27.0,0.00415518504813215
46603,1.0,28.0,0.008644032981780932
46604,1.0,29.0,0.0040879936355905965
46605,1.0,30.0,0.0035219215331408526
46606,1.0,31.0,0.007114952239726815
46607,1.0,32.0,0.003136669513617232
46608,1.0,33.0,0.0007138299213661346
46609,1.0,34.0,0.0024835331254697062
46610,1.0,35.0,0.005567668247585653
46611,1.0,36.0,0.0025069924976726583
46612,1.0,37.0,0.0021779403602686103
46613,1.0,38.0,0.004687401880992243
46614,1.0,39.0,0.0020783246986546887
46615,1.0,40.0,0.0018140242515871873
46616,1.0,41.0,0.003980700409062799
46617,1.0,42.0,0.0016546809138132056
46618,1.0,43.0,0.0002492836371528991
46619,1.0,44.0,0.0013504957091745266
46620,1.0,45.0,0.0032420268908970803
46621,1.0,46.0,0.0013331878393669386
46622,1.0,47.0,0.00010933045257010835
46623,1.0,48.0,1.74826877102373e-05
46624,1.0,49.0,1.280888831325296e-05
46625,1.0,50.0,9.890665691623422e-06
46626,1.0,51.0,7.59779934187039e-06
46627,1.0,52.0,5.805454809120799e-06
46628,1.0,53.0,4.41235844094714e-06
46629,1.0,54.0,3.3357341380147257e-06
46630,1.0,55.0,2.508408023236474e-06
46631,1.0,56.0,1.8762514478122365e-06
46632,1.0,57.0,1.395950462849479e-06
46633,1.0,58.0,1.0330826817123709e-06
46634,1.0,59.0,7.604773137912138e-07
46635,1.0,60.0,5.568311880954339e-07
46636,1.0,61.0,4.0555237475632706e-07
46637,1.0,62.0,2.938031535581076e-07
46638,1.0,63.0,2.1171521248304734e-07
46639,1.0,64.0,1.5175177651901047e-07
46640,1.0,65.0,1.081936097331251e-07
46641,1.0,66.0,7.672829450293177e-08
46642,1.0,67.0,5.41247105293145e-08
46643,1.0,68.0,3.797709455781297e-08
46644,1.0,69.0,2.650537741959223e-08
46645,1.0,70.0,1.8400615778003614e-08
46646,1.0,71.0,1.2706233403701762e-08
46647,1.0,72.0,8.727450775947327e-09
46648,1.0,73.0,5.9627155895827815e-09
46649,1.0,74.0,4.052162835595875e-09
46650,1.1,-75.0,1.3295247878469035e-09
46651,1.1,-74.0,1.988963043748734e-09
46652,1.1,-73.0,2.959668684350111e-09
46653,1.1,-72.0,4.380720954864443e-09
46654,1.1,-71.0,6.449620971761164e-09
46655,1.1,-70.0,9.44515103052739e-09
46656,1.1,-69.0,1.3758457072333877e-08
46657,1.1,-68.0,1.9935019923625087e-08
46658,1.1,-67.0,2.8730933200431927e-08
46659,1.1,-66.0,4.118783005795178e-08
46660,1.1,-65.0,5.873192272869937e-08
46661,1.1,-64.0,8.330396242368426e-08
46662,1.1,-63.0,1.1752851380757691e-07
46663,1.1,-62.0,1.6493278286810545e-07
46664,1.1,-61.0,2.3022734466782867e-07
46665,1.1,-60.0,3.196634788468687e-07
46666,1.1,-59.0,4.4148440669211263e-07
46667,1.1,-58.0,6.064904790741944e-07
46668,1.1,-57.0,8.287412020844398e-07
46669,1.1,-56.0,1.1264197800777099e-06
46670,1.1,-55.0,1.522888431729212e-06
46671,1.1,-54.0,2.047964870317646e-06
46672,1.1,-53.0,2.739451756852376e-06
46673,1.1,-52.0,3.644951300648323e-06
46674,1.1,-51.0,4.8239961111478e-06
46675,1.1,-50.0,6.35052446789016e-06
46676,1.1,-49.0,8.315722913669526e-06
46677,1.1,-48.0,1.0831251652858359e-05
46678,1.1,-47.0,1.403490266764771e-05
46679,1.1,-46.0,1.9189093168302516e-05
46680,1.1,-45.0,0.00012186615064863005
46681,1.1,-44.0,0.001492391679421297
46682,1.1,-43.0,0.0037358081481346675
46683,1.1,-42.0,0.0031184849600470986
46684,1.1,-41.0,0.004112092925596849
46685,1.1,-40.0,0.0018108982573543065
46686,1.1,-39.0,0.002066874690163786
46687,1.1,-38.0,0.0046986274564724964
46688,1.1,-37.0,0.0020082844255275914
46689,1.1,-36.0,0.0004513495550004392
46690,1.1,-35.0,0.0024998921420981753
46691,1.1,-34.0,0.005881331776628565
46692,1.1,-33.0,0.0027762206933633423
46693,1.1,-32.0,0.003206093663184682
46694,1.1,-31.0,0.007044217678692642
46695,1.1,-30.0,0.00341710311329903
46696,1.1,-29.0,0.003961728724483022
46697,1.1,-28.0,0.008521292938654631
46698,1.1,-27.0,0.004008278319235139
46699,1.1,-26.0,0.0014367442381743615
46700,1.1,-25.0,0.005123324815151215
46701,1.1,-24.0,0.011159488782288418
46702,1.1,-23.0,0.0058000739881973636
46703,1.1,-22.0,0.006760832070887248
46704,1.1,-21.0,0.013794225714938838
46705,1.1,-20.0,0.00695125277654218
46706,1.1,-19.0,0.003074836254725853
46707,1.1,-18.0,0.008933863996908554
46708,1.1,-17.0,0.018494013574401898
46709,1.1,-16.0,0.010054031983132376
46710,1.1,-15.0,0.011770183157374802
46711,1.1,-14.0,0.02319779881281377
46712,1.1,-13.0,0.012005905114613453
46713,1.1,-12.0,0.005644761973856406
46714,1.1,-11.0,0.015568325352398592
46715,1.1,-10.0,0.03177560575083047
46716,1.1,-9.0,0.01718729652068777
46717,1.1,-8.0,0.02057190650488464
46718,1.1,-7.0,0.04091520181635446
46719,1.1,-6.0,0.02043544859427263
46720,1.1,-5.0,0.008797304868706644
46721,1.1,-4.0,0.028459590272270966
46722,1.1,-3.0,0.06055852156817416
46723,1.1,-2.0,0.028807721109526785
46724,1.1,-1.0,0.008449223942403137
46725,1.1,0.0,0.0006866680812527884
46726,1.1,1.0,0.008575402629119704
46727,1.1,2.0,0.031046285180114704
46728,1.1,3.0,0.06759682372593712
46729,1.1,4.0,0.0309392183317261
46730,1.1,5.0,0.008399109488136897
46731,1.1,6.0,0.020609514193955798
46732,1.1,7.0,0.04233008215079683
46733,1.1,8.0,0.02101024012585952
46734,1.1,9.0,0.017259705829787628
46735,1.1,10.0,0.03238452259668147
46736,1.1,11.0,0.015796885031524193
46737,1.1,12.0,0.005616699846292655
46738,1.1,13.0,0.012115994150015113
46739,1.1,14.0,0.023566917874990573
46740,1.1,15.0,0.012020535796558228
46741,1.1,16.0,0.010257664696781719
46742,1.1,17.0,0.018832283475810965
46743,1.1,18.0,0.009207199728953725
46744,1.1,19.0,0.003287396494358135
46745,1.1,20.0,0.007189881094321227
46746,1.1,21.0,0.014094639200686588
46747,1.1,22.0,0.00702144497089011
46748,1.1,23.0,0.006029448385623099
46749,1.1,24.0,0.01141031940633437
46750,1.1,25.0,0.005343780868186825
46751,1.1,26.0,0.0016238808353223606
46752,1.1,27.0,0.004181505783445304
46753,1.1,28.0,0.008689628887194576
46754,1.1,29.0,0.004112782044957699
46755,1.1,30.0,0.0035429986708882463
46756,1.1,31.0,0.007150394684547774
46757,1.1,32.0,0.0031548584476628863
46758,1.1,33.0,0.0007212667586447324
46759,1.1,34.0,0.002497294183631026
46760,1.1,35.0,0.0055929872396304125
46761,1.1,36.0,0.0025198409420368983
46762,1.1,37.0,0.0021887733193255037
46763,1.1,38.0,0.0047072030317644505
46764,1.1,39.0,0.002088011704213658
46765,1.1,40.0,0.001822188390274152
46766,1.1,41.0,0.003996337457669983
46767,1.1,42.0,0.0016617559527389557
46768,1.1,43.0,0.0002511107035928224
46769,1.1,44.0,0.0013558717397520249
46770,1.1,45.0,0.003253681794072173
46771,1.1,46.0,0.0013382387433262231
46772,1.1,47.0,0.00011012389837501362
46773,1.1,48.0,1.7880568368392527e-05
46774,1.1,49.0,1.3122197317422093e-05
46775,1.1,50.0,1.0138023991944863e-05
46776,1.1,51.0,7.791965146669013e-06
46777,1.1,52.0,5.9569892951625225e-06
46778,1.1,53.0,4.529943085598628e-06
46779,1.1,54.0,3.4264529991270194e-06
46780,1.1,55.0,2.5780000405816294e-06
46781,1.1,56.0,1.9293328914805784e-06
46782,1.1,57.0,1.4362086040889181e-06
46783,1.1,58.0,1.063442438549896e-06
46784,1.1,59.0,7.832430655629933e-07
46785,1.1,60.0,5.738062006402757e-07
46786,1.1,61.0,4.181383709756546e-07
46787,1.1,62.0,3.030825387269969e-07
46788,1.1,63.0,2.1851835241593773e-07
46789,1.1,64.0,1.5671155710478805e-07
46790,1.1,65.0,1.1178930131552601e-07
46791,1.1,66.0,7.93205223131257e-08
46792,1.1,67.0,5.5983106824733356e-08
46793,1.1,68.0,3.930198945613481e-08
46794,1.1,69.0,2.744468059782145e-08
46795,1.1,70.0,1.90628545553582e-08
46796,1.1,71.0,1.3170546480618234e-08
46797,1.1,72.0,9.051191715498406e-09
46798,1.1,73.0,6.187195515203946e-09
46799,1.1,74.0,4.206956519863839e-09
46800,1.2,-75.0,1.2869400939005227e-09
46801,1.2,-74.0,1.9262825719590124e-09
46802,1.2,-73.0,2.8679248568971197e-09
46803,1.2,-72.0,4.247189610763509e-09
46804,1.2,-71.0,6.256358718564497e-09
46805,1.2,-70.0,9.167010829665162e-09
46806,1.2,-69.0,1.3360415339938279e-08
46807,1.2,-68.0,1.936860261116925e-08
46808,1.2,-67.0,2.792947262165447e-08
46809,1.2,-66.0,4.006021747457784e-08
46810,1.2,-65.0,5.71544429382008e-08
46811,1.2,-64.0,8.110970524072171e-08
46812,1.2,-63.0,1.1449375344767537e-07
46813,1.2,-62.0,1.6075960077543203e-07
46814,1.2,-61.0,2.2452164645602927e-07
46815,1.2,-60.0,3.119074255300521e-07
46816,1.2,-59.0,4.3100215008626183e-07
46817,1.2,-58.0,5.924059694198681e-07
46818,1.2,-57.0,8.099267337272722e-07
46819,1.2,-56.0,1.1014338728245527e-06
46820,1.2,-55.0,1.4899016291339341e-06
46821,1.2,-54.0,2.004672093044778e-06
46822,1.2,-53.0,2.6829700041753765e-06
46823,1.2,-52.0,3.5717017736422907e-06
46824,1.2,-51.0,4.72957026669043e-06
46825,1.2,-50.0,6.229534133075584e-06
46826,1.2,-49.0,8.161635423999248e-06
46827,1.2,-48.0,1.063621205087738e-05
46828,1.2,-47.0,1.378955299537941e-05
46829,1.2,-46.0,1.888595422513548e-05
46830,1.2,-45.0,0.00012180659246644634
46831,1.2,-44.0,0.0014966853803144952
46832,1.2,-43.0,0.0037472608853115043
46833,1.2,-42.0,0.0031276309874955837
46834,1.2,-41.0,0.0041240669493542185
46835,1.2,-40.0,0.001815344195423728
46836,1.2,-39.0,0.002071615081643017
46837,1.2,-38.0,0.004710969631671863
46838,1.2,-37.0,0.002012187310309923
46839,1.2,-36.0,0.0004501555351085739
46840,1.2,-35.0,0.0025039281039207517
46841,1.2,-34.0,0.005894239796089233
46842,1.2,-33.0,0.0027799517671240055
46843,1.2,-32.0,0.003209936769803646
46844,1.2,-31.0,0.007057205885472131
46845,1.2,-30.0,0.0034200819593963707
46846,1.2,-29.0,0.0039647225229021065
46847,1.2,-28.0,0.008534043103333335
46848,1.2,-27.0,0.004009829368180923
46849,1.2,-26.0,0.001431549869669137
46850,1.2,-25.0,0.005124512290892675
46851,1.2,-24.0,0.011171582407247197
46852,1.2,-23.0,0.00580112846163571
46853,1.2,-22.0,0.00676174668103767
46854,1.2,-21.0,0.013805717323944469
46855,1.2,-20.0,0.00695172974516251
46856,1.2,-19.0,0.0030690183382340998
46857,1.2,-18.0,0.008934152743526555
46858,1.2,-17.0,0.018504433422317137
46859,1.2,-16.0,0.010056426777534901
46860,1.2,-15.0,0.011771620806729171
46861,1.2,-14.0,0.023206097625549434
46862,1.2,-13.0,0.012010666517583032
46863,1.2,-12.0,0.005648025060720653
46864,1.2,-11.0,0.015569442784477463
46865,1.2,-10.0,0.03177269043800537
46866,1.2,-9.0,0.017193629098024608
46867,1.2,-8.0,0.020566293391505123
46868,1.2,-7.0,0.040882771995838826
46869,1.2,-6.0,0.02043876330829641
46870,1.2,-5.0,0.00881863833847203
46871,1.2,-4.0,0.02839889096331607
46872,1.2,-3.0,0.06036605449821893
46873,1.2,-2.0,0.02875723656664999
46874,1.2,-1.0,0.008490551996771465
46875,1.2,0.0,0.0006921959347426337
46876,1.2,1.0,0.008676577898264589
46877,1.2,2.0,0.031175769225707264
46878,1.2,3.0,0.06799637045562226
46879,1.2,4.0,0.03107590700788872
46880,1.2,5.0,0.008369969526683637
46881,1.2,6.0,0.020587111820003667
46882,1.2,7.0,0.042334966488748065
46883,1.2,8.0,0.020995165525995292
46884,1.2,9.0,0.017227740347603288
46885,1.2,10.0,0.03234630191870677
46886,1.2,11.0,0.0157710940995338
46887,1.2,12.0,0.005598998817092069
46888,1.2,13.0,0.012088404625030849
46889,1.2,14.0,0.023521242174094195
46890,1.2,15.0,0.01199736009166491
46891,1.2,16.0,0.010235755027146921
46892,1.2,17.0,0.018790788708511256
46893,1.2,18.0,0.009190041357502954
46894,1.2,19.0,0.003285201416006834
46895,1.2,20.0,0.007176153842456337
46896,1.2,21.0,0.014060361727284063
46897,1.2,22.0,0.007008572358706147
46898,1.2,23.0,0.006018203056760736
46899,1.2,24.0,0.011380559238231999
46900,1.2,25.0,0.005334165816079208
46901,1.2,26.0,0.001626324035095254
46902,1.2,27.0,0.0041736905398432
46903,1.2,28.0,0.008664285533592617
46904,1.2,29.0,0.004104007575623208
46905,1.2,30.0,0.0035351660232340655
46906,1.2,31.0,0.007127469445284009
46907,1.2,32.0,0.003147310850953639
46908,1.2,33.0,0.000722841408060261
46909,1.2,34.0,0.0024906863261321675
46910,1.2,35.0,0.00557265154061071
46911,1.2,36.0,0.0025121338233905157
46912,1.2,37.0,0.002181752023175885
46913,1.2,38.0,0.004688576535774993
46914,1.2,39.0,0.002080663368878769
46915,1.2,40.0,0.0018154858016966595
46916,1.2,41.0,0.003979345583022084
46917,1.2,42.0,0.0016552707315647815
46918,1.2,43.0,0.0002508988484611152
46919,1.2,44.0,0.0013501821439102777
46920,1.2,45.0,0.00323876602780727
46921,1.2,46.0,0.0013323651208500082
46922,1.2,47.0,0.00011002423454501614
46923,1.2,48.0,1.813780814506614e-05
46924,1.2,49.0,1.333280126674562e-05
46925,1.2,50.0,1.030625286179378e-05
46926,1.2,51.0,7.925485394418025e-06
46927,1.2,52.0,6.062295162662462e-06
46928,1.2,53.0,4.61247890276769e-06
46929,1.2,54.0,3.4907425143397997e-06
46930,1.2,55.0,2.6277699717882223e-06
46931,1.2,56.0,1.967627950648389e-06
46932,1.2,57.0,1.46549630697724e-06
46933,1.2,58.0,1.0857068578195362e-06
46934,1.2,59.0,8.000673382150175e-07
46935,1.2,60.0,5.864440831878248e-07
46936,1.2,61.0,4.2757547229550487e-07
46937,1.2,62.0,3.100880763170372e-07
46938,1.2,63.0,2.2368839687511182e-07
46939,1.2,64.0,1.605047741162045e-07
46940,1.2,65.0,1.1455618970717703e-07
46941,1.2,66.0,8.132709745766711e-08
46942,1.2,67.0,5.742990435093002e-08
46943,1.2,68.0,4.033917581385785e-08
46944,1.2,69.0,2.8183962737125592e-08
46945,1.2,70.0,1.958678691926149e-08
46946,1.2,71.0,1.3539743873149119e-08
46947,1.2,72.0,9.309874075726944e-09
46948,1.2,73.0,6.367416699433686e-09
46949,1.2,74.0,4.3318044678265645e-09
46950,1.3,-75.0,1.2456067881286567e-09
46951,1.3,-74.0,1.865408792964739e-09
46952,1.3,-73.0,2.7787737103121495e-09
46953,1.3,-72.0,4.11735631486576e-09
46954,1.3,-71.0,6.068338985793191e-09
46955,1.3,-70.0,8.896257082757766e-09
46956,1.3,-69.0,1.297271652909468e-08
46957,1.3,-68.0,1.8816578043302253e-08
46958,1.3,-67.0,2.7147914995446446e-08
46959,1.3,-66.0,3.895995403034915e-08
46960,1.3,-65.0,5.561430527631134e-08
46961,1.3,-64.0,7.896610730768396e-08
46962,1.3,-63.0,1.1152727340355293e-07
46963,1.3,-62.0,1.5667784678067257e-07
46964,1.3,-61.0,2.189375608951137e-07
46965,1.3,-60.0,3.0431205045066947e-07
46966,1.3,-59.0,4.2073074430418095e-07
46967,1.3,-58.0,5.785962428862994e-07
46968,1.3,-57.0,7.914678583031041e-07
46969,1.3,-56.0,1.0769048547121648e-06
46970,1.3,-55.0,1.4574976045349007e-06
46971,1.3,-54.0,1.962117156377151e-06
46972,1.3,-53.0,2.6274153220575317e-06
46973,1.3,-52.0,3.4996080054222824e-06
46974,1.3,-51.0,4.636573733180945e-06
46975,1.3,-50.0,6.110296779578331e-06
46976,1.3,-49.0,8.009679440574074e-06
46977,1.3,-48.0,1.0443741069236819e-05
46978,1.3,-47.0,1.3547269717045621e-05
46979,1.3,-46.0,1.85864153095737e-05
46980,1.3,-45.0,0.00012174907163119208
46981,1.3,-44.0,0.0015009513596345822
46982,1.3,-43.0,0.0037586367805028595
46983,1.3,-42.0,0.0031367145111224817
46984,1.3,-41.0,0.004135956763360446
46985,1.3,-40.0,0.001819758689095605
46986,1.3,-39.0,0.0020763186038436666
46987,1.3,-38.0,0.004723215788230148
46988,1.3,-37.0,0.002016056346046685
46989,1.3,-36.0,0.00044896358037273645
46990,1.3,-35.0,0.0025079189073160374
46991,1.3,-34.0,0.005907024459385661
46992,1.3,-33.0,0.0027836304836539086
46993,1.3,-32.0,0.003213715770623304
46994,1.3,-31.0,0.007070038877200568
46995,1.3,-30.0,0.003422986530608145
46996,1.3,-29.0,0.0039676250482941315
46997,1.3,-28.0,0.00854659095994739
46998,1.3,-27.0,0.0040112754852679134
46999,1.3,-26.0,0.0014263014343070797
47000,1.3,-25.0,0.005125551353207263
47001,1.3,-24.0,0.011183377685970993
47002,1.3,-23.0,0.005801992724501078
47003,1.3,-22.0,0.006762436298314244
47004,1.3,-21.0,0.013816809629691762
47005,1.3,-20.0,0.0069519390402426745
47006,1.3,-19.0,0.0030629986527525464
47007,1.3,-18.0,0.008934098392783233
47008,1.3,-17.0,0.018514289670270384
47009,1.3,-16.0,0.010058405961854772
47010,1.3,-15.0,0.011772606687210264
47011,1.3,-14.0,0.023213718577267534
47012,1.3,-13.0,0.012014920151566372
47013,1.3,-12.0,0.0056508782934224155
47014,1.3,-11.0,0.015570051895018925
47015,1.3,-10.0,0.031769108027312275
47016,1.3,-9.0,0.017199417608402958
47017,1.3,-8.0,0.020560333361473067
47018,1.3,-7.0,0.040850172977089656
47019,1.3,-6.0,0.02044172874438725
47020,1.3,-5.0,0.008839658601582385
47021,1.3,-4.0,0.028339798881450332
47022,1.3,-3.0,0.060178188452638275
47023,1.3,-2.0,0.028708410385881893
47024,1.3,-1.0,0.008531684150036753
47025,1.3,0.0,0.0006977423921364615
47026,1.3,1.0,0.0087794547352025
47027,1.3,2.0,0.03131268916911446
47028,1.3,3.0,0.06841485998869262
47029,1.3,4.0,0.031219934549754472
47030,1.3,5.0,0.008340684468495837
47031,1.3,6.0,0.020563400792356606
47032,1.3,7.0,0.04233757103333258
47033,1.3,8.0,0.02097868618723082
47034,1.3,9.0,0.01719417336993736
47035,1.3,10.0,0.03230528162660985
47036,1.3,11.0,0.01574375997403144
47037,1.3,12.0,0.005580521810775858
47038,1.3,13.0,0.012059446699720356
47039,1.3,14.0,0.023473175988446674
47040,1.3,15.0,0.011972837384411874
47041,1.3,16.0,0.010212648400461134
47042,1.3,17.0,0.01874731078506079
47043,1.3,18.0,0.009171812325509718
47044,1.3,19.0,0.0032825040566142718
47045,1.3,20.0,0.007161572793295994
47046,1.3,21.0,0.014024596025430696
47047,1.3,22.0,0.006994898430629833
47048,1.3,23.0,0.006006267921028579
47049,1.3,24.0,0.011349617472156156
47050,1.3,25.0,0.005323958458169214
47051,1.3,26.0,0.0016285412744915127
47052,1.3,27.0,0.004165422672084483
47053,1.3,28.0,0.008638078164921353
47054,1.3,29.0,0.004094809326331474
47055,1.3,30.0,0.003526973897517817
47056,1.3,31.0,0.007103856522499044
47057,1.3,32.0,0.003139454245479567
47058,1.3,33.0,0.000724339203606341
47059,1.3,34.0,0.002483842620980541
47060,1.3,35.0,0.005551798391106709
47061,1.3,36.0,0.002504194830260074
47062,1.3,37.0,0.0021745327152738617
47063,1.3,38.0,0.004669523852615682
47064,1.3,39.0,0.0020731286406106314
47065,1.3,40.0,0.001808622857552352
47066,1.3,41.0,0.003961997342817891
47067,1.3,42.0,0.0016486399739782602
47068,1.3,43.0,0.00025066878718220967
47069,1.3,44.0,0.0013443757168328488
47070,1.3,45.0,0.003223563912013088
47071,1.3,46.0,0.0013263755448636684
47072,1.3,47.0,0.0001099177240755498
47073,1.3,48.0,1.8396049415901866e-05
47074,1.3,49.0,1.3544473312600459e-05
47075,1.3,50.0,1.0475484481077901e-05
47076,1.3,51.0,8.059917267530463e-06
47077,1.3,52.0,6.1684092650804e-06
47078,1.3,53.0,4.695716676671407e-06
47079,1.3,54.0,3.555631107475243e-06
47080,1.3,55.0,2.6780434348402103e-06
47081,1.3,56.0,2.0063405161597442e-06
47082,1.3,57.0,1.4951259447941188e-06
47083,1.3,58.0,1.1082481621209976e-06
47084,1.3,59.0,8.171134687693768e-07
47085,1.3,60.0,5.992579801583443e-07
47086,1.3,61.0,4.371509138219051e-07
47087,1.3,62.0,3.1720137595607565e-07
47088,1.3,63.0,2.289416676638407e-07
47089,1.3,64.0,1.6436173952138394e-07
47090,1.3,65.0,1.1737151853233617e-07
47091,1.3,66.0,8.337019656146095e-08
47092,1.3,67.0,5.8904033562998246e-08
47093,1.3,68.0,4.1396664718702515e-08
47094,1.3,69.0,2.893821749706149e-08
47095,1.3,70.0,2.0121683262943943e-08
47096,1.3,71.0,1.3916914143132809e-08
47097,1.3,72.0,9.574314627671664e-09
47098,1.3,73.0,6.551768588608734e-09
47099,1.3,74.0,4.45959594192535e-09
47100,1.4,-75.0,1.2054931828661259e-09
47101,1.4,-74.0,1.8062971685885671e-09
47102,1.4,-73.0,2.692153087524124e-09
47103,1.4,-72.0,3.991134945786212e-09
47104,1.4,-71.0,5.885443323748517e-09
47105,1.4,-70.0,8.63272809646825e-09
47106,1.4,-69.0,1.2595141606837498e-08
47107,1.4,-68.0,1.8278651845879238e-08
47108,1.4,-67.0,2.638586789028419e-08
47109,1.4,-66.0,3.788652093907327e-08
47110,1.4,-65.0,5.411082984898778e-08
47111,1.4,-64.0,7.687228560995493e-08
47112,1.4,-63.0,1.0862793765550715e-07
47113,1.4,-62.0,1.5268607385491278e-07
47114,1.4,-61.0,2.1347326417952096e-07
47115,1.4,-60.0,2.9687508077771504e-07
47116,1.4,-59.0,4.106673913864245e-07
47117,1.4,-58.0,5.650579009340701e-07
47118,1.4,-57.0,7.733605089382e-07
47119,1.4,-56.0,1.0528279408619547e-06
47120,1.4,-55.0,1.4256708381344142e-06
47121,1.4,-54.0,1.9202938414844656e-06
47122,1.4,-53.0,2.572780907951978e-06
47123,1.4,-52.0,3.428662838990244e-06
47124,1.4,-51.0,4.544999386149461e-06
47125,1.4,-50.0,5.992805914486547e-06
47126,1.4,-49.0,7.859849979234581e-06
47127,1.4,-48.0,1.025383646674164e-05
47128,1.4,-47.0,1.3308055019167137e-05
47129,1.4,-46.0,1.829048600555826e-05
47130,1.4,-45.0,0.00012169367216032038
47131,1.4,-44.0,0.001505190621297866
47132,1.4,-43.0,0.0037699383417737677
47133,1.4,-42.0,0.0031457376561383043
47134,1.4,-41.0,0.004147765191798816
47135,1.4,-40.0,0.001824143048709062
47136,1.4,-39.0,0.0020809867951319793
47137,1.4,-38.0,0.004735369307958387
47138,1.4,-37.0,0.002019893133391129
47139,1.4,-36.0,0.00044777429695119
47140,1.4,-35.0,0.0025118666722383776
47141,1.4,-34.0,0.005919690347177785
47142,1.4,-33.0,0.00278725935632934
47143,1.4,-32.0,0.0032174336336118635
47144,1.4,-31.0,0.00708272250683085
47145,1.4,-30.0,0.0034258202298198905
47146,1.4,-29.0,0.003970440293560867
47147,1.4,-28.0,0.008558944021213405
47148,1.4,-27.0,0.0040126210384483045
47149,1.4,-26.0,0.0014210015779810823
47150,1.4,-25.0,0.005126447615642779
47151,1.4,-24.0,0.011194884998434346
47152,1.4,-23.0,0.005802673222995177
47153,1.4,-22.0,0.006762908283757357
47154,1.4,-21.0,0.013827515597698193
47155,1.4,-20.0,0.006951888327281156
47156,1.4,-19.0,0.0030567818116089
47157,1.4,-18.0,0.008933710148950159
47158,1.4,-17.0,0.0185235990327202
47159,1.4,-16.0,0.010059979311844418
47160,1.4,-15.0,0.011773151495044824
47161,1.4,-14.0,0.023220680921469457
47162,1.4,-13.0,0.012018676067505236
47163,1.4,-12.0,0.005653326064134694
47164,1.4,-11.0,0.015570162670394667
47165,1.4,-10.0,0.031764878089374095
47166,1.4,-9.0,0.017204671149536617
47167,1.4,-8.0,0.020554030891282517
47168,1.4,-7.0,0.04081741200229549
47169,1.4,-6.0,0.020444347316802863
47170,1.4,-5.0,0.008860359219653847
47171,1.4,-4.0,0.028282230082382943
47172,1.4,-3.0,0.05999471930602081
47173,1.4,-2.0,0.028661157075788087
47174,1.4,-1.0,0.008572610646970534
47175,1.4,0.0,0.000703307861019813
47176,1.4,1.0,0.008884177687024262
47177,1.4,2.0,0.031457726659802
47178,1.4,3.0,0.06885401371051421
47179,1.4,4.0,0.03137198131712523
47180,1.4,5.0,0.008311259704055565
47181,1.4,6.0,0.020538224767639248
47182,1.4,7.0,0.04233756112798745
47183,1.4,8.0,0.020960638348861634
47184,1.4,9.0,0.017158861480939935
47185,1.4,10.0,0.032261180704276665
47186,1.4,11.0,0.015714748343078223
47187,1.4,12.0,0.005561224038180253
47188,1.4,13.0,0.012029016262883082
47189,1.4,14.0,0.023422511823049882
47190,1.4,15.0,0.011946862035238806
47191,1.4,16.0,0.010188254617259657
47192,1.4,17.0,0.01870168332172558
47193,1.4,18.0,0.009152430153959595
47194,1.4,19.0,0.003279273449742054
47195,1.4,20.0,0.007146072957877441
47196,1.4,21.0,0.013987217229645327
47197,1.4,22.0,0.006980359180470482
47198,1.4,23.0,0.005993587838483075
47199,1.4,24.0,0.011317393163211975
47200,1.4,25.0,0.005313109613999715
47201,1.4,26.0,0.0016305152265389674
47202,1.4,27.0,0.004156663602979564
47203,1.4,28.0,0.00861093057261139
47204,1.4,29.0,0.0040851497885537125
47205,1.4,30.0,0.0035183900260787587
47206,1.4,31.0,0.007079493921950687
47207,1.4,32.0,0.003131260149981031
47208,1.4,33.0,0.0007257521841302398
47209,1.4,34.0,0.0024767407540731033
47210,1.4,35.0,0.0055303802280674665
47211,1.4,36.0,0.0024960019181552435
47212,1.4,37.0,0.0021670963697053808
47213,1.4,38.0,0.004650005554147353
47214,1.4,39.0,0.00206538966165409
47215,1.4,40.0,0.0018015840843197263
47216,1.4,41.0,0.003944259727143084
47217,1.4,42.0,0.0016418497352077251
47218,1.4,43.0,0.0002504181245050519
47219,1.4,44.0,0.0013384412340495678
47220,1.4,45.0,0.0032080489798958062
47221,1.4,46.0,0.0013202590424031852
47222,1.4,47.0,0.00010980333660677469
47223,1.4,48.0,1.8655037913226974e-05
47224,1.4,49.0,1.3757023349781734e-05
47225,1.4,50.0,1.0645573194514172e-05
47226,1.4,51.0,8.195149982922792e-06
47227,1.4,52.0,6.275247976198911e-06
47228,1.4,53.0,4.779593765372642e-06
47229,1.4,54.0,3.6210722238699876e-06
47230,1.4,55.0,2.7287861098695606e-06
47231,1.4,56.0,2.0454454976767998e-06
47232,1.4,57.0,1.5250793321930945e-06
47233,1.4,58.0,1.1310532884278398e-06
47234,1.4,59.0,8.343721611900745e-07
47235,1.4,60.0,6.122413410856027e-07
47236,1.4,61.0,4.4686012772968e-07
47237,1.4,62.0,3.244192877823094e-07
47238,1.4,63.0,2.3427601883279693e-07
47239,1.4,64.0,1.6828101059291815e-07
47240,1.4,65.0,1.2023433208950444e-07
47241,1.4,66.0,8.544919711513904e-08
47242,1.4,67.0,6.040509687513149e-08
47243,1.4,68.0,4.247420818785233e-08
47244,1.4,69.0,2.970729474614006e-08
47245,1.4,70.0,2.0667456225209784e-08
47246,1.4,71.0,1.4302009270575041e-08
47247,1.4,72.0,9.844489304962247e-09
47248,1.4,73.0,6.740241156745278e-09
47249,1.4,74.0,4.5903287145179055e-09
47250,1.5,-75.0,1.1665680475428116e-09
47251,1.5,-74.0,1.748903747863615e-09
47252,1.5,-73.0,2.608001570145964e-09
47253,1.5,-72.0,3.868440287856634e-09
47254,1.5,-71.0,5.707554357486116e-09
47255,1.5,-70.0,8.376263397300645e-09
47256,1.5,-69.0,1.2227472836113997e-08
47257,1.5,-68.0,1.7754530874058203e-08
47258,1.5,-67.0,2.5642939779189126e-08
47259,1.5,-66.0,3.683939956089147e-08
47260,1.5,-65.0,5.2643335457431284e-08
47261,1.5,-64.0,7.482735330847649e-08
47262,1.5,-63.0,1.0579460223704107e-07
47263,1.5,-62.0,1.4878282055086232e-07
47264,1.5,-61.0,2.081269082366737e-07
47265,1.5,-60.0,2.8959420479231853e-07
47266,1.5,-59.0,4.0080923322385924e-07
47267,1.5,-58.0,5.517874544997619e-07
47268,1.5,-57.0,7.556004855190936e-07
47269,1.5,-56.0,1.0291981539295704e-06
47270,1.5,-55.0,1.3944155366125515e-06
47271,1.5,-54.0,1.8791955464153666e-06
47272,1.5,-53.0,2.5190594296766856e-06
47273,1.5,-52.0,3.358858393956661e-06
47274,1.5,-51.0,4.454839124141929e-06
47275,1.5,-50.0,5.877053739289862e-06
47276,1.5,-49.0,7.71214032848702e-06
47277,1.5,-48.0,1.0066493738681516e-05
47278,1.5,-47.0,1.3071908149102964e-05
47279,1.5,-46.0,1.799817200952259e-05
47280,1.5,-45.0,0.00012164046384172124
47281,1.5,-44.0,0.0015094040237091937
47282,1.5,-43.0,0.0037811677170271753
47283,1.5,-42.0,0.003154702245082331
47284,1.5,-41.0,0.004159494659749743
47285,1.5,-40.0,0.001828498404081311
47286,1.5,-39.0,0.002085620986712309
47287,1.5,-38.0,0.004747433111090443
47288,1.5,-37.0,0.0020236990680128166
47289,1.5,-36.0,0.0004465882335962891
47290,1.5,-35.0,0.002515773260945899
47291,1.5,-34.0,0.005932241452959315
47292,1.5,-33.0,0.0027908406096314635
47293,1.5,-32.0,0.0032210929925856166
47294,1.5,-31.0,0.007095261916766975
47295,1.5,-30.0,0.0034285861009266502
47296,1.5,-29.0,0.003973171835829774
47297,1.5,-28.0,0.00857110893437767
47298,1.5,-27.0,0.004013869973109669
47299,1.5,-26.0,0.0014156527766706678
47300,1.5,-25.0,0.0051272061554806896
47301,1.5,-24.0,0.011206113588646595
47302,1.5,-23.0,0.005803175803239308
47303,1.5,-22.0,0.00676316930188662
47304,1.5,-21.0,0.013837846793636923
47305,1.5,-20.0,0.006951584566796583
47306,1.5,-19.0,0.0030503721203737405
47307,1.5,-18.0,0.008932996319321743
47308,1.5,-17.0,0.01853237636195146
47309,1.5,-16.0,0.010061155613596183
47310,1.5,-15.0,0.011773264768814119
47311,1.5,-14.0,0.023227001593696905
47312,1.5,-13.0,0.01202194316264557
47313,1.5,-12.0,0.005655372280174547
47314,1.5,-11.0,0.015569783627826555
47315,1.5,-10.0,0.03176001710952143
47316,1.5,-9.0,0.017209397227790007
47317,1.5,-8.0,0.020547388725964198
47318,1.5,-7.0,0.040784492845068195
47319,1.5,-6.0,0.02044661974404907
47320,1.5,-5.0,0.008880733425692615
47321,1.5,-4.0,0.028226103687559956
47322,1.5,-3.0,0.05981545117374833
47323,1.5,-2.0,0.028615394165817754
47324,1.5,-1.0,0.008613321410414824
47325,1.5,0.0,0.0007088926900713501
47326,1.5,1.0,0.008990911728885583
47327,1.5,2.0,0.03161166854984432
47328,1.5,3.0,0.06931582022340738
47329,1.5,4.0,0.03153283281132309
47330,1.5,5.0,0.00828170057490701
47331,1.5,6.0,0.020511400213913657
47332,1.5,7.0,0.042334544062914106
47333,1.5,8.0,0.020940830125273927
47334,1.5,9.0,0.01712163849640585
47335,1.5,10.0,0.03221367423496143
47336,1.5,11.0,0.015683903905910485
47337,1.5,12.0,0.005541053760860339
47338,1.5,13.0,0.011996993476291256
47339,1.5,14.0,0.023369011018162574
47340,1.5,15.0,0.011919312611666164
47341,1.5,16.0,0.010162470122403356
47342,1.5,17.0,0.018653715279089725
47343,1.5,18.0,0.009131800261719687
47344,1.5,19.0,0.0032754742410212125
47345,1.5,20.0,0.007129579922141866
47346,1.5,21.0,0.013948082155474571
47347,1.5,22.0,0.006964881343516394
47348,1.5,23.0,0.005980099727325006
47349,1.5,24.0,0.011283770600813769
47350,1.5,25.0,0.005301563029871897
47351,1.5,26.0,0.0016322262162330207
47352,1.5,27.0,0.004147369222052022
47353,1.5,28.0,0.008582755387132808
47354,1.5,29.0,0.004074986039517771
47355,1.5,30.0,0.0035093774837317163
47356,1.5,31.0,0.0070543105358093095
47357,1.5,32.0,0.0031226959508930995
47358,1.5,33.0,0.0007270712997718582
47359,1.5,34.0,0.002469355160416793
47360,1.5,35.0,0.005508342448893913
47361,1.5,36.0,0.0024875298036887276
47362,1.5,37.0,0.0021594211588362605
47363,1.5,38.0,0.004629976347442585
47364,1.5,39.0,0.0020574259287672206
47365,1.5,40.0,0.001794351710864541
47366,1.5,41.0,0.003926094795599264
47367,1.5,42.0,0.0016348839915527652
47368,1.5,43.0,0.00025014411276218457
47369,1.5,44.0,0.0013323657913023907
47370,1.5,45.0,0.0031921907963477435
47371,1.5,46.0,0.001314002994939142
47372,1.5,47.0,0.000109679886681289
47373,1.5,48.0,1.8914480034053532e-05
47374,1.5,49.0,1.3970231175143391e-05
47375,1.5,50.0,1.0816349730315975e-05
47376,1.5,51.0,8.331054329786928e-06
47377,1.5,52.0,6.382713372089883e-06
47378,1.5,53.0,4.864036496479703e-06
47379,1.5,54.0,3.6870108473899766e-06
47380,1.5,55.0,2.7799572231824056e-06
47381,1.5,56.0,2.0849129104454645e-06
47382,1.5,57.0,1.5553345932861463e-06
47383,1.5,58.0,1.1541064069121205e-06
47384,1.5,59.0,8.518320571135062e-07
47385,1.5,60.0,6.253860871564229e-07
47386,1.5,61.0,4.5669742012825055e-07
47387,1.5,62.0,3.3173783708358745e-07
47388,1.5,63.0,2.3968870374477506e-07
47389,1.5,64.0,1.7226070971607232e-07
47390,1.5,65.0,1.231433616727339e-07
47391,1.5,66.0,8.756325265395498e-08
47392,1.5,67.0,6.19325374070606e-08
47393,1.5,68.0,4.357144560732727e-08
47394,1.5,69.0,3.0490965189332395e-08
47395,1.5,70.0,2.122396313659388e-08
47396,1.5,71.0,1.4694942825684686e-08
47397,1.5,72.0,1.0120347527596891e-08
47398,1.5,73.0,6.932806186754167e-09
47399,1.5,74.0,4.723988152921264e-09
47400,1.6,-75.0,1.1288006225834064e-09
47401,1.6,-74.0,1.6931851895767663e-09
47402,1.6,-73.0,2.52625851425844e-09
47403,1.6,-72.0,3.749188086895611e-09
47404,1.6,-71.0,5.534555872351753e-09
47405,1.6,-70.0,8.12670386091795e-09
47406,1.6,-69.0,1.1869493968750849e-08
47407,1.6,-68.0,1.7243923496774243e-08
47408,1.6,-67.0,2.491874045436809e-08
47409,1.6,-66.0,3.5818072000182595e-08
47410,1.6,-65.0,5.121114045145445e-08
47411,1.6,-64.0,7.283042094575714e-08
47412,1.6,-63.0,1.0302611692302775e-07
47413,1.6,-62.0,1.44966613344059e-07
47414,1.6,-61.0,2.0289662394442366e-07
47415,1.6,-60.0,2.824670762699839e-07
47416,1.6,-59.0,3.911533574739624e-07
47417,1.6,-58.0,5.387813319138809e-07
47418,1.6,-57.0,7.381834651976695e-07
47419,1.6,-56.0,1.0060103379224126e-06
47420,1.6,-55.0,1.3637256511450522e-06
47421,1.6,-54.0,1.8388153093892115e-06
47422,1.6,-53.0,2.4662430552617647e-06
47423,1.6,-52.0,3.290186104451976e-06
47424,1.6,-51.0,4.366083916445008e-06
47425,1.6,-50.0,5.763031209412816e-06
47426,1.6,-49.0,7.566542123077764e-06
47427,1.6,-48.0,9.881706206890696e-06
47428,1.6,-47.0,1.283882552419049e-05
47429,1.6,-46.0,1.770947525400928e-05
47430,1.6,-45.0,0.00012158950173487018
47431,1.6,-44.0,0.0015135922702474878
47432,1.6,-43.0,0.0037923266697087797
47433,1.6,-42.0,0.003163609777788653
47434,1.6,-41.0,0.004171147166799549
47435,1.6,-40.0,0.0018328256933978883
47436,1.6,-39.0,0.0020902222901168456
47437,1.6,-38.0,0.004759409626854509
47438,1.6,-37.0,0.002027475328830108
47439,1.6,-36.0,0.00044540588021644743
47440,1.6,-35.0,0.0025196402637512215
47441,1.6,-34.0,0.005944681147534766
47442,1.6,-33.0,0.002794376163671951
47443,1.6,-32.0,0.003224696129545882
47444,1.6,-31.0,0.007107661497532573
47445,1.6,-30.0,0.00343128681050062
47446,1.6,-29.0,0.003975822815394194
47447,1.6,-28.0,0.008583091432617367
47448,1.6,-27.0,0.004015025791375102
47449,1.6,-26.0,0.0014102573317792855
47450,1.6,-25.0,0.00512783148758121
47451,1.6,-24.0,0.011217071503123583
47452,1.6,-23.0,0.005803505681601479
47453,1.6,-22.0,0.006763225286302494
47454,1.6,-21.0,0.01384781330890244
47455,1.6,-20.0,0.006951033978897034
47456,1.6,-19.0,0.0030437735635035178
47457,1.6,-18.0,0.008931964269013281
47458,1.6,-17.0,0.0185406345508957
47459,1.6,-16.0,0.010061942611496559
47460,1.6,-15.0,0.011772954829540721
47461,1.6,-14.0,0.02323269509242314
47462,1.6,-13.0,0.012024729117607534
47463,1.6,-12.0,0.005657020332732828
47464,1.6,-11.0,0.015568921736181143
47465,1.6,-10.0,0.03175453833058686
47466,1.6,-9.0,0.017213601667869227
47467,1.6,-8.0,0.020540407769166828
47468,1.6,-7.0,0.040751415599480714
47469,1.6,-6.0,0.020448544935259428
47470,1.6,-5.0,0.008900774037087028
47471,1.6,-4.0,0.028171341305737813
47472,1.6,-3.0,0.059640195060432014
47473,1.6,-2.0,0.028571041622063777
47474,1.6,-1.0,0.008653805948009751
47475,1.6,0.0,0.0007144971628913368
47476,1.6,1.0,0.009099846852453713
47477,1.6,2.0,0.03177543123981633
47478,1.6,3.0,0.06980259723163489
47479,1.6,4.0,0.03170340400626741
47480,1.6,5.0,0.008252012325246139
47481,1.6,6.0,0.020482709982042033
47482,1.6,7.0,0.04232805535159618
47483,1.6,8.0,0.020919034865773452
47484,1.6,9.0,0.01708231019517004
47485,1.6,10.0,0.03216238330110824
47486,1.6,11.0,0.01565104552834939
47487,1.6,12.0,0.00551995066875095
47488,1.6,13.0,0.011963239149650586
47489,1.6,14.0,0.023312396598284286
47490,1.6,15.0,0.011890048255560356
47491,1.6,16.0,0.010135174930374188
47492,1.6,17.0,0.01860318530262878
47493,1.6,18.0,0.009109813184535104
47494,1.6,19.0,0.0032710656767606407
47495,1.6,20.0,0.007112007681373711
47496,1.6,21.0,0.013907025094277695
47497,1.6,22.0,0.006948380273501573
47498,1.6,23.0,0.005965730743066121
47499,1.6,24.0,0.011248615919654363
47500,1.6,25.0,0.005289253759885149
47501,1.6,26.0,0.0016336516888416578
47502,1.6,27.0,0.004137488620136364
47503,1.6,28.0,0.008553451516052251
47504,1.6,29.0,0.004064268504165915
47505,1.6,30.0,0.0034998936229695883
47506,1.6,31.0,0.007028224049457847
47507,1.6,32.0,0.003113723957636476
47508,1.6,33.0,0.0007282861686544545
47509,1.6,34.0,0.0024616562806546423
47510,1.6,35.0,0.0054856217921769625
47511,1.6,36.0,0.002478749222430174
47512,1.6,37.0,0.0021514818110473393
47513,1.6,38.0,0.004609383723739761
47514,1.6,39.0,0.0020492136857285367
47515,1.6,40.0,0.001786905140481583
47516,1.6,41.0,0.003907458539707932
47517,1.6,42.0,0.001627724161991872
47518,1.6,43.0,0.0002498435724487858
47519,1.6,44.0,0.0013261344173918508
47520,1.6,45.0,0.0031759540405923844
47521,1.6,46.0,0.0013075927585564171
47522,1.6,47.0,0.00010954599879520832
47523,1.6,48.0,1.917403450226723e-05
47524,1.6,49.0,1.4183840129281139e-05
47525,1.6,50.0,1.0987616211936868e-05
47526,1.6,51.0,8.467478776660457e-06
47527,1.6,52.0,6.490690209154814e-06
47528,1.6,53.0,4.948957833778501e-06
47529,1.6,54.0,3.7533817083467775e-06
47530,1.6,55.0,2.831508178232581e-06
47531,1.6,56.0,2.1247068350353006e-06
47532,1.6,57.0,1.585865375419357e-06
47533,1.6,58.0,1.177388329895545e-06
47534,1.6,59.0,8.694792939012169e-07
47535,1.6,60.0,6.386822825214795e-07
47536,1.6,61.0,4.6665572791614473e-07
47537,1.6,62.0,3.3915204539736536e-07
47538,1.6,63.0,2.4517624415171584e-07
47539,1.6,64.0,1.7629842909160418e-07
47540,1.6,65.0,1.2609695657932016e-07
47541,1.6,66.0,8.971124307849805e-08
47542,1.6,67.0,6.348560340441217e-08
47543,1.6,68.0,4.4687878387878995e-08
47544,1.6,69.0,3.12889024125096e-08
47545,1.6,70.0,2.1790993367192297e-08
47546,1.6,71.0,1.5095581101956886e-08
47547,1.6,72.0,1.0401806021505168e-08
47548,1.6,73.0,7.129412985921277e-09
47549,1.6,74.0,4.8605442653557056e-09
47550,1.7,-75.0,1.0921606283416807e-09
47551,1.7,-74.0,1.6390987774294622e-09
47552,1.7,-73.0,2.446864075284338e-09
47553,1.7,-72.0,3.633295089953145e-09
47554,1.7,-71.0,5.366332876116636e-09
47555,1.7,-70.0,7.883891807489336e-09
47556,1.7,-69.0,1.152099038938888e-08
47557,1.7,-68.0,1.6746539810845238e-08
47558,1.7,-67.0,2.4212881341432762e-08
47559,1.7,-66.0,3.4822021560957385e-08
47560,1.7,-65.0,4.9813563381712726e-08
47561,1.7,-64.0,7.088059736955655e-08
47562,1.7,-63.0,1.0032132652371745e-07
47563,1.7,-62.0,1.412359684266968e-07
47564,1.7,-61.0,1.9778052359235275e-07
47565,1.7,-60.0,2.754913178237765e-07
47566,1.7,-59.0,3.8169680205666833e-07
47567,1.7,-58.0,5.260358848868319e-07
47568,1.7,-57.0,7.211050102820688e-07
47569,1.7,-56.0,9.83259168497658e-07
47570,1.7,-55.0,1.3335948907063388e-06
47571,1.7,-54.0,1.7991458258031898e-06
47572,1.7,-53.0,2.414323474460853e-06
47573,1.7,-52.0,3.2226367460355622e-06
47574,1.7,-51.0,4.27872383635976e-06
47575,1.7,-50.0,5.6507280748587135e-06
47576,1.7,-49.0,7.4230453929959475e-06
47577,1.7,-48.0,9.69946507799835e-06
47578,1.7,-47.0,1.2608800799895386e-05
47579,1.7,-46.0,1.7424393974890127e-05
47580,1.7,-45.0,0.00012154082526144419
47581,1.7,-44.0,0.0015177558945747849
47582,1.7,-43.0,0.003803416541533056
47583,1.7,-42.0,0.0031724614005357275
47584,1.7,-41.0,0.004182724246394146
47585,1.7,-40.0,0.0018371256458564358
47586,1.7,-39.0,0.002094791577584474
47587,1.7,-38.0,0.004771300747823143
47588,1.7,-37.0,0.0020312228593658208
47589,1.7,-36.0,0.0004442276649801471
47590,1.7,-35.0,0.0025234689762589743
47591,1.7,-34.0,0.005957012123325692
47592,1.7,-33.0,0.0027978676093070877
47593,1.7,-32.0,0.003228244946176683
47594,1.7,-31.0,0.007119924822417977
47595,1.7,-30.0,0.003433924617973914
47596,1.7,-29.0,0.003978395901369473
47597,1.7,-28.0,0.008594896257556738
47598,1.7,-27.0,0.004016091518060509
47599,1.7,-26.0,0.0014048173610108992
47600,1.7,-25.0,0.005128327521235428
47601,1.7,-24.0,0.011227765491815964
47602,1.7,-23.0,0.005803667395837465
47603,1.7,-22.0,0.006763081382941206
47604,1.7,-21.0,0.013857423639986249
47605,1.7,-20.0,0.006950241984956507
47606,1.7,-19.0,0.003036989781304202
47607,1.7,-18.0,0.008930620346340054
47608,1.7,-17.0,0.018548384374299273
47609,1.7,-16.0,0.010062346923012767
47610,1.7,-15.0,0.011772228681947149
47611,1.7,-14.0,0.023237773282778193
47612,1.7,-13.0,0.01202704029375605
47613,1.7,-12.0,0.005658273047171828
47614,1.7,-11.0,0.015567582285316297
47615,1.7,-10.0,0.031748451490353054
47616,1.7,-9.0,0.017217288465462312
47617,1.7,-8.0,0.020533086905645016
47618,1.7,-7.0,0.04071817633517121
47619,1.7,-6.0,0.02045011980902418
47620,1.7,-5.0,0.008920473341699361
47621,1.7,-4.0,0.028117866406194132
47622,1.7,-3.0,0.05946876742200084
47623,1.7,-2.0,0.028528021212864813
47624,1.7,-1.0,0.008694053231992046
47625,1.7,0.0,0.0007201214892202864
47626,1.7,1.0,0.009211204077973899
47627,1.7,2.0,0.03195009281398565
47628,1.7,3.0,0.07031707323702181
47629,1.7,4.0,0.03188477146488696
47630,1.7,5.0,0.008222200032404554
47631,1.7,6.0,0.020451894813978813
47632,1.7,7.0,0.04231754060980622
47633,1.7,8.0,0.0208949823850173
47634,1.7,9.0,0.017040647366531252
47635,1.7,10.0,0.03210686166346872
47636,1.7,11.0,0.015615959850920463
47637,1.7,12.0,0.0054978437366054135
47638,1.7,13.0,0.011927589955648143
47639,1.7,14.0,0.023252343836662165
47640,1.7,15.0,0.011858903888904745
47641,1.7,16.0,0.010106228566599765
47642,1.7,17.0,0.018549834253494955
47643,1.7,18.0,0.009086340904540129
47644,1.7,19.0,0.0032660002689036613
47645,1.7,20.0,0.007093255781661277
47646,1.7,21.0,0.013863852262262116
47647,1.7,22.0,0.006930757140546072
47648,1.7,23.0,0.00595039587521904
47649,1.7,24.0,0.011211772625750535
47650,1.7,25.0,0.005276106029299467
47651,1.7,26.0,0.0016347655089419813
47652,1.7,27.0,0.0041269624193468685
47653,1.7,28.0,0.008522900761581244
47654,1.7,29.0,0.004052939321187897
47655,1.7,30.0,0.003489888668623317
47656,1.7,31.0,0.007001138177626394
47657,1.7,32.0,0.003104300155754146
47658,1.7,33.0,0.0007293847564349811
47659,1.7,34.0,0.002453609579736157
47660,1.7,35.0,0.005462144199249224
47661,1.7,36.0,0.0024696259491596164
47662,1.7,37.0,0.002143248762801804
47663,1.7,38.0,0.004588166173940262
47664,1.7,39.0,0.002040725121189622
47665,1.7,40.0,0.0017792202537193886
47666,1.7,41.0,0.003888299380106812
47667,1.7,42.0,0.0016203484763809165
47668,1.7,43.0,0.0002495127875605117
47669,1.7,44.0,0.0013197295627939954
47670,1.7,45.0,0.003159297294094727
47671,1.7,46.0,0.0013010111621885143
47672,1.7,47.0,0.00010940006135446552
47673,1.7,48.0,1.943330146660124e-05
47674,1.7,49.0,1.4397548789054694e-05
47675,1.7,50.0,1.115913964316538e-05
47676,1.7,51.0,8.604244389005705e-06
47677,1.7,52.0,6.599041980279906e-06
47678,1.7,53.0,5.0342543331656446e-06
47679,1.7,54.0,3.820106946425003e-06
47680,1.7,55.0,2.88338077089226e-06
47681,1.7,56.0,2.164784061672496e-06
47682,1.7,57.0,1.6166398249073378e-06
47683,1.7,58.0,1.200875742100179e-06
47684,1.7,59.0,8.872969292509883e-07
47685,1.7,60.0,6.521177064887441e-07
47686,1.7,61.0,4.7672630240374036e-07
47687,1.7,62.0,3.4665569779099734e-07
47688,1.7,63.0,2.5073425992817464e-07
47689,1.7,64.0,1.8039110682992702e-07
47690,1.7,65.0,1.2909299442504233e-07
47691,1.7,66.0,9.189171008808905e-08
47692,1.7,67.0,6.50633020051062e-08
47693,1.7,68.0,4.5822837036945146e-08
47694,1.7,69.0,3.210065955696367e-08
47695,1.7,70.0,2.236825189242415e-08
47696,1.7,71.0,1.5503731599665215e-08
47697,1.7,72.0,1.0688740791752697e-08
47698,1.7,73.0,7.329982821594663e-09
47699,1.7,74.0,4.999947864519314e-09
47700,1.8,-75.0,1.0566182687024263e-09
47701,1.8,-74.0,1.5866024272371735e-09
47702,1.8,-73.0,2.3697592210475516e-09
47703,1.8,-72.0,3.520679067624922e-09
47704,1.8,-71.0,5.20277163554782e-09
47705,1.8,-70.0,7.647671059757269e-09
47706,1.8,-69.0,1.118174920536419e-08
47707,1.8,-68.0,1.626209177714259e-08
47708,1.8,-67.0,2.3524975701875193e-08
47709,1.8,-66.0,3.385073304291024e-08
47710,1.8,-65.0,4.8449923425961724e-08
47711,1.8,-64.0,6.897699033781589e-08
47712,1.8,-63.0,9.767907173151014e-08
47713,1.8,-62.0,1.3758939287728004e-07
47714,1.8,-61.0,1.9277670247649217e-07
47715,1.8,-60.0,2.6866452305061426e-07
47716,1.8,-59.0,3.7243655800562824e-07
47717,1.8,-58.0,5.135473922467101e-07
47718,1.8,-57.0,7.043605730698328e-07
47719,1.8,-56.0,9.609391591222515e-07
47720,1.8,-55.0,1.3040167298008321e-06
47721,1.8,-54.0,1.7601794577746292e-06
47722,1.8,-53.0,2.3632919103108056e-06
47723,1.8,-52.0,3.156200449403025e-06
47724,1.8,-51.0,4.192748077048068e-06
47725,1.8,-50.0,5.540132897961253e-06
47726,1.8,-49.0,7.28163858255131e-06
47727,1.8,-48.0,9.51975946275097e-06
47728,1.8,-47.0,1.2381824887558535e-05
47729,1.8,-46.0,1.7142922708424352e-05
47730,1.8,-45.0,0.00012149445674436725
47731,1.8,-44.0,0.0015218952388967866
47732,1.8,-43.0,0.003814438197524076
47733,1.8,-42.0,0.0031812578604633
47734,1.8,-41.0,0.00419422690577672
47735,1.8,-40.0,0.00184139875581563
47736,1.8,-39.0,0.002099329452773212
47737,1.8,-38.0,0.004783107762186531
47738,1.8,-37.0,0.002034942339764194
47739,1.8,-36.0,0.0004430539494705577
47740,1.8,-35.0,0.0025272603650518992
47741,1.8,-34.0,0.005969236311256701
47742,1.8,-33.0,0.002801316170490022
47743,1.8,-32.0,0.003231740920649561
47744,1.8,-31.0,0.0071320545495018135
47745,1.8,-30.0,0.00343650133026509
47746,1.8,-29.0,0.0039808932393605514
47747,1.8,-28.0,0.008606527042586125
47748,1.8,-27.0,0.004017069648578074
47749,1.8,-26.0,0.0013993347832789824
47750,1.8,-25.0,0.005128697494031862
47751,1.8,-24.0,0.011238200858141771
47752,1.8,-23.0,0.00580366473027652
47753,1.8,-22.0,0.006762741863103893
47754,1.8,-21.0,0.013866684505274845
47755,1.8,-20.0,0.0069492131183217275
47756,1.8,-19.0,0.0030300240338509113
47757,1.8,-18.0,0.008928969768410008
47758,1.8,-17.0,0.01855563424643741
47759,1.8,-16.0,0.010062373908589193
47760,1.8,-15.0,0.011771091863200163
47761,1.8,-14.0,0.023242245095911745
47762,1.8,-13.0,0.012028881576823624
47763,1.8,-12.0,0.005659132608300812
47764,1.8,-11.0,0.015565768685893796
47765,1.8,-10.0,0.03174176241680816
47766,1.8,-9.0,0.01722045956270145
47767,1.8,-8.0,0.020525422732388506
47768,1.8,-7.0,0.04068476657176758
47769,1.8,-6.0,0.020451339020784828
47770,1.8,-5.0,0.008939822945866018
47771,1.8,-4.0,0.028065603606740423
47772,1.8,-3.0,0.059300988563050716
47773,1.8,-2.0,0.028486255786681538
47774,1.8,-1.0,0.008734051540644735
47775,1.8,0.0,0.0007257657925657807
47776,1.8,1.0,0.009325243483896429
47777,1.8,2.0,0.03213693626177114
47778,1.8,3.0,0.07086249743377648
47779,1.8,4.0,0.03207821653638389
47780,1.8,5.0,0.008192268505740343
47781,1.8,6.0,0.020418641915486924
47782,1.8,7.0,0.04230233118022221
47783,1.8,8.0,0.020868347163849107
47784,1.8,9.0,0.016996376461091714
47785,1.8,10.0,0.032046577858302394
47786,1.8,11.0,0.015578392695057541
47787,1.8,12.0,0.005474648337849573
47788,1.8,13.0,0.011889851993563207
47789,1.8,14.0,0.02318846756812542
47790,1.8,15.0,0.011825683766122298
47791,1.8,16.0,0.010075464607814163
47792,1.8,17.0,0.01849335516280972
47793,1.8,18.0,0.009061231913467376
47794,1.8,19.0,0.0032602219992412763
47795,1.8,20.0,0.007073205474736157
47796,1.8,21.0,0.013818334333407867
47797,1.8,22.0,0.006911895162415283
47798,1.8,23.0,0.005933994714734143
47799,1.8,24.0,0.011173055577648644
47800,1.8,25.0,0.005262030360943984
47801,1.8,26.0,0.0016355370187065368
47802,1.8,27.0,0.004115720527020461
47803,1.8,28.0,0.008490963269682893
47804,1.8,29.0,0.004040930145394116
47805,1.8,30.0,0.003479303827698719
47806,1.8,31.0,0.006972938945385393
47807,1.8,32.0,0.0030943725298645413
47808,1.8,33.0,0.0007303529462002255
47809,1.8,34.0,0.0024451742269256506
47810,1.8,35.0,0.005437821936222251
47811,1.8,36.0,0.002460119479775515
47812,1.8,37.0,0.002134687017826308
47813,1.8,38.0,0.00456625078662982
47814,1.8,39.0,0.002031927289293294
47815,1.8,40.0,0.0017712684701866577
47816,1.8,41.0,0.0038685561434341773
47817,1.8,42.0,0.001612731125128912
47818,1.8,43.0,0.00024914736502911546
47819,1.8,44.0,0.0013131304112993093
47820,1.8,45.0,0.0031421714085045713
47821,1.8,46.0,0.0012942378321116356
47822,1.8,47.0,0.00010924016485254728
47823,1.8,48.0,1.969180797079753e-05
47824,1.8,49.0,1.4610999903900044e-05
47825,1.8,50.0,1.1330643235026595e-05
47826,1.8,51.0,8.741138065672091e-06
47827,1.8,52.0,6.7076056684311505e-06
47828,1.8,53.0,5.119802094682533e-06
47829,1.8,54.0,3.88709300399253e-06
47830,1.8,55.0,2.935504817839697e-06
47831,1.8,56.0,2.205092289408503e-06
47832,1.8,57.0,1.6476192268898634e-06
47833,1.8,58.0,1.2245401788216342e-06
47834,1.8,59.0,9.05264177625624e-07
47835,1.8,60.0,6.656772859788707e-07
47836,1.8,61.0,4.868982897211505e-07
47837,1.8,62.0,3.5424103430854104e-07
47838,1.8,63.0,2.5635724338424845e-07
47839,1.8,64.0,1.8453486275769544e-07
47840,1.8,65.0,1.3212876232795473e-07
47841,1.8,66.0,9.410277166130915e-08
47842,1.8,67.0,6.66643380153062e-08
47843,1.8,68.0,4.697543756278908e-08
47844,1.8,69.0,3.292563844255602e-08
47845,1.8,70.0,2.2955337541812752e-08
47846,1.8,71.0,1.591912778549594e-08
47847,1.8,72.0,1.0980976501509907e-08
47848,1.8,73.0,7.534401559185665e-09
47849,1.8,74.0,5.1421254920646175e-09
47850,1.9,-75.0,1.0221442285314928e-09
47851,1.9,-74.0,1.5356546849066792e-09
47852,1.9,-73.0,2.2948857310888016e-09
47853,1.9,-72.0,3.411258816004053e-09
47854,1.9,-71.0,5.0437596829828664e-09
47855,1.9,-70.0,7.417886957169207e-09
47856,1.9,-69.0,1.0851559272595283e-08
47857,1.9,-68.0,1.5790293264071106e-08
47858,1.9,-67.0,2.2854638702022623e-08
47859,1.9,-66.0,3.290369284618559e-08
47860,1.9,-65.0,4.711954054274293e-08
47861,1.9,-64.0,6.711870673726522e-08
47862,1.9,-63.0,9.509818942309201e-08
47863,1.9,-62.0,1.3402538506647454e-07
47864,1.9,-61.0,1.878832394284915e-07
47865,1.9,-60.0,2.619842571987554e-07
47866,1.9,-59.0,3.6336957027768284e-07
47867,1.9,-58.0,5.013120608724694e-07
47868,1.9,-57.0,6.879454968482005e-07
47869,1.9,-56.0,9.390446620215533e-07
47870,1.9,-55.0,1.2749844091443047e-06
47871,1.9,-54.0,1.7219082341939799e-06
47872,1.9,-53.0,2.313139117982857e-06
47873,1.9,-52.0,3.0908666971587214e-06
47874,1.9,-51.0,4.108144944925345e-06
47875,1.9,-50.0,5.431233041512416e-06
47876,1.9,-49.0,7.1423085305633815e-06
47877,1.9,-48.0,9.342576344537128e-06
47878,1.9,-47.0,1.2157885906103593e-05
47879,1.9,-46.0,1.686505219550224e-05
47880,1.9,-45.0,0.00012145039917411919
47881,1.9,-44.0,0.0015260104222573284
47882,1.9,-43.0,0.003825391946038482
47883,1.9,-42.0,0.003189999439153988
47884,1.9,-41.0,0.0042056555384670504
47885,1.9,-40.0,0.0018456452449429654
47886,1.9,-39.0,0.002103836207819938
47887,1.9,-38.0,0.004794831254820494
47888,1.9,-37.0,0.002038634145626955
47889,1.9,-36.0,0.000441885021117508
47890,1.9,-35.0,0.0025310150170815334
47891,1.9,-34.0,0.00598135475891223
47892,1.9,-33.0,0.0028047226486276086
47893,1.9,-32.0,0.0032351850437144407
47894,1.9,-31.0,0.007144052277617753
47895,1.9,-30.0,0.003439018234485227
47896,1.9,-29.0,0.003983316373785832
47897,1.9,-28.0,0.008617986140879814
47898,1.9,-27.0,0.0040179620714165315
47899,1.9,-26.0,0.001393811295274131
47900,1.9,-25.0,0.005128943873361147
47901,1.9,-24.0,0.01124838123725848
47902,1.9,-23.0,0.005803500604459661
47903,1.9,-22.0,0.006762209993930324
47904,1.9,-21.0,0.013875600573652608
47905,1.9,-20.0,0.006947950891409446
47906,1.9,-19.0,0.0030228791465819953
47907,1.9,-18.0,0.00892701645070324
47908,1.9,-17.0,0.01856238986127581
47909,1.9,-16.0,0.010062027478312804
47910,1.9,-15.0,0.011769548217721243
47911,1.9,-14.0,0.023246116081440307
47912,1.9,-13.0,0.012030256144809817
47913,1.9,-12.0,0.005659600450327399
47914,1.9,-11.0,0.01556348217134259
47915,1.9,-10.0,0.03173447242349428
47916,1.9,-9.0,0.01722311451495095
47917,1.9,-8.0,0.02051740916116655
47918,1.9,-7.0,0.04065117249933552
47919,1.9,-6.0,0.020452194561412722
47920,1.9,-5.0,0.008958813567095165
47921,1.9,-4.0,0.02801447782226847
47922,1.9,-3.0,0.05913668075493749
47923,1.9,-2.0,0.028445668406858516
47924,1.9,-1.0,0.008773788243886404
47925,1.9,0.0,0.0007314300927168796
47926,1.9,1.0,0.009442275167772182
47927,1.9,2.0,0.03233750887848659
47928,1.9,3.0,0.07144279076214395
47929,1.9,4.0,0.03228528472521958
47930,1.9,5.0,0.008162222137150442
47931,1.9,6.0,0.020382569246100154
47932,1.9,7.0,0.042281610636819296
47933,1.9,8.0,0.02083873213072007
47934,1.9,9.0,0.016949166744184067
47935,1.9,10.0,0.03198089061045229
47936,1.9,11.0,0.015538037256166051
47937,1.9,12.0,0.005450262273593707
47938,1.9,13.0,0.011849791941860177
47939,1.9,14.0,0.02312030475589542
47940,1.9,15.0,0.011790152612794813
47941,1.9,16.0,0.010042683177047691
47942,1.9,17.0,0.018433379424708005
47943,1.9,18.0,0.009034304427286135
47944,1.9,19.0,0.003253663851059635
47945,1.9,20.0,0.007051714432422795
47946,1.9,21.0,0.013770196174840594
47947,1.9,22.0,0.00689165442460897
47948,1.9,23.0,0.005916407010853237
47949,1.9,24.0,0.011132242711998145
47950,1.9,25.0,0.005246919625852176
47951,1.9,26.0,0.001635929745072719
47952,1.9,27.0,0.0041036790487939115
47953,1.9,28.0,0.008457471272971782
47954,1.9,29.0,0.004028159127236415
47955,1.9,30.0,0.003468068691437696
47956,1.9,31.0,0.006943489574279029
47957,1.9,32.0,0.0030838787585857623
47958,1.9,33.0,0.000731173948529714
47959,1.9,34.0,0.002436301281362399
47960,1.9,35.0,0.005412549635904597
47961,1.9,36.0,0.0024501812191479047
47962,1.9,37.0,0.0021257545785977865
47963,1.9,38.0,0.004543549944122292
47964,1.9,39.0,0.002022780625406362
47965,1.9,40.0,0.0017630154583459985
47966,1.9,41.0,0.0038481552790800336
47967,1.9,42.0,0.001604841089687373
47968,1.9,43.0,0.0002487420417932363
47969,1.9,44.0,0.001306311933118377
47970,1.9,45.0,0.0031245172599776803
47971,1.9,46.0,0.001287248262611655
47972,1.9,47.0,0.00010906401703767738
47973,1.9,48.0,1.9948988160478773e-05
47974,1.9,49.0,1.482376533543955e-05
47975,1.9,50.0,1.1501794603948138e-05
47976,1.9,51.0,8.877903338866862e-06
47977,1.9,52.0,6.8161846128991294e-06
47978,1.9,53.0,5.205451260324893e-06
47979,1.9,54.0,3.954226404855148e-06
47980,1.9,55.0,2.9877949352511698e-06
47981,1.9,56.0,2.2455676809466265e-06
47982,1.9,57.0,1.6787561591612478e-06
47983,1.9,58.0,1.2483466394356374e-06
47984,1.9,59.0,9.233553745230276e-07
47985,1.9,60.0,6.793423259395222e-07
47986,1.9,61.0,4.971581620333077e-07
47987,1.9,62.0,3.6189833183369886e-07
47988,1.9,63.0,2.6203825351473154e-07
47989,1.9,64.0,1.8872477603872934e-07
47990,1.9,65.0,1.352007960305559e-07
47991,1.9,66.0,9.63420062920502e-08
47992,1.9,67.0,6.828703105339258e-08
47993,1.9,68.0,4.814452248873111e-08
47994,1.9,69.0,3.3763047799931855e-08
47995,1.9,70.0,2.3551713581504698e-08
47996,1.9,71.0,1.6341408484446487e-08
47997,1.9,72.0,1.1278272112608004e-08
47998,1.9,73.0,7.742509710336086e-09
47999,1.9,74.0,5.2869725584594495e-09
48000,2.0,-75.0,9.520377753001254e-10
48001,2.0,-74.0,1.4310900370062113e-09
48002,2.0,-73.0,2.1397638397698095e-09
48003,2.0,-72.0,3.1823712223270457e-09
48004,2.0,-71.0,4.707842686055801e-09
48005,2.0,-70.0,6.927541819788187e-09
48006,2.0,-69.0,1.0139638720621835e-08
48007,2.0,-68.0,1.4762228347708901e-08
48008,2.0,-67.0,2.137801962346899e-08
48009,2.0,-66.0,3.079421528838675e-08
48010,2.0,-65.0,4.412217713741241e-08
48011,2.0,-64.0,6.288265260992102e-08
48012,2.0,-63.0,8.91437517631649e-08
48013,2.0,-62.0,1.2570052979022277e-07
48014,2.0,-61.0,1.7630696408409162e-07
48015,2.0,-60.0,2.4597332039104515e-07
48016,2.0,-59.0,3.413443683944804e-07
48017,2.0,-58.0,4.711766006167553e-07
48018,2.0,-57.0,6.469354698980628e-07
48019,2.0,-56.0,8.835365957299943e-07
48020,2.0,-55.0,1.2002577629932307e-06
48021,2.0,-54.0,1.6218511650154455e-06
48022,2.0,-53.0,2.179887489970924e-06
48023,2.0,-52.0,2.914364822493819e-06
48024,2.0,-51.0,3.87561558092462e-06
48025,2.0,-50.0,5.1265434314966515e-06
48026,2.0,-49.0,6.745218866437848e-06
48027,2.0,-48.0,8.827857051977578e-06
48028,2.0,-47.0,1.1494219052067276e-05
48029,2.0,-46.0,1.597540667573645e-05
48030,2.0,-45.0,0.00011690550724220011
48031,2.0,-44.0,0.001473348836367678
48032,2.0,-43.0,0.0036939873831733985
48033,2.0,-42.0,0.003080044504991745
48034,2.0,-41.0,0.004060598144747732
48035,2.0,-40.0,0.0017812523036640768
48036,2.0,-39.0,0.002030113098140936
48037,2.0,-38.0,0.004628195810658759
48038,2.0,-37.0,0.001966548108177606
48039,2.0,-36.0,0.00042437444847044057
48040,2.0,-35.0,0.002440718157824655
48041,2.0,-34.0,0.005771069532846362
48042,2.0,-33.0,0.0027039335443432002
48043,2.0,-32.0,0.003118456758295875
48044,2.0,-31.0,0.006890500643083175
48045,2.0,-30.0,0.003313829402689009
48046,2.0,-29.0,0.0038378351691912183
48047,2.0,-28.0,0.008309208941491508
48048,2.0,-27.0,0.0038697111471567174
48049,2.0,-26.0,0.0013367572970441933
48050,2.0,-25.0,0.004938827715699693
48051,2.0,-24.0,0.010840730251445814
48052,2.0,-23.0,0.005587933280892017
48053,2.0,-22.0,0.0065106998396634065
48054,2.0,-21.0,0.013369200966264087
48055,2.0,-20.0,0.006688808942938582
48056,2.0,-19.0,0.0029037084315754603
48057,2.0,-18.0,0.008593737466404848
48058,2.0,-17.0,0.017879930150496853
48059,2.0,-16.0,0.009688129244186706
48060,2.0,-15.0,0.011331131598768258
48061,2.0,-14.0,0.02238705274599142
48062,2.0,-13.0,0.011584921340918857
48063,2.0,-12.0,0.005449755969555191
48064,2.0,-11.0,0.014983564023252264
48065,2.0,-10.0,0.030549817903938375
48066,2.0,-9.0,0.016586354209028407
48067,2.0,-8.0,0.01974834324177833
48068,2.0,-7.0,0.03911084886431687
48069,2.0,-6.0,0.01969407206709086
48070,2.0,-5.0,0.008644455817390515
48071,2.0,-4.0,0.026927194813284122
48072,2.0,-3.0,0.05678821987453292
48073,2.0,-2.0,0.027352577414370274
48074,2.0,-1.0,0.008486360316409586
48075,2.0,0.0,0.0007097742299102502
48076,2.0,1.0,0.009207988735039524
48077,2.0,2.0,0.03709065409235399
48078,2.0,3.0,0.07422232760243366
48079,2.0,4.0,0.033482061595256615
48080,2.0,5.0,0.00837576549177771
48081,2.0,6.0,0.02095284625025462
48082,2.0,7.0,0.04352064182287436
48083,2.0,8.0,0.021429147103471328
48084,2.0,9.0,0.017405027939601494
48085,2.0,10.0,0.032865260023081634
48086,2.0,11.0,0.015958855458594816
48087,2.0,12.0,0.00558712279038042
48088,2.0,13.0,0.0121609591931265
48089,2.0,14.0,0.023737968567080523
48090,2.0,15.0,0.012104206469206987
48091,2.0,16.0,0.010307548225970483
48092,2.0,17.0,0.018919951206141036
48093,2.0,18.0,0.009275207762405433
48094,2.0,19.0,0.0033435274217785654
48095,2.0,20.0,0.007239241883662247
48096,2.0,21.0,0.01413023492274652
48097,2.0,22.0,0.0070757399229619865
48098,2.0,23.0,0.006074221630200884
48099,2.0,24.0,0.011421379205638382
48100,2.0,25.0,0.005387394823491294
48101,2.0,26.0,0.0016849240377447465
48102,2.0,27.0,0.004213326660992758
48103,2.0,28.0,0.008674616435869349
48104,2.0,29.0,0.004134833547291633
48105,2.0,30.0,0.003559669524191008
48106,2.0,31.0,0.007119780002420517
48107,2.0,32.0,0.0031648265875192892
48108,2.0,33.0,0.0007537587965948023
48109,2.0,34.0,0.002499661138739687
48110,2.0,35.0,0.005547611724069147
48111,2.0,36.0,0.002512866142651181
48112,2.0,37.0,0.002179824283447979
48113,2.0,38.0,0.004655410224328949
48114,2.0,39.0,0.002073569312853208
48115,2.0,40.0,0.0018069955603969325
48116,2.0,41.0,0.003941694253951821
48117,2.0,42.0,0.0016444884390951105
48118,2.0,43.0,0.0002557311529326026
48119,2.0,44.0,0.0013381791364229863
48120,2.0,45.0,0.003199350714559933
48121,2.0,46.0,0.001318371778316419
48122,2.0,47.0,0.00011213139241703578
48123,2.0,48.0,2.0809631533892127e-05
48124,2.0,49.0,1.548590199110465e-05
48125,2.0,50.0,1.2021980180598903e-05
48126,2.0,51.0,9.284364914254504e-06
48127,2.0,52.0,7.132052367172559e-06
48128,2.0,53.0,5.4495789966292285e-06
48129,2.0,54.0,4.141879779618293e-06
48130,2.0,55.0,3.1312528121491235e-06
48131,2.0,56.0,2.354641992377499e-06
48132,2.0,57.0,1.7612367710327984e-06
48133,2.0,58.0,1.310378354978782e-06
48134,2.0,59.0,9.697544583752851e-07
48135,2.0,60.0,7.138598667822962e-07
48136,2.0,61.0,5.226972988482417e-07
48137,2.0,62.0,3.806919140999894e-07
48138,2.0,63.0,2.7579294773912344e-07
48139,2.0,64.0,1.9873701770994214e-07
48140,2.0,65.0,1.4244935516850807e-07
48141,2.0,66.0,1.0156131475604941e-07
48142,2.0,67.0,7.202483111459843e-08
48143,2.0,68.0,5.080685241676329e-08
48144,2.0,69.0,3.5649089289285577e-08
48145,2.0,70.0,2.4880591242672244e-08
48146,2.0,71.0,1.727265348983726e-08
48147,2.0,72.0,1.1927338160361695e-08
48148,2.0,73.0,8.192455889587888e-09
48149,2.0,74.0,5.59719965243947e-09
48150,2.1,-75.0,8.785618219038822e-10
48151,2.1,-74.0,1.3213458151597611e-09
48152,2.1,-73.0,1.9767273377587006e-09
48153,2.1,-72.0,2.9414613898689813e-09
48154,2.1,-71.0,4.353771628783917e-09
48155,2.1,-70.0,6.409944183293096e-09
48156,2.1,-69.0,9.38704633551849e-09
48157,2.1,-68.0,1.3673817774412945e-08
48158,2.1,-67.0,1.981238363661233e-08
48159,2.1,-66.0,2.855418620024775e-08
48160,2.1,-65.0,4.093445070002932e-08
48161,2.1,-64.0,5.837061559380998e-08
48162,2.1,-63.0,8.279149297623796e-08
48163,2.1,-62.0,1.1680550171093949e-07
48164,2.1,-61.0,1.6391814911428336e-07
48165,2.1,-60.0,2.2881103172572777e-07
48166,2.1,-59.0,3.176969725534437e-07
48167,2.1,-58.0,4.387684822226023e-07
48168,2.1,-57.0,6.027594699883141e-07
48169,2.1,-56.0,8.236429506501546e-07
48170,2.1,-55.0,1.1194902690977512e-06
48171,2.1,-54.0,1.513519924272612e-06
48172,2.1,-53.0,2.035366196797853e-06
48173,2.1,-52.0,2.72259919321321e-06
48174,2.1,-51.0,3.622528283487247e-06
48175,2.1,-50.0,4.794319844261604e-06
48176,2.1,-49.0,6.311457301481461e-06
48177,2.1,-48.0,8.264566834588294e-06
48178,2.1,-47.0,1.0766563038793457e-05
48179,2.1,-46.0,1.499360581799076e-05
48180,2.1,-45.0,0.00011150455690237772
48181,2.1,-44.0,0.0014094743873700171
48182,2.1,-43.0,0.0035344120551079215
48183,2.1,-42.0,0.002946634133196226
48184,2.1,-41.0,0.003884624542799641
48185,2.1,-40.0,0.00170336473770879
48186,2.1,-39.0,0.001941036496044599
48187,2.1,-38.0,0.004426429458633535
48188,2.1,-37.0,0.0018796463067732362
48189,2.1,-36.0,0.000403835799118641
48190,2.1,-35.0,0.0023320986387830468
48191,2.1,-34.0,0.005517180679090078
48192,2.1,-33.0,0.002582906113764429
48193,2.1,-32.0,0.002978424260303346
48194,2.1,-31.0,0.006585084117023907
48195,2.1,-30.0,0.0031639657056197943
48196,2.1,-29.0,0.0036638132692506375
48197,2.1,-28.0,0.00793812303830916
48198,2.1,-27.0,0.003692799990139581
48199,2.1,-26.0,0.0012702692166793328
48200,2.1,-25.0,0.0047121938949634375
48201,2.1,-24.0,0.010352150048718355
48202,2.1,-23.0,0.005331066943093717
48203,2.1,-22.0,0.006211094655879506
48204,2.1,-21.0,0.012763267070131779
48205,2.1,-20.0,0.006380284804483638
48206,2.1,-19.0,0.0027635735179712237
48207,2.1,-18.0,0.008197036058163286
48208,2.1,-17.0,0.01706474503427127
48209,2.1,-16.0,0.00924255332597478
48210,2.1,-15.0,0.010808997850760503
48211,2.1,-14.0,0.021362192218371538
48212,2.1,-13.0,0.011053710562959083
48213,2.1,-12.0,0.005199384263995148
48214,2.1,-11.0,0.014293011506403204
48215,2.1,-10.0,0.029140107774417064
48216,2.1,-9.0,0.01582670651040472
48217,2.1,-8.0,0.018834083875122608
48218,2.1,-7.0,0.03728483766517942
48219,2.1,-6.0,0.018790419922106907
48220,2.1,-5.0,0.008264530305925466
48221,2.1,-4.0,0.025646448896785884
48222,2.1,-3.0,0.05403721361943184
48223,2.1,-2.0,0.02606206301286748
48224,2.1,-1.0,0.00813291908514314
48225,2.1,0.0,0.0006824438354673494
48226,2.1,1.0,0.008899579257300371
48227,2.1,2.0,0.04063864915602162
48228,2.1,3.0,0.07783231599421855
48229,2.1,4.0,0.03504653717309069
48230,2.1,5.0,0.008670364856433094
48231,2.1,6.0,0.02172455189989253
48232,2.1,7.0,0.045182184501512276
48233,2.1,8.0,0.02222595348658201
48234,2.1,9.0,0.01802629358849316
48235,2.1,10.0,0.03406372369606757
48236,2.1,11.0,0.01653142504671351
48237,2.1,12.0,0.005776161672488619
48238,2.1,13.0,0.012586889901437394
48239,2.1,14.0,0.024580612476214257
48240,2.1,15.0,0.012532785123631757
48241,2.1,16.0,0.010669707297292916
48242,2.1,17.0,0.01958535486753033
48243,2.1,18.0,0.009603832615306366
48244,2.1,19.0,0.0034650882987909506
48245,2.1,20.0,0.00749517697331153
48246,2.1,21.0,0.01462358961283019
48247,2.1,22.0,0.007326773148678989
48248,2.1,23.0,0.006289489572329404
48249,2.1,24.0,0.011818166977219182
48250,2.1,25.0,0.005578879684765354
48251,2.1,26.0,0.0017501602738900074
48252,2.1,27.0,0.004362862835047664
48253,2.1,28.0,0.00897339353084393
48254,2.1,29.0,0.0042806137869479295
48255,2.1,30.0,0.0036849261173641404
48256,2.1,31.0,0.007362964962678226
48257,2.1,32.0,0.0032756760292789577
48258,2.1,33.0,0.0007836788770706008
48259,2.1,34.0,0.00258660869151241
48260,2.1,35.0,0.005734664386256498
48261,2.1,36.0,0.0025992027656681783
48262,2.1,37.0,0.0022543940085698257
48263,2.1,38.0,0.004810810492566145
48264,2.1,39.0,0.0021438185266623487
48265,2.1,40.0,0.0018679181245996664
48266,2.1,41.0,0.0040720255094767385
48267,2.1,42.0,0.0016995302325107668
48268,2.1,43.0,0.0002651734998684099
48269,2.1,44.0,0.001382548921040793
48270,2.1,45.0,0.003303978324386426
48271,2.1,46.0,0.001361793970271383
48272,2.1,47.0,0.00011627600508245014
48273,2.1,48.0,2.1892052111112293e-05
48274,2.1,49.0,1.6314899090906906e-05
48275,2.1,50.0,1.2672324768402716e-05
48276,2.1,51.0,9.79183030132007e-06
48277,2.1,52.0,7.525885197239534e-06
48278,2.1,53.0,5.7535700831399776e-06
48279,2.1,54.0,4.375254633543199e-06
48280,2.1,55.0,3.309446515720927e-06
48281,2.1,56.0,2.48996652048196e-06
48282,2.1,57.0,1.8634500508260108e-06
48283,2.1,58.0,1.38716496676343e-06
48284,2.1,59.0,1.0271280165889863e-06
48285,2.1,60.0,7.564968890425268e-07
48286,2.1,61.0,5.542118721289448e-07
48287,2.1,62.0,4.0385978598485556e-07
48288,2.1,63.0,2.927328791673089e-07
48289,2.1,64.0,2.110563898609585e-07
48290,2.1,65.0,1.513601723898668e-07
48291,2.1,66.0,1.0797192135068008e-07
48292,2.1,67.0,7.661188589518625e-08
48293,2.1,68.0,5.40713962419883e-08
48294,2.1,69.0,3.795990550567722e-08
48295,2.1,70.0,2.6507499913956055e-08
48296,2.1,71.0,1.8411896384978354e-08
48297,2.1,72.0,1.272079878858036e-08
48298,2.1,73.0,8.742111709575475e-09
48299,2.1,74.0,5.975915223437387e-09
48300,2.2,-75.0,8.477983229493182e-10
48301,2.2,-74.0,1.2757574376369703e-09
48302,2.2,-73.0,1.90954445340106e-09
48303,2.2,-72.0,2.8430044911268873e-09
48304,2.2,-71.0,4.210284348639496e-09
48305,2.2,-70.0,6.201995108834118e-09
48306,2.2,-69.0,9.08735558265074e-09
48307,2.2,-68.0,1.3244322187667299e-08
48308,2.2,-67.0,1.920030229452468e-08
48309,2.2,-66.0,2.7686784019884633e-08
48310,2.2,-65.0,3.971212074188253e-08
48311,2.2,-64.0,5.665780871851806e-08
48312,2.2,-63.0,8.04049156723153e-08
48313,2.2,-62.0,1.1349887863166995e-07
48314,2.2,-61.0,1.5936270641721139e-07
48315,2.2,-60.0,2.2257070219067897e-07
48316,2.2,-59.0,3.0919715677528766e-07
48317,2.2,-58.0,4.272570271266851e-07
48318,2.2,-57.0,5.872583542698725e-07
48319,2.2,-56.0,8.028890073366963e-07
48320,2.2,-55.0,1.0918631426443314e-06
48321,2.2,-54.0,1.4769553716786907e-06
48322,2.2,-53.0,1.9872528215154313e-06
48323,2.2,-52.0,2.659656773462996e-06
48324,2.2,-51.0,3.5406660530210562e-06
48325,2.2,-50.0,4.688473436451489e-06
48326,2.2,-49.0,6.175403611240812e-06
48327,2.2,-48.0,8.090716821466131e-06
48328,2.2,-47.0,1.0545734956578122e-05
48329,2.2,-46.0,1.4715548076633305e-05
48330,2.2,-45.0,0.00011122378830011446
48331,2.2,-44.0,0.0014100620038604741
48332,2.2,-43.0,0.003536447124117733
48333,2.2,-42.0,0.0029479776496636584
48334,2.2,-41.0,0.0038863035996921547
48335,2.2,-40.0,0.0017034161676703877
48336,2.2,-39.0,0.001940788586745014
48337,2.2,-38.0,0.004427154800545377
48338,2.2,-37.0,0.0018787971039286406
48339,2.2,-36.0,0.00040188530507404154
48340,2.2,-35.0,0.002330282062120171
48341,2.2,-34.0,0.005515795814705021
48342,2.2,-33.0,0.0025802018296995697
48343,2.2,-32.0,0.002974853433503752
48344,2.2,-31.0,0.00658115627547492
48345,2.2,-30.0,0.003159114066539548
48346,2.2,-29.0,0.0036577314092581005
48347,2.2,-28.0,0.007930602363562876
48348,2.2,-27.0,0.0036852210570433677
48349,2.2,-26.0,0.0012622917006044044
48350,2.2,-25.0,0.00470166599394043
48351,2.2,-24.0,0.010337893316801513
48352,2.2,-23.0,0.005318691668359801
48353,2.2,-22.0,0.006196351904030809
48354,2.2,-21.0,0.012742274720607008
48355,2.2,-20.0,0.006364386816661502
48356,2.2,-19.0,0.0027504315711678945
48357,2.2,-18.0,0.00817629590949554
48358,2.2,-17.0,0.01703184857213033
48359,2.2,-16.0,0.009220778404248503
48360,2.2,-15.0,0.010782567022861981
48361,2.2,-14.0,0.021316848326883898
48362,2.2,-13.0,0.011029245157817827
48363,2.2,-12.0,0.005187239143286837
48364,2.2,-11.0,0.014257994726713288
48365,2.2,-10.0,0.029067299067311512
48366,2.2,-9.0,0.015792697884111327
48367,2.2,-8.0,0.018784069895326168
48368,2.2,-7.0,0.03717096032802262
48369,2.2,-6.0,0.018748583022710142
48370,2.2,-5.0,0.008262616058798135
48371,2.2,-4.0,0.025545581642973585
48372,2.2,-3.0,0.053775675611984645
48373,2.2,-2.0,0.025970038954899043
48374,2.2,-1.0,0.008150562651240381
48375,2.2,0.0,0.0006861812109478418
48376,2.2,1.0,0.008997830785292139
48377,2.2,2.0,0.041654225902375205
48378,2.2,3.0,0.07864470129846479
48379,2.2,4.0,0.03534554143977718
48380,2.2,5.0,0.008642581026835235
48381,2.2,6.0,0.0216851188912128
48382,2.2,7.0,0.04515925068565134
48383,2.2,8.0,0.02219306003747548
48384,2.2,9.0,0.01797306853829709
48385,2.2,10.0,0.033988684336966196
48386,2.2,11.0,0.016485436723226426
48387,2.2,12.0,0.00574842918851444
48388,2.2,13.0,0.012541253301103698
48389,2.2,14.0,0.024503008284489376
48390,2.2,15.0,0.012491989845229463
48391,2.2,16.0,0.010632110350844047
48392,2.2,17.0,0.01951720332680594
48393,2.2,18.0,0.00957273037126956
48394,2.2,19.0,0.003456839226011295
48395,2.2,20.0,0.007470322837707406
48396,2.2,21.0,0.014569083123792698
48397,2.2,22.0,0.007303388035793744
48398,2.2,23.0,0.006269177365736394
48399,2.2,24.0,0.011772145634110907
48400,2.2,25.0,0.005561439132882135
48401,2.2,26.0,0.0017499888704806935
48402,2.2,27.0,0.004349014514309514
48403,2.2,28.0,0.008935895325882083
48404,2.2,29.0,0.0042660787146315896
48405,2.2,30.0,0.0036721735805360285
48406,2.2,31.0,0.00733017789457822
48407,2.2,32.0,0.0032638379068379766
48408,2.2,33.0,0.0007843610029593964
48409,2.2,34.0,0.0025766652521107625
48410,2.2,35.0,0.005706712648022028
48411,2.2,36.0,0.002588146619743414
48412,2.2,37.0,0.002244483350553457
48413,2.2,38.0,0.004785799102278542
48414,2.2,39.0,0.0021337102876523685
48415,2.2,40.0,0.0018588170910214146
48416,2.2,41.0,0.004049613170714381
48417,2.2,42.0,0.001690847891902446
48418,2.2,43.0,0.0002647078845876694
48419,2.2,44.0,0.001375067310339542
48420,2.2,45.0,0.003284635885114238
48421,2.2,46.0,0.0013541324488805734
48422,2.2,47.0,0.00011607761108686334
48423,2.2,48.0,2.2169974352404878e-05
48424,2.2,49.0,1.6545521292658818e-05
48425,2.2,50.0,1.2858334979576043e-05
48426,2.2,51.0,9.940854310345542e-06
48427,2.2,52.0,7.644495143665655e-06
48428,2.2,53.0,5.847362479937063e-06
48429,2.2,54.0,4.448948022468096e-06
48430,2.2,55.0,3.3669816889132216e-06
48431,2.2,56.0,2.534604984853861e-06
48432,2.2,57.0,1.8978676465571243e-06
48433,2.2,58.0,1.4135385839810458e-06
48434,2.2,59.0,1.0472141943409021e-06
48435,2.2,60.0,7.717017415639959e-07
48436,2.2,61.0,5.656522878881979e-07
48437,2.2,62.0,4.124162065616187e-07
48438,2.2,63.0,2.990942100773227e-07
48439,2.2,64.0,2.157577458683739e-07
48440,2.2,65.0,1.5481423600062398e-07
48441,2.2,66.0,1.1049471323400747e-07
48442,2.2,67.0,7.844372560495622e-08
48443,2.2,68.0,5.539378385867286e-08
48444,2.2,69.0,3.890899020857693e-08
48445,2.2,70.0,2.7184728196677604e-08
48446,2.2,71.0,1.889235674956999e-08
48447,2.2,72.0,1.305970563746667e-08
48448,2.2,73.0,8.979801692703478e-09
48449,2.2,74.0,6.141666234219e-09
48450,2.3,-75.0,8.179241337112423e-10
48451,2.3,-74.0,1.2314590300311415e-09
48452,2.3,-73.0,1.8442212459736918e-09
48453,2.3,-72.0,2.7472120500547473e-09
48454,2.3,-71.0,4.070590865528805e-09
48455,2.3,-70.0,5.999414030628405e-09
48456,2.3,-69.0,8.795212279229315e-09
48457,2.3,-68.0,1.2825370787990456e-08
48458,2.3,-67.0,1.8602856990304777e-08
48459,2.3,-66.0,2.68395655726045e-08
48460,2.3,-65.0,3.8517441986929906e-08
48461,2.3,-64.0,5.498263102300007e-08
48462,2.3,-63.0,7.806920035860578e-08
48463,2.3,-62.0,1.1026053264681747e-07
48464,2.3,-61.0,1.5489828014967924e-07
48465,2.3,-60.0,2.1645084062389748e-07
48466,2.3,-59.0,3.0085563602119854e-07
48467,2.3,-58.0,4.159520317511243e-07
48468,2.3,-57.0,5.720244742041582e-07
48469,2.3,-56.0,7.824782671191533e-07
48470,2.3,-55.0,1.064673234329462e-06
48471,2.3,-54.0,1.440943163973729e-06
48472,2.3,-53.0,1.9398311836673258e-06
48473,2.3,-52.0,2.5975728093541287e-06
48474,2.3,-51.0,3.4598590188490594e-06
48475,2.3,-50.0,4.583910947297378e-06
48476,2.3,-49.0,6.04089526256084e-06
48477,2.3,-48.0,7.91870509612308e-06
48478,2.3,-47.0,1.0327065392278785e-05
48479,2.3,-46.0,1.4439809724613103e-05
48480,2.3,-45.0,0.00011092979162871814
48481,2.3,-44.0,0.001410414543569897
48482,2.3,-43.0,0.003537883426006398
48483,2.3,-42.0,0.00294882530424234
48484,2.3,-41.0,0.0038873279335720503
48485,2.3,-40.0,0.0017031892311400675
48486,2.3,-39.0,0.001940224337524364
48487,2.3,-38.0,0.0044271409346614814
48488,2.3,-37.0,0.0018776470071455711
48489,2.3,-36.0,0.00039988900889422244
48490,2.3,-35.0,0.0023280939964358213
48491,2.3,-34.0,0.005513500005171043
48492,2.3,-33.0,0.0025770886320516857
48493,2.3,-32.0,0.002970810414846996
48494,2.3,-31.0,0.006576147842522201
48495,2.3,-30.0,0.0031537623347057202
48496,2.3,-29.0,0.003651068320787755
48497,2.3,-28.0,0.007921782257840907
48498,2.3,-27.0,0.003677054358718372
48499,2.3,-26.0,0.0012541306177240904
48500,2.3,-25.0,0.004690379359856676
48501,2.3,-24.0,0.010321936648172502
48502,2.3,-23.0,0.005305440947489127
48503,2.3,-22.0,0.006180586390452732
48504,2.3,-21.0,0.012719175558874146
48505,2.3,-20.0,0.006347409716736686
48506,2.3,-19.0,0.002736785198076737
48507,2.3,-18.0,0.008154166095087007
48508,2.3,-17.0,0.016996125828192033
48509,2.3,-16.0,0.009197397949823797
48510,2.3,-15.0,0.010754287806377324
48511,2.3,-14.0,0.021267996883265333
48512,2.3,-13.0,0.01100282851939391
48513,2.3,-12.0,0.005174021996178703
48514,2.3,-11.0,0.014220580040050662
48515,2.3,-10.0,0.028989935414140945
48516,2.3,-9.0,0.01575601200887366
48517,2.3,-8.0,0.018731138149435465
48518,2.3,-7.0,0.0370518344511835
48519,2.3,-6.0,0.018703776317701058
48520,2.3,-5.0,0.00825911695148735
48521,2.3,-4.0,0.025442157554260745
48522,2.3,-3.0,0.05350990418161093
48523,2.3,-2.0,0.025875384805202836
48524,2.3,-1.0,0.008166625145152264
48525,2.3,0.0,0.0006898173465503189
48526,2.3,1.0,0.009099038448143235
48527,2.3,2.0,0.042732608460044695
48528,2.3,3.0,0.07953012639921761
48529,2.3,4.0,0.035673399154775125
48530,2.3,5.0,0.008615111459201458
48531,2.3,6.0,0.021640720112962277
48532,2.3,7.0,0.04512627083407457
48533,2.3,8.0,0.0221549531151772
48534,2.3,9.0,0.017915009007684255
48535,2.3,10.0,0.033904599791326644
48536,2.3,11.0,0.016434900450296046
48537,2.3,12.0,0.005718898064789443
48538,2.3,13.0,0.012491941686357784
48539,2.3,14.0,0.024418459677138266
48540,2.3,15.0,0.012447524343885252
48541,2.3,16.0,0.01059133726578611
48542,2.3,17.0,0.019443433139275705
48543,2.3,18.0,0.009538758811445952
48544,2.3,19.0,0.0034474180688043622
48545,2.3,20.0,0.007443204576712448
48546,2.3,21.0,0.014510371432171073
48547,2.3,22.0,0.0072778177228723945
48548,2.3,23.0,0.006246985529056205
48549,2.3,24.0,0.011722749872831648
48550,2.3,25.0,0.00554234780058701
48551,2.3,26.0,0.0017492305766527686
48552,2.3,27.0,0.004333885150643142
48553,2.3,28.0,0.00889587730262958
48554,2.3,29.0,0.00425031262729348
48555,2.3,30.0,0.0036583673802607023
48556,2.3,31.0,0.007295353679947551
48557,2.3,32.0,0.0032510768580683628
48558,2.3,33.0,0.0007848021399846181
48559,2.3,34.0,0.0025660041463169436
48560,2.3,35.0,0.005677204057538402
48561,2.3,36.0,0.0025763801167816252
48562,2.3,37.0,0.0022339612288867646
48563,2.3,38.0,0.004759497060968197
48564,2.3,39.0,0.0021230260119407167
48565,2.3,40.0,0.0018492176043859406
48566,2.3,41.0,0.004026118531825213
48567,2.3,42.0,0.0016817144047610144
48568,2.3,43.0,0.0002641729341527105
48569,2.3,44.0,0.0013672221807814384
48570,2.3,45.0,0.0032644232043252115
48571,2.3,46.0,0.0013461132614613761
48572,2.3,47.0,0.00011585019946322846
48573,2.3,48.0,2.244371803182059e-05
48574,2.3,49.0,1.6773324472951085e-05
48575,2.3,50.0,1.3042348024131227e-05
48576,2.3,51.0,1.0088489534572429e-05
48577,2.3,52.0,7.762160833844337e-06
48578,2.3,53.0,5.94053055576462e-06
48579,2.3,54.0,4.5222434504945905e-06
48580,2.3,55.0,3.4242759083056017e-06
48581,2.3,56.0,2.5791088383831076e-06
48582,2.3,57.0,1.932220549791968e-06
48583,2.3,58.0,1.4398917092039192e-06
48584,2.3,59.0,1.0673063001379754e-06
48585,2.3,60.0,7.869269563922221e-07
48586,2.3,61.0,5.771196736359925e-07
48587,2.3,62.0,4.210013067292164e-07
48588,2.3,63.0,3.054830484197918e-07
48589,2.3,64.0,2.2048390659549204e-07
48590,2.3,65.0,1.582897460051526e-07
48591,2.3,66.0,1.1303547839553872e-07
48592,2.3,67.0,8.02902626641791e-08
48593,2.3,68.0,5.672794981676932e-08
48594,2.3,69.0,3.986735333213825e-08
48595,2.3,70.0,2.786915684143009e-08
48596,2.3,71.0,1.937833063924918e-08
48597,2.3,72.0,1.340278346595014e-08
48598,2.3,73.0,9.220612017131834e-09
48599,2.3,74.0,6.309727487646156e-09
48600,2.4,-75.0,7.888991842382873e-10
48601,2.4,-74.0,1.1883923326961118e-09
48602,2.4,-73.0,1.7806734506931965e-09
48603,2.4,-72.0,2.653962820470905e-09
48604,2.4,-71.0,3.934517619627697e-09
48605,2.4,-70.0,5.801953772837709e-09
48606,2.4,-69.0,8.51026619304613e-09
48607,2.4,-68.0,1.241646981296095e-08
48608,2.4,-67.0,1.8019355077578105e-08
48609,2.4,-66.0,2.6011564012161264e-08
48610,2.4,-65.0,3.7349071431062106e-08
48611,2.4,-64.0,5.3343226011011166e-08
48612,2.4,-63.0,7.578179297413851e-08
48613,2.4,-62.0,1.0708696661350766e-07
48614,2.4,-61.0,1.5052010418444755e-07
48615,2.4,-60.0,2.1044498135061403e-07
48616,2.4,-59.0,2.9266367888200284e-07
48617,2.4,-58.0,4.04841757836915e-07
48618,2.4,-57.0,5.570421189797648e-07
48619,2.4,-56.0,7.623897938991363e-07
48620,2.4,-55.0,1.0378927648465426e-06
48621,2.4,-54.0,1.4054465981791703e-06
48622,2.4,-53.0,1.8930529928987012e-06
48623,2.4,-52.0,2.536284027295585e-06
48624,2.4,-51.0,3.3800246133026754e-06
48625,2.4,-50.0,4.480525065904399e-06
48626,2.4,-49.0,5.907793342485865e-06
48627,2.4,-48.0,7.74835254701585e-06
48628,2.4,-47.0,1.0110324252014148e-05
48629,2.4,-46.0,1.4166066609874805e-05
48630,2.4,-45.0,0.00011061952498928454
48631,2.4,-44.0,0.0014104919995864041
48632,2.4,-43.0,0.003538620427566913
48633,2.4,-42.0,0.0029490934639459444
48634,2.4,-41.0,0.0038875873666707186
48635,2.4,-40.0,0.0017026359492709996
48636,2.4,-39.0,0.0019392892664219085
48637,2.4,-38.0,0.004426263012456607
48638,2.4,-37.0,0.0018761436169016262
48639,2.4,-36.0,0.00039783661449632637
48640,2.4,-35.0,0.0023254699290194123
48641,2.4,-34.0,0.0055101390538789576
48642,2.4,-33.0,0.002573495552794226
48643,2.4,-32.0,0.0029662136779964924
48644,2.4,-31.0,0.006569876247712803
48645,2.4,-30.0,0.003147824668961435
48646,2.4,-29.0,0.0036437249200994394
48647,2.4,-28.0,0.007911444489667673
48648,2.4,-27.0,0.00366820112115225
48649,2.4,-26.0,0.0012457556410511387
48650,2.4,-25.0,0.004678208551852446
48651,2.4,-24.0,0.010303998408288795
48652,2.4,-23.0,0.005291173389998454
48653,2.4,-22.0,0.0061636334742284265
48654,2.4,-21.0,0.012693624484095504
48655,2.4,-20.0,0.006329185190048687
48656,2.4,-19.0,0.002722566369124317
48657,2.4,-18.0,0.008130430071289932
48658,2.4,-17.0,0.016957117665237144
48659,2.4,-16.0,0.009172166840598042
48660,2.4,-15.0,0.01072387318834202
48661,2.4,-14.0,0.02121506381217639
48662,2.4,-13.0,0.010974165634596118
48663,2.4,-12.0,0.005159595745849374
48664,2.4,-11.0,0.014180384367092817
48665,2.4,-10.0,0.028907232609205247
48666,2.4,-9.0,0.015716220750806045
48667,2.4,-8.0,0.01867477780800223
48668,2.4,-7.0,0.036926451082790156
48669,2.4,-6.0,0.01865548456184973
48670,2.4,-5.0,0.008253795406216404
48671,2.4,-4.0,0.02533544138358784
48672,2.4,-3.0,0.053238354812614117
48673,2.4,-2.0,0.02577734708569513
48674,2.4,-1.0,0.008180859081266985
48675,2.4,0.0,0.0006933308967983332
48676,2.4,1.0,0.009203803731230609
48677,2.4,2.0,0.04388558872011781
48678,2.4,3.0,0.08050441208468508
48679,2.4,4.0,0.0360363805094505
48680,2.4,5.0,0.008588045398739927
48681,2.4,6.0,0.021590098846032826
48682,2.4,7.0,0.04508056525632364
48683,2.4,8.0,0.022110331498574727
48684,2.4,9.0,0.017851062079556803
48685,2.4,10.0,0.03380944636064341
48686,2.4,11.0,0.01637884523293669
48687,2.4,12.0,0.0056872422304609805
48688,2.4,13.0,0.012438222749211846
48689,2.4,14.0,0.024325520428364552
48690,2.4,15.0,0.01239865357418645
48691,2.4,16.0,0.010546764663056677
48692,2.4,17.0,0.019362896438981477
48693,2.4,18.0,0.009501353227185828
48694,2.4,19.0,0.0034366185467019665
48695,2.4,20.0,0.0074133814559913525
48696,2.4,21.0,0.014446599766159909
48697,2.4,22.0,0.007249629815362325
48698,2.4,23.0,0.006222542890374555
48699,2.4,24.0,0.011669290250764658
48700,2.4,25.0,0.005521275498817997
48701,2.4,26.0,0.0017477759197162533
48702,2.4,27.0,0.004317216462674013
48703,2.4,28.0,0.008852818168909087
48704,2.4,29.0,0.004233063026250031
48705,2.4,30.0,0.0036432903176005665
48706,2.4,31.0,0.007258066567864751
48707,2.4,32.0,0.003237200313513172
48708,2.4,33.0,0.0007849521721591224
48709,2.4,34.0,0.002554473898493965
48710,2.4,35.0,0.0056458095584818214
48711,2.4,36.0,0.0025637522549161822
48712,2.4,37.0,0.0022226970037915973
48713,2.4,38.0,0.004731630017791646
48714,2.4,39.0,0.0021116422533652294
48715,2.4,40.0,0.0018390124164452367
48716,2.4,41.0,0.004001310730094675
48717,2.4,42.0,0.0016720326571543335
48718,2.4,43.0,0.00026355249098556813
48719,2.4,44.0,0.0013589349858313263
48720,2.4,45.0,0.003243154221054186
48721,2.4,46.0,0.0013376593768121845
48722,2.4,47.0,0.0001155866908671181
48723,2.4,48.0,2.271160605473909e-05
48724,2.4,49.0,1.6997035987745797e-05
48725,2.4,50.0,1.3223370434372496e-05
48726,2.4,51.0,1.0233964753520307e-05
48727,2.4,52.0,7.878286959011525e-06
48728,2.4,53.0,6.032617389388039e-06
48729,2.4,54.0,4.594792201449044e-06
48730,2.4,55.0,3.48106454897101e-06
48731,2.4,56.0,2.623278410790543e-06
48732,2.4,57.0,1.9663589590613817e-06
48733,2.4,58.0,1.4661125957857657e-06
48734,2.4,59.0,1.0873214511958325e-06
48735,2.4,60.0,8.021114110402725e-07
48736,2.4,61.0,5.885692126819287e-07
48737,2.4,62.0,4.295824144943365e-07
48738,2.4,63.0,3.118757130158719e-07
48739,2.4,64.0,2.252178066090391e-07
48740,2.4,65.0,1.6177447563140761e-07
48741,2.4,66.0,1.1558550758721595e-07
48742,2.4,67.0,8.214532945649037e-08
48743,2.4,68.0,5.806955186451689e-08
48744,2.4,69.0,4.0831955627310794e-08
48745,2.4,70.0,2.8558671076739586e-08
48746,2.4,71.0,1.9868355209468227e-08
48747,2.4,72.0,1.3749026358177673e-08
48748,2.4,73.0,9.463855069315169e-09
48749,2.4,74.0,6.479631747633368e-09
48750,2.5,-75.0,7.60677795751316e-10
48751,2.5,-74.0,1.1464905059627234e-09
48752,2.5,-73.0,1.7188037568761494e-09
48753,2.5,-72.0,2.56311583881136e-09
48754,2.5,-71.0,3.801861427846601e-09
48755,2.5,-70.0,5.6093229168304135e-09
48756,2.5,-69.0,8.232101402636631e-09
48757,2.5,-68.0,1.2017028537726449e-08
48758,2.5,-67.0,1.7448961616774237e-08
48759,2.5,-66.0,2.52016048817206e-08
48760,2.5,-65.0,3.6205364899966864e-08
48761,2.5,-64.0,5.1737302792823843e-08
48762,2.5,-63.0,7.353951647757465e-08
48763,2.5,-62.0,1.039737950155188e-07
48764,2.5,-61.0,1.4622215272500784e-07
48765,2.5,-60.0,2.045448825992848e-07
48766,2.5,-59.0,2.8461006374686704e-07
48767,2.5,-58.0,3.939109952147816e-07
48768,2.5,-57.0,5.422907641142973e-07
48769,2.5,-56.0,7.425960146715517e-07
48770,2.5,-55.0,1.0114848548441067e-06
48771,2.5,-54.0,1.3704165628919619e-06
48772,2.5,-53.0,1.846853132443252e-06
48773,2.5,-52.0,2.475704461615818e-06
48774,2.5,-51.0,3.301049833874513e-06
48775,2.5,-50.0,4.378167885000793e-06
48776,2.5,-49.0,5.775905082739685e-06
48777,2.5,-48.0,7.579409006664645e-06
48778,2.5,-47.0,9.895188178313026e-06
48779,2.5,-46.0,1.3893860793321e-05
48780,2.5,-45.0,0.00011028870796333012
48781,2.5,-44.0,0.0014102381439289832
48782,2.5,-43.0,0.003538516842850749
48783,2.5,-42.0,0.0029486645714574245
48784,2.5,-41.0,0.0038869270136713922
48785,2.5,-40.0,0.0017016888353148997
48786,2.5,-39.0,0.0019379067086657373
48787,2.5,-38.0,0.0044243454198302995
48788,2.5,-37.0,0.001874213140170721
48789,2.5,-36.0,0.00039571348084950053
48790,2.5,-35.0,0.002322318921322775
48791,2.5,-34.0,0.005505495834570384
48792,2.5,-33.0,0.002569322460587786
48793,2.5,-32.0,0.002960948140024377
48794,2.5,-31.0,0.0065620841591260025
48795,2.5,-30.0,0.003141179744678505
48796,2.5,-29.0,0.003635561111225212
48797,2.5,-28.0,0.007899281140254394
48798,2.5,-27.0,0.0036585214637411944
48799,2.5,-26.0,0.0012371231193536736
48800,2.5,-25.0,0.0046649758259497826
48801,2.5,-24.0,0.01028368071572542
48802,2.5,-23.0,0.005275688532289274
48803,2.5,-22.0,0.0061452597496942235
48804,2.5,-21.0,0.012665133638729382
48805,2.5,-20.0,0.006309474446604049
48806,2.5,-19.0,0.0027076775688259277
48807,2.5,-18.0,0.00810478082144633
48808,2.5,-17.0,0.016914174886546816
48809,2.5,-16.0,0.009144737750768161
48810,2.5,-15.0,0.010690916760311888
48811,2.5,-14.0,0.021157237782986005
48812,2.5,-13.0,0.010942839083352838
48813,2.5,-12.0,0.00514376607344813
48814,2.5,-11.0,0.01413686679111536
48815,2.5,-10.0,0.02881808441980255
48816,2.5,-9.0,0.015672720503085474
48817,2.5,-8.0,0.018614270579577118
48818,2.5,-7.0,0.03679339229172211
48819,2.5,-6.0,0.01860298434203822
48820,2.5,-5.0,0.008246320215113246
48821,2.5,-4.0,0.025224421669554492
48822,2.5,-3.0,0.052958908315937275
48823,2.5,-2.0,0.02567488994419676
48824,2.5,-1.0,0.008192921749897778
48825,2.5,0.0,0.0006966920966377247
48826,2.5,1.0,0.009312972552613687
48827,2.5,2.0,0.04512968576182999
48828,2.5,3.0,0.08159003486532648
48829,2.5,4.0,0.03644339091260001
48830,2.5,5.0,0.008561504929079424
48831,2.5,6.0,0.021531457158319067
48832,2.5,7.0,0.04501830223220206
48833,2.5,8.0,0.022057335072851385
48834,2.5,9.0,0.017779730842782265
48835,2.5,10.0,0.0337003519390873
48836,2.5,11.0,0.016315892086909287
48837,2.5,12.0,0.005652997669227162
48838,2.5,13.0,0.012379057700068863
48839,2.5,14.0,0.024222141118181665
48840,2.5,15.0,0.01234433572737747
48841,2.5,16.0,0.010497509145039042
48842,2.5,17.0,0.01927396718675496
48843,2.5,18.0,0.009459713932403104
48844,2.5,19.0,0.003424148928566591
48845,2.5,20.0,0.0073802296311491315
48846,2.5,21.0,0.014376557628571702
48847,2.5,22.0,0.007218212524399165
48848,2.5,23.0,0.006195324376636086
48849,2.5,24.0,0.011610790474799546
48850,2.5,25.0,0.005497755275582088
48851,2.5,26.0,0.0017454708425470409
48852,2.5,27.0,0.004298643262537205
48853,2.5,28.0,0.008805979616168412
48854,2.5,29.0,0.004213972783459208
48855,2.5,30.0,0.0036266351924850765
48856,2.5,31.0,0.007217713367141831
48857,2.5,32.0,0.0032219358364292323
48858,2.5,33.0,0.0007847406878251859
48859,2.5,34.0,0.0025418601459567367
48860,2.5,35.0,0.0056120626662613735
48861,2.5,36.0,0.002550049185218779
48862,2.5,37.0,0.00221050562643811
48863,2.5,38.0,0.004701808843876693
48864,2.5,39.0,0.0020993840522602124
48865,2.5,40.0,0.0018280494895147174
48866,2.5,41.0,0.003974862162968377
48867,2.5,42.0,0.0016616649190962453
48868,2.5,43.0,0.0002628237418342851
48869,2.5,44.0,0.0013500942770847556
48870,2.5,45.0,0.003220564769793142
48871,2.5,46.0,0.0013286614583793036
48872,2.5,47.0,0.00011527708156955767
48873,2.5,48.0,2.2971295260708485e-05
48874,2.5,49.0,1.7214877661010506e-05
48875,2.5,50.0,1.3400013116286246e-05
48876,2.5,51.0,1.037620075481542e-05
48877,2.5,52.0,7.99203971907793e-06
48878,2.5,53.0,6.12298237007299e-06
48879,2.5,54.0,4.6661048333406844e-06
48880,2.5,55.0,3.536975750086807e-06
48881,2.5,56.0,2.666832751966358e-06
48882,2.5,57.0,2.0000717954244016e-06
48883,2.5,58.0,1.4920435462289173e-06
48884,2.5,59.0,1.1071424910934708e-06
48885,2.5,60.0,8.171685557393627e-07
48886,2.5,61.0,5.99937324914515e-07
48887,2.5,62.0,4.38113085906518e-07
48888,2.5,63.0,3.182384684280239e-07
48889,2.5,64.0,2.2993507960931174e-07
48890,2.5,65.0,1.6525092498434042e-07
48891,2.5,66.0,1.181323033885178e-07
48892,2.5,67.0,8.400005154717815e-08
48893,2.5,68.0,5.941232397110656e-08
48894,2.5,69.0,4.1798397913159836e-08
48895,2.5,70.0,2.925019994116735e-08
48896,2.5,71.0,2.0360298909348136e-08
48897,2.5,72.0,1.4096963251451306e-08
48898,2.5,73.0,9.708521419973757e-09
48899,2.5,74.0,6.650690322747418e-09
48900,2.6,-75.0,7.332040712247803e-10
48901,2.6,-74.0,1.1056711564436883e-09
48902,2.6,-73.0,1.6584913129726238e-09
48903,2.6,-72.0,2.4744947132853437e-09
48904,2.6,-71.0,3.6723660891287927e-09
48905,2.6,-70.0,5.421151148712456e-09
48906,2.6,-69.0,7.960185241050048e-09
48907,2.6,-68.0,1.1626284447642064e-08
48908,2.6,-67.0,1.6890590289248434e-08
48909,2.6,-66.0,2.440814792628757e-08
48910,2.6,-65.0,3.508414887244531e-08
48911,2.6,-64.0,5.016180869582749e-08
48912,2.6,-63.0,7.13381035944865e-08
48913,2.6,-62.0,1.0091508062910355e-07
48914,2.6,-61.0,1.4199620359441055e-07
48915,2.6,-60.0,1.987392107578103e-07
48916,2.6,-59.0,2.766792404507412e-07
48917,2.6,-58.0,3.831385068828762e-07
48918,2.6,-57.0,5.277415394794172e-07
48919,2.6,-56.0,7.23057862747067e-07
48920,2.6,-55.0,9.853968818508439e-07
48921,2.6,-54.0,1.3357825001217689e-06
48922,2.6,-53.0,1.8011374275872195e-06
48923,2.6,-52.0,2.415708989193975e-06
48924,2.6,-51.0,3.222769196121321e-06
48925,2.6,-50.0,4.2766215365630195e-06
48926,2.6,-49.0,5.644944957049966e-06
48927,2.6,-48.0,7.411501985865114e-06
48928,2.6,-47.0,9.681173334966337e-06
48929,2.6,-46.0,1.3622504436339942e-05
48930,2.6,-45.0,0.00010993094919673326
48931,2.6,-44.0,0.001409569133517218
48932,2.6,-43.0,0.0035373620117085443
48933,2.6,-42.0,0.002947363316042912
48934,2.6,-41.0,0.003885115876730169
48935,2.6,-40.0,0.0017002471857960372
48936,2.6,-39.0,0.0019359622244210322
48937,2.6,-38.0,0.004421126103879876
48938,2.6,-37.0,0.0018717453475680015
48939,2.6,-36.0,0.0003934975517740698
48940,2.6,-35.0,0.0023185050183590432
48941,2.6,-34.0,0.005499246044666633
48942,2.6,-33.0,0.002564419536704836
48943,2.6,-32.0,0.002954841538921387
48944,2.6,-31.0,0.0065523868900397185
48945,2.6,-30.0,0.0031336457616904017
48946,2.6,-29.0,0.003626366891992591
48947,2.6,-28.0,0.00788483147316599
48948,2.6,-27.0,0.003647805418561374
48949,2.6,-26.0,0.0012281666199739874
48950,2.6,-25.0,0.004650414242657092
48951,2.6,-24.0,0.01026038754982682
48952,2.6,-23.0,0.005258685154666365
48953,2.6,-22.0,0.0061251145162034785
48954,2.6,-21.0,0.01263297178192342
48955,2.6,-20.0,0.006287918458138925
48956,2.6,-19.0,0.00269197087021917
48957,2.6,-18.0,0.008076756957170044
48958,2.6,-17.0,0.016866324174204805
48959,2.6,-16.0,0.009114588967558804
48960,2.6,-15.0,0.010654808380595108
48961,2.6,-14.0,0.021093302779532277
48962,2.6,-13.0,0.010908222577305522
48963,2.6,-12.0,0.005126240898356884
48964,2.6,-11.0,0.014089217023275738
48965,2.6,-10.0,0.028720835144602077
48966,2.6,-9.0,0.015624608233908337
48967,2.6,-8.0,0.018548543988615673
48968,2.6,-7.0,0.03665054186088682
48969,2.6,-6.0,0.01854519694616699
48970,2.6,-5.0,0.008236200377380057
48971,2.6,-4.0,0.025107613260361247
48972,2.6,-3.0,0.05266845883445663
48973,2.6,-2.0,0.025566493479323
48974,2.6,-1.0,0.008202308228570529
48975,2.6,0.0,0.0006998568999384356
48976,2.6,1.0,0.009427808964405506
48977,2.6,2.0,0.04648949221150189
48978,2.6,3.0,0.08282093121712743
48979,2.6,4.0,0.03690787251981436
48980,2.6,5.0,0.00853566774210544
48981,2.6,6.0,0.021462065280409573
48982,2.6,7.0,0.04493366801003929
48983,2.6,8.0,0.021993141661377093
48984,2.6,9.0,0.01769875408034326
48985,2.6,10.0,0.03357298499030572
48986,2.6,11.0,0.016243959819974247
48987,2.6,12.0,0.005615462464363665
48988,2.6,13.0,0.012312879896228469
48989,2.6,14.0,0.02410523399181634
48990,2.6,15.0,0.012283000805673634
48991,2.6,16.0,0.010442239491066286
48992,2.6,17.0,0.019174195979777733
48993,2.6,18.0,0.009412636633307474
48994,2.6,19.0,0.0034095703512512423
48995,2.6,20.0,0.007342809927133364
48996,2.6,21.0,0.014298421879131022
48997,2.6,22.0,0.007182645182098339
48998,2.6,23.0,0.006164539919713478
48999,2.6,24.0,0.011545780179214125
49000,2.6,25.0,0.005471084726569699
49001,2.6,26.0,0.0017420846663894361
49002,2.6,27.0,0.004277616312344146
49003,2.6,28.0,0.008754249489246435
49004,2.6,29.0,0.004192504627766666
49005,2.6,30.0,0.0036079398439611524
49006,2.6,31.0,0.007173385168209168
49007,2.6,32.0,0.003204873470250963
49008,2.6,33.0,0.0007840624392790217
49009,2.6,34.0,0.0025278402311818826
49010,2.6,35.0,0.0055752600522671275
49011,2.6,36.0,0.002534948803021348
49012,2.6,37.0,0.0021971083189627786
49013,2.6,38.0,0.004669446556880617
49014,2.6,39.0,0.0020859876874855235
49015,2.6,40.0,0.001816099602434137
49016,2.6,41.0,0.003946278430869028
49017,2.6,42.0,0.001650403456082192
49018,2.6,43.0,0.0002619524349323224
49019,2.6,44.0,0.0013405318848411917
49020,2.6,45.0,0.0031962559821057464
49021,2.6,46.0,0.0013189544662759484
49022,2.6,47.0,0.00011490634303253706
49023,2.6,48.0,2.3219309662029636e-05
49024,2.6,49.0,1.742421233561247e-05
49025,2.6,50.0,1.3570215023483918e-05
49026,2.6,51.0,1.0513595430613226e-05
49027,2.6,52.0,8.102180575862466e-06
49028,2.6,53.0,6.210673274042811e-06
49029,2.6,54.0,4.735453266473994e-06
49030,2.6,55.0,3.5914558717393983e-06
49031,2.6,56.0,2.7093531814196143e-06
49032,2.6,57.0,2.033044180250305e-06
49033,2.6,58.0,1.517449051790348e-06
49034,2.6,59.0,1.1265942446826995e-06
49035,2.6,60.0,8.319688105510539e-07
49036,2.6,61.0,6.111286866019337e-07
49037,2.6,62.0,4.465235844194125e-07
49038,2.6,63.0,3.245205789078403e-07
49039,2.6,64.0,2.3459901765694288e-07
49040,2.6,65.0,1.686926823699901e-07
49041,2.6,66.0,1.2065696758423754e-07
49042,2.6,67.0,8.584098174689153e-08
49043,2.6,68.0,6.074675075296903e-08
49044,2.6,69.0,4.275998438283431e-08
49045,2.6,70.0,2.9939057900717633e-08
49046,2.6,71.0,2.0850901176823882e-08
49047,2.6,72.0,1.4444337826173575e-08
49048,2.6,73.0,9.953058392529861e-09
49049,2.6,74.0,6.821840707914598e-09
49050,2.7,-75.0,7.064016664465465e-10
49051,2.7,-74.0,1.0658208623253131e-09
49052,2.7,-73.0,1.5995684398995695e-09
49053,2.7,-72.0,2.387852767291388e-09
49054,2.7,-71.0,3.545670485976079e-09
49055,2.7,-70.0,5.236912396514222e-09
49056,2.7,-69.0,7.693755063755097e-09
49057,2.7,-68.0,1.1243137312416045e-08
49058,2.7,-67.0,1.6342661545364083e-08
49059,2.7,-66.0,2.362893644123637e-08
49060,2.7,-65.0,3.398221478132169e-08
49061,2.7,-64.0,4.861220382903589e-08
49062,2.7,-63.0,6.917116168641049e-08
49063,2.7,-62.0,9.790186532129471e-08
49064,2.7,-61.0,1.3782976400500578e-07
49065,2.7,-60.0,1.930106274993877e-07
49066,2.7,-59.0,2.688472613885643e-07
49067,2.7,-58.0,3.72491375497176e-07
49068,2.7,-57.0,5.133494157314932e-07
49069,2.7,-56.0,7.03714036142212e-07
49070,2.7,-55.0,9.595457917657015e-07
49071,2.7,-54.0,1.3014324262571637e-06
49072,2.7,-53.0,1.7557556148294292e-06
49073,2.7,-52.0,2.356096951955935e-06
49074,2.7,-51.0,3.144916037521092e-06
49075,2.7,-50.0,4.1755333515777794e-06
49076,2.7,-49.0,5.514448802910862e-06
49077,2.7,-48.0,7.2440235352080744e-06
49078,2.7,-47.0,9.467487111835888e-06
49079,2.7,-46.0,1.3350868026359701e-05
49080,2.7,-45.0,0.00010953584161666532
49081,2.7,-44.0,0.0014083486665473815
49082,2.7,-43.0,0.0035348134977432506
49083,2.7,-42.0,0.002944904677063657
49084,2.7,-41.0,0.0038817783696463246
49085,2.7,-40.0,0.001698147184002878
49086,2.7,-39.0,0.0019332695919893252
49087,2.7,-38.0,0.00441617877983768
49088,2.7,-37.0,0.001868560759544587
49089,2.7,-36.0,0.0003911526437732296
49090,2.7,-35.0,0.002313806688804823
49091,2.7,-34.0,0.005490861695078059
49092,2.7,-33.0,0.002558542490400161
49093,2.7,-32.0,0.00294761288354309
49094,2.7,-31.0,0.006540157661848077
49095,2.7,-30.0,0.0031249258953882876
49096,2.7,-29.0,0.0036157992837721974
49097,2.7,-28.0,0.007867344183072543
49098,2.7,-27.0,0.0036357096563668615
49099,2.7,-26.0,0.0012187762301990375
49100,2.7,-25.0,0.004634087109667756
49101,2.7,-24.0,0.010233146016168301
49102,2.7,-23.0,0.005239670256760797
49103,2.7,-22.0,0.0061026237971711665
49104,2.7,-21.0,0.012595944631099176
49105,2.7,-20.0,0.006263929274119698
49106,2.7,-19.0,0.0026752021659813296
49107,2.7,-18.0,0.008045603157045588
49108,2.7,-17.0,0.01681197539482045
49109,2.7,-16.0,0.009080866746430617
49110,2.7,-15.0,0.010614549977944388
49111,2.7,-14.0,0.02102127251361789
49112,2.7,-13.0,0.010869292142815576
49113,2.7,-12.0,0.005106541863467382
49114,2.7,-11.0,0.014036111810131797
49115,2.7,-10.0,0.02861278290823223
49116,2.7,-9.0,0.015570410818326033
49117,2.7,-8.0,0.018475850927674217
49118,2.7,-7.0,0.036494453350350106
49119,2.7,-6.0,0.018480367093624255
49120,2.7,-5.0,0.00822264076547737
49121,2.7,-4.0,0.02498262605357877
49122,2.7,-3.0,0.0523620138341933
49123,2.7,-2.0,0.025449713406031416
49124,2.7,-1.0,0.008208205431468845
49125,2.7,0.0,0.0007027542347732724
49126,2.7,1.0,0.009550374770826136
49127,2.7,2.0,0.04800498039967094
49128,2.7,3.0,0.08425304951143356
49129,2.7,4.0,0.03745198025934809
49130,2.7,5.0,0.008510816527291017
49131,2.7,6.0,0.021377404372504412
49132,2.7,7.0,0.04481704664313676
49133,2.7,8.0,0.02191308239608533
49134,2.7,9.0,0.01760440280289002
49135,2.7,10.0,0.03342021320548598
49136,2.7,11.0,0.016159618903761813
49137,2.7,12.0,0.005573476979722682
49138,2.7,13.0,0.012237108397803575
49139,2.7,14.0,0.02396971709100359
49140,2.7,15.0,0.012212064154071977
49141,2.7,16.0,0.010378763974800347
49142,2.7,17.0,0.01905955160738314
49143,2.7,18.0,0.009358139736310344
49144,2.7,19.0,0.003392161322926974
49145,2.7,20.0,0.007299577316161973
49146,2.7,21.0,0.014209192155138432
49147,2.7,22.0,0.007141413758032449
49148,2.7,23.0,0.006128890371147069
49149,2.7,24.0,0.011471839515549559
49150,2.7,25.0,0.005440109180856564
49151,2.7,26.0,0.001737239799177244
49152,2.7,27.0,0.00425323284258774
49153,2.7,28.0,0.00869579707836114
49154,2.7,29.0,0.004167775231381673
49155,2.7,30.0,0.003586444421652423
49156,2.7,31.0,0.007123585356933953
49157,2.7,32.0,0.0031853390587883615
49158,2.7,33.0,0.0007827454623639334
49159,2.7,34.0,0.0025118834178545833
49160,2.7,35.0,0.005534242960606663
49161,2.7,36.0,0.0025179209425154306
49162,2.7,37.0,0.0021820461460776742
49163,2.7,38.0,0.004633575635412557
49164,2.7,39.0,0.0020710187894064517
49165,2.7,40.0,0.0018027851292224029
49166,2.7,41.0,0.00391474425507974
49167,2.7,42.0,0.0016379059078025125
49168,2.7,43.0,0.0002608823830339862
49169,2.7,44.0,0.0013299705342825555
49170,2.7,45.0,0.00316956978239169
49171,2.7,46.0,0.0013082661940178
49172,2.7,47.0,0.00011444981268182448
49173,2.7,48.0,2.3450023229708485e-05
49174,2.7,49.0,1.7620774114658772e-05
49175,2.7,50.0,1.3730641545113192e-05
49176,2.7,51.0,1.0643556036779703e-05
49177,2.7,52.0,8.206704525814735e-06
49178,2.7,53.0,6.294148008508525e-06
49179,2.7,54.0,4.801657873992785e-06
49180,2.7,55.0,3.6436074510486207e-06
49181,2.7,56.0,2.7501606128763413e-06
49182,2.7,57.0,2.0647650570104417e-06
49183,2.7,58.0,1.5419465984340488e-06
49184,2.7,59.0,1.1453919649538941e-06
49185,2.7,60.0,8.463013596352289e-07
49186,2.7,61.0,6.21988066733768e-07
49187,2.7,62.0,4.547002301008035e-07
49188,2.7,63.0,3.306392467890909e-07
49189,2.7,64.0,2.391496443738095e-07
49190,2.7,65.0,1.720565392975533e-07
49191,2.7,66.0,1.2312854141569166e-07
49192,2.7,67.0,8.764605919734665e-08
49193,2.7,68.0,6.205719769114996e-08
49194,2.7,69.0,4.370569536338447e-08
49195,2.7,70.0,3.0617520395544285e-08
49196,2.7,71.0,2.133477685446498e-08
49197,2.7,72.0,1.4787416364995515e-08
49198,2.7,73.0,1.0194891435592968e-08
49199,2.7,74.0,6.991317363461421e-09
49200,2.8,-75.0,6.80146251193936e-10
49201,2.8,-74.0,1.0267535181221964e-09
49202,2.8,-73.0,1.5417579577036164e-09
49203,2.8,-72.0,2.3027792433506896e-09
49204,2.8,-71.0,3.4211689556553683e-09
49205,2.8,-70.0,5.055718076259712e-09
49206,2.8,-69.0,7.431513725093944e-09
49207,2.8,-68.0,1.0865703040954237e-08
49208,2.8,-67.0,1.580245244549107e-08
49209,2.8,-66.0,2.286005483825502e-08
49210,2.8,-65.0,3.2893960167379756e-08
49211,2.8,-64.0,4.708051223782799e-08
49212,2.8,-63.0,6.702739257556675e-08
49213,2.8,-62.0,9.491822498053322e-08
49214,2.8,-61.0,1.3370050223202234e-07
49215,2.8,-60.0,1.873279720241882e-07
49216,2.8,-59.0,2.6107086391341577e-07
49217,2.8,-58.0,3.619098377687572e-07
49218,2.8,-57.0,4.990322497067179e-07
49219,2.8,-56.0,6.844521979675255e-07
49220,2.8,-55.0,9.337787274318127e-07
49221,2.8,-54.0,1.2671593939573263e-06
49222,2.8,-53.0,1.7104289262534973e-06
49223,2.8,-52.0,2.2964947276950045e-06
49224,2.8,-51.0,3.0669921307560405e-06
49225,2.8,-50.0,4.074242293762161e-06
49226,2.8,-49.0,5.383544002948237e-06
49227,2.8,-48.0,7.075827558415107e-06
49228,2.8,-47.0,9.252631491551153e-06
49229,2.8,-46.0,1.3076814689881723e-05
49230,2.8,-45.0,0.00010908392073147141
49231,2.8,-44.0,0.0014063223141582521
49232,2.8,-43.0,0.0035302321547601686
49233,2.8,-42.0,0.002940756590763106
49234,2.8,-41.0,0.0038762133174599757
49235,2.8,-40.0,0.0016950828603119537
49236,2.8,-39.0,0.0019294808937602597
49237,2.8,-38.0,0.004408707274100017
49238,2.8,-37.0,0.0018643238725715595
49239,2.8,-36.0,0.0003886106560732199
49240,2.8,-35.0,0.0023078095479380748
49241,2.8,-34.0,0.005479355915940081
49242,2.8,-33.0,0.0025512340907035006
49243,2.8,-32.0,0.0029387360768570753
49244,2.8,-31.0,0.0065242241569750566
49245,2.8,-30.0,0.0031144639593934866
49246,2.8,-29.0,0.0036032154335980436
49247,2.8,-28.0,0.00784541301120222
49248,2.8,-27.0,0.003621590011045032
49249,2.8,-26.0,0.0012087436359408737
49250,2.8,-25.0,0.004615174734715887
49251,2.8,-24.0,0.010200133433291007
49252,2.8,-23.0,0.005217718084264847
49253,2.8,-22.0,0.006076709762193233
49254,2.8,-21.0,0.012551813574305562
49255,2.8,-20.0,0.006236402258525642
49256,2.8,-19.0,0.002656909808056455
49257,2.8,-18.0,0.008009900638498707
49258,2.8,-17.0,0.016748146902083084
49259,2.8,-16.0,0.009041967931389226
49260,2.8,-15.0,0.010568267856339157
49261,2.8,-14.0,0.02093742269334889
49262,2.8,-13.0,0.010824126238743143
49263,2.8,-12.0,0.005083769929390666
49264,2.8,-11.0,0.013975069982795763
49265,2.8,-10.0,0.028488864623276374
49266,2.8,-9.0,0.015507368517648135
49267,2.8,-8.0,0.01839292119228316
49268,2.8,-7.0,0.03631867666636981
49269,2.8,-6.0,0.01840521248727793
49270,2.8,-5.0,0.0082041604061503
49271,2.8,-4.0,0.024845022905138903
49272,2.8,-3.0,0.05203030978623106
49273,2.8,-2.0,0.025320015198077098
49274,2.8,-1.0,0.008209106611635979
49275,2.8,0.0,0.0007052524103759595
49276,2.8,1.0,0.009684535414255098
49277,2.8,2.0,0.04975084194335121
49278,2.8,3.0,0.08599245720774797
49279,2.8,4.0,0.03811770427701966
49280,2.8,5.0,0.008487468819859472
49281,2.8,6.0,0.021268885217656384
49282,2.8,7.0,0.04465017969505028
49283,2.8,8.0,0.021808287860769382
49284,2.8,9.0,0.017489606550292545
49285,2.8,10.0,0.0332285323726962
49286,2.8,11.0,0.01605637057994668
49287,2.8,12.0,0.005524837557685215
49288,2.8,13.0,0.012146851576987111
49289,2.8,14.0,0.0238059676744448
49290,2.8,15.0,0.012126630266510301
49291,2.8,16.0,0.010302930558773425
49292,2.8,17.0,0.018922399989270804
49293,2.8,18.0,0.009292471267909939
49294,2.8,19.0,0.0033705567476100665
49295,2.8,20.0,0.007247606731113673
49296,2.8,21.0,0.014103186179145433
49297,2.8,22.0,0.0070916528368500835
49298,2.8,23.0,0.006085917104619512
49299,2.8,24.0,0.011384385310862315
49300,2.8,25.0,0.005402644015613659
49301,2.8,26.0,0.0017302247050541856
49302,2.8,27.0,0.0042237849750438716
49303,2.8,28.0,0.008627154219352565
49304,2.8,29.0,0.004138113103831391
49305,2.8,30.0,0.003560711050259885
49306,2.8,31.0,0.00706547781753401
49307,2.8,32.0,0.0031620566576462117
49308,2.8,33.0,0.000780466308773067
49309,2.8,34.0,0.0024929849502397104
49310,2.8,35.0,0.0054868143273723476
49311,2.8,36.0,0.0024979613248852723
49312,2.8,37.0,0.0021644496068903966
49313,2.8,38.0,0.004592360782859475
49314,2.8,39.0,0.0020536540023749082
49315,2.8,40.0,0.0017873901248937043
49316,2.8,41.0,0.0038787124626841582
49317,2.8,42.0,0.001623522951273353
49318,2.8,43.0,0.0002595075233506672
49319,2.8,44.0,0.0013178841220557085
49320,2.8,45.0,0.0031392567085628048
49321,2.8,46.0,0.001296079983331332
49322,2.8,47.0,0.00011386092690764042
49323,2.8,48.0,2.3652971832683616e-05
49324,2.8,49.0,1.7796635602986405e-05
49325,2.8,50.0,1.387509627194917e-05
49326,2.8,51.0,1.0761264753238949e-05
49327,2.8,52.0,8.301885740282444e-06
49328,2.8,53.0,6.3705407044251035e-06
49329,2.8,54.0,4.862526101717686e-06
49330,2.8,55.0,3.691762072473214e-06
49331,2.8,56.0,2.7879922962820393e-06
49332,2.8,57.0,2.0942838445028062e-06
49333,2.8,58.0,1.5648244499069172e-06
49334,2.8,59.0,1.1630056146714116e-06
49335,2.8,60.0,8.597736028168768e-07
49336,2.8,61.0,6.322262303370457e-07
49337,2.8,62.0,4.624310859807954e-07
49338,2.8,63.0,3.3644001150235084e-07
49339,2.8,64.0,2.434749945930473e-07
49340,2.8,65.0,1.7526177188921695e-07
49341,2.8,66.0,1.254891387842153e-07
49342,2.8,67.0,8.937399824933439e-08
49343,2.8,68.0,6.331437771585531e-08
49344,2.8,69.0,4.461486734534319e-08
49345,2.8,70.0,3.1271086925201836e-08
49346,2.8,71.0,2.1801805207809653e-08
49347,2.8,72.0,1.51191731520148e-08
49348,2.8,73.0,1.0429169697086e-08
49349,2.8,74.0,7.155789142789993e-09
49350,2.9,-75.0,6.541602875678744e-10
49351,2.9,-74.0,9.88051213309579e-10
49352,2.9,-73.0,1.4844338326172277e-09
49353,2.9,-72.0,2.2183411770242842e-09
49354,2.9,-71.0,3.2974782990343472e-09
49355,2.9,-70.0,4.875528066692609e-09
49356,2.9,-69.0,7.1704677320873e-09
49357,2.9,-68.0,1.048961194154826e-08
49358,2.9,-67.0,1.5263617386456566e-08
49359,2.9,-66.0,2.2092335767260818e-08
49360,2.9,-65.0,3.180620966352961e-08
49361,2.9,-64.0,4.554789618167141e-08
49362,2.9,-63.0,6.488000203533062e-08
49363,2.9,-62.0,9.1926245651286e-08
49364,2.9,-61.0,1.295550477445499e-07
49365,2.9,-60.0,1.8161650527984715e-07
49366,2.9,-59.0,2.5324592750000897e-07
49367,2.9,-58.0,3.5124959352209753e-07
49368,2.9,-57.0,4.845910940605656e-07
49369,2.9,-56.0,6.649994823414323e-07
49370,2.9,-55.0,9.077233836121909e-07
49371,2.9,-54.0,1.2324580594811952e-06
49372,2.9,-53.0,1.664475005105111e-06
49373,2.9,-52.0,2.2359857330118395e-06
49374,2.9,-51.0,2.9877726695120232e-06
49375,2.9,-50.0,3.9711202039625256e-06
49376,2.9,-49.0,5.250077480919044e-06
49377,2.9,-48.0,6.904081657562791e-06
49378,2.9,-47.0,9.032898977380419e-06
49379,2.9,-46.0,1.2795057941541019e-05
49380,2.9,-45.0,0.0001085277549933462
49381,2.9,-44.0,0.0014028715782981476
49382,2.9,-43.0,0.0035220644617910742
49383,2.9,-42.0,0.002933625614466309
49384,2.9,-41.0,0.0038667160691908445
49385,2.9,-40.0,0.0016903100109340503
49386,2.9,-39.0,0.0019237496693489506
49387,2.9,-38.0,0.004396775179211636
49388,2.9,-37.0,0.0018582180206187507
49389,2.9,-36.0,0.0003857047524168626
49390,2.9,-35.0,0.0022995043179195058
49391,2.9,-34.0,0.005462326834146639
49392,2.9,-33.0,0.0025413801178446375
49393,2.9,-32.0,0.002926928694044402
49394,2.9,-31.0,0.006501731384671336
49395,2.9,-30.0,0.0031009032353658816
49396,2.9,-29.0,0.0035870468058565516
49397,2.9,-28.0,0.00781561097174337
49398,2.9,-27.0,0.0036038733529356417
49399,2.9,-26.0,0.00119755559843329
49400,2.9,-25.0,0.0045916745293902534
49401,2.9,-24.0,0.01015690430862482
49402,2.9,-23.0,0.0051905661625826684
49403,2.9,-22.0,0.006044738152675351
49404,2.9,-21.0,0.012495115964087672
49405,2.9,-20.0,0.00620263644696433
49406,2.9,-19.0,0.002635958582112176
49407,2.9,-18.0,0.007966180704218527
49408,2.9,-17.0,0.01666756006185086
49409,2.9,-16.0,0.008993974085459086
49410,2.9,-15.0,0.010511382953380728
49411,2.9,-14.0,0.020832661168209306
49412,2.9,-13.0,0.010768030484464385
49413,2.9,-12.0,0.0050557257634959735
49414,2.9,-11.0,0.013900032748853751
49415,2.9,-10.0,0.028336722516780606
49416,2.9,-9.0,0.015428747225699993
49417,2.9,-8.0,0.018291778090201338
49418,2.9,-7.0,0.03610747851337158
49419,2.9,-6.0,0.01831173375345256
49420,2.9,-5.0,0.008177162033915554
49421,2.9,-4.0,0.024684032947090494
49422,2.9,-3.0,0.05165085921272003
49423,2.9,-2.0,0.02516639926597675
49424,2.9,-1.0,0.008201368727700819
49425,2.9,0.0,0.0007070336752752932
49426,2.9,1.0,0.00983973721394945
49427,2.9,2.0,0.0519090306801226
49428,2.9,3.0,0.08830151049825218
49429,2.9,4.0,0.039008877828130714
49430,2.9,5.0,0.008466860528209946
49431,2.9,6.0,0.021115239728824394
49432,2.9,7.0,0.04438791615229835
49433,2.9,8.0,0.021656807296352745
49434,2.9,9.0,0.01733687624996168
49435,2.9,10.0,0.03296458410036704
49436,2.9,11.0,0.015918147206028313
49437,2.9,12.0,0.005464078776421546
49438,2.9,13.0,0.012030007595534698
49439,2.9,14.0,0.023590201140647825
49440,2.9,15.0,0.012014595068624321
49441,2.9,16.0,0.010204470395623111
49442,2.9,17.0,0.018743866738168698
49443,2.9,18.0,0.009206356334809748
49444,2.9,19.0,0.0033413842356081838
49445,2.9,20.0,0.00717966743396105
49446,2.9,21.0,0.013966352720722117
49447,2.9,22.0,0.007026281358182675
49448,2.9,23.0,0.006029544354375923
49449,2.9,24.0,0.011272082893460796
49450,2.9,25.0,0.005353291931391834
49451,2.9,26.0,0.001719288285228269
49452,2.9,27.0,0.004185053458420556
49453,2.9,28.0,0.0085397414649413
49454,2.9,29.0,0.0040993879610857955
49455,2.9,30.0,0.003527186575788598
49456,2.9,31.0,0.0069920444228323
49457,2.9,32.0,0.003131872736752441
49458,2.9,33.0,0.0007764304711153725
49459,2.9,34.0,0.0024686609130826946
49460,2.9,35.0,0.005427534440026205
49461,2.9,36.0,0.0024725857759854168
49462,2.9,37.0,0.0021421675361205884
49463,2.9,38.0,0.004541255963246083
49464,2.9,39.0,0.002031855373667916
49465,2.9,40.0,0.0017681421321871012
49466,2.9,41.0,0.0038343490566768047
49467,2.9,42.0,0.0016056464897582115
49468,2.9,43.0,0.0002575664603369324
49469,2.9,44.0,0.0013029691644227688
49470,2.9,45.0,0.003102218971115357
49471,2.9,46.0,0.0012811153263194881
49472,2.9,47.0,0.0001130249259600785
49473,2.9,48.0,2.3802785517308114e-05
49474,2.9,49.0,1.793260003817742e-05
49475,2.9,50.0,1.3988578727775921e-05
49476,2.9,51.0,1.0855061593836628e-05
49477,2.9,52.0,8.378709186951763e-06
49478,2.9,53.0,6.43291850072393e-06
49479,2.9,54.0,4.912754806228465e-06
49480,2.9,55.0,3.7318848652816256e-06
49481,2.9,56.0,2.8197947102215522e-06
49482,2.9,57.0,2.119302028887559e-06
49483,2.9,58.0,1.5843616579920312e-06
49484,2.9,59.0,1.178153563643934e-06
49485,2.9,60.0,8.714361785728763e-07
49486,2.9,61.0,6.41143699158468e-07
49487,2.9,62.0,4.692035383369243e-07
49488,2.9,63.0,3.415492106578865e-07
49489,2.9,64.0,2.4730414809221797e-07
49490,2.9,65.0,1.781130019611e-07
49491,2.9,66.0,1.2759861293246874e-07
49492,2.9,67.0,9.09248076262694e-08
49493,2.9,68.0,6.444733092932433e-08
49494,2.9,69.0,4.543741213232026e-08
49495,2.9,70.0,3.186459099449603e-08
49496,2.9,71.0,2.2227428191351822e-08
49497,2.9,72.0,1.542255014169442e-08
49498,2.9,73.0,1.0644108023731495e-08
49499,2.9,74.0,7.307157418154389e-09
49500,3.0,-75.0,5.586473269357274e-10
49501,3.0,-74.0,8.442370243680788e-10
49502,3.0,-73.0,1.2690454368410486e-09
49503,3.0,-72.0,1.8974749782047235e-09
49504,3.0,-71.0,2.822026269204527e-09
49505,3.0,-70.0,4.174766173764291e-09
49506,3.0,-69.0,6.143125245507928e-09
49507,3.0,-68.0,8.99151130738121e-09
49508,3.0,-67.0,1.3090677761586738e-08
49509,3.0,-66.0,1.895735247281577e-08
49510,3.0,-65.0,2.7307337331884763e-08
49511,3.0,-64.0,3.9126152870759324e-08
49512,3.0,-63.0,5.576234987843379e-08
49513,3.0,-62.0,7.904986302231142e-08
49514,3.0,-61.0,1.1146725895212988e-07
49515,3.0,-60.0,1.5634344623226807e-07
49516,3.0,-59.0,2.1812137025278046e-07
49517,3.0,-58.0,3.026934028613639e-07
49518,3.0,-57.0,4.1782452501021444e-07
49519,3.0,-56.0,5.736819380856276e-07
49520,3.0,-55.0,7.834923422699762e-07
49521,3.0,-54.0,1.0643506682123545e-06
49522,3.0,-53.0,1.4382063790366924e-06
49523,3.0,-52.0,1.9330553637013976e-06
49524,3.0,-51.0,2.584366660124964e-06
49525,3.0,-50.0,3.436773466896208e-06
49526,3.0,-49.0,4.546056768137972e-06
49527,3.0,-48.0,5.981447538931469e-06
49528,3.0,-47.0,7.829982562482393e-06
49529,3.0,-46.0,1.1116578896811033e-05
49530,3.0,-45.0,9.588192437951171e-05
49531,3.0,-44.0,0.001242652530549182
49532,3.0,-43.0,0.003120247156830843
49533,3.0,-42.0,0.002598653987854448
49534,3.0,-41.0,0.0034251134816642766
49535,3.0,-40.0,0.0014967249323643047
49536,3.0,-39.0,0.001703166166744367
49537,3.0,-38.0,0.003893642019430393
49538,3.0,-37.0,0.0016446501219474661
49539,3.0,-36.0,0.00033994421279838363
49540,3.0,-35.0,0.002034558832208757
49541,3.0,-34.0,0.0048353221140231915
49542,3.0,-33.0,0.002247972500150494
49543,3.0,-32.0,0.0025886034846385395
49544,3.0,-31.0,0.005753459602207934
49545,3.0,-30.0,0.0027415417939268246
49546,3.0,-29.0,0.0031709193614440382
49547,3.0,-28.0,0.0069136905068833635
49548,3.0,-27.0,0.003184493540640663
49549,3.0,-26.0,0.0010535351608345076
49550,3.0,-25.0,0.0040565189526703535
49551,3.0,-24.0,0.00898082277299094
49552,3.0,-23.0,0.00458507878478396
49553,3.0,-22.0,0.00533929687925956
49554,3.0,-21.0,0.011045175225419371
49555,3.0,-20.0,0.005477898098878096
49556,3.0,-19.0,0.0023221079897358275
49557,3.0,-18.0,0.007035065423908534
49558,3.0,-17.0,0.014729057854245388
49559,3.0,-16.0,0.007943899826224905
49560,3.0,-15.0,0.009283465910020341
49561,3.0,-14.0,0.01840619344473928
49562,3.0,-13.0,0.009512002446878005
49563,3.0,-12.0,0.004464369837774303
49564,3.0,-11.0,0.012276445725301757
49565,3.0,-10.0,0.025027867113041294
49566,3.0,-9.0,0.013630696380127979
49567,3.0,-8.0,0.016153264238509508
49568,3.0,-7.0,0.031876342879487735
49569,3.0,-6.0,0.016177695623854262
49570,3.0,-5.0,0.007236970700585495
49571,3.0,-4.0,0.02177749346219599
49572,3.0,-3.0,0.04553228008003925
49573,3.0,-2.0,0.022212318210322796
49574,3.0,-1.0,0.007275448562904189
49575,3.0,0.0,0.0006294053653949536
49576,3.0,1.0,0.009006018119972798
49577,3.0,2.0,0.049952396568611536
49578,3.0,3.0,0.10785375130688989
49579,3.0,4.0,0.04499074966241837
49580,3.0,5.0,0.009280480412843094
49581,3.0,6.0,0.022749475263427216
49582,3.0,7.0,0.04788624030760706
49583,3.0,8.0,0.023338063153591323
49584,3.0,9.0,0.018648138366206372
49585,3.0,10.0,0.035486255563688625
49586,3.0,11.0,0.017124115284609297
49587,3.0,12.0,0.005863539579516037
49588,3.0,13.0,0.012927860439304266
49589,3.0,14.0,0.025365395134774912
49590,3.0,15.0,0.012916277749841599
49591,3.0,16.0,0.010966699628891565
49592,3.0,17.0,0.020146648356736546
49593,3.0,18.0,0.009896927312910768
49594,3.0,19.0,0.003594114948919051
49595,3.0,20.0,0.007717345951175314
49596,3.0,21.0,0.015007482344889416
49597,3.0,22.0,0.007553696369809586
49598,3.0,23.0,0.00648184040910564
49599,3.0,24.0,0.012110385098654653
49600,3.0,25.0,0.00575562416367646
49601,3.0,26.0,0.0018536997698949229
49602,3.0,27.0,0.004499433631601303
49603,3.0,28.0,0.009172379136190002
49604,3.0,29.0,0.004406516089697054
49605,3.0,30.0,0.003791231272974838
49606,3.0,31.0,0.0075080590504564585
49607,3.0,32.0,0.0033658916257386143
49608,3.0,33.0,0.0008381209914133073
49609,3.0,34.0,0.0026525643259753973
49610,3.0,35.0,0.005825676056094434
49611,3.0,36.0,0.0026557071388961344
49612,3.0,37.0,0.002300503627274592
49613,3.0,38.0,0.004872786152693058
49614,3.0,39.0,0.0021813318228884695
49615,3.0,40.0,0.0018979229557415762
49616,3.0,41.0,0.004112981314339882
49617,3.0,42.0,0.001723076751419136
49618,3.0,43.0,0.0002773983649939828
49619,3.0,44.0,0.0013978286417030761
49620,3.0,45.0,0.003326429604954103
49621,3.0,46.0,0.001374062759011426
49622,3.0,47.0,0.00012174602199666955
49623,3.0,48.0,2.5990250380212552e-05
49624,3.0,49.0,1.9605692628975512e-05
49625,3.0,50.0,1.530187789222404e-05
49626,3.0,51.0,1.1880502834437079e-05
49627,3.0,52.0,9.175104859601294e-06
49628,3.0,53.0,7.048121108715608e-06
49629,3.0,54.0,5.385447383497371e-06
49630,3.0,55.0,4.093137403036645e-06
49631,3.0,56.0,3.09440367314389e-06
49632,3.0,57.0,2.326932147376154e-06
49633,3.0,58.0,1.7405102240273612e-06
49634,3.0,59.0,1.2949575898573222e-06
49635,3.0,60.0,9.583422157422513e-07
49636,3.0,61.0,7.054590371337749e-07
49637,3.0,62.0,5.165461042375137e-07
49638,3.0,63.0,3.762118640681267e-07
49639,3.0,64.0,2.7254736736679737e-07
49640,3.0,65.0,1.963982452024445e-07
49641,3.0,66.0,1.4077298586691613e-07
49642,3.0,67.0,1.0036612317315345e-07
49643,3.0,68.0,7.117723011500087e-08
49644,3.0,69.0,5.0208948357448856e-08
49645,3.0,70.0,3.522956447751248e-08
49646,3.0,71.0,2.458779202771382e-08
49647,3.0,72.0,1.7069385837041323e-08
49648,3.0,73.0,1.1786975127351937e-08
49649,3.0,74.0,8.096045614218756e-09
49650,3.1,-75.0,4.92824538276688e-10
49651,3.1,-74.0,7.451614553577989e-10
49652,3.1,-73.0,1.1207133591597214e-09
49653,3.1,-72.0,1.6765820948807064e-09
49654,3.1,-71.0,2.4948314341769136e-09
49655,3.1,-70.0,3.6926972266671662e-09
49656,3.1,-69.0,5.436661618227592e-09
49657,3.1,-68.0,7.961722140085567e-09
49658,3.1,-67.0,1.1597592450578423e-08
49659,3.1,-66.0,1.6804081689746197e-08
49660,3.1,-65.0,2.4218533534071578e-08
49661,3.1,-64.0,3.47189851612321e-08
49662,3.1,-63.0,4.950765191658038e-08
49663,3.1,-62.0,7.022047607728614e-08
49664,3.1,-61.0,9.906981555390639e-08
49665,3.1,-60.0,1.3902890326927872e-07
49666,3.1,-59.0,1.9406848459813485e-07
49667,3.1,-58.0,2.6945803075949117e-07
49668,3.1,-57.0,3.721461058592377e-07
49669,3.1,-56.0,5.112367879972899e-07
49670,3.1,-55.0,6.985814367299098e-07
49671,3.1,-54.0,9.49507453410648e-07
49672,3.1,-53.0,1.2837078522715418e-06
49673,3.1,-52.0,1.7263172602984866e-06
49674,3.1,-51.0,2.3092011587463224e-06
49675,3.1,-50.0,3.0724854876444512e-06
49676,3.1,-49.0,4.066352832041581e-06
49677,3.1,-48.0,5.353129417043926e-06
49678,3.1,-47.0,7.011251702768818e-06
49679,3.1,-46.0,9.977423763342748e-06
49680,3.1,-45.0,8.751403619265622e-05
49681,3.1,-44.0,0.001137128584095765
49682,3.1,-43.0,0.002855667911698208
49683,3.1,-42.0,0.002378043123543695
49684,3.1,-41.0,0.0031342602938664757
49685,3.1,-40.0,0.0013691377651673681
49686,3.1,-39.0,0.0015577408298980782
49687,3.1,-38.0,0.0035620982228844293
49688,3.1,-37.0,0.001503769449770959
49689,3.1,-36.0,0.000309529590708717
49690,3.1,-35.0,0.0018596764103902977
49691,3.1,-34.0,0.00442183005589587
49692,3.1,-33.0,0.0020542049431146294
49693,3.1,-32.0,0.002365103339390959
49694,3.1,-31.0,0.0052596684680002274
49695,3.1,-30.0,0.002503990466676771
49696,3.1,-29.0,0.0028957701563666225
49697,3.1,-28.0,0.0063180955073262905
49698,3.1,-27.0,0.002906974775434814
49699,3.1,-26.0,0.0009574669927005337
49700,3.1,-25.0,0.003702242113709898
49701,3.1,-24.0,0.008203506717536951
49702,3.1,-23.0,0.004184140549425901
49703,3.1,-22.0,0.0048721164147484085
49704,3.1,-21.0,0.010086322033576775
49705,3.1,-20.0,0.004997771883394446
49706,3.1,-19.0,0.002113186164239913
49707,3.1,-18.0,0.006418159511703196
49708,3.1,-17.0,0.013446366932243338
49709,3.1,-16.0,0.007248343233394454
49710,3.1,-15.0,0.00847001261452145
49711,3.1,-14.0,0.016800038086147835
49712,3.1,-13.0,0.008680190320225774
49713,3.1,-12.0,0.0040723511959106775
49714,3.1,-11.0,0.011200921641214771
49715,3.1,-10.0,0.022836370679132398
49716,3.1,-9.0,0.012440261608521033
49717,3.1,-8.0,0.014736454242891803
49718,3.1,-7.0,0.029071882471451437
49719,3.1,-6.0,0.0147649357768579
49720,3.1,-5.0,0.006616462579151742
49721,3.1,-4.0,0.019849216493092698
49722,3.1,-3.0,0.0414677608292462
49723,3.1,-2.0,0.020254008593174475
49724,3.1,-1.0,0.006667214652650963
49725,3.1,0.0,0.0005788219211879703
49726,3.1,1.0,0.00804357638775458
49727,3.1,2.0,0.04249000344528557
49728,3.1,3.0,0.09621142632947703
49729,3.1,4.0,0.046683177124674166
49730,3.1,5.0,0.010176605657434713
49731,3.1,6.0,0.02576664657134288
49732,3.1,7.0,0.05432130179645001
49733,3.1,8.0,0.026444887137287716
49734,3.1,9.0,0.021090257649522253
49735,3.1,10.0,0.04016582599186588
49736,3.1,11.0,0.01936877125155734
49737,3.1,12.0,0.006615394449582621
49738,3.1,13.0,0.014606745825954977
49739,3.1,14.0,0.028676311083550808
49740,3.1,15.0,0.014599309292224406
49741,3.1,16.0,0.01239152039075108
49742,3.1,17.0,0.02276745351968402
49743,3.1,18.0,0.0111860405372624
49744,3.1,19.0,0.004064485482093979
49745,3.1,20.0,0.008721533237059374
49746,3.1,21.0,0.01695504954268731
49747,3.1,22.0,0.008538011077698512
49748,3.1,23.0,0.007326133237594671
49749,3.1,24.0,0.013679751799116017
49750,3.1,25.0,0.006506210392963391
49751,3.1,26.0,0.0021012696636302126
49752,3.1,27.0,0.005086037417189322
49753,3.1,28.0,0.010358256648596601
49754,3.1,29.0,0.004980106315527543
49755,3.1,30.0,0.004284493643833732
49756,3.1,31.0,0.008476553857197932
49757,3.1,32.0,0.003803338350004828
49758,3.1,33.0,0.0009512040560384205
49759,3.1,34.0,0.0029966799664781717
49760,3.1,35.0,0.006574440461804447
49761,3.1,36.0,0.002999020525116932
49762,3.1,37.0,0.0025975459381624853
49763,3.1,38.0,0.005497274554570986
49764,3.1,39.0,0.0024621891742917716
49765,3.1,40.0,0.002141957703089761
49766,3.1,41.0,0.0046386347901389334
49767,3.1,42.0,0.0019441502703472415
49768,3.1,43.0,0.0003141238770444427
49769,3.1,44.0,0.0015766814533308487
49770,3.1,45.0,0.003750177491010314
49771,3.1,46.0,0.0015495092540498176
49772,3.1,47.0,0.00013788710824759435
49773,3.1,48.0,2.9836020905422687e-05
49774,3.1,49.0,2.2535230136460924e-05
49775,3.1,50.0,1.759773343053051e-05
49776,3.1,51.0,1.3670305324166484e-05
49777,3.1,52.0,1.0562964444698972e-05
49778,3.1,53.0,8.118569798217208e-06
49779,3.1,54.0,6.206679890099788e-06
49780,3.1,55.0,4.719818226887465e-06
49781,3.1,56.0,3.5700747257215874e-06
49782,3.1,57.0,2.6860583787767055e-06
49783,3.1,58.0,2.0102019771270847e-06
49784,3.1,59.0,1.4964081047158868e-06
49785,3.1,60.0,1.1080172333004404e-06
49786,3.1,61.0,8.160731442035116e-07
49787,3.1,62.0,5.978576139494972e-07
49788,3.1,63.0,4.356648786529127e-07
49789,3.1,64.0,3.15786415746097e-07
49790,3.1,65.0,2.276776734615126e-07
49791,3.1,66.0,1.6328021116612996e-07
49792,3.1,67.0,1.1647501347145719e-07
49793,3.1,68.0,8.264528712732178e-08
49794,3.1,69.0,5.832967059325575e-08
49795,3.1,70.0,4.094935470110671e-08
49796,3.1,71.0,2.859503999697265e-08
49797,3.1,72.0,1.986188494794179e-08
49798,3.1,73.0,1.372259742841245e-08
49799,3.1,74.0,9.430577565019625e-09
49800,3.2,-75.0,4.810017016333117e-10
49801,3.2,-74.0,7.276726642583578e-10
49802,3.2,-73.0,1.0949936894935403e-09
49803,3.2,-72.0,1.6389785899696635e-09
49804,3.2,-71.0,2.4401754480475088e-09
49805,3.2,-70.0,3.6137236254510936e-09
49806,3.2,-69.0,5.3232262702086255e-09
49807,3.2,-68.0,7.799756226087548e-09
49808,3.2,-67.0,1.136771676908835e-08
49809,3.2,-66.0,1.647978622630262e-08
49810,3.2,-65.0,2.3763807201703527e-08
49811,3.2,-64.0,3.408525815793901e-08
49812,3.2,-63.0,4.8629889332429244e-08
49813,3.2,-62.0,6.901223748969357e-08
49814,3.2,-61.0,9.741707333995345e-08
49815,3.2,-60.0,1.367823950849772e-07
49816,3.2,-59.0,1.9103436685923577e-07
49817,3.2,-58.0,2.6538660523539754e-07
49818,3.2,-57.0,3.667184173835248e-07
49819,3.2,-56.0,5.040489461844369e-07
49820,3.2,-55.0,6.891266086019001e-07
49821,3.2,-54.0,9.371556188617288e-07
49822,3.2,-53.0,1.2676836238143567e-06
49823,3.2,-52.0,1.7056763572691328e-06
49824,3.2,-51.0,2.2828065094843353e-06
49825,3.2,-50.0,3.0389844262583866e-06
49826,3.2,-49.0,4.024157472923383e-06
49827,3.2,-48.0,5.30040304715109e-06
49828,3.2,-47.0,6.945924944240991e-06
49829,3.2,-46.0,9.907933556948609e-06
49830,3.2,-45.0,8.838167247946405e-05
49831,3.2,-44.0,0.001151320210206152
49832,3.2,-43.0,0.00289169203376034
49833,3.2,-42.0,0.002407781724846553
49834,3.2,-41.0,0.0031733734973928254
49835,3.2,-40.0,0.0013857357985311766
49836,3.2,-39.0,0.0015763828818266255
49837,3.2,-38.0,0.00360564105678957
49838,3.2,-37.0,0.001521312675464871
49839,3.2,-36.0,0.00031184393808627816
49840,3.2,-35.0,0.0018807637194755162
49841,3.2,-34.0,0.0044741054613749755
49842,3.2,-33.0,0.002076952626711284
49843,3.2,-32.0,0.0023909172996350344
49844,3.2,-31.0,0.005320048163384899
49845,3.2,-30.0,0.002530464675054489
49846,3.2,-29.0,0.0029259869462736387
49847,3.2,-28.0,0.00638837407498449
49848,3.2,-27.0,0.0029361003293379663
49849,3.2,-26.0,0.0009627618113673938
49850,3.2,-25.0,0.0037385545479254097
49851,3.2,-24.0,0.008291063853858572
49852,3.2,-23.0,0.004224660672195765
49853,3.2,-22.0,0.004919001578021508
49854,3.2,-21.0,0.010191066093059756
49855,3.2,-20.0,0.005045015264193735
49856,3.2,-19.0,0.0021276654903277467
49857,3.2,-18.0,0.006478522085671074
49858,3.2,-17.0,0.013581903918642
49859,3.2,-16.0,0.007317543089419656
49860,3.2,-15.0,0.008550278194396427
49861,3.2,-14.0,0.016966108071535573
49862,3.2,-13.0,0.008764089482547368
49863,3.2,-12.0,0.00410995746196736
49864,3.2,-11.0,0.011307269078893371
49865,3.2,-10.0,0.023054616283956095
49866,3.2,-9.0,0.012562139570636417
49867,3.2,-8.0,0.014874846114473901
49868,3.2,-7.0,0.029336587139288387
49869,3.2,-6.0,0.014909826644253969
49870,3.2,-5.0,0.006692804094784238
49871,3.2,-4.0,0.02001799109629451
49872,3.2,-3.0,0.041787755069356926
49873,3.2,-2.0,0.02043479616904168
49874,3.2,-1.0,0.0067598881773766745
49875,3.2,0.0,0.0005889552932794509
49876,3.2,1.0,0.008063434986744195
49877,3.2,2.0,0.041534708222304394
49878,3.2,3.0,0.09373112396037736
49879,3.2,4.0,0.044694477752807195
49880,3.2,5.0,0.010039599436652216
49881,3.2,6.0,0.02592991265648318
49882,3.2,7.0,0.05474768286263479
49883,3.2,8.0,0.026622426298302703
49884,3.2,9.0,0.021190021390811185
49885,3.2,10.0,0.04038856134265486
49886,3.2,11.0,0.01946235955644486
49887,3.2,12.0,0.00663018250001864
49888,3.2,13.0,0.014661122180801185
49889,3.2,14.0,0.0288003290303209
49890,3.2,15.0,0.014659352057297324
49891,3.2,16.0,0.012438189570336173
49892,3.2,17.0,0.022856772289377103
49893,3.2,18.0,0.01123146835583369
49894,3.2,19.0,0.00408308042063393
49895,3.2,20.0,0.008755876129496742
49896,3.2,21.0,0.017016779085209356
49897,3.2,22.0,0.00857309749013819
49898,3.2,23.0,0.007355878747498485
49899,3.2,24.0,0.013727315927592498
49900,3.2,25.0,0.006533540328850343
49901,3.2,26.0,0.002115906458246002
49902,3.2,27.0,0.005107245218043393
49903,3.2,28.0,0.010391527280286547
49904,3.2,29.0,0.004999992964525215
49905,3.2,30.0,0.0043013691018280314
49906,3.2,31.0,0.008501582467164728
49907,3.2,32.0,0.0038178531973075244
49908,3.2,33.0,0.000959011820008233
49909,3.2,34.0,0.003007498263909986
49910,3.2,35.0,0.006591141791310591
49911,3.2,36.0,0.0030086369884017093
49912,3.2,37.0,0.002605523750063549
49913,3.2,38.0,0.005509432810218918
49914,3.2,39.0,0.0024689512710924988
49915,3.2,40.0,0.00214750802736652
49916,3.2,41.0,0.004647428018744233
49917,3.2,42.0,0.001948705704706249
49918,3.2,43.0,0.0003160101739183846
49919,3.2,44.0,0.0015798829826691163
49920,3.2,45.0,0.0037558963929961164
49921,3.2,46.0,0.0015522860515011123
49922,3.2,47.0,0.00013873995522731278
49923,3.2,48.0,3.0425632996555438e-05
49924,3.2,49.0,2.3009297666634843e-05
49925,3.2,50.0,1.7977540529890386e-05
49926,3.2,51.0,1.3972790448202623e-05
49927,3.2,52.0,1.0802446859075975e-05
49928,3.2,53.0,8.307057922397408e-06
49929,3.2,54.0,6.354164389042747e-06
49930,3.2,55.0,4.834546719151435e-06
49931,3.2,56.0,3.6588043275336114e-06
49932,3.2,57.0,2.7542839682519532e-06
49933,3.2,58.0,2.062359406697743e-06
49934,3.2,59.0,1.5360526329072294e-06
49935,3.2,60.0,1.1379782191051499e-06
49936,3.2,61.0,8.385865836148727e-07
49937,3.2,62.0,6.146784360661747e-07
49938,3.2,63.0,4.4816109522701273e-07
49939,3.2,64.0,3.2501726806966303e-07
49940,3.2,65.0,2.3445787569367725e-07
49941,3.2,66.0,1.6823227714841658e-07
49942,3.2,67.0,1.200714979476657e-07
49943,3.2,68.0,8.524259091052936e-08
49944,3.2,69.0,6.019486734006929e-08
49945,3.2,70.0,4.2281305604918394e-08
49946,3.2,71.0,2.9540879742928867e-08
49947,3.2,72.0,2.0529792858762728e-08
49948,3.2,73.0,1.4191614899486222e-08
49949,3.2,74.0,9.758098002683829e-09
49950,3.3,-75.0,4.682867855756412e-10
49951,3.3,-74.0,7.088147391174668e-10
49952,3.3,-73.0,1.0671849321095228e-09
49953,3.3,-72.0,1.5982059306752603e-09
49954,3.3,-71.0,2.3807396215641855e-09
49955,3.3,-70.0,3.527582429084261e-09
49956,3.3,-69.0,5.199104557145668e-09
49957,3.3,-68.0,7.621949078452753e-09
49958,3.3,-67.0,1.1114492743875474e-08
49959,3.3,-66.0,1.612127418785465e-08
49960,3.3,-65.0,2.3259222812085507e-08
49961,3.3,-64.0,3.3379294568017255e-08
49962,3.3,-63.0,4.7648061303346355e-08
49963,3.3,-62.0,6.765492984564543e-08
49964,3.3,-61.0,9.555200471758943e-08
49965,3.3,-60.0,1.342351686529409e-07
49966,3.3,-59.0,1.8757674435212167e-07
49967,3.3,-58.0,2.607221139090033e-07
49968,3.3,-57.0,3.604648875358169e-07
49969,3.3,-56.0,4.957175876595039e-07
49970,3.3,-55.0,6.78097278113762e-07
49971,3.3,-54.0,9.226480179921051e-07
49972,3.3,-53.0,1.2487243141008904e-06
49973,3.3,-52.0,1.6810616996276355e-06
49974,3.3,-51.0,2.251061947330904e-06
49975,3.3,-50.0,2.998320952704031e-06
49976,3.3,-49.0,3.9724266693590915e-06
49977,3.3,-48.0,5.235052773516307e-06
49978,3.3,-47.0,6.863974939433077e-06
49979,3.3,-46.0,9.814696470581666e-06
49980,3.3,-45.0,8.904332988766171e-05
49981,3.3,-44.0,0.001162841816541593
49982,3.3,-43.0,0.0029210117147694613
49983,3.3,-42.0,0.002431934690076191
49984,3.3,-41.0,0.0032051225751288004
49985,3.3,-40.0,0.0013991140738241952
49986,3.3,-39.0,0.001591357725104161
49987,3.3,-38.0,0.0036408023863618902
49988,3.3,-37.0,0.00153531141005118
49989,3.3,-36.0,0.00031341838494319325
49990,3.3,-35.0,0.0018974577341026716
49991,3.3,-34.0,0.004515950917338758
49992,3.3,-33.0,0.002094839529931824
49993,3.3,-32.0,0.0024111273080434773
49994,3.3,-31.0,0.005367993153784367
49995,3.3,-30.0,0.0025509915933972917
49996,3.3,-29.0,0.002949316802064446
49997,3.3,-28.0,0.0064436761735186835
49998,3.3,-27.0,0.002958289173895816
49999,3.3,-26.0,0.0009657076616622136
50000,3.3,-25.0,0.003766011106035494
50001,3.3,-24.0,0.008359101985194078
50002,3.3,-23.0,0.00425515013758755
50003,3.3,-22.0,0.004954198015791365
50004,3.3,-21.0,0.010271746925578392
50005,3.3,-20.0,0.005080231477253713
50006,3.3,-19.0,0.0021369314298717826
50007,3.3,-18.0,0.006523427113831367
50008,3.3,-17.0,0.013685270263299805
50009,3.3,-16.0,0.0073692743575459255
50010,3.3,-15.0,0.008610136534137416
50011,3.3,-14.0,0.01709193241615603
50012,3.3,-13.0,0.008827057083516917
50013,3.3,-12.0,0.004137593171183663
50014,3.3,-11.0,0.011386645391436065
50015,3.3,-10.0,0.02321814431575045
50016,3.3,-9.0,0.012654108748429737
50017,3.3,-8.0,0.0149778634474681
50018,3.3,-7.0,0.029531730899987205
50019,3.3,-6.0,0.01501934013623101
50020,3.3,-5.0,0.006753277906580744
50021,3.3,-4.0,0.020139556442504074
50022,3.3,-3.0,0.04200929485266761
50023,3.3,-2.0,0.02056754515771827
50024,3.3,-1.0,0.006836847548777369
50025,3.3,0.0,0.0005977971334764234
50026,3.3,1.0,0.008087317688194384
50027,3.3,2.0,0.04081688918966764
50028,3.3,3.0,0.09185284888698644
50029,3.3,4.0,0.04308313746843485
50030,3.3,5.0,0.009921420458291056
50031,3.3,6.0,0.02607263652948509
50032,3.3,7.0,0.05513173074619847
50033,3.3,8.0,0.02677852294769967
50034,3.3,9.0,0.02127094822871982
50035,3.3,10.0,0.04057587684340826
50036,3.3,11.0,0.019538494270496917
50037,3.3,12.0,0.006638522576437672
50038,3.3,13.0,0.014701790042504844
50039,3.3,14.0,0.028897911807643336
50040,3.3,15.0,0.014705746826172813
50041,3.3,16.0,0.012473143290814158
50042,3.3,17.0,0.02292484286020773
50043,3.3,18.0,0.011266344744904623
50044,3.3,19.0,0.00409770964914006
50045,3.3,20.0,0.008781939035569395
50046,3.3,21.0,0.017062587728011044
50047,3.3,22.0,0.008600125705875776
50048,3.3,23.0,0.007378697167724272
50049,3.3,24.0,0.013762024381222135
50050,3.3,25.0,0.006554747123614506
50051,3.3,26.0,0.00212855789844097
50052,3.3,27.0,0.005123672955362689
50053,3.3,28.0,0.010415071728556465
50054,3.3,29.0,0.005015217594220927
50055,3.3,30.0,0.004314236804604678
50056,3.3,31.0,0.00851865727684129
50057,3.3,32.0,0.0038288204902743113
50058,3.3,33.0,0.0009659606934396917
50059,3.3,34.0,0.003015526045699933
50060,3.3,35.0,0.006601673598828106
50061,3.3,36.0,0.003015458550951835
50062,3.3,37.0,0.00261108164475058
50063,3.3,38.0,0.0055164272897700335
50064,3.3,39.0,0.0024734161400142922
50065,3.3,40.0,0.0021510596516070815
50066,3.3,41.0,0.004651857207772623
50067,3.3,42.0,0.0019514439199990463
50068,3.3,43.0,0.00031761888202021677
50069,3.3,44.0,0.0015816085557230626
50070,3.3,45.0,0.0037580785247459366
50071,3.3,46.0,0.0015536081731098619
50072,3.3,47.0,0.0001394731382447652
50073,3.3,48.0,3.099621179397509e-05
50074,3.3,49.0,2.3469748410503664e-05
50075,3.3,50.0,1.8347103353371582e-05
50076,3.3,51.0,1.4267627637198477e-05
50077,3.3,52.0,1.1036265715830717e-05
50078,3.3,53.0,8.491387060272787e-06
50079,3.3,54.0,6.498621372599403e-06
50080,3.3,55.0,4.947091453130177e-06
50081,3.3,56.0,3.745973931873458e-06
50082,3.3,57.0,2.821406549809283e-06
50083,3.3,58.0,2.113745505318361e-06
50084,3.3,59.0,1.5751641958277701e-06
50085,3.3,60.0,1.1675757692140828e-06
50086,3.3,61.0,8.60855825835722e-07
50087,3.3,62.0,6.313379268791118e-07
50088,3.3,63.0,4.6055281832493056e-07
50089,3.3,64.0,3.34182048016106e-07
50090,3.3,65.0,2.4119755201414844e-07
50091,3.3,66.0,1.7316048066686757e-07
50092,3.3,67.0,1.2365474242875886e-07
50093,3.3,68.0,8.78332351063709e-08
50094,3.3,69.0,6.20573303415242e-08
50095,3.3,70.0,4.361274334020464e-08
50096,3.3,71.0,3.048736078131849e-08
50097,3.3,72.0,2.1198852943415843e-08
50098,3.3,73.0,1.4661925271914485e-08
50099,3.3,74.0,1.0086854323951411e-08
50100,3.4,-75.0,4.552777791875773e-10
50101,3.4,-74.0,6.894911248795008e-10
50102,3.4,-73.0,1.0386447123278049e-09
50103,3.4,-72.0,1.5562933326480272e-09
50104,3.4,-71.0,2.3195407563283017e-09
50105,3.4,-70.0,3.4387346743610137e-09
50106,3.4,-69.0,5.07085786531174e-09
50107,3.4,-68.0,7.437899705946462e-09
50108,3.4,-67.0,1.0851888187255297e-08
50109,3.4,-66.0,1.5748761882722063e-08
50110,3.4,-65.0,2.273388398536233e-08
50111,3.4,-64.0,3.264276828866574e-08
50112,3.4,-63.0,4.6621522295711e-08
50113,3.4,-62.0,6.6232637486594e-08
50114,3.4,-61.0,9.359309091132093e-08
50115,3.4,-60.0,1.3155328085593116e-07
50116,3.4,-59.0,1.8392710984582908e-07
50117,3.4,-58.0,2.5578554674075396e-07
50118,3.4,-57.0,3.538282261993773e-07
50119,3.4,-56.0,4.868500372344264e-07
50120,3.4,-55.0,6.66322144951528e-07
50121,3.4,-54.0,9.071093800525279e-07
50122,3.4,-53.0,1.2283482798531122e-06
50123,3.4,-52.0,1.654512089260802e-06
50124,3.4,-51.0,2.2166904997910786e-06
50125,3.4,-50.0,2.9541125397368065e-06
50126,3.4,-49.0,3.915940502263503e-06
50127,3.4,-48.0,5.163361241726771e-06
50128,3.4,-47.0,6.773616884215204e-06
50129,3.4,-46.0,9.709311975428562e-06
50130,3.4,-45.0,8.959491043154052e-05
50131,3.4,-44.0,0.0011729279672263015
50132,3.4,-43.0,0.0029467257870376667
50133,3.4,-42.0,0.0024530835763522884
50134,3.4,-41.0,0.0032329103282671794
50135,3.4,-40.0,0.0014107609769962396
50136,3.4,-39.0,0.0016043597131626143
50137,3.4,-38.0,0.0036714530554616035
50138,3.4,-37.0,0.0015474031105927844
50139,3.4,-36.0,0.0003145951505386713
50140,3.4,-35.0,0.0019117858260613752
50141,3.4,-34.0,0.004552178460567942
50142,3.4,-33.0,0.002110107261586443
50143,3.4,-32.0,0.002428315678147434
50144,3.4,-31.0,0.005409234273469377
50145,3.4,-30.0,0.002568308553489844
50146,3.4,-29.0,0.0029689268517711863
50147,3.4,-28.0,0.006490894610024273
50148,3.4,-27.0,0.0029767254210727543
50149,3.4,-26.0,0.0009673702739271469
50150,3.4,-25.0,0.00378866985619168
50151,3.4,-24.0,0.008416584966583172
50152,3.4,-23.0,0.0042801970874973795
50153,3.4,-22.0,0.0049830492637799265
50154,3.4,-21.0,0.010339396599117773
50155,3.4,-20.0,0.005108904868886394
50156,3.4,-19.0,0.0021433239754924237
50157,3.4,-18.0,0.006559918321783068
50158,3.4,-17.0,0.013771187992909287
50159,3.4,-16.0,0.007411487245003946
50160,3.4,-15.0,0.008658879869736189
50161,3.4,-14.0,0.01719591649849371
50162,3.4,-13.0,0.008878608583655731
50163,3.4,-12.0,0.0041597273594836575
50164,3.4,-11.0,0.011451336091451308
50165,3.4,-10.0,0.023352000052829724
50166,3.4,-9.0,0.012729798417103403
50167,3.4,-8.0,0.015061673753364258
50168,3.4,-7.0,0.029689245333438603
50169,3.4,-6.0,0.015109649554188509
50170,3.4,-5.0,0.00680508255364475
50171,3.4,-4.0,0.02023574563194404
50172,3.4,-3.0,0.042178122178397816
50173,3.4,-2.0,0.020674500470128126
50174,3.4,-1.0,0.006905284366643608
50175,3.4,0.0,0.000605965260832114
50176,3.4,1.0,0.008113399266420905
50177,3.4,2.0,0.04022754589333412
50178,3.4,3.0,0.09030022520044854
50179,3.4,4.0,0.04168274125615477
50180,3.4,5.0,0.009813665802398635
50181,3.4,6.0,0.026204900524602816
50182,3.4,7.0,0.0554949200788979
50183,3.4,8.0,0.02692365109549474
50184,3.4,9.0,0.02134136629210755
50185,3.4,10.0,0.04074357253188103
50186,3.4,11.0,0.019604811679042326
50187,3.4,12.0,0.00664304318708415
50188,3.4,13.0,0.01473451776972502
50189,3.4,14.0,0.028980358606998713
50190,3.4,15.0,0.014744249061546668
50191,3.4,16.0,0.012501270602027463
50192,3.4,17.0,0.02298064385290475
50193,3.4,18.0,0.01129507703602916
50194,3.4,19.0,0.0041099692547553225
50195,3.4,20.0,0.008803158331871364
50196,3.4,21.0,0.017099166404600036
50197,3.4,22.0,0.008622457407532692
50198,3.4,23.0,0.0073974731151971685
50199,3.4,24.0,0.013789278347898271
50200,3.4,25.0,0.006572391073904718
50201,3.4,26.0,0.002140040320690759
50202,3.4,27.0,0.005137322102074096
50203,3.4,28.0,0.010432984021421567
50204,3.4,29.0,0.005027741730956834
50205,3.4,30.0,0.004324784641515896
50206,3.4,31.0,0.008531132304155326
50207,3.4,32.0,0.0038377395182671624
50208,3.4,33.0,0.0009724185111950777
50209,3.4,34.0,0.003021945710524525
50210,3.4,35.0,0.006608641940783934
50211,3.4,36.0,0.0030206706945455058
50212,3.4,37.0,0.0026152470184073935
50213,3.4,38.0,0.005520440165178458
50214,3.4,39.0,0.002476559042525589
50215,3.4,40.0,0.0021534615689824815
50216,3.4,41.0,0.004653766166351548
50217,3.4,42.0,0.001953136338171121
50218,3.4,43.0,0.0003190728550412579
50219,3.4,44.0,0.0015824846189280211
50220,3.4,45.0,0.0037582168489573064
50221,3.4,46.0,0.0015540918701166583
50222,3.4,47.0,0.00014014059689109498
50223,3.4,48.0,3.1558837537028905e-05
50224,3.4,49.0,2.3924918315512276e-05
50225,3.4,50.0,1.8712925098315694e-05
50226,3.4,51.0,1.4559864315442113e-05
50227,3.4,52.0,1.1268318111461715e-05
50228,3.4,53.0,8.674550456824103e-06
50229,3.4,54.0,6.642337884266001e-06
50230,3.4,55.0,5.059190785694929e-06
50231,3.4,56.0,3.832897967618507e-06
50232,3.4,57.0,2.888414836257124e-06
50233,3.4,58.0,2.1651001157168083e-06
50234,3.4,59.0,1.6142935328068673e-06
50235,3.4,60.0,1.1972177251549206e-06
50236,3.4,61.0,8.831813239684563e-07
50237,3.4,62.0,6.480562791512249e-07
50238,3.4,63.0,4.730005836653349e-07
50239,3.4,64.0,3.4339719064429883e-07
50240,3.4,65.0,2.479807142554865e-07
50241,3.4,66.0,1.781251252705041e-07
50242,3.4,67.0,1.2726780870758368e-07
50243,3.4,68.0,9.044781040219566e-08
50244,3.4,69.0,6.393867858262396e-08
50245,3.4,70.0,4.4958867477499326e-08
50246,3.4,71.0,3.144511421377616e-08
50247,3.4,72.0,2.1876462567981975e-08
50248,3.4,73.0,1.51386492389433e-08
50249,3.4,74.0,1.0420372949342946e-08
50250,3.5,-75.0,4.4221939185576205e-10
50251,3.5,-74.0,6.700718884957218e-10
50252,3.5,-73.0,1.0099296479583468e-09
50253,3.5,-72.0,1.5140734825656313e-09
50254,3.5,-71.0,2.2578178042508647e-09
50255,3.5,-70.0,3.349013841320352e-09
50256,3.5,-69.0,4.941184849954105e-09
50257,3.5,-68.0,7.2515587597831695e-09
50258,3.5,-67.0,1.0585655387019904e-08
50259,3.5,-66.0,1.5370579670060058e-08
50260,3.5,-65.0,2.2199789543664103e-08
50261,3.5,-64.0,3.189286892255859e-08
50262,3.5,-63.0,4.557476553370591e-08
50263,3.5,-62.0,6.478007240440137e-08
50264,3.5,-61.0,9.158926101070596e-08
50265,3.5,-60.0,1.2880532935706681e-07
50266,3.5,-59.0,1.8018111811725164e-07
50267,3.5,-58.0,2.507095697612533e-07
50268,3.5,-57.0,3.469914409715321e-07
50269,3.5,-56.0,4.776973883731595e-07
50270,3.5,-55.0,6.54143865799178e-07
50271,3.5,-54.0,8.910047994772682e-07
50272,3.5,-53.0,1.207183408601873e-06
50273,3.5,-52.0,1.6268706318792904e-06
50274,3.5,-51.0,2.1808181771806706e-06
50275,3.5,-50.0,2.9078549532500366e-06
50276,3.5,-49.0,3.8566752431307395e-06
50277,3.5,-48.0,5.0879255729573345e-06
50278,3.5,-47.0,6.67824616583349e-06
50279,3.5,-46.0,9.596564199578117e-06
50280,3.5,-45.0,9.007523516382244e-05
50281,3.5,-44.0,0.0011820768547013238
50282,3.5,-43.0,0.002970084536463615
50283,3.5,-42.0,0.002472270108799877
50284,3.5,-41.0,0.003258109920671814
50285,3.5,-40.0,0.0014212774085639234
50286,3.5,-39.0,0.0016160730358747563
50287,3.5,-38.0,0.003699155612929392
50288,3.5,-37.0,0.0015582492619324792
50289,3.5,-36.0,0.00031551323964886457
50290,3.5,-35.0,0.0019245673419702996
50291,3.5,-34.0,0.00458473158806421
50292,3.5,-33.0,0.0021236620832990154
50293,3.5,-32.0,0.002443526623951068
50294,3.5,-31.0,0.005446087139624464
50295,3.5,-30.0,0.002583522971267954
50296,3.5,-29.0,0.0029860986025528826
50297,3.5,-28.0,0.006532815793311341
50298,3.5,-27.0,0.0029926981729323423
50299,3.5,-26.0,0.0009681836780044675
50300,3.5,-25.0,0.0038081741156998678
50301,3.5,-24.0,0.008467138459114206
50302,3.5,-23.0,0.0043016597652752115
50303,3.5,-22.0,0.005007719596893243
50304,3.5,-21.0,0.010398478805253708
50305,3.5,-20.0,0.0051332571643993965
50306,3.5,-19.0,0.002147794197836175
50307,3.5,-18.0,0.006590849062365154
50308,3.5,-17.0,0.01384561560154956
50309,3.5,-16.0,0.007447401512420254
50310,3.5,-15.0,0.008700271572869003
50311,3.5,-14.0,0.017285510711941652
50312,3.5,-13.0,0.008922596484751348
50313,3.5,-12.0,0.004178169828833421
50314,3.5,-11.0,0.011506315492003214
50315,3.5,-10.0,0.023466323940693732
50316,3.5,-9.0,0.012794724343675819
50317,3.5,-8.0,0.015132822249229716
50318,3.5,-7.0,0.029822062902346874
50319,3.5,-6.0,0.015187298370588643
50320,3.5,-5.0,0.006851122252276942
50321,3.5,-4.0,0.020315397085267677
50322,3.5,-3.0,0.04231277103076782
50323,3.5,-2.0,0.020764662306912648
50324,3.5,-1.0,0.006968090486266035
50325,3.5,0.0,0.0006137076584876461
50326,3.5,1.0,0.008140919894186117
50327,3.5,2.0,0.03972256225931856
50328,3.5,3.0,0.08896142853832187
50329,3.5,4.0,0.04042491197527283
50330,3.5,5.0,0.009712894791328997
50331,3.5,6.0,0.026330905706734232
50332,3.5,7.0,0.0558462049662951
50333,3.5,8.0,0.027062169455054044
50334,3.5,9.0,0.021404695847905393
50335,3.5,10.0,0.04089812106658491
50336,3.5,11.0,0.019664441830458436
50337,3.5,12.0,0.006644823327073267
50338,3.5,13.0,0.01476166531750611
50339,3.5,14.0,0.029052287396985312
50340,3.5,15.0,0.014777211159798805
50341,3.5,16.0,0.012524569531418244
50342,3.5,17.0,0.023027843769123257
50343,3.5,18.0,0.011319464877529203
50344,3.5,19.0,0.00412050948331863
50345,3.5,20.0,0.008820936622883182
50346,3.5,21.0,0.017129248588815045
50347,3.5,22.0,0.00864146414300435
50348,3.5,23.0,0.007413383334114689
50349,3.5,24.0,0.013811284571726097
50350,3.5,25.0,0.0065875162700316705
50351,3.5,26.0,0.0021506841985104606
50352,3.5,27.0,0.005149008756151132
50353,3.5,28.0,0.010446937534561945
50354,3.5,29.0,0.005038365594028109
50355,3.5,30.0,0.004333701241628063
50356,3.5,31.0,0.008540379198504625
50357,3.5,32.0,0.003845222199714044
50358,3.5,33.0,0.0009785338422648644
50359,3.5,34.0,0.0030272400737978307
50360,3.5,35.0,0.006613113567589046
50361,3.5,36.0,0.0030247579856099212
50362,3.5,37.0,0.0026184399502737054
50363,3.5,38.0,0.005522365334252878
50364,3.5,39.0,0.002478779055622776
50365,3.5,40.0,0.0021550613097143178
50366,3.5,41.0,0.004653910707011437
50367,3.5,42.0,0.0019540989201668416
50368,3.5,43.0,0.00032042207116149543
50369,3.5,44.0,0.0015827679285502422
50370,3.5,45.0,0.003756923831324745
50371,3.5,46.0,0.0015539898430461056
50372,3.5,47.0,0.00014076429331980815
50373,3.5,48.0,3.211792076002388e-05
50374,3.5,49.0,2.4378122907886244e-05
50375,3.5,50.0,1.907759405819269e-05
50376,3.5,51.0,1.4851511008847674e-05
50377,3.5,52.0,1.1500157860039722e-05
50378,3.5,53.0,8.857742883463634e-06
50379,3.5,54.0,6.78622797439559e-06
50380,3.5,55.0,5.171540474499448e-06
50381,3.5,56.0,3.920103362915904e-06
50382,3.5,57.0,2.9557058849105813e-06
50383,3.5,58.0,2.216720929207394e-06
50384,3.5,59.0,1.6536627153989958e-06
50385,3.5,60.0,1.2270689168440262e-06
50386,3.5,61.0,9.056848080862267e-07
50387,3.5,62.0,6.649229429629087e-07
50388,3.5,63.0,4.855697925996395e-07
50389,3.5,64.0,3.52710275229703e-07
50390,3.5,65.0,2.5484180342674865e-07
50391,3.5,66.0,1.831510172893263e-07
50392,3.5,67.0,1.309284746357011e-07
50393,3.5,68.0,9.309899411866779e-08
50394,3.5,69.0,6.584790721057896e-08
50395,3.5,70.0,4.6326028732273194e-08
50396,3.5,71.0,3.241860144291872e-08
50397,3.5,72.0,2.2565740300184345e-08
50398,3.5,73.0,1.5623955874608383e-08
50399,3.5,74.0,1.0760155046707954e-08
50400,3.6,-75.0,4.2923995735425173e-10
50401,3.6,-74.0,6.507514547378577e-10
50402,3.6,-73.0,9.813326763386663e-10
50403,3.6,-72.0,1.4719853270647776e-09
50404,3.6,-71.0,2.1962248950986898e-09
50405,3.6,-70.0,3.2593893959678958e-09
50406,3.6,-69.0,4.811514467568887e-09
50407,3.6,-68.0,7.065020952411032e-09
50408,3.6,-67.0,1.0318848209422624e-08
50409,3.6,-66.0,1.4991155441552143e-08
50410,3.6,-65.0,2.1663324569318946e-08
50411,3.6,-64.0,3.1138753606271206e-08
50412,3.6,-63.0,4.452085205495872e-08
50413,3.6,-62.0,6.331576230176163e-08
50414,3.6,-61.0,8.956665422585265e-08
50415,3.6,-60.0,1.2602799095476798e-07
50416,3.6,-59.0,1.7638995143338447e-07
50417,3.6,-58.0,2.4556521885963056e-07
50418,3.6,-57.0,3.4005258631970315e-07
50419,3.6,-56.0,4.683942547784101e-07
50420,3.6,-55.0,6.41746240247005e-07
50421,3.6,-54.0,8.745838703369615e-07
50422,3.6,-53.0,1.1855668009529118e-06
50423,3.6,-52.0,1.5985901431606402e-06
50424,3.6,-51.0,2.1440499318495454e-06
50425,3.6,-50.0,2.860352015172261e-06
50426,3.6,-49.0,3.7956931712773235e-06
50427,3.6,-48.0,5.010142004123955e-06
50428,3.6,-47.0,6.579688396374119e-06
50429,3.6,-46.0,9.479021549756671e-06
50430,3.6,-45.0,9.05048121717742e-05
50431,3.6,-44.0,0.001190550929321681
50432,3.6,-43.0,0.002991746522178273
50433,3.6,-42.0,0.0024900430634492133
50434,3.6,-41.0,0.0032814447530313488
50435,3.6,-40.0,0.0014309800687850776
50436,3.6,-39.0,0.0016268583594133614
50437,3.6,-38.0,0.003724733489395223
50438,3.6,-37.0,0.0015681987007996104
50439,3.6,-36.0,0.00031624634171102895
50440,3.6,-35.0,0.001936234547974901
50441,3.6,-34.0,0.004614635004617233
50442,3.6,-33.0,0.002135982292650535
50443,3.6,-32.0,0.002457311358408577
50444,3.6,-31.0,0.005479773193650924
50445,3.6,-30.0,0.0025972196989467833
50446,3.6,-29.0,0.0030015089578502934
50447,3.6,-28.0,0.006570910165664142
50448,3.6,-27.0,0.003006888733548988
50449,3.6,-26.0,0.0009683786182118502
50450,3.6,-25.0,0.0038253925941056518
50451,3.6,-24.0,0.008512676847809804
50452,3.6,-23.0,0.004320520649825159
50453,3.6,-22.0,0.005029353327183267
50454,3.6,-21.0,0.010451351166557652
50455,3.6,-20.0,0.0051544632801696095
50456,3.6,-19.0,0.00215084672827992
50457,3.6,-18.0,0.006617728173896983
50458,3.6,-17.0,0.013911701060258533
50459,3.6,-16.0,0.007478719314616266
50460,3.6,-15.0,0.008736301154014922
50461,3.6,-14.0,0.01736465160826328
50462,3.6,-13.0,0.008961056714981314
50463,3.6,-12.0,0.00419387722633244
50464,3.6,-11.0,0.011554212234548973
50465,3.6,-10.0,0.023566474387705098
50466,3.6,-9.0,0.012851799818831024
50467,3.6,-8.0,0.015194766644916015
50468,3.6,-7.0,0.02993701811614345
50469,3.6,-6.0,0.015255741136871672
50470,3.6,-5.0,0.006892925774193147
50471,3.6,-4.0,0.020383176533483868
50472,3.6,-3.0,0.04242303303876942
50473,3.6,-2.0,0.02084277920061353
50474,3.6,-1.0,0.007026782990812859
50475,3.6,0.0,0.0006211543465415934
50476,3.6,1.0,0.008169467100301956
50477,3.6,2.0,0.039278638857976694
50478,3.6,3.0,0.08777741811527993
50479,3.6,4.0,0.03927302338298591
50480,3.6,5.0,0.009617271796193023
50481,3.6,6.0,0.026452955602194534
50482,3.6,7.0,0.056190506362398425
50483,3.6,8.0,0.027196463958795835
50484,3.6,9.0,0.021462766987742438
50485,3.6,10.0,0.04104297397214992
50486,3.6,11.0,0.019719054491923994
50487,3.6,12.0,0.006644438966171289
50488,3.6,13.0,0.014784487032576107
50489,3.6,14.0,0.029116149641428526
50490,3.6,15.0,0.014805881947944311
50491,3.6,16.0,0.012544100370044104
50492,3.6,17.0,0.023068388716634032
50493,3.6,18.0,0.011340462263019045
50494,3.6,19.0,0.004129674071799735
50495,3.6,20.0,0.008836016928725134
50496,3.6,21.0,0.017154283845629018
50497,3.6,22.0,0.008657872078306096
50498,3.6,23.0,0.007427050703921312
50499,3.6,24.0,0.01382921328885987
50500,3.6,25.0,0.006600675126178628
50501,3.6,26.0,0.0021606628059900952
50502,3.6,27.0,0.005159164602821777
50503,3.6,28.0,0.010457820027944662
50504,3.6,29.0,0.005047512726530167
50505,3.6,30.0,0.0043413511005935615
50506,3.6,31.0,0.00854712609690529
50507,3.6,32.0,0.003851592577115442
50508,3.6,33.0,0.0009843843517643603
50509,3.6,34.0,0.0030316649542269547
50510,3.6,35.0,0.006615655378536415
50511,3.6,36.0,0.003027977490631654
50512,3.6,37.0,0.002620883377374464
50513,3.6,38.0,0.005522678254888335
50514,3.6,39.0,0.0024802881748455683
50515,3.6,40.0,0.0021560435640808505
50516,3.6,41.0,0.004652693170984515
50517,3.6,42.0,0.0019544996988628024
50518,3.6,43.0,0.00032169289663693006
50519,3.6,44.0,0.001582595142265202
50520,3.6,45.0,0.003754525802463728
50521,3.6,46.0,0.0015534366694273027
50522,3.6,47.0,0.00014135582912995324
50523,3.6,48.0,3.2675730782443e-05
50524,3.6,49.0,2.4831067318030233e-05
50525,3.6,50.0,1.944244314807967e-05
50526,3.6,51.0,1.514360472701215e-05
50527,3.6,52.0,1.173258785420093e-05
50528,3.6,53.0,9.04158297173681e-06
50529,3.6,54.0,6.930766006980636e-06
50530,3.6,55.0,5.284502513454412e-06
50531,3.6,56.0,4.007865037025106e-06
50532,3.6,57.0,3.0234874871246472e-06
50533,3.6,58.0,2.268764250416999e-06
50534,3.6,59.0,1.6933887585793886e-06
50535,3.6,60.0,1.2572165287362138e-06
50536,3.6,61.0,9.284309279534659e-07
50537,3.6,62.0,6.819856302365534e-07
50538,3.6,63.0,4.982954896602857e-07
50539,3.6,64.0,3.6214691992580785e-07
50540,3.6,65.0,2.617994579820143e-07
50541,3.6,66.0,1.8825165276086777e-07
50542,3.6,67.0,1.3464646625885827e-07
50543,3.6,68.0,9.579376213263992e-08
50544,3.6,69.0,6.778999579849753e-08
50545,3.6,70.0,4.771776474833895e-08
50546,3.6,71.0,3.341032374808008e-08
50547,3.6,72.0,2.3268446223894432e-08
50548,3.6,73.0,1.611907778459291e-08
50549,3.6,74.0,1.1107059690411882e-08
50550,3.7,-75.0,4.164154402178682e-10
50551,3.7,-74.0,6.316452260242715e-10
50552,3.7,-73.0,9.530281303998017e-10
50553,3.7,-72.0,1.430290749233544e-09
50554,3.7,-71.0,2.135153231582279e-09
50555,3.7,-70.0,3.1704424577421645e-09
50556,3.7,-69.0,4.682705139988288e-09
50557,3.7,-68.0,6.879547270417868e-09
50558,3.7,-67.0,1.0053308685760777e-08
50559,3.7,-66.0,1.4613165053229375e-08
50560,3.7,-65.0,2.11283546006007e-08
50561,3.7,-64.0,3.0385975509271426e-08
50562,3.7,-63.0,4.34677152300473e-08
50563,3.7,-62.0,6.185097818010364e-08
50564,3.7,-61.0,8.754119474284447e-08
50565,3.7,-60.0,1.2324363966432077e-07
50566,3.7,-59.0,1.7258487235061258e-07
50567,3.7,-58.0,2.40395935134216e-07
50568,3.7,-57.0,3.3307169312263984e-07
50569,3.7,-56.0,4.59023135322237e-07
50570,3.7,-55.0,6.292420198433026e-07
50571,3.7,-54.0,8.57999842454149e-07
50572,3.7,-53.0,1.1637056055851285e-06
50573,3.7,-52.0,1.5699490882447372e-06
50574,3.7,-51.0,2.1067580421201024e-06
50575,3.7,-50.0,2.8120986907350156e-06
50576,3.7,-49.0,3.733648762346505e-06
50577,3.7,-48.0,4.930871184155269e-06
50578,3.7,-47.0,6.479069369676697e-06
50579,3.7,-46.0,9.358266314791423e-06
50580,3.7,-45.0,9.08961017810778e-05
50581,3.7,-44.0,0.0011985092569973593
50582,3.7,-43.0,0.0030121108307047937
50583,3.7,-42.0,0.002506735039702672
50584,3.7,-41.0,0.003303353275759497
50585,3.7,-40.0,0.0014400609882195433
50586,3.7,-39.0,0.0016369344144593946
50587,3.7,-38.0,0.0037486859178634184
50588,3.7,-37.0,0.0015774630681631167
50589,3.7,-36.0,0.0003168393930183424
50590,3.7,-35.0,0.0019470498126000573
50591,3.7,-34.0,0.004642510289312047
50592,3.7,-33.0,0.002147358308859744
50593,3.7,-32.0,0.0024700046411001973
50594,3.7,-31.0,0.005511033683090562
50595,3.7,-30.0,0.002609754100626813
50596,3.7,-29.0,0.003015569280530813
50597,3.7,-28.0,0.006606070495796792
50598,3.7,-27.0,0.0030197113879621876
50599,3.7,-26.0,0.0009680962498892598
50600,3.7,-25.0,0.003840853654931461
50601,3.7,-24.0,0.008554363085096694
50602,3.7,-23.0,0.004337377404352441
50603,3.7,-22.0,0.0050486465736069835
50604,3.7,-21.0,0.01049944634239564
50605,3.7,-20.0,0.005173238104504381
50606,3.7,-19.0,0.0021527896808836862
50607,3.7,-18.0,0.006641473624794525
50608,3.7,-17.0,0.01397135774524797
50609,3.7,-16.0,0.007506475954831284
50610,3.7,-15.0,0.008768178624624123
50611,3.7,-14.0,0.017435731989053585
50612,3.7,-13.0,0.008995227070072422
50613,3.7,-12.0,0.004207431326603682
50614,3.7,-11.0,0.011596624204991652
50615,3.7,-10.0,0.02365570836612538
50616,3.7,-9.0,0.012902794782513155
50617,3.7,-8.0,0.015249607761829544
50618,3.7,-7.0,0.03003826482491506
50619,3.7,-6.0,0.01531707531333044
50620,3.7,-5.0,0.0069314184766302465
50621,3.7,-4.0,0.020441914744468204
50622,3.7,-3.0,0.042514852986609855
50623,3.7,-2.0,0.02091173052062715
50624,3.7,-1.0,0.007082276828046513
50625,3.7,0.0,0.0006283837914706662
50626,3.7,1.0,0.008198783340431545
50627,3.7,2.0,0.03888162349678172
50628,3.7,3.0,0.08671234357567718
50629,3.7,4.0,0.03820452035159672
50630,3.7,5.0,0.009525671691333963
50631,3.7,6.0,0.02657251845117085
50632,3.7,7.0,0.056530973668347854
50633,3.7,8.0,0.02732805211806018
50634,3.7,9.0,0.021516704403264794
50635,3.7,10.0,0.041180242541929285
50636,3.7,11.0,0.019769671342195542
50637,3.7,12.0,0.006642242467893238
50638,3.7,13.0,0.014803746020827095
50639,3.7,14.0,0.02917343440545685
50640,3.7,15.0,0.014831020032168381
50641,3.7,16.0,0.012560506771039672
50642,3.7,17.0,0.023103459485977095
50643,3.7,18.0,0.011358647524968506
50644,3.7,19.0,0.00413767071146623
50645,3.7,20.0,0.008848849250699115
50646,3.7,21.0,0.017175151152508356
50647,3.7,22.0,0.008672120679651084
50648,3.7,23.0,0.0074388520527581105
50649,3.7,24.0,0.01384377403660382
50650,3.7,25.0,0.006612201637799164
50651,3.7,26.0,0.0021700797275795137
50652,3.7,27.0,0.00516805054816726
50653,3.7,28.0,0.01046616999991584
50654,3.7,29.0,0.0050554392977151105
50655,3.7,30.0,0.004347954678975246
50656,3.7,31.0,0.008551814991340273
50657,3.7,32.0,0.0038570467526958213
50658,3.7,33.0,0.0009900162778209319
50659,3.7,34.0,0.0030353752687262794
50660,3.7,35.0,0.006616611942350131
50661,3.7,36.0,0.003030485122898868
50662,3.7,37.0,0.00262271257246701
50663,3.7,38.0,0.005521668224770643
50664,3.7,39.0,0.002481215188098471
50665,3.7,40.0,0.0021565205887137235
50666,3.7,41.0,0.004650358611820033
50667,3.7,42.0,0.001954440896820821
50668,3.7,43.0,0.00032290121258207093
50669,3.7,44.0,0.00158204947769935
50670,3.7,45.0,0.003751221739977465
50671,3.7,46.0,0.0015525143592573483
50672,3.7,47.0,0.0001419222049767244
50673,3.7,48.0,3.323359257471827e-05
50674,3.7,49.0,2.5284746853657403e-05
50675,3.7,50.0,1.980825205632886e-05
50676,3.7,51.0,1.5436753556663137e-05
50677,3.7,52.0,1.1966080211281792e-05
50678,3.7,53.0,9.22643562800831e-06
50679,3.7,54.0,7.0762327620044725e-06
50680,3.7,55.0,5.398291987089117e-06
50681,3.7,56.0,4.096347016647844e-06
50682,3.7,57.0,3.0918841761112855e-06
50683,3.7,58.0,2.321324208218217e-06
50684,3.7,59.0,1.733542494131133e-06
50685,3.7,60.0,1.2877136249079116e-06
50686,3.7,61.0,9.514592601705939e-07
50687,3.7,62.0,6.99273726872569e-07
50688,3.7,63.0,5.111993967699401e-07
50689,3.7,64.0,3.717231096838892e-07
50690,3.7,65.0,2.6886538833405603e-07
50691,3.7,66.0,1.93435572002534e-07
50692,3.7,67.0,1.3842798382334257e-07
50693,3.7,68.0,9.853659537628395e-08
50694,3.7,69.0,6.976816795961575e-08
50695,3.7,70.0,4.91363839869177e-08
50696,3.7,71.0,3.442192662476492e-08
50697,3.7,72.0,2.3985747831721866e-08
50698,3.7,73.0,1.6624839454987318e-08
50699,3.7,74.0,1.1461666405699375e-08
50700,3.8,-75.0,4.037939329171622e-10
50701,3.8,-74.0,6.128265499632229e-10
50702,3.8,-73.0,9.251272282525772e-10
50703,3.8,-72.0,1.3891574178925296e-09
50704,3.8,-71.0,2.0748541310817803e-09
50705,3.8,-70.0,3.0825475612858226e-09
50706,3.8,-69.0,4.555311833039131e-09
50707,3.8,-68.0,6.695955331899748e-09
50708,3.8,-67.0,9.790234520625484e-09
50709,3.8,-66.0,1.42383529955925e-08
50710,3.8,-65.0,2.059740609303649e-08
50711,3.8,-64.0,2.9638172802712556e-08
50712,3.8,-63.0,4.2420564451486706e-08
50713,3.8,-62.0,6.039313702458786e-08
50714,3.8,-61.0,8.552338300967436e-08
50715,3.8,-60.0,1.204670574414995e-07
50716,3.8,-59.0,1.687865728961529e-07
50717,3.8,-58.0,2.3523052071098895e-07
50718,3.8,-57.0,3.260886270978459e-07
50719,3.8,-56.0,4.4963889953273054e-07
50720,3.8,-55.0,6.16706301562165e-07
50721,3.8,-54.0,8.413549217636098e-07
50722,3.8,-53.0,1.1417381457137997e-06
50723,3.8,-52.0,1.541133625294877e-06
50724,3.8,-51.0,2.069191645931413e-06
50725,3.8,-50.0,2.7634265467996394e-06
50726,3.8,-49.0,3.6709808283666264e-06
50727,3.8,-48.0,4.850690630102802e-06
50728,3.8,-47.0,6.377145075840745e-06
50729,3.8,-46.0,9.235360542084727e-06
50730,3.8,-45.0,9.125737123390451e-05
50731,3.8,-44.0,0.0012060571491331643
50732,3.8,-43.0,0.0030314416512669056
50733,3.8,-42.0,0.0025225662394687577
50734,3.8,-41.0,0.0033241257816440605
50735,3.8,-40.0,0.0014486473581054396
50736,3.8,-39.0,0.0016464461045301874
50737,3.8,-38.0,0.003771343535920708
50738,3.8,-37.0,0.0015861826267925953
50739,3.8,-36.0,0.0003173223230227504
50740,3.8,-35.0,0.0019571870923145197
50741,3.8,-34.0,0.0046687693195460135
50742,3.8,-33.0,0.002157982763649475
50743,3.8,-32.0,0.0024818285594777672
50744,3.8,-31.0,0.005540360003741655
50745,3.8,-30.0,0.002621362055062915
50746,3.8,-29.0,0.0030285526651198636
50747,3.8,-28.0,0.006638888907587503
50748,3.8,-27.0,0.0030314413448170366
50749,3.8,-26.0,0.0009674309223128167
50750,3.8,-25.0,0.003854908371782698
50751,3.8,-24.0,0.008592968932298562
50752,3.8,-23.0,0.004352627226716081
50753,3.8,-22.0,0.005066061966663173
50754,3.8,-21.0,0.010543715375573906
50755,3.8,-20.0,0.005190056854540799
50756,3.8,-19.0,0.0021538286232072293
50757,3.8,-18.0,0.006662695539840268
50758,3.8,-17.0,0.01402585607589152
50759,3.8,-16.0,0.0075313593529227445
50760,3.8,-15.0,0.008796707907828244
50761,3.8,-14.0,0.01750034059562133
50762,3.8,-13.0,0.009025929623471866
50763,3.8,-12.0,0.004219218641182624
50764,3.8,-11.0,0.011634612320482835
50765,3.8,-10.0,0.023736188056314556
50766,3.8,-9.0,0.012948883680050365
50767,3.8,-8.0,0.01529873948357225
50768,3.8,-7.0,0.030128559855970637
50769,3.8,-6.0,0.015372691531365678
50770,3.8,-5.0,0.006967211898285297
50771,3.8,-4.0,0.020493485972643544
50772,3.8,-3.0,0.04259216922718839
50773,3.8,-2.0,0.020973421559057598
50774,3.8,-1.0,0.00713517428490373
50775,3.8,0.0,0.0006354477448714339
50776,3.8,1.0,0.008228692935056842
50777,3.8,2.0,0.03852212904410354
50778,3.8,3.0,0.08574243326307811
50779,3.8,4.0,0.03720423703016663
50780,3.8,5.0,0.00943734208766069
50781,3.8,6.0,0.0266906289591851
50782,3.8,7.0,0.056869839698184224
50783,3.8,8.0,0.02745800059645154
50784,3.8,9.0,0.0215672616704119
50785,3.8,10.0,0.04131133253507336
50786,3.8,11.0,0.019816972758668394
50787,3.8,12.0,0.006638468266908223
50788,3.8,13.0,0.014819946321544627
50789,3.8,14.0,0.02922512325639798
50790,3.8,15.0,0.014853125536219902
50791,3.8,16.0,0.012574212668424558
50792,3.8,17.0,0.023133833201016116
50793,3.8,18.0,0.011374400911778004
50794,3.8,19.0,0.004144635428447311
50795,3.8,20.0,0.0088597290787919
50796,3.8,21.0,0.017192428484514837
50797,3.8,22.0,0.008684498230695654
50798,3.8,23.0,0.007449034458672986
50799,3.8,24.0,0.013855433289979482
50800,3.8,25.0,0.00662231461928301
50801,3.8,26.0,0.002179001864740594
50802,3.8,27.0,0.005175837432683719
50803,3.8,28.0,0.010472341641079474
50804,3.8,29.0,0.0050623131892169404
50805,3.8,30.0,0.004353656455944775
50806,3.8,31.0,0.00855473684450014
50807,3.8,32.0,0.0038617133280144625
50808,3.8,33.0,0.0009954593118151349
50809,3.8,34.0,0.0030384726896616945
50810,3.8,35.0,0.00661621044941721
50811,3.8,36.0,0.003032383406160142
50812,3.8,37.0,0.002624016534025138
50813,3.8,38.0,0.0055195262412473375
50814,3.8,39.0,0.002481644954240046
50815,3.8,40.0,0.0021565663957228243
50816,3.8,41.0,0.004647069015366692
50817,3.8,42.0,0.001953989985297075
50818,3.8,43.0,0.0003240573696774644
50819,3.8,44.0,0.0015811859289105717
50820,3.8,45.0,0.0037471433514193247
50821,3.8,46.0,0.0015512771574880129
50822,3.8,47.0,0.00014246799436665536
50823,3.8,48.0,3.379233488712148e-05
50824,3.8,49.0,2.5739783932843277e-05
50825,3.8,50.0,2.0175509858539908e-05
50826,3.8,51.0,1.5731340282330673e-05
50827,3.8,52.0,1.2200933314013591e-05
50828,3.8,53.0,9.412532506229916e-06
50829,3.8,54.0,7.2228073643208295e-06
50830,3.8,55.0,5.513046845818434e-06
50831,3.8,56.0,4.185655114935206e-06
50832,3.8,57.0,3.160976787302843e-06
50833,3.8,58.0,2.3744623065583376e-06
50834,3.8,59.0,1.7741705272844553e-06
50835,3.8,60.0,1.3185953764584258e-06
50836,3.8,61.0,9.747962375879357e-07
50837,3.8,62.0,7.16807015960712e-07
50838,3.8,63.0,5.242962580857387e-07
50839,3.8,64.0,3.8144978667876803e-07
50840,3.8,65.0,2.760476803410261e-07
50841,3.8,66.0,1.987087243326217e-07
50842,3.8,67.0,1.4227738551663546e-07
50843,3.8,68.0,1.0133067233770135e-07
50844,3.8,69.0,7.178473144607891e-08
50845,3.8,70.0,5.0583554422045245e-08
50846,3.8,71.0,3.5454610120735014e-08
50847,3.8,72.0,2.4718504522084578e-08
50848,3.8,73.0,1.7141853455070117e-08
50849,3.8,74.0,1.1824409761567044e-08
50850,3.9,-75.0,3.914070228664531e-10
50851,3.9,-74.0,5.943438675410058e-10
50852,3.9,-73.0,8.977038053323701e-10
50853,3.9,-72.0,1.3486971954024326e-09
50854,3.9,-71.0,2.0154960484990906e-09
50855,3.9,-70.0,2.995956866576469e-09
50856,3.9,-69.0,4.429709755442995e-09
50857,3.9,-68.0,6.514800126145783e-09
50858,3.9,-67.0,9.530441772189111e-09
50859,3.9,-66.0,1.3867912134900817e-08
50860,3.9,-65.0,2.0072212472185413e-08
50861,3.9,-64.0,2.8897849689906277e-08
50862,3.9,-63.0,4.138299632284227e-08
50863,3.9,-62.0,5.8947374318783766e-08
50864,3.9,-61.0,8.352050928074868e-08
50865,3.9,-60.0,1.1770853351895968e-07
50866,3.9,-59.0,1.650094911120784e-07
50867,3.9,-58.0,2.300891185996174e-07
50868,3.9,-57.0,3.1913132890150995e-07
50869,3.9,-56.0,4.4028008195162733e-07
50870,3.9,-55.0,6.04191926289265e-07
50871,3.9,-54.0,8.247211527916237e-07
50872,3.9,-53.0,1.119762088245281e-06
50873,3.9,-52.0,1.5122754021610678e-06
50874,3.9,-51.0,2.03152718619728e-06
50875,3.9,-50.0,2.7145707213950085e-06
50876,3.9,-49.0,3.6080009523135505e-06
50877,3.9,-48.0,4.77001088692128e-06
50878,3.9,-47.0,6.274453499939282e-06
50879,3.9,-46.0,9.111060075215437e-06
50880,3.9,-45.0,9.159445024283984e-05
50881,3.9,-44.0,0.00121326873374529
50882,3.9,-43.0,0.0030499249269091756
50883,3.9,-42.0,0.002537691663859897
50884,3.9,-41.0,0.0033439666171769266
50885,3.9,-40.0,0.0014568287455989826
50886,3.9,-39.0,0.0016554954890379652
50887,3.9,-38.0,0.0037929391606056854
50888,3.9,-37.0,0.0015944562069373557
50889,3.9,-36.0,0.00031771632229023167
50890,3.9,-35.0,0.001966769011829269
50891,3.9,-34.0,0.004693702266784504
50892,3.9,-33.0,0.0021679915028418543
50893,3.9,-32.0,0.0024929397647336844
50894,3.9,-31.0,0.005568098508641597
50895,3.9,-30.0,0.0026322100315984706
50896,3.9,-29.0,0.003040651878933865
50897,3.9,-28.0,0.006669782954085131
50898,3.9,-27.0,0.0030422729942299496
50899,3.9,-26.0,0.0009664497020836414
50900,3.9,-25.0,0.0038678047818858762
50901,3.9,-24.0,0.008629038938539352
50902,3.9,-23.0,0.004366550804053399
50903,3.9,-22.0,0.0050819264292681085
50904,3.9,-21.0,0.010584829527338756
50905,3.9,-20.0,0.005205255437766106
50906,3.9,-19.0,0.0021541094258800985
50907,3.9,-18.0,0.00668182510713588
50908,3.9,-17.0,0.014076092898574618
50909,3.9,-16.0,0.0075538555379682714
50910,3.9,-15.0,0.008822456904926607
50911,3.9,-14.0,0.017559598936543564
50912,3.9,-13.0,0.009053744872211094
50913,3.9,-12.0,0.004229512218672361
50914,3.9,-11.0,0.01166892542014623
50915,3.9,-10.0,0.023809439319265123
50916,3.9,-9.0,0.012990894940704807
50917,3.9,-8.0,0.01534314479645703
50918,3.9,-7.0,0.03020984779581372
50919,3.9,-6.0,0.015423569712713841
50920,3.9,-5.0,0.007000735509457404
50921,3.9,-4.0,0.02053920829550372
50922,3.9,-3.0,0.04265775278196666
50923,3.9,-2.0,0.021029191365526605
50924,3.9,-1.0,0.0071858965294276655
50925,3.9,0.0,0.0006423825124071721
50926,3.9,1.0,0.008259068440899507
50927,3.9,2.0,0.038193537597355824
50928,3.9,3.0,0.08485093402956814
50929,3.9,4.0,0.03626133521485054
50930,3.9,5.0,0.009351748714049389
50931,3.9,6.0,0.026808072845392144
50932,3.9,7.0,0.05720881338141436
50933,3.9,8.0,0.027587116961549817
50934,3.9,9.0,0.0216149743101771
50935,3.9,10.0,0.04143723455650824
50936,3.9,11.0,0.01986143822565938
50937,3.9,12.0,0.006633281296118237
50938,3.9,13.0,0.014833439212787656
50939,3.9,14.0,0.029271898481018285
50940,3.9,15.0,0.01487254618311509
50941,3.9,16.0,0.012585512436539988
50942,3.9,17.0,0.023160048890149738
50943,3.9,18.0,0.01138798587757078
50944,3.9,19.0,0.004150662043928093
50945,3.9,20.0,0.008868860800977523
50946,3.9,21.0,0.01720651625695587
50947,3.9,22.0,0.008695203867341893
50948,3.9,23.0,0.00745776848967451
50949,3.9,24.0,0.013864514127637938
50950,3.9,25.0,0.006631164960317501
50951,3.9,26.0,0.002187474518638184
50952,3.9,27.0,0.00518264297837731
50953,3.9,28.0,0.010476580387097638
50954,3.9,29.0,0.005068250201430814
50955,3.9,30.0,0.004358556086021347
50956,3.9,31.0,0.008556093485987175
50957,3.9,32.0,0.003865681076981599
50958,3.9,33.0,0.001000733393346824
50959,3.9,34.0,0.0030410274681460002
50960,3.9,35.0,0.006614608802241877
50961,3.9,36.0,0.003033743351962548
50962,3.9,37.0,0.002624856945803756
50963,3.9,38.0,0.0055163852677954876
50964,3.9,39.0,0.0024816363989584467
50965,3.9,40.0,0.002156232418258765
50966,3.9,41.0,0.004642937321446704
50967,3.9,42.0,0.0019531939176580327
50968,3.9,43.0,0.0003251684538502171
50969,3.9,44.0,0.001580042824507698
50970,3.9,45.0,0.0037423826217644536
50971,3.9,46.0,0.0015497629139693799
50972,3.9,47.0,0.00014299633758532764
50973,3.9,48.0,3.435249339541765e-05
50974,3.9,49.0,2.619658069227876e-05
50975,3.9,50.0,2.0544533920625463e-05
50976,3.9,51.0,1.6027614545310413e-05
50977,3.9,52.0,1.2437342861096764e-05
50978,3.9,53.0,9.600026493720896e-06
50979,3.9,54.0,7.370608844506798e-06
50980,3.9,55.0,5.628859439398448e-06
50981,3.9,56.0,4.275860729718616e-06
50982,3.9,57.0,3.2308203233903193e-06
50983,3.9,58.0,2.428220764267724e-06
50984,3.9,59.0,1.8153051446212735e-06
50985,3.9,60.0,1.3498863813374844e-06
50986,3.9,61.0,9.984605283728735e-07
50987,3.9,62.0,7.345996096616818e-07
50988,3.9,63.0,5.375966987846708e-07
50989,3.9,64.0,3.913349178333341e-07
50990,3.9,65.0,2.833522826391464e-07
50991,3.9,66.0,2.0407553234638428e-07
50992,3.9,67.0,1.4619794497956354e-07
50993,3.9,68.0,1.0417840536917148e-07
50994,3.9,69.0,7.384145583362798e-08
50995,3.9,70.0,5.2060568107040685e-08
50996,3.9,71.0,3.650931318097594e-08
50997,3.9,72.0,2.5467395366408085e-08
50998,3.9,73.0,1.767060852184435e-08
50999,3.9,74.0,1.2195639775752226e-08
51000,4.0,-75.0,3.653848142632104e-10
51001,4.0,-74.0,5.551253438014558e-10
51002,4.0,-73.0,8.389145455557993e-10
51003,4.0,-72.0,1.2610447601892959e-09
51004,4.0,-71.0,1.8855123775643583e-09
51005,4.0,-70.0,2.8042348497429365e-09
51006,4.0,-69.0,4.148446427218333e-09
51007,4.0,-68.0,6.104396010688039e-09
51008,4.0,-67.0,8.93482446820861e-09
51009,4.0,-66.0,1.3008147793090534e-08
51010,4.0,-65.0,1.8837836147469813e-08
51011,4.0,-64.0,2.713517866059512e-08
51012,4.0,-63.0,3.8879482666006695e-08
51013,4.0,-62.0,5.541079703582654e-08
51014,4.0,-61.0,7.855149442569038e-08
51015,4.0,-60.0,1.1076451540154979e-07
51016,4.0,-59.0,1.5535778147700235e-07
51017,4.0,-58.0,2.1674622756397834e-07
51018,4.0,-57.0,3.0078507714613914e-07
51019,4.0,-56.0,4.1519035697750797e-07
51020,4.0,-55.0,5.700651694859164e-07
51021,4.0,-54.0,7.785528273340653e-07
51022,4.0,-53.0,1.0576404864542915e-06
51023,4.0,-52.0,1.429139229931454e-06
51024,4.0,-51.0,1.920868447089957e-06
51025,4.0,-50.0,2.568073561866246e-06
51026,4.0,-49.0,3.4151063835883687e-06
51027,4.0,-48.0,4.517396727587138e-06
51028,4.0,-47.0,5.945366769551753e-06
51029,4.0,-46.0,8.656816911090554e-06
51030,4.0,-45.0,8.854537791395016e-05
51031,4.0,-44.0,0.00117550887511751
51032,4.0,-43.0,0.0029553432778214126
51033,4.0,-42.0,0.0024587503063552675
51034,4.0,-41.0,0.0032398555746370574
51035,4.0,-40.0,0.0014110276150764878
51036,4.0,-39.0,0.0016032080599828365
51037,4.0,-38.0,0.003673969735866407
51038,4.0,-37.0,0.0015436704132726306
51039,4.0,-36.0,0.00030638898901950767
51040,4.0,-35.0,0.001903519259151382
51041,4.0,-34.0,0.00454474391718179
51042,4.0,-33.0,0.0020977344622184427
51043,4.0,-32.0,0.0024117649625746865
51044,4.0,-31.0,0.005389606098614734
51045,4.0,-30.0,0.0025456423874288697
51046,4.0,-29.0,0.0029402295663377652
51047,4.0,-28.0,0.006453707872385505
51048,4.0,-27.0,0.0029405578027339573
51049,4.0,-26.0,0.0009298519767323887
51050,4.0,-25.0,0.003737631424812564
51051,4.0,-24.0,0.00834569399494227
51052,4.0,-23.0,0.004218961956458965
51053,4.0,-22.0,0.004909823252963415
51054,4.0,-21.0,0.010234207139170544
51055,4.0,-20.0,0.005027933622029978
51056,4.0,-19.0,0.002074859768658365
51057,4.0,-18.0,0.006453823935015988
51058,4.0,-17.0,0.013605486177790475
51059,4.0,-16.0,0.007296914503892625
51060,4.0,-15.0,0.008521866624085626
51061,4.0,-14.0,0.016969210949077395
51062,4.0,-13.0,0.008746579959007942
51063,4.0,-12.0,0.0040832785012435615
51064,4.0,-11.0,0.01127160015308466
51065,4.0,-10.0,0.02300210946006884
51066,4.0,-9.0,0.01255223713322375
51067,4.0,-8.0,0.014820126889111494
51068,4.0,-7.0,0.02917442889990747
51069,4.0,-6.0,0.014903828080681197
51070,4.0,-5.0,0.0067747468256955596
51071,4.0,-4.0,0.019826307038775567
51072,4.0,-3.0,0.041149255896827344
51073,4.0,-2.0,0.02030796851672511
51074,4.0,-1.0,0.006969778937062221
51075,4.0,0.0,0.0006254372893393491
51076,4.0,1.0,0.007986199027562941
51077,4.0,2.0,0.036503214168422886
51078,4.0,3.0,0.08094806687434933
51079,4.0,4.0,0.03662495975659392
51080,4.0,5.0,0.00960871332642635
51081,4.0,6.0,0.02791383563086264
51082,4.0,7.0,0.05966174377825999
51083,4.0,8.0,0.028733421474062396
51084,4.0,9.0,0.022455320499975756
51085,4.0,10.0,0.04308416668681244
51086,4.0,11.0,0.02063401291685548
51087,4.0,12.0,0.006870051814563501
51088,4.0,13.0,0.015389373853609488
51089,4.0,14.0,0.030390287749519098
51090,4.0,15.0,0.015436081600754846
51091,4.0,16.0,0.013056927635188315
51092,4.0,17.0,0.024033451946474098
51093,4.0,18.0,0.011818035445808093
51094,4.0,19.0,0.004308364822862479
51095,4.0,20.0,0.00920221580110005
51096,4.0,21.0,0.017849710636360545
51097,4.0,22.0,0.009023890966348836
51098,4.0,23.0,0.007739199637731789
51099,4.0,24.0,0.014380419121756794
51100,4.0,25.0,0.006882552427480125
51101,4.0,26.0,0.002276120373934295
51102,4.0,27.0,0.005379006820626672
51103,4.0,28.0,0.010863716516024493
51104,4.0,29.0,0.005259559398034573
51105,4.0,30.0,0.004522866864097684
51106,4.0,31.0,0.00887009547818401
51107,4.0,32.0,0.004011032971481612
51108,4.0,33.0,0.001042773990164862
51109,4.0,34.0,0.003154792294042262
51110,4.0,35.0,0.006854624008556062
51111,4.0,36.0,0.0031460072980731705
51112,4.0,37.0,0.0027216439607243292
51113,4.0,38.0,0.005714682364195301
51114,4.0,39.0,0.0025723103055393754
51115,4.0,40.0,0.0022346795125767283
51116,4.0,41.0,0.004808293575113048
51117,4.0,42.0,0.002023741658557674
51118,4.0,43.0,0.00033821471476725107
51119,4.0,44.0,0.0016365951743257767
51120,4.0,45.0,0.0038741802147616534
51121,4.0,46.0,0.0016048213078916612
51122,4.0,47.0,0.00014877725062194255
51123,4.0,48.0,3.619601648638485e-05
51124,4.0,49.0,2.7633835442669846e-05
51125,4.0,50.0,2.1683276082428995e-05
51126,4.0,51.0,1.6925008099856148e-05
51127,4.0,52.0,1.3140714864621098e-05
51128,4.0,53.0,1.0148344602371473e-05
51129,4.0,54.0,7.795743253620177e-06
51130,4.0,55.0,5.956703135493765e-06
51131,4.0,56.0,4.527312712661115e-06
51132,4.0,57.0,3.4226393370367307e-06
51133,4.0,58.0,2.573759064257237e-06
51134,4.0,59.0,1.9251330429097674e-06
51135,4.0,60.0,1.432318874653123e-06
51136,4.0,61.0,1.0599973734551105e-06
51137,4.0,62.0,7.802898736572943e-07
51138,4.0,63.0,5.713381971138124e-07
51139,4.0,64.0,4.161181478017236e-07
51140,4.0,65.0,3.01457547006998e-07
51141,4.0,66.0,2.172309855979202e-07
51142,4.0,67.0,1.5570533450495242e-07
51143,4.0,68.0,1.1101235571159276e-07
51144,4.0,69.0,7.872728106136437e-08
51145,4.0,70.0,5.5534810539070634e-08
51146,4.0,71.0,3.896650403239072e-08
51147,4.0,72.0,2.7195916594627896e-08
51148,4.0,73.0,1.888000325618752e-08
51149,4.0,74.0,1.3037266302932135e-08
51150,4.1,-75.0,3.416519472855332e-10
51151,4.1,-74.0,5.193448759203246e-10
51152,4.1,-73.0,7.852607845515443e-10
51153,4.1,-72.0,1.1810222406747957e-09
51154,4.1,-71.0,1.7668039076966676e-09
51155,4.1,-70.0,2.6290856501493805e-09
51156,4.1,-69.0,3.891412123472795e-09
51157,4.1,-68.0,5.7292243673832485e-09
51158,4.1,-67.0,8.390165821315865e-09
51159,4.1,-66.0,1.2221693005145268e-08
51160,4.1,-65.0,1.7708358740888314e-08
51161,4.1,-64.0,2.5521804042482652e-08
51162,4.1,-63.0,3.658731585016248e-08
51163,4.1,-62.0,5.2171804252343744e-08
51164,4.1,-61.0,7.399924639091242e-08
51165,4.1,-60.0,1.0440105366142793e-07
51166,4.1,-59.0,1.4651045739363055e-07
51167,4.1,-58.0,2.045118804475555e-07
51168,4.1,-57.0,2.839583597843398e-07
51169,4.1,-56.0,3.9217238217791086e-07
51170,4.1,-55.0,5.387479429429156e-07
51171,4.1,-54.0,7.361741581443869e-07
51172,4.1,-53.0,1.0006032416756841e-06
51173,4.1,-52.0,1.3527879467755113e-06
51174,4.1,-51.0,1.8192154686207547e-06
51175,4.1,-50.0,2.4334660637187425e-06
51176,4.1,-49.0,3.2378249669542354e-06
51177,4.1,-48.0,4.285175722709695e-06
51178,4.1,-47.0,5.642778574062449e-06
51179,4.1,-46.0,8.239118929711865e-06
51180,4.1,-45.0,8.574651032738135e-05
51181,4.1,-44.0,0.0011408618211197822
51182,4.1,-43.0,0.0028685605351439474
51183,4.1,-42.0,0.002386314883160977
51184,4.1,-41.0,0.003144322274920876
51185,4.1,-40.0,0.0013689958926240884
51186,4.1,-39.0,0.0015552192085294284
51187,4.1,-38.0,0.0035647874259526666
51188,4.1,-37.0,0.001497054387472259
51189,4.1,-36.0,0.00029597842334801313
51190,4.1,-35.0,0.0018454511041390309
51191,4.1,-34.0,0.004408009348870052
51192,4.1,-33.0,0.002033224065170517
51193,4.1,-32.0,0.0023372212840265466
51194,4.1,-31.0,0.005225727917019256
51195,4.1,-30.0,0.002466130507156725
51196,4.1,-29.0,0.002847982000542712
51197,4.1,-28.0,0.006255278931594764
51198,4.1,-27.0,0.002847097270324197
51199,4.1,-26.0,0.0008961533515392482
51200,4.1,-25.0,0.0036179983754178655
51201,4.1,-24.0,0.0080854056970359
51202,4.1,-23.0,0.0040833000295324665
51203,4.1,-22.0,0.0047516176730990345
51204,4.1,-21.0,0.009912042954337901
51205,4.1,-20.0,0.004864891203050603
51206,4.1,-19.0,0.0020018553048811163
51207,4.1,-18.0,0.0062441672230243075
51208,4.1,-17.0,0.013172969629909645
51209,4.1,-16.0,0.007060633029326794
51210,4.1,-15.0,0.008245447513192231
51211,4.1,-14.0,0.016426541536551747
51212,4.1,-13.0,0.008464094179491288
51213,4.1,-12.0,0.003948632086411466
51214,4.1,-11.0,0.01090622549632482
51215,4.1,-10.0,0.02225998508747629
51216,4.1,-9.0,0.012148899070300746
51217,4.1,-8.0,0.014339255078085058
51218,4.1,-7.0,0.02822267402432947
51219,4.1,-6.0,0.014426035862822735
51220,4.1,-5.0,0.006566977064295737
51221,4.1,-4.0,0.019171151096065816
51222,4.1,-3.0,0.0397630560805532
51223,4.1,-2.0,0.019645312915616792
51224,4.1,-1.0,0.006771376871209385
51225,4.1,0.0,0.0006099700308967954
51226,4.1,1.0,0.007737412183562785
51227,4.1,2.0,0.034973525623039
51228,4.1,3.0,0.07741893655182513
51229,4.1,4.0,0.03505883249400857
51230,4.1,5.0,0.009868544364076807
51231,4.1,6.0,0.02904875405196372
51232,4.1,7.0,0.06218536205796944
51233,4.1,8.0,0.029910171425199108
51234,4.1,9.0,0.02331273582485427
51235,4.1,10.0,0.04476662748167142
51236,4.1,11.0,0.02142203298693265
51237,4.1,12.0,0.007109951048594945
51238,4.1,13.0,0.01595466885407772
51239,4.1,14.0,0.03152913008980831
51240,4.1,15.0,0.016009468922575643
51241,4.1,16.0,0.013536140243242756
51242,4.1,17.0,0.024921914303359587
51243,4.1,18.0,0.012255396574569302
51244,4.1,19.0,0.004468639178952387
51245,4.1,20.0,0.009541086312823566
51246,4.1,21.0,0.01850357283317181
51247,4.1,22.0,0.009358162561457014
51248,4.1,23.0,0.00802536984554414
51249,4.1,24.0,0.014904740603542977
51250,4.1,25.0,0.007138262305036042
51251,4.1,26.0,0.0023665617271619254
51252,4.1,27.0,0.0055787463003814045
51253,4.1,28.0,0.011257035897962236
51254,4.1,29.0,0.005454143345032744
51255,4.1,30.0,0.00468998255743527
51256,4.1,31.0,0.009189007412642558
51257,4.1,32.0,0.004158859503388677
51258,4.1,33.0,0.0010857812995553333
51259,4.1,34.0,0.003270470327528818
51260,4.1,35.0,0.007098251317253249
51261,4.1,36.0,0.00326009604202224
51262,4.1,37.0,0.002819987652571249
51263,4.1,38.0,0.005915861194412743
51264,4.1,39.0,0.0026643968751285975
51265,4.1,40.0,0.0023143312307532735
51266,4.1,41.0,0.004975964264871941
51267,4.1,42.0,0.0020953430126715526
51268,4.1,43.0,0.00035154240372533673
51269,4.1,44.0,0.001693962716918951
51270,4.1,45.0,0.0040077338481716955
51271,4.1,46.0,0.0016606470474353728
51272,4.1,47.0,0.00015468768610672656
51273,4.1,48.0,3.8109150074739694e-05
51274,4.1,49.0,2.9127165452114578e-05
51275,4.1,50.0,2.2867252579253495e-05
51276,4.1,51.0,1.785868035056764e-05
51277,4.1,52.0,1.3873015127335817e-05
51278,4.1,53.0,1.0719597116248721e-05
51279,4.1,54.0,8.238955820845167e-06
51280,4.1,55.0,6.298715497881115e-06
51281,4.1,56.0,4.78980594122438e-06
51282,4.1,57.0,3.6230134954059484e-06
51283,4.1,58.0,2.725888532708306e-06
51284,4.1,59.0,2.0400102101927575e-06
51285,4.1,60.0,1.5185975573451599e-06
51286,4.1,61.0,1.1244474409645498e-06
51287,4.1,62.0,8.281742657613664e-07
51288,4.1,63.0,6.06722931613826e-07
51289,4.1,64.0,4.421251251302213e-07
51290,4.1,65.0,3.204690472361854e-07
51291,4.1,66.0,2.3105378652458412e-07
51292,4.1,67.0,1.6570140796368172e-07
51293,4.1,68.0,1.1820216048821941e-07
51294,4.1,69.0,8.38707908371487e-08
51295,4.1,70.0,5.919461075124555e-08
51296,4.1,71.0,4.155657125084067e-08
51297,4.1,72.0,2.9019060879675277e-08
51298,4.1,73.0,2.0156406444979596e-08
51299,4.1,74.0,1.3926082643861852e-08
51300,4.2,-75.0,3.3103690468451605e-10
51301,4.2,-74.0,5.034771352332689e-10
51302,4.2,-73.0,7.616741212022891e-10
51303,4.2,-72.0,1.1461587017523657e-09
51304,4.2,-71.0,1.7155620081686642e-09
51305,4.2,-70.0,2.55419583730727e-09
51306,4.2,-69.0,3.782579588156898e-09
51307,4.2,-68.0,5.571960979810193e-09
51308,4.2,-67.0,8.16421003687453e-09
51309,4.2,-66.0,1.1898888202701159e-08
51310,4.2,-65.0,1.7249825791262663e-08
51311,4.2,-64.0,2.487420217334386e-08
51312,4.2,-63.0,3.567793642469944e-08
51313,4.2,-62.0,5.090218451340868e-08
51314,4.2,-61.0,7.223692454592886e-08
51315,4.2,-60.0,1.0196901350132825e-07
51316,4.2,-59.0,1.431737313898935e-07
51317,4.2,-58.0,1.9996069750021924e-07
51318,4.2,-57.0,2.7778714145810174e-07
51319,4.2,-56.0,3.8385381505841325e-07
51320,4.2,-55.0,5.276012924290103e-07
51321,4.2,-54.0,7.213269506817774e-07
51322,4.2,-53.0,9.80945440837475e-07
51323,4.2,-52.0,1.3269177991115435e-06
51324,4.2,-51.0,1.7853763158776877e-06
51325,4.2,-50.0,2.3894736292704916e-06
51326,4.2,-49.0,3.180984948218641e-06
51327,4.2,-48.0,4.212191983800748e-06
51328,4.2,-47.0,5.549662301533473e-06
51329,4.2,-46.0,8.12614554055872e-06
51330,4.2,-45.0,8.60534398875745e-05
51331,4.2,-44.0,0.0011474293546761024
51332,4.2,-43.0,0.002885392955157728
51333,4.2,-42.0,0.0024000836479217418
51334,4.2,-41.0,0.0031623773908218155
51335,4.2,-40.0,0.001376435730704295
51336,4.2,-39.0,0.0015634381901915417
51337,4.2,-38.0,0.0035844095136568304
51338,4.2,-37.0,0.0015045586844453088
51339,4.2,-36.0,0.00029631106772178787
51340,4.2,-35.0,0.001854115191474508
51341,4.2,-34.0,0.0044305982074468375
51342,4.2,-33.0,0.0020422519785640234
51343,4.2,-32.0,0.0023472206103697835
51344,4.2,-31.0,0.005250779525913502
51345,4.2,-30.0,0.002475848792065695
51346,4.2,-29.0,0.002858790292235738
51347,4.2,-28.0,0.006283062990094915
51348,4.2,-27.0,0.0028566929388139455
51349,4.2,-26.0,0.0008950196938536778
51350,4.2,-25.0,0.0036293417619492224
51351,4.2,-24.0,0.008117608548252605
51352,4.2,-23.0,0.004095464959506485
51353,4.2,-22.0,0.0047654389396525965
51354,4.2,-21.0,0.009948518003891654
51355,4.2,-20.0,0.0048779853778184714
51356,4.2,-19.0,0.0020014615120066523
51357,4.2,-18.0,0.006260585874703278
51358,4.2,-17.0,0.013217173682735983
51359,4.2,-16.0,0.0070799379524880066
51360,4.2,-15.0,0.008267527517912035
51361,4.2,-14.0,0.016478422366264105
51362,4.2,-13.0,0.008487943872768184
51363,4.2,-12.0,0.003956861795486657
51364,4.2,-11.0,0.010935662431398917
51365,4.2,-10.0,0.02232380862919153
51366,4.2,-9.0,0.01218523608594756
51367,4.2,-8.0,0.014377581106442553
51368,4.2,-7.0,0.028293283173158452
51369,4.2,-6.0,0.01447037677191849
51370,4.2,-5.0,0.006596420808185256
51371,4.2,-4.0,0.019210995808479212
51372,4.2,-3.0,0.039819734708846484
51373,4.2,-2.0,0.019694594567592993
51374,4.2,-1.0,0.006817141183811906
51375,4.2,0.0,0.0006164749996391112
51376,4.2,1.0,0.007770144030585702
51377,4.2,2.0,0.03474727244235869
51378,4.2,3.0,0.07678596937523337
51379,4.2,4.0,0.0348400167743384
51380,4.2,5.0,0.009766184495241649
51381,4.2,6.0,0.02912561512249833
51382,4.2,7.0,0.062448981947361454
51383,4.2,8.0,0.029997597483035675
51384,4.2,9.0,0.02331630183185295
51385,4.2,10.0,0.0448108843243165
51386,4.2,11.0,0.02142517340865078
51387,4.2,12.0,0.007088110228385519
51388,4.2,13.0,0.015933991733911884
51389,4.2,14.0,0.03151117553411208
51390,4.2,15.0,0.015995104261626623
51391,4.2,16.0,0.013518064741381857
51392,4.2,17.0,0.024895294736128337
51393,4.2,18.0,0.012242643625398491
51394,4.2,19.0,0.004464653898992009
51395,4.2,20.0,0.009529410600806632
51396,4.2,21.0,0.018477711227857043
51397,4.2,22.0,0.009348715866641969
51398,4.2,23.0,0.008016740798829785
51399,4.2,24.0,0.014881449743474216
51400,4.2,25.0,0.0071318248410820245
51401,4.2,26.0,0.002370242106128494
51402,4.2,27.0,0.005573611952560129
51403,4.2,28.0,0.011236689082370688
51404,4.2,29.0,0.005448431448484527
51405,4.2,30.0,0.004684861914233361
51406,4.2,31.0,0.009170190940115275
51407,4.2,32.0,0.004153956722252144
51408,4.2,33.0,0.0010890721559831586
51409,4.2,34.0,0.00326603299304455
51410,4.2,35.0,0.007080913937777796
51411,4.2,36.0,0.003254413785436912
51412,4.2,37.0,0.0028147203860111303
51413,4.2,38.0,0.005899486210849051
51414,4.2,39.0,0.00265856191460672
51415,4.2,40.0,0.0023089170932717507
51416,4.2,41.0,0.004960593323677621
51417,4.2,42.0,0.0020899096449619203
51418,4.2,43.0,0.0003520026287936197
51419,4.2,44.0,0.0016890347785960566
51420,4.2,45.0,0.003993809347071839
51421,4.2,46.0,0.0016553858008917315
51422,4.2,47.0,0.0001549403207905075
51423,4.2,48.0,3.8649649423900136e-05
51424,4.2,49.0,2.9573160187478773e-05
51425,4.2,50.0,2.3229802704046713e-05
51426,4.2,51.0,1.815149021865496e-05
51427,4.2,52.0,1.4107990906759236e-05
51428,4.2,53.0,1.0906971132495565e-05
51429,4.2,54.0,8.387436859217959e-06
51430,4.2,55.0,6.41564716462292e-06
51431,4.2,56.0,4.881325702628479e-06
51432,4.2,57.0,3.694206849657438e-06
51433,4.2,58.0,2.7809343683259773e-06
51434,4.2,59.0,2.082314757677695e-06
51435,4.2,60.0,1.5509154494045843e-06
51436,4.2,61.0,1.1489892750326638e-06
51437,4.2,62.0,8.467007316866234e-07
51438,4.2,63.0,6.206260530972668e-07
51439,4.2,64.0,4.5249749358792427e-07
51440,4.2,65.0,3.2816212906615654e-07
51441,4.2,66.0,2.3672648570621272e-07
51442,4.2,67.0,1.6986008951019528e-07
51443,4.2,68.0,1.2123330751221235e-07
51444,4.2,69.0,8.606739662312035e-08
51445,4.2,70.0,6.077731174867316e-08
51446,4.2,71.0,4.269041872579181e-08
51447,4.2,72.0,2.982671674185943e-08
51448,4.2,73.0,2.0728438749828968e-08
51449,4.2,74.0,1.4328932699367192e-08
51450,4.3,-75.0,3.20666058403398e-10
51451,4.3,-74.0,4.879639324912797e-10
51452,4.3,-73.0,7.38598735136999e-10
51453,4.3,-72.0,1.1120274417469913e-09
51454,4.3,-71.0,1.6653616435162374e-09
51455,4.3,-70.0,2.48077695924779e-09
51456,4.3,-69.0,3.6758094554539895e-09
51457,4.3,-68.0,5.417568001667094e-09
51458,4.3,-67.0,7.942219084824744e-09
51459,4.3,-66.0,1.158151746750759e-08
51460,4.3,-65.0,1.679868104714017e-08
51461,4.3,-64.0,2.4236562251323324e-08
51462,4.3,-63.0,3.478187372119124e-08
51463,4.3,-62.0,4.965020599628016e-08
51464,4.3,-61.0,7.049775188364835e-08
51465,4.3,-60.0,9.956704612560305e-08
51466,4.3,-59.0,1.3987565481695369e-07
51467,4.3,-58.0,1.9545861347648047e-07
51468,4.3,-57.0,2.7167751025493466e-07
51469,4.3,-56.0,3.7561141903841403e-07
51470,4.3,-55.0,5.165473614252776e-07
51471,4.3,-54.0,7.065905437269209e-07
51472,4.3,-53.0,9.614171679247395e-07
51473,4.3,-52.0,1.30119500629753e-06
51474,4.3,-51.0,1.7516989652023287e-06
51475,4.3,-50.0,2.3456503021984985e-06
51476,4.3,-49.0,3.124308710026388e-06
51477,4.3,-48.0,4.139346292778421e-06
51478,4.3,-47.0,5.456626921112855e-06
51479,4.3,-46.0,8.01300047240314e-06
51480,4.3,-45.0,8.634675523650653e-05
51481,4.3,-44.0,0.0011537974457544542
51482,4.3,-43.0,0.0029017214684331567
51483,4.3,-42.0,0.00241343303289464
51484,4.3,-41.0,0.0031798784989655955
51485,4.3,-40.0,0.0013836358839428957
51486,4.3,-39.0,0.0015713832834328755
51487,4.3,-38.0,0.0036033999467264197
51488,4.3,-37.0,0.0015117993944827716
51489,4.3,-36.0,0.0002965935126210334
51490,4.3,-35.0,0.0018624504171300012
51491,4.3,-34.0,0.004452397631694089
51492,4.3,-33.0,0.0020509152476263014
51493,4.3,-32.0,0.0023567969601890138
51494,4.3,-31.0,0.005274884394939014
51495,4.3,-30.0,0.0024851153655921403
51496,4.3,-29.0,0.0028690716750060913
51497,4.3,-28.0,0.006309696479610758
51498,4.3,-27.0,0.0028657513120531526
51499,4.3,-26.0,0.0008936959093914888
51500,4.3,-25.0,0.0036399882959654555
51501,4.3,-24.0,0.008148286755861402
51502,4.3,-23.0,0.004106827019444264
51503,4.3,-22.0,0.004778319085469158
51504,4.3,-21.0,0.009983086548122647
51505,4.3,-20.0,0.004890087874590168
51506,4.3,-19.0,0.0020005872518914724
51507,4.3,-18.0,0.006275719025687912
51508,4.3,-17.0,0.013258786180238737
51509,4.3,-16.0,0.0070977665035994566
51510,4.3,-15.0,0.008287890006751928
51511,4.3,-14.0,0.016527040503243478
51512,4.3,-13.0,0.00850999471842609
51513,4.3,-12.0,0.003964118379555083
51514,4.3,-11.0,0.010962822073974704
51515,4.3,-10.0,0.02238323378046295
51516,4.3,-9.0,0.012219040521029248
51517,4.3,-8.0,0.01441300230727865
51518,4.3,-7.0,0.028358465823884293
51519,4.3,-6.0,0.014511794813044637
51520,4.3,-5.0,0.006624397991682577
51521,4.3,-4.0,0.0192473693443157
51522,4.3,-3.0,0.039869637571526687
51523,4.3,-2.0,0.019740367262274124
51524,4.3,-1.0,0.006861509765405119
51525,4.3,0.0,0.0006229162322498461
51526,4.3,1.0,0.007802825486904642
51527,4.3,2.0,0.03453555793944804
51528,4.3,3.0,0.07619030448947381
51529,4.3,4.0,0.03463586187290481
51530,4.3,5.0,0.00966660001726715
51531,4.3,6.0,0.029205841503887726
51532,4.3,7.0,0.06272131675052339
51533,4.3,8.0,0.03008828251588995
51534,4.3,9.0,0.023319710383506536
51535,4.3,10.0,0.044854850669678134
51536,4.3,11.0,0.021427868628731257
51537,4.3,12.0,0.007065703383708126
51538,4.3,13.0,0.015912378490986187
51539,4.3,14.0,0.03149172290908822
51540,4.3,15.0,0.015979797048283624
51541,4.3,16.0,0.013499064525760208
51542,4.3,17.0,0.02486723002395763
51543,4.3,18.0,0.012229041515457435
51544,4.3,19.0,0.004460191845337463
51545,4.3,20.0,0.009517011591650467
51546,4.3,21.0,0.018450684369989718
51547,4.3,22.0,0.00933859388122461
51548,4.3,23.0,0.008007517633708267
51549,4.3,24.0,0.014857218993210401
51550,4.3,25.0,0.007124879234679944
51551,4.3,26.0,0.00237368610211151
51552,4.3,27.0,0.005568085565569806
51553,4.3,28.0,0.011215660799743154
51554,4.3,29.0,0.00544236487890048
51555,4.3,30.0,0.004679440808444798
51556,4.3,31.0,0.00915084350276914
51557,4.3,32.0,0.004148803347227487
51558,4.3,33.0,0.0010922861109564416
51559,4.3,34.0,0.003261409265897807
51560,4.3,35.0,0.007063191604644752
51561,4.3,36.0,0.003248555933389983
51562,4.3,37.0,0.0028093054770778423
51563,4.3,38.0,0.005882802540116871
51564,4.3,39.0,0.0026525920836138737
51565,4.3,40.0,0.00230338877022195
51566,4.3,41.0,0.004944969668967701
51567,4.3,42.0,0.002084374554525208
51568,4.3,43.0,0.0003524523999602376
51569,4.3,44.0,0.001684027029363553
51570,4.3,45.0,0.003979685353504377
51571,4.3,46.0,0.001650045456817847
51572,4.3,47.0,0.00015519084835351811
51573,4.3,48.0,3.919341199421302e-05
51574,4.3,49.0,3.0022249770580363e-05
51575,4.3,50.0,2.359516534829442e-05
51576,4.3,51.0,1.844680595240188e-05
51577,4.3,52.0,1.434516188665698e-05
51578,4.3,53.0,1.1096239847566465e-05
51579,4.3,54.0,8.537531614897048e-06
51580,4.3,55.0,6.5339366852546564e-06
51581,4.3,56.0,4.973975321474632e-06
51582,4.3,57.0,3.7663305941588353e-06
51583,4.3,58.0,2.8367388562664975e-06
51584,4.3,59.0,2.1252321852022975e-06
51585,4.3,60.0,1.583724075357537e-06
51586,4.3,61.0,1.1739207000808584e-06
51587,4.3,62.0,8.655339553800387e-07
51588,4.3,63.0,6.347687924428241e-07
51589,4.3,64.0,4.630555901962048e-07
51590,4.3,65.0,3.3599808603906615e-07
51591,4.3,66.0,2.425082864719176e-07
51592,4.3,67.0,1.741014827908055e-07
51593,4.3,68.0,1.2432671662756187e-07
51594,4.3,69.0,8.83105452897865e-08
51595,4.3,70.0,6.239456710266276e-08
51596,4.3,71.0,4.384974709507898e-08
51597,4.3,72.0,3.0653037563561174e-08
51598,4.3,73.0,2.131405339543572e-08
51599,4.3,74.0,1.4741602244216461e-08
51600,4.4,-75.0,3.1054442669214064e-10
51601,4.4,-74.0,4.728134885711298e-10
51602,4.4,-73.0,7.160479140335882e-10
51603,4.4,-72.0,1.0786496777813023e-09
51604,4.4,-71.0,1.6162363143713508e-09
51605,4.4,-70.0,2.408881362142319e-09
51606,4.4,-69.0,3.5711827196057084e-09
51607,4.4,-68.0,5.26616959348368e-09
51608,4.4,-67.0,7.7243816157384e-09
51609,4.4,-66.0,1.126986500539496e-08
51610,4.4,-65.0,1.635534916668525e-08
51611,4.4,-64.0,2.3609513767773624e-08
51612,4.4,-63.0,3.3900053674317847e-08
51613,4.4,-62.0,4.841722044609135e-08
51614,4.4,-61.0,6.878368727589764e-08
51615,4.4,-60.0,9.719796977331596e-08
51616,4.4,-59.0,1.3662025360750935e-07
51617,4.4,-58.0,1.9101133950397007e-07
51618,4.4,-57.0,2.65637512325727e-07
51619,4.4,-56.0,3.6745645325100734e-07
51620,4.4,-55.0,5.056017996893149e-07
51621,4.4,-54.0,6.919865459476533e-07
51622,4.4,-53.0,9.420480640710641e-07
51623,4.4,-52.0,1.2756599639325067e-06
51624,4.4,-51.0,1.7182381143275738e-06
51625,4.4,-50.0,2.302069673066309e-06
51626,4.4,-49.0,3.0678946335764946e-06
51627,4.4,-48.0,4.066769344149386e-06
51628,4.4,-47.0,5.363844998566987e-06
51629,4.4,-46.0,7.89992726997215e-06
51630,4.4,-45.0,8.662828750918657e-05
51631,4.4,-44.0,0.0011599892454880844
51632,4.4,-43.0,0.0029176041293312795
51633,4.4,-42.0,0.0024264114561137065
51634,4.4,-41.0,0.0031968894455663512
51635,4.4,-40.0,0.0013906243813157878
51636,4.4,-39.0,0.0015790864568313709
51637,4.4,-38.0,0.0036218315735204285
51638,4.4,-37.0,0.001518807534907218
51639,4.4,-36.0,0.0002968325575790531
51640,4.4,-35.0,0.0018704953527172938
51641,4.4,-34.0,0.004473498651516965
51642,4.4,-33.0,0.0020592566968467623
51643,4.4,-32.0,0.0023659997715928752
51644,4.4,-31.0,0.005298151438375682
51645,4.4,-30.0,0.0024939829179657005
51646,4.4,-29.0,0.0028788872196128888
51647,4.4,-28.0,0.0063353110411244525
51648,4.4,-27.0,0.0028743342021819163
51649,4.4,-26.0,0.000892204028269832
51650,4.4,-25.0,0.0036500169569809427
51651,4.4,-24.0,0.00817761253773771
51652,4.4,-23.0,0.004117475712278853
51653,4.4,-22.0,0.0047903623466288
51654,4.4,-21.0,0.010015961235688943
51655,4.4,-20.0,0.004901305977088268
51656,4.4,-19.0,0.001999280118569428
51657,4.4,-18.0,0.006289704236628508
51658,4.4,-17.0,0.013298091473550416
51659,4.4,-16.0,0.007114273528061088
51660,4.4,-15.0,0.008306715707229637
51661,4.4,-14.0,0.016572751333276202
51662,4.4,-13.0,0.008530431098301011
51663,4.4,-12.0,0.003970488883485222
51664,4.4,-11.0,0.01098794154969611
51665,4.4,-10.0,0.022438742917772918
51666,4.4,-9.0,0.012250573742841732
51667,4.4,-8.0,0.01444582814191563
51668,4.4,-7.0,0.028418834504175598
51669,4.4,-6.0,0.01455059713098293
51670,4.4,-5.0,0.006651040868393253
51671,4.4,-4.0,0.019280679617014455
51672,4.4,-3.0,0.039913624027969545
51673,4.4,-2.0,0.019783043853785053
51674,4.4,-1.0,0.006904609029625203
51675,4.4,0.0,0.0006293049255296582
51676,4.4,1.0,0.007835441272056213
51677,4.4,2.0,0.03433676171237003
51678,4.4,3.0,0.07562781521437864
51679,4.4,4.0,0.03444474649308905
51680,4.4,5.0,0.009569518064759273
51681,4.4,6.0,0.029289661363727928
51682,4.4,7.0,0.06300293763268391
51683,4.4,8.0,0.030182455453851984
51684,4.4,9.0,0.023322955883095284
51685,4.4,10.0,0.04489847999351041
51686,4.4,11.0,0.021430095877143715
51687,4.4,12.0,0.007042721165498241
51688,4.4,13.0,0.01588979636760894
51689,4.4,14.0,0.03147070154024731
51690,4.4,15.0,0.015963512173422203
51691,4.4,16.0,0.013479108491155366
51692,4.4,17.0,0.024837659914109928
51693,4.4,18.0,0.012214560467354309
51694,4.4,19.0,0.0044552417663307016
51695,4.4,20.0,0.009503865027128317
51696,4.4,21.0,0.01842244557468702
51697,4.4,22.0,0.00932777188031781
51698,4.4,23.0,0.007997678800332543
51699,4.4,24.0,0.01483201012439601
51700,4.4,25.0,0.007117405741358498
51701,4.4,26.0,0.0023768853687651547
51702,4.4,27.0,0.0055621513528408455
51703,4.4,28.0,0.011193922106935518
51704,4.4,29.0,0.005435928341809556
51705,4.4,30.0,0.0046737060192790884
51706,4.4,31.0,0.009130941793572349
51707,4.4,32.0,0.004143387756127248
51708,4.4,33.0,0.0010954187730612551
51709,4.4,34.0,0.003256590101226332
51710,4.4,35.0,0.007045066938049584
51711,4.4,36.0,0.0032425138659493463
51712,4.4,37.0,0.002803735545106516
51713,4.4,38.0,0.005865796182739732
51714,4.4,39.0,0.0026464806781927594
51715,4.4,40.0,0.002297740522398648
51716,4.4,41.0,0.004929081932247909
51717,4.4,42.0,0.002078732712250828
51718,4.4,43.0,0.000352890557287204
51719,4.4,44.0,0.0016789355400849359
51720,4.4,45.0,0.003965353086534991
51721,4.4,46.0,0.0016446222801193796
51722,4.4,47.0,0.0001554387813154948
51723,4.4,48.0,3.974023542876547e-05
51724,4.4,49.0,3.0474280821620674e-05
51725,4.4,50.0,2.3963224089116574e-05
51726,4.4,51.0,1.874454024297525e-05
51727,4.4,52.0,1.458446344670199e-05
51728,4.4,53.0,1.1287356121066144e-05
51729,4.4,54.0,8.689206253126406e-06
51730,4.4,55.0,6.653560223854364e-06
51731,4.4,56.0,5.067738372106315e-06
51732,4.4,57.0,3.839373712055124e-06
51733,4.4,58.0,2.893294860840234e-06
51734,4.4,59.0,2.168758088130246e-06
51735,4.4,60.0,1.6170209083990317e-06
51736,4.4,61.0,1.1992404442798722e-06
51737,4.4,62.0,8.846734734056523e-07
51738,4.4,63.0,6.491511809408845e-07
51739,4.4,64.0,4.7379972596551213e-07
51740,4.4,65.0,3.439773658708901e-07
51741,4.4,66.0,2.4839968176891754e-07
51742,4.4,67.0,1.784260706123152e-07
51743,4.4,68.0,1.274828297728876e-07
51744,4.4,69.0,9.060062347208806e-08
51745,4.4,70.0,6.404670403637046e-08
51746,4.4,71.0,4.5034826226833025e-08
51747,4.4,72.0,3.149824125372059e-08
51748,4.4,73.0,2.1913423212894593e-08
51749,4.4,74.0,1.516422623692634e-08
51750,4.5,-75.0,3.006748019757939e-10
51751,4.5,-74.0,4.5803065056729175e-10
51752,4.5,-73.0,6.940298608946002e-10
51753,4.5,-72.0,1.04603900733606e-09
51754,4.5,-71.0,1.5682081677060789e-09
51755,4.5,-70.0,2.338544570385427e-09
51756,4.5,-69.0,3.468755592244928e-09
51757,4.5,-68.0,5.117853610851858e-09
51758,4.5,-67.0,7.510833395234227e-09
51759,4.5,-66.0,1.096413841837883e-08
51760,4.5,-65.0,1.5920144470214203e-08
51761,4.5,-64.0,2.2993528177203884e-08
51762,4.5,-63.0,3.3033177129015435e-08
51763,4.5,-62.0,4.7204260806508794e-08
51764,4.5,-61.0,6.709624058472329e-08
51765,4.5,-60.0,9.486397380645424e-08
51766,4.5,-59.0,1.334106777958631e-07
51767,4.5,-58.0,1.8662337353605917e-07
51768,4.5,-57.0,2.5967352281703524e-07
51769,4.5,-56.0,3.5939788796351947e-07
51770,4.5,-55.0,4.947771391314744e-07
51771,4.5,-54.0,6.77532342395167e-07
51772,4.5,-53.0,9.228620804043443e-07
51773,4.5,-52.0,1.2503454443180636e-06
51774,4.5,-51.0,1.685038303683297e-06
51775,4.5,-50.0,2.2587918731271777e-06
51776,4.5,-49.0,3.0118233630923595e-06
51777,4.5,-48.0,3.994568586201692e-06
51778,4.5,-47.0,5.271458794095335e-06
51779,4.5,-46.0,7.7871272752475e-06
51780,4.5,-45.0,8.689955603278941e-05
51781,4.5,-44.0,0.0011660239687498288
51782,4.5,-43.0,0.0029330891223393204
51783,4.5,-42.0,0.0024390591068701437
51784,4.5,-41.0,0.003213463228857113
51785,4.5,-40.0,0.0013974244940974578
51786,4.5,-39.0,0.0015865742574815418
51787,4.5,-38.0,0.0036397648810459057
51788,4.5,-37.0,0.00152560887220963
51789,4.5,-36.0,0.0002970338715590426
51790,4.5,-35.0,0.0018782820552076833
51791,4.5,-34.0,0.004493976889050805
51792,4.5,-33.0,0.002067311935085633
51793,4.5,-32.0,0.002374870162768256
51794,4.5,-31.0,0.005320671180964711
51795,4.5,-30.0,0.0025024953013747433
51796,4.5,-29.0,0.0028882877637899213
51797,4.5,-28.0,0.006360016149942057
51798,4.5,-27.0,0.0028824931087800413
51799,4.5,-26.0,0.0008905625327419264
51800,4.5,-25.0,0.0036594935695428484
51801,4.5,-24.0,0.008205729213799626
51802,4.5,-23.0,0.004127485663433493
51803,4.5,-22.0,0.004801655628927515
51804,4.5,-21.0,0.010047319097953195
51805,4.5,-20.0,0.004911729175568746
51806,4.5,-19.0,0.001997580014780349
51807,4.5,-18.0,0.006302656216207038
51808,4.5,-17.0,0.013335326315646958
51809,4.5,-16.0,0.0071295881153971945
51810,4.5,-15.0,0.008324155228423797
51811,4.5,-14.0,0.016615850678155294
51812,4.5,-13.0,0.008549406609225912
51813,4.5,-12.0,0.0039760459146318365
51814,4.5,-11.0,0.01101121818567377
51815,4.5,-10.0,0.022490737207652156
51816,4.5,-9.0,0.012280053056294954
51817,4.5,-8.0,0.014476315661562489
51818,4.5,-7.0,0.028474897924781105
51819,4.5,-6.0,0.014587038584385701
51820,4.5,-5.0,0.0066764587603125695
51821,4.5,-4.0,0.019311263601121936
51822,4.5,-3.0,0.03995240405765384
51823,4.5,-2.0,0.019822965076456516
51824,4.5,-1.0,0.0069465427783709744
51825,4.5,0.0,0.0006356503655247004
51826,4.5,1.0,0.007867977479756885
51827,4.5,2.0,0.03414953821329156
51828,4.5,3.0,0.07509507682210538
51829,4.5,4.0,0.03426532433531628
51830,4.5,5.0,0.009474710707767856
51831,4.5,6.0,0.029377321333036478
51832,4.5,7.0,0.06329446248131348
51833,4.5,8.0,0.03028036286195857
51834,4.5,9.0,0.023326027083950634
51835,4.5,10.0,0.04494171119850429
51836,4.5,11.0,0.02143182547452577
51837,4.5,12.0,0.00701915198199215
51838,4.5,13.0,0.015866206929942804
51839,4.5,14.0,0.03144802914607316
51840,4.5,15.0,0.015946208760981278
51841,4.5,16.0,0.013458160710203075
51842,4.5,17.0,0.02480651505745616
51843,4.5,18.0,0.012199166294717248
51844,4.5,19.0,0.004449790875304961
51845,4.5,20.0,0.009489943247467738
51846,4.5,21.0,0.018392941471908324
51847,4.5,22.0,0.00931622175755951
51848,4.5,23.0,0.00798719985865186
51849,4.5,24.0,0.014805779542236278
51850,4.5,25.0,0.007109382016628953
51851,4.5,26.0,0.002379830658394373
51852,4.5,27.0,0.00555579149041863
51853,4.5,28.0,0.011171440019456734
51854,4.5,29.0,0.005429104542358581
51855,4.5,30.0,0.004667642604662993
51856,4.5,31.0,0.009110459218138897
51857,4.5,32.0,0.004137696795229919
51858,4.5,33.0,0.0010984652947432017
51859,4.5,34.0,0.003251565250436456
51860,4.5,35.0,0.007026520040101771
51861,4.5,36.0,0.003236277774373915
51862,4.5,37.0,0.0027980021832189105
51863,4.5,38.0,0.0058484510593900686
51864,4.5,39.0,0.002640220033969523
51865,4.5,40.0,0.002291965779370095
51866,4.5,41.0,0.0049129170135366355
51867,4.5,42.0,0.0020729783429999107
51868,4.5,43.0,0.0003533157931547945
51869,4.5,44.0,0.0016737557846284413
51870,4.5,45.0,0.00395080238981722
51871,4.5,46.0,0.0016391119570057719
51872,4.5,47.0,0.0001556835654649146
51873,4.5,48.0,4.028989254675411e-05
51874,4.5,49.0,3.092908031571799e-05
51875,4.5,50.0,2.4333846794347992e-05
51876,4.5,51.0,1.9044593296643516e-05
51877,4.5,52.0,1.4825821105979055e-05
51878,4.5,53.0,1.148026507351845e-05
51879,4.5,54.0,8.842420903506008e-06
51880,4.5,55.0,6.774489267325453e-06
51881,4.5,56.0,5.16259482767465e-06
51882,4.5,57.0,3.913322431707056e-06
51883,4.5,58.0,2.950593152815616e-06
51884,4.5,59.0,2.2128864813016666e-06
51885,4.5,60.0,1.6508022364580998e-06
51886,4.5,61.0,1.224946352936057e-06
51887,4.5,62.0,9.041181691963883e-07
51888,4.5,63.0,6.637727700419422e-07
51889,4.5,64.0,4.84729861848869e-07
51890,4.5,65.0,3.5210016271695356e-07
51891,4.5,66.0,2.5440098220899126e-07
51892,4.5,67.0,1.828342056305272e-07
51893,4.5,68.0,1.3070199668407804e-07
51894,4.5,69.0,9.293795298880791e-08
51895,4.5,70.0,6.573400456881051e-08
51896,4.5,71.0,4.6245894719230494e-08
51897,4.5,72.0,3.236252427200761e-08
51898,4.5,73.0,2.252670644865385e-08
51899,4.5,74.0,1.5596929809173987e-08
51900,4.6,-75.0,2.910582618481413e-10
51901,4.6,-74.0,4.436176616121539e-10
51902,4.6,-73.0,6.72548847551171e-10
51903,4.6,-72.0,1.0142031273702522e-09
51904,4.6,-71.0,1.5212905451413003e-09
51905,4.6,-70.0,2.269789043739938e-09
51906,4.6,-69.0,3.3685650120624925e-09
51907,4.6,-68.0,4.9726796407128914e-09
51908,4.6,-67.0,7.301668962665619e-09
51909,4.6,-66.0,1.066448552788601e-08
51910,4.6,-65.0,1.549329508566033e-08
51911,4.6,-64.0,2.2388953366368604e-08
51912,4.6,-63.0,3.218176878377286e-08
51913,4.6,-62.0,4.601211034344962e-08
51914,4.6,-61.0,6.543656976537588e-08
51915,4.6,-60.0,9.256675438839717e-08
51916,4.6,-59.0,1.3024939008390306e-07
51917,4.6,-58.0,1.82298261021818e-07
51918,4.6,-57.0,2.5379060429334717e-07
51919,4.6,-56.0,3.5144289478114124e-07
51920,4.6,-55.0,4.840834606780989e-07
51921,4.6,-54.0,6.632419968577466e-07
51922,4.6,-53.0,9.038786925476964e-07
51923,4.6,-52.0,1.2252782223852373e-06
51924,4.6,-51.0,1.652136081543521e-06
51925,4.6,-50.0,2.2158664421863657e-06
51926,4.6,-49.0,2.9561615842815764e-06
51927,4.6,-48.0,3.922833172749427e-06
51928,4.6,-47.0,5.179586718457249e-06
51929,4.6,-46.0,7.674768655814428e-06
51930,4.6,-45.0,8.716183795421207e-05
51931,4.6,-44.0,0.0011719177800856107
51932,4.6,-43.0,0.002948216984432745
51933,4.6,-42.0,0.00245140979794506
51934,4.6,-41.0,0.003229644440753779
51935,4.6,-40.0,0.0014040558054888082
51936,4.6,-39.0,0.0015938690293493824
51937,4.6,-38.0,0.0036572507752336393
51938,4.6,-37.0,0.0015322251009147224
51939,4.6,-36.0,0.00029720224352387293
51940,4.6,-35.0,0.0018858375282587811
51941,4.6,-34.0,0.004513896020241109
51942,4.6,-33.0,0.002075110972886736
51943,4.6,-32.0,0.002383442796137461
51944,4.6,-31.0,0.005342519885637141
51945,4.6,-30.0,0.0025106895084029282
51946,4.6,-29.0,0.0028973162023723568
51947,4.6,-28.0,0.0063839040866878185
51948,4.6,-27.0,0.0028902715244919037
51949,4.6,-26.0,0.0008887871411778244
51950,4.6,-25.0,0.0036684737436185693
51951,4.6,-24.0,0.008232757680724257
51952,4.6,-23.0,0.004136919946186988
51953,4.6,-22.0,0.004812272381556131
51954,4.6,-21.0,0.010077309525467325
51955,4.6,-20.0,0.004921433144086778
51956,4.6,-19.0,0.0019955208628242944
51957,4.6,-18.0,0.006314671930320686
51958,4.6,-17.0,0.013370690517391336
51959,4.6,-16.0,0.007143819362208408
51960,4.6,-15.0,0.008340335799542232
51961,4.6,-14.0,0.01665658812854573
51962,4.6,-13.0,0.008567050957559028
51963,4.6,-12.0,0.003980850881689677
51964,4.6,-11.0,0.011032818421762661
51965,4.6,-10.0,0.02253955477862256
51966,4.6,-9.0,0.012307661579484982
51967,4.6,-8.0,0.014504681246258535
51968,4.6,-7.0,0.02852708420131247
51969,4.6,-6.0,0.0146213334709123
51970,4.6,-5.0,0.006700743237794741
51971,4.6,-4.0,0.019339403258952014
51972,4.6,-3.0,0.039986571741704384
51973,4.6,-2.0,0.01986041574833816
51974,4.6,-1.0,0.006987397333968348
51975,4.6,0.0,0.0006419603627105749
51976,4.6,1.0,0.00790042133199167
51977,4.6,2.0,0.03397275514720408
51978,4.6,3.0,0.07458920911431463
51979,4.6,4.0,0.03409646248543435
51980,4.6,5.0,0.009381985204244313
51981,4.6,6.0,0.02946908984240545
51982,4.6,7.0,0.06359656439878583
51983,4.6,8.0,0.030382272358696668
51984,4.6,9.0,0.023328906987808366
51985,4.6,10.0,0.04498446783791046
51986,4.6,11.0,0.021433020489291472
51987,4.6,12.0,0.006994981920995272
51988,4.6,13.0,0.01584156581888062
51989,4.6,14.0,0.03142361129176897
51990,4.6,15.0,0.01592783990623019
51991,4.6,16.0,0.013436180226913431
51992,4.6,17.0,0.024773716607354293
51993,4.6,18.0,0.012182820209037333
51994,4.6,19.0,0.004443824784694184
51995,4.6,20.0,0.009475215047183277
51996,4.6,21.0,0.018362111725106007
51997,4.6,22.0,0.009303911879004718
51998,4.6,23.0,0.007976053355017802
51999,4.6,24.0,0.014778478064587491
52000,4.6,25.0,0.007100783003335928
52001,4.6,26.0,0.002382511776058893
52002,4.6,27.0,0.005548986029258776
52003,4.6,28.0,0.011148177349577893
52004,4.6,29.0,0.0054218740998958695
52005,4.6,30.0,0.004661233828133875
52006,4.6,31.0,0.009089365766141767
52007,4.6,32.0,0.00413171571455358
52008,4.6,33.0,0.001101420347088704
52009,4.6,34.0,0.003246323211076226
52010,4.6,35.0,0.007007528400078882
52011,4.6,36.0,0.003229836613143465
52012,4.6,37.0,0.002792095917364463
52013,4.6,38.0,0.0058307489352216225
52014,4.6,39.0,0.0026338014889052005
52015,4.6,40.0,0.002286057107687799
52016,4.6,41.0,0.004896460020573554
52017,4.6,42.0,0.002067104897768428
52018,4.6,43.0,0.0003537266446179203
52019,4.6,44.0,0.0016684826183161888
52020,4.6,45.0,0.00393602168551305
52021,4.6,46.0,0.0016335095747325868
52022,4.6,47.0,0.0001559245762683589
52023,4.6,48.0,4.084212934002929e-05
52024,4.6,49.0,3.1386453955723686e-05
52025,4.6,50.0,2.4706884300049894e-05
52026,4.6,51.0,1.9346851766179443e-05
52027,4.6,52.0,1.5069149664572081e-05
52028,4.6,53.0,1.1674903400820884e-05
52029,4.6,54.0,8.997129115699564e-06
52030,4.6,55.0,6.896690195779738e-06
52031,4.6,56.0,5.258520723020603e-06
52032,4.6,57.0,3.98815996370669e-06
52033,4.6,58.0,3.008622205469522e-06
52034,4.6,59.0,2.2576096417952842e-06
52035,4.6,60.0,1.6850630416861977e-06
52036,4.6,61.0,1.251035296672007e-06
52037,4.6,62.0,9.238662035085558e-07
52038,4.6,63.0,6.78632578993118e-07
52039,4.6,64.0,4.958455695488838e-07
52040,4.6,65.0,3.603663880108725e-07
52041,4.6,66.0,2.605122945005597e-07
52042,4.6,67.0,1.8732609449338691e-07
52043,4.6,68.0,1.3398446330586813e-07
52044,4.6,69.0,9.532278242428333e-08
52045,4.6,70.0,6.745669943618887e-08
52046,4.6,71.0,4.748315553763187e-08
52047,4.6,72.0,3.324605851635047e-08
52048,4.6,73.0,2.3154044557518007e-08
52049,4.6,74.0,1.6039826710358527e-08
52050,4.7,-75.0,2.8169454704696257e-10
52051,4.7,-74.0,4.295747303237067e-10
52052,4.7,-73.0,6.516060679394333e-10
52053,4.7,-72.0,9.831451059864762e-10
52054,4.7,-71.0,1.4754898679189942e-09
52055,4.7,-70.0,2.2026269563320375e-09
52056,4.7,-69.0,3.2706327197638333e-09
52057,4.7,-68.0,4.8306849444474286e-09
52058,4.7,-67.0,7.096950252115409e-09
52059,4.7,-66.0,1.0371006813021035e-08
52060,4.7,-65.0,1.5074960797881245e-08
52061,4.7,-64.0,2.179603913098907e-08
52062,4.7,-63.0,3.1346213358920325e-08
52063,4.7,-62.0,4.48413537162929e-08
52064,4.7,-61.0,6.380555259448181e-08
52065,4.7,-60.0,9.030761468450198e-08
52066,4.7,-59.0,1.2713830506672203e-07
52067,4.7,-58.0,1.7803878732060646e-07
52068,4.7,-57.0,2.479927712386611e-07
52069,4.7,-56.0,3.435972082993837e-07
52070,4.7,-55.0,4.735288861172521e-07
52071,4.7,-54.0,6.491269171986205e-07
52072,4.7,-53.0,8.851137958457683e-07
52073,4.7,-52.0,1.2004802738195079e-06
52074,4.7,-51.0,1.6195615989931387e-06
52075,4.7,-50.0,2.1733344405470245e-06
52076,4.7,-49.0,2.9009648059515106e-06
52077,4.7,-48.0,3.851637607282131e-06
52078,4.7,-47.0,5.088328082633749e-06
52079,4.7,-46.0,7.562993038974366e-06
52080,4.7,-45.0,8.741621893985727e-05
52081,4.7,-44.0,0.0011776844377830993
52082,4.7,-43.0,0.0029630222205808123
52083,4.7,-42.0,0.0024634923121383814
52084,4.7,-41.0,0.003245471041903697
52085,4.7,-40.0,0.001410534988382823
52086,4.7,-39.0,0.0016009897992496347
52087,4.7,-38.0,0.003674332602417703
52088,4.7,-37.0,0.0015386747009821025
52089,4.7,-36.0,0.00029734176509345074
52090,4.7,-35.0,0.0018931847852168644
52091,4.7,-34.0,0.004533310292188343
52092,4.7,-33.0,0.002082679399096941
52093,4.7,-32.0,0.002391747234653313
52094,4.7,-31.0,0.005363762555786899
52095,4.7,-30.0,0.0025185971116917297
52096,4.7,-29.0,0.0029060091538599874
52097,4.7,-28.0,0.006407053553504915
52098,4.7,-27.0,0.0028977066131613545
52099,4.7,-26.0,0.0008868913798387899
52100,4.7,-25.0,0.0036770050148948073
52101,4.7,-24.0,0.008258801122954091
52102,4.7,-23.0,0.00414583250225097
52103,4.7,-22.0,0.004822275416864116
52104,4.7,-21.0,0.010106060072349505
52105,4.7,-20.0,0.004930482635756006
52106,4.7,-19.0,0.0019931318511953837
52107,4.7,-18.0,0.006325834321384876
52108,4.7,-17.0,0.013404354702772734
52109,4.7,-16.0,0.00715706056698506
52110,4.7,-15.0,0.00835536617513826
52111,4.7,-14.0,0.016695176748275798
52112,4.7,-13.0,0.008583474977290157
52113,4.7,-12.0,0.003984956351890268
52114,4.7,-11.0,0.011052884297416394
52115,4.7,-10.0,0.022585483950139918
52116,4.7,-9.0,0.012333555431477888
52117,4.7,-8.0,0.014531109150979854
52118,4.7,-7.0,0.028575757763800082
52119,4.7,-6.0,0.014653664061569148
52120,4.7,-5.0,0.0067239718857866
52121,4.7,-4.0,0.01936533713867658
52122,4.7,-3.0,0.04001662965447414
52123,4.7,-2.0,0.01989563656885783
52124,4.7,-1.0,0.007027245266763139
52125,4.7,0.0,0.0006482415676507302
52126,4.7,1.0,0.007932760990596909
52127,4.7,2.0,0.033805448630750724
52128,4.7,3.0,0.07410776184516414
52129,4.7,4.0,0.03393719656775756
52130,4.7,5.0,0.009291176868330373
52131,4.7,6.0,0.02956526087324377
52132,4.7,7.0,0.06390998124105879
52133,4.7,8.0,0.030488476407600787
52134,4.7,9.0,0.023331572504400735
52135,4.7,10.0,0.04502665677467249
52136,4.7,11.0,0.02143363612861465
52137,4.7,12.0,0.006970194589245935
52138,4.7,13.0,0.015815822307039894
52139,4.7,14.0,0.0313973404535805
52140,4.7,15.0,0.015908352218401516
52141,4.7,16.0,0.013413120686791584
52142,4.7,17.0,0.024739175514970044
52143,4.7,18.0,0.01216547847805197
52144,4.7,19.0,0.004437327386960724
52145,4.7,20.0,0.009459645416157089
52146,4.7,21.0,0.01832988852645041
52147,4.7,22.0,0.009290806823928835
52148,4.7,23.0,0.007964208602039039
52149,4.7,24.0,0.01475005052163447
52150,4.7,25.0,0.0070915807326279185
52151,4.7,26.0,0.0023849175044594324
52152,4.7,27.0,0.005541712740036275
52153,4.7,28.0,0.011124092409321933
52154,4.7,29.0,0.005414215396524993
52155,4.7,30.0,0.004654461028975187
52156,4.7,31.0,0.00906762777268756
52157,4.7,32.0,0.004125428052765045
52158,4.7,33.0,0.0011042780807368842
52159,4.7,34.0,0.0032408511371448657
52160,4.7,35.0,0.006988066715027988
52161,4.7,36.0,0.0032231780127032657
52162,4.7,37.0,0.0027860061314167934
52163,4.7,38.0,0.00581266927391595
52164,4.7,39.0,0.0026272153140939605
52165,4.7,40.0,0.002280006151384275
52166,4.7,41.0,0.004879694149148335
52167,4.7,42.0,0.002061105000841104
52168,4.7,43.0,0.00035412148127944413
52169,4.7,44.0,0.0016631102362339772
52170,4.7,45.0,0.003920997881039309
52171,4.7,46.0,0.0016278095816812117
52172,4.7,47.0,0.0001561611132790949
52173,4.7,48.0,4.1396662364472964e-05
52174,4.7,49.0,3.1846184071907645e-05
52175,4.7,50.0,2.508216871121637e-05
52176,4.7,51.0,1.965118738368122e-05
52177,4.7,52.0,1.5314352109760914e-05
52178,4.7,53.0,1.1871198504073105e-05
52179,4.7,54.0,9.153277171071753e-06
52180,4.7,55.0,7.020123741071117e-06
52181,4.7,56.0,5.355487731167192e-06
52182,4.7,57.0,4.06386617150924e-06
52183,4.7,58.0,3.067367939888468e-06
52184,4.7,59.0,2.3029179130930234e-06
52185,4.7,60.0,1.7197968507410033e-06
52186,4.7,61.0,1.2775030576235677e-06
52187,4.7,62.0,9.439149284136173e-07
52188,4.7,63.0,6.93729030209973e-07
52189,4.7,64.0,5.07145983234917e-07
52190,4.7,65.0,3.6877563460157475e-07
52191,4.7,66.0,2.667334949651306e-07
52192,4.7,67.0,1.91901778397408e-07
52193,4.7,68.0,1.3733035759999234e-07
52194,4.7,69.0,9.775527683029772e-08
52195,4.7,70.0,6.921496066299496e-08
52196,4.7,71.0,4.874677068695463e-08
52197,4.7,72.0,3.4148987524750314e-08
52198,4.7,73.0,2.3795559510837545e-08
52199,4.7,74.0,1.6493017411201223e-08
52200,4.8,-75.0,2.725823468873805e-10
52201,4.8,-74.0,4.159004608866419e-10
52202,4.8,-73.0,6.31200282609403e-10
52203,4.8,-72.0,9.528643430310322e-10
52204,4.8,-71.0,1.4308070608483495e-09
52205,4.8,-70.0,2.1370622959966435e-09
52206,4.8,-69.0,3.1749683364033483e-09
52207,4.8,-68.0,4.6918889473062335e-09
52208,4.8,-67.0,6.896713104366481e-09
52209,4.8,-66.0,1.0083764805232396e-08
52210,4.8,-65.0,1.4665246528972628e-08
52211,4.8,-64.0,2.1214956414217853e-08
52212,4.8,-63.0,3.0526782904920115e-08
52213,4.8,-62.0,4.369241553231609e-08
52214,4.8,-61.0,6.220384080924028e-08
52215,4.8,-60.0,8.808754047724969e-08
52216,4.8,-59.0,1.2407889427564934e-07
52217,4.8,-58.0,1.7384712284269977e-07
52218,4.8,-57.0,2.42283189525721e-07
52219,4.8,-56.0,3.3586539876939844e-07
52220,4.8,-55.0,4.6311994882446376e-07
52221,4.8,-54.0,6.351963567120238e-07
52222,4.8,-53.0,8.665803797565118e-07
52223,4.8,-52.0,1.1759696773642312e-06
52224,4.8,-51.0,1.5873398107235366e-06
52225,4.8,-50.0,2.131230038521184e-06
52226,4.8,-49.0,2.8462794528578417e-06
52227,4.8,-48.0,3.7810444838684616e-06
52228,4.8,-47.0,4.997766669022985e-06
52229,4.8,-46.0,7.451920493895622e-06
52230,4.8,-45.0,8.766363090185874e-05
52231,4.8,-44.0,0.0011833357723472033
52232,4.8,-43.0,0.0029775345037919253
52233,4.8,-42.0,0.0024753314025724154
52234,4.8,-41.0,0.003260975680338656
52235,4.8,-40.0,0.0014168763832779106
52236,4.8,-39.0,0.0016079529352147782
52237,4.8,-38.0,0.0036910476512573443
52238,4.8,-37.0,0.0015449735750463055
52239,4.8,-36.0,0.0002974559666139091
52240,4.8,-35.0,0.001900343639286575
52241,4.8,-34.0,0.004552266393865186
52242,4.8,-33.0,0.0020900392556030996
52243,4.8,-32.0,0.002399808950180987
52244,4.8,-31.0,0.005384455166717348
52245,4.8,-30.0,0.0025262453344688106
52246,4.8,-29.0,0.0029143981997346202
52247,4.8,-28.0,0.006429532362238203
52248,4.8,-27.0,0.002904830457969861
52249,4.8,-26.0,0.0008848870090054068
52250,4.8,-25.0,0.0036851284367688873
52251,4.8,-24.0,0.008283948515395257
52252,4.8,-23.0,0.004154269942270334
52253,4.8,-22.0,0.004831719007831501
52254,4.8,-21.0,0.01013368077241814
52255,4.8,-20.0,0.004938933636435304
52256,4.8,-19.0,0.0019904383627941894
52257,4.8,-18.0,0.006336215075041696
52258,4.8,-17.0,0.013436466076421143
52259,4.8,-16.0,0.0071693923502235005
52260,4.8,-15.0,0.008369340283823806
52261,4.8,-14.0,0.01673180029202701
52262,4.8,-13.0,0.008598774362239842
52263,4.8,-12.0,0.003988407803991955
52264,4.8,-11.0,0.011071538276927518
52265,4.8,-10.0,0.022628773073679047
52266,4.8,-9.0,0.012357869078181443
52267,4.8,-8.0,0.014555757863298628
52268,4.8,-7.0,0.02862123193900964
52269,4.8,-6.0,0.01468418694834819
52270,4.8,-5.0,0.006746211101954063
52271,4.8,-4.0,0.019389269004284605
52272,4.8,-3.0,0.040043007019977386
52273,4.8,-2.0,0.019928832895799158
52274,4.8,-1.0,0.007066148161703905
52275,4.8,0.0,0.0006544997049661564
52276,4.8,1.0,0.007964985410175075
52277,4.8,2.0,0.03364678983786336
52278,4.8,3.0,0.07364862950626919
52279,4.8,4.0,0.03378669738899596
52280,4.8,5.0,0.009202143741060199
52281,4.8,6.0,0.02966615829025234
52282,4.8,7.0,0.06423552662670243
52283,4.8,8.0,0.030599296656569377
52284,4.8,9.0,0.023333993884063035
52285,4.8,10.0,0.04506816627155497
52286,4.8,11.0,0.021433618862862887
52287,4.8,12.0,0.006944770871045999
52288,4.8,13.0,0.01578891866401693
52289,4.8,14.0,0.03136909469565321
52290,4.8,15.0,0.015887685169304777
52291,4.8,16.0,0.013388929805603581
52292,4.8,17.0,0.0247027915240209
52293,4.8,18.0,0.01214709193723013
52294,4.8,19.0,0.004430280683006705
52295,4.8,20.0,0.009443195167415652
52296,4.8,21.0,0.0182961958715099
52297,4.8,22.0,0.009276867013768585
52298,4.8,23.0,0.007951631362803394
52299,4.8,24.0,0.014720435178709189
52300,4.8,25.0,0.007081744039423681
52301,4.8,26.0,0.0023870354994663186
52302,4.8,27.0,0.005533946891164537
52303,4.8,28.0,0.011099138580486775
52304,4.8,29.0,0.0054061043603439735
52305,4.8,30.0,0.004647303436225189
52306,4.8,31.0,0.009045207571580177
52307,4.8,32.0,0.004118815472301144
52308,4.8,33.0,0.0011070320726969314
52309,4.8,34.0,0.0032351347103332763
52310,4.8,35.0,0.006968106627421809
52311,4.8,36.0,0.003216288153513645
52312,4.8,37.0,0.0027797209588626874
52313,4.8,38.0,0.005794189023019585
52314,4.8,39.0,0.0026204506131836678
52315,4.8,40.0,0.0022738035452855624
52316,4.8,41.0,0.0048626005060052905
52317,4.8,42.0,0.002054970372456281
52318,4.8,43.0,0.00035449848864471775
52319,4.8,44.0,0.0016576321118657133
52320,4.8,45.0,0.0039057162299406547
52321,4.8,46.0,0.0016220057282679847
52322,4.8,47.0,0.00015639239252208297
52323,4.8,48.0,4.195317547592018e-05
52324,4.8,49.0,3.2308027006576754e-05
52325,4.8,50.0,2.5459511291224966e-05
52326,4.8,51.0,1.9957455266700887e-05
52327,4.8,52.0,1.5561318264035862e-05
52328,4.8,53.0,1.2069067416416807e-05
52329,4.8,54.0,9.310803235554588e-06
52330,4.8,55.0,7.144744321785314e-06
52331,4.8,56.0,5.453462644175271e-06
52332,4.8,57.0,4.140417168414544e-06
52333,4.8,58.0,3.1268134138450485e-06
52334,4.8,59.0,2.3487994662406694e-06
52335,4.8,60.0,1.7549955524649951e-06
52336,4.8,61.0,1.3043441910442779e-06
52337,4.8,62.0,9.642607828374486e-07
52338,4.8,63.0,7.09059870875117e-07
52339,4.8,64.0,5.18629741033334e-07
52340,4.8,65.0,3.7732713333627947e-07
52341,4.8,66.0,2.7306419750321154e-07
52342,4.8,67.0,1.9656110958708926e-07
52343,4.8,68.0,1.4073967240354712e-07
52344,4.8,69.0,1.002355052944925e-07
52345,4.8,70.0,7.100889259815987e-08
52346,4.8,71.0,5.0036854785564355e-08
52347,4.8,72.0,3.507142189511419e-08
52348,4.8,73.0,2.445135055097721e-08
52349,4.8,74.0,1.695658681733437e-08
52350,4.9,-75.0,2.637195186729125e-10
52351,4.9,-74.0,4.0259218372827114e-10
52352,4.9,-73.0,6.113283143631301e-10
52353,4.9,-72.0,9.233573089291481e-10
52354,4.9,-71.0,1.3872386476584033e-09
52355,4.9,-70.0,2.073092479328879e-09
52356,4.9,-69.0,3.081571731742442e-09
52357,4.9,-68.0,4.55629669254734e-09
52358,4.9,-67.0,6.700972277222376e-09
52359,4.9,-66.0,9.802791316470274e-09
52360,4.9,-65.0,1.4264212709454762e-08
52361,4.9,-64.0,2.0645812106933375e-08
52362,4.9,-63.0,2.972365780897144e-08
52363,4.9,-62.0,4.2565590000965797e-08
52364,4.9,-61.0,6.063190174322491e-08
52365,4.9,-60.0,8.590725830922711e-08
52366,4.9,-59.0,1.2107226693533092e-07
52367,4.9,-58.0,1.69724934612041e-07
52368,4.9,-57.0,2.3666432970656972e-07
52369,4.9,-56.0,3.282510815918623e-07
52370,4.9,-55.0,4.528618785295688e-07
52371,4.9,-54.0,6.214577991330004e-07
52372,4.9,-53.0,8.482890456019319e-07
52373,4.9,-52.0,1.151761307350407e-06
52374,4.9,-51.0,1.5554913963879099e-06
52375,4.9,-50.0,2.089581735669496e-06
52376,4.9,-49.0,2.7921444705254608e-06
52377,4.9,-48.0,3.71110658823271e-06
52378,4.9,-47.0,4.907973468072535e-06
52379,4.9,-46.0,7.341653344927361e-06
52380,4.9,-45.0,8.790488060573405e-05
52381,4.9,-44.0,0.001188882048719746
52382,4.9,-43.0,0.002991779583500124
52383,4.9,-42.0,0.002486948549929575
52384,4.9,-41.0,0.0032761866897149895
52385,4.9,-40.0,0.0014230924358635162
52386,4.9,-39.0,0.0016147726450381915
52387,4.9,-38.0,0.0037074282898674157
52388,4.9,-37.0,0.0015511355310418853
52389,4.9,-36.0,0.00029754792045450906
52390,4.9,-35.0,0.0019073313020728704
52391,4.9,-34.0,0.004570804872755795
52392,4.9,-33.0,0.0020972097000171966
52393,4.9,-32.0,0.002407650087481446
52394,4.9,-31.0,0.005404646355726899
52395,4.9,-30.0,0.002533657861739919
52396,4.9,-29.0,0.002922510823600965
52397,4.9,-28.0,0.006451399470776411
52398,4.9,-27.0,0.0029116710074233365
52399,4.9,-26.0,0.0008827843466027151
52400,4.9,-25.0,0.003692879787029201
52401,4.9,-24.0,0.008308277277268952
52402,4.9,-23.0,0.00416227291056699
52403,4.9,-22.0,0.004840650477943121
52404,4.9,-21.0,0.010160267409721771
52405,4.9,-20.0,0.0049468349972491355
52406,4.9,-19.0,0.0019874626791784177
52407,4.9,-18.0,0.006345876717388018
52408,4.9,-17.0,0.013467152794449629
52409,4.9,-16.0,0.007180885019299918
52410,4.9,-15.0,0.008382339993942322
52411,4.9,-14.0,0.016766618675685744
52412,4.9,-13.0,0.008613032494635109
52413,4.9,-12.0,0.003991244956683588
52414,4.9,-11.0,0.011088886906913053
52415,4.9,-10.0,0.02266963799280944
52416,4.9,-9.0,0.012380719383893157
52417,4.9,-8.0,0.014578764922901567
52418,4.9,-7.0,0.02866377849088576
52419,4.9,-6.0,0.014713037855194322
52420,4.9,-5.0,0.0067675182150174085
52421,4.9,-4.0,0.019411374378576624
52422,4.9,-3.0,0.04006607348277487
52423,4.9,-2.0,0.019960181398674535
52424,4.9,-1.0,0.007104158710691139
52425,4.9,0.0,0.0006607397500557787
52426,4.9,1.0,0.007997084221401263
52427,4.9,2.0,0.0334960597180644
52428,4.9,3.0,0.07320998674440878
52429,4.9,4.0,0.03364424565872225
52430,4.9,5.0,0.009114762534951866
52431,4.9,6.0,0.02977214094556634
52432,4.9,7.0,0.06457410290144734
52433,4.9,8.0,0.03071508901954972
52434,4.9,9.0,0.023336133913293138
52435,4.9,10.0,0.0451088634584236
52436,4.9,11.0,0.021432905259708673
52437,4.9,12.0,0.006918688600944143
52438,4.9,13.0,0.015760789315121447
52439,4.9,14.0,0.03133873592762248
52440,4.9,15.0,0.015865770232508538
52441,4.9,16.0,0.013363548664539806
52442,4.9,17.0,0.024664451841472725
52443,4.9,18.0,0.012127605342962222
52444,4.9,19.0,0.004422664554066818
52445,4.9,20.0,0.009425820443005236
52446,4.9,21.0,0.018260948596724672
52447,4.9,22.0,0.009262048220546416
52448,4.9,23.0,0.007938283432124068
52449,4.9,24.0,0.014689562969088188
52450,4.9,25.0,0.007071238185707648
52451,4.9,26.0,0.002388852153628845
52452,4.9,27.0,0.0055256609548254105
52453,4.9,28.0,0.011073263741999238
52454,4.9,29.0,0.005397514178316955
52455,4.9,30.0,0.004639737922230505
52456,4.9,31.0,0.009022063032733146
52457,4.9,32.0,0.0041118575408779804
52458,4.9,33.0,0.0011096752576648062
52459,4.9,34.0,0.0032291579692306145
52460,4.9,35.0,0.006947616374122411
52461,4.9,36.0,0.0032091515985521748
52462,4.9,37.0,0.0027732271386441574
52463,4.9,38.0,0.005775282325946493
52464,4.9,39.0,0.0026134951881872
52465,4.9,40.0,0.0022674387992288134
52466,4.9,41.0,0.004845157870573837
52467,4.9,42.0,0.002048691725299557
52468,4.9,43.0,0.00035485564653849305
52469,4.9,44.0,0.0016520409147392859
52470,4.9,45.0,0.0038901601440077087
52471,4.9,46.0,0.0016160909874363275
52472,4.9,47.0,0.00015661753666257723
52473,4.9,48.0,4.2511315813046735e-05
52474,4.9,49.0,3.277170990502503e-05
52475,4.9,50.0,2.5838699876534838e-05
52476,4.9,51.0,2.0265491846667015e-05
52477,4.9,52.0,1.580992313417538e-05
52478,4.9,53.0,1.2268415494510598e-05
52479,4.9,54.0,9.469636328164367e-06
52480,4.9,55.0,7.270499234588925e-06
52481,4.9,56.0,5.552406742660825e-06
52482,4.9,57.0,4.217784828697996e-06
52483,4.9,58.0,3.1869384448219845e-06
52484,4.9,59.0,2.395240010759621e-06
52485,4.9,60.0,1.7906491774218496e-06
52486,4.9,61.0,1.3315518581088015e-06
52487,4.9,62.0,9.848991664660755e-07
52488,4.9,63.0,7.246220783721382e-07
52489,4.9,64.0,5.302949145028227e-07
52490,4.9,65.0,3.860197007599527e-07
52491,4.9,66.0,2.795037150265149e-07
52492,4.9,67.0,2.0130372307418215e-07
52493,4.9,68.0,1.4421224480859237e-07
52494,4.9,69.0,1.0276342599048058e-07
52495,4.9,70.0,7.283852113783528e-08
52496,4.9,71.0,5.135346734029969e-08
52497,4.9,72.0,3.6013433779691335e-08
52498,4.9,73.0,2.5121490289969862e-08
52499,4.9,74.0,1.743060152059754e-08
52500,5.0,-75.0,2.526795426981445e-10
52501,5.0,-74.0,3.859442152877437e-10
52502,5.0,-73.0,5.863610277066837e-10
52503,5.0,-72.0,8.861184245735278e-10
52504,5.0,-71.0,1.332000979283672e-09
52505,5.0,-70.0,1.9916060180054247e-09
52506,5.0,-69.0,2.962022985955148e-09
52507,5.0,-68.0,4.3818703966790196e-09
52508,5.0,-67.0,6.447876967468823e-09
52509,5.0,-66.0,9.43756741798371e-09
52510,5.0,-65.0,1.3740087700346484e-08
52511,5.0,-64.0,1.989779981501098e-08
52512,5.0,-63.0,2.8662015568364514e-08
52513,5.0,-62.0,4.106714576680816e-08
52514,5.0,-61.0,5.852864088942449e-08
52515,5.0,-60.0,8.297141449880757e-08
52516,5.0,-59.0,1.1699699141733764e-07
52517,5.0,-58.0,1.6409942263718097e-07
52518,5.0,-57.0,2.2894206176148966e-07
52519,5.0,-56.0,3.1770959283985366e-07
52520,5.0,-55.0,4.385522065054707e-07
52521,5.0,-54.0,6.021414845709124e-07
52522,5.0,-53.0,8.223602850364937e-07
52523,5.0,-52.0,1.117151593790932e-06
52524,5.0,-51.0,1.509553755661819e-06
52525,5.0,-50.0,2.028951495912689e-06
52526,5.0,-49.0,2.712573421103172e-06
52527,5.0,-48.0,3.607267425272496e-06
52528,5.0,-47.0,4.773223782127908e-06
52529,5.0,-46.0,7.163565816842939e-06
52530,5.0,-45.0,8.730325404675548e-05
52531,5.0,-44.0,0.0011829849871227303
52532,5.0,-43.0,0.002977222302357447
52533,5.0,-42.0,0.002474625796660145
52534,5.0,-41.0,0.00325986009782286
52535,5.0,-40.0,0.0014156153723162898
52536,5.0,-39.0,0.0016060559815857616
52537,5.0,-38.0,0.003688126129691777
52538,5.0,-37.0,0.0015423780773315262
52539,5.0,-36.0,0.00029479265317557205
52540,5.0,-35.0,0.001895976531950173
52541,5.0,-34.0,0.004545361861181616
52542,5.0,-33.0,0.0020842156038389506
52543,5.0,-32.0,0.0023923425694058857
52544,5.0,-31.0,0.005372842122383833
52545,5.0,-30.0,0.0025167149947061727
52546,5.0,-29.0,0.0029025299060757
52547,5.0,-28.0,0.006411209868899361
52548,5.0,-27.0,0.0028905267109557587
52549,5.0,-26.0,0.0008722260769302886
52550,5.0,-25.0,0.00366513432498628
52551,5.0,-24.0,0.008252695005832242
52552,5.0,-23.0,0.0041302594578851515
52553,5.0,-22.0,0.0048030403951937325
52554,5.0,-21.0,0.010089128554597485
52555,5.0,-20.0,0.0049071599409909
52556,5.0,-19.0,0.001965372560628582
52557,5.0,-18.0,0.0062944970645021775
52558,5.0,-17.0,0.013368297873677607
52559,5.0,-16.0,0.007123273553780571
52560,5.0,-15.0,0.008314682348274566
52561,5.0,-14.0,0.01664015886013427
52562,5.0,-13.0,0.008544364602998723
52563,5.0,-12.0,0.003955560831989027
52564,5.0,-11.0,0.010999515667418979
52565,5.0,-10.0,0.022492518303248034
52566,5.0,-9.0,0.01228437631072418
52567,5.0,-8.0,0.014461534788140891
52568,5.0,-7.0,0.028430923967538404
52569,5.0,-6.0,0.014600288563288514
52570,5.0,-5.0,0.0067234513945572845
52571,5.0,-4.0,0.019247185509815246
52572,5.0,-3.0,0.039705294329141945
52573,5.0,-2.0,0.019799913313730804
52574,5.0,-1.0,0.007073473172388938
52575,5.0,0.0,0.0006606292719978344
52576,5.0,1.0,0.007952764278791599
52577,5.0,2.0,0.033035748769843554
52578,5.0,3.0,0.07209866419283255
52579,5.0,4.0,0.03319084408591789
52580,5.0,5.0,0.009500922372451788
52581,5.0,6.0,0.02987507740042514
52582,5.0,7.0,0.0649081809060424
52583,5.0,8.0,0.030827446380820772
52584,5.0,9.0,0.02333128415892366
52585,5.0,10.0,0.045135701730897225
52586,5.0,11.0,0.02142530208582833
52587,5.0,12.0,0.006889954582984757
52588,5.0,13.0,0.015726868661265592
52589,5.0,14.0,0.03129717018654296
52590,5.0,15.0,0.015838006942355216
52591,5.0,16.0,0.013333103288976012
52592,5.0,17.0,0.02461699959092135
52593,5.0,18.0,0.01210350016290181
52594,5.0,19.0,0.0044131961979408454
52595,5.0,20.0,0.009404786367204408
52596,5.0,21.0,0.018218848411593005
52597,5.0,22.0,0.009243661236389117
52598,5.0,23.0,0.007921859864190027
52599,5.0,24.0,0.014653172021417476
52600,5.0,25.0,0.007058008831388117
52601,5.0,26.0,0.0023896700075925694
52602,5.0,27.0,0.005515249247633635
52603,5.0,28.0,0.011043255925441265
52604,5.0,29.0,0.005386876604881734
52605,5.0,30.0,0.0046304163847060474
52606,5.0,31.0,0.008995578111314873
52607,5.0,32.0,0.0041033596602917215
52608,5.0,33.0,0.0011118823224772238
52609,5.0,34.0,0.0032219829927491272
52610,5.0,35.0,0.006924582889757817
52611,5.0,36.0,0.0032008370192887848
52612,5.0,37.0,0.002765720026825197
52613,5.0,38.0,0.005754276908826915
52614,5.0,39.0,0.0026055912914866794
52615,5.0,40.0,0.0022602546909855897
52616,5.0,41.0,0.004825964242570855
52617,5.0,42.0,0.0020416755924288917
52618,5.0,43.0,0.00035508929940164616
52619,5.0,44.0,0.0016458583984619766
52620,5.0,45.0,0.003873204883779218
52621,5.0,46.0,0.001609597801108938
52622,5.0,47.0,0.00015679078805722735
52623,5.0,48.0,4.3058392749215433e-05
52624,5.0,49.0,3.322743807793632e-05
52625,5.0,50.0,2.621201080717929e-05
52626,5.0,51.0,2.0570588608108822e-05
52627,5.0,52.0,1.678276733202329e-05
52628,5.0,53.0,7.743100070788766e-05
52629,5.0,54.0,0.0009718011418603238
52630,5.0,55.0,0.002370288881301499
52631,5.0,56.0,0.0009678248573262808
52632,5.0,57.0,6.926013541967838e-05
52633,5.0,58.0,3.974119333701428e-06
52634,5.0,59.0,2.4428754170499953e-06
52635,5.0,60.0,1.8262245344835068e-06
52636,5.0,61.0,1.3587296132539004e-06
52637,5.0,62.0,1.0055371375393805e-06
52638,5.0,63.0,7.402003680922776e-07
52639,5.0,64.0,5.419841498475774e-07
52640,5.0,65.0,3.9473895096066814e-07
52641,5.0,66.0,2.8596934907395496e-07
52642,5.0,67.0,2.060701553731174e-07
52643,5.0,68.0,1.4770555123866254e-07
52644,5.0,69.0,1.0530879527548725e-07
52645,5.0,70.0,7.468245377501877e-08
52646,5.0,71.0,5.2681559239367054e-08
52647,5.0,72.0,3.6964494352406236e-08
52648,5.0,73.0,2.5798652723246536e-08
52649,5.0,74.0,1.7909991955055486e-08
52650,5.1,-75.0,2.4178826166877723e-10
52651,5.1,-74.0,3.695056264926276e-10
52652,5.1,-73.0,5.616852333708366e-10
52653,5.1,-72.0,8.492803288877874e-10
52654,5.1,-71.0,1.2773068217801017e-09
52655,5.1,-70.0,1.9108452036934243e-09
52656,5.1,-69.0,2.8434257377416075e-09
52657,5.1,-68.0,4.208665239724531e-09
52658,5.1,-67.0,6.1963078390345714e-09
52659,5.1,-66.0,9.074186471975143e-09
52660,5.1,-65.0,1.3218084563974592e-08
52661,5.1,-64.0,1.9152058820960228e-08
52662,5.1,-63.0,2.7602506781728355e-08
52663,5.1,-62.0,3.9570150769839875e-08
52664,5.1,-61.0,5.642518758835507e-08
52665,5.1,-60.0,8.003214415987091e-08
52666,5.1,-59.0,1.1291250363463053e-07
52667,5.1,-58.0,1.5845493865050543e-07
52668,5.1,-57.0,2.211850133165016e-07
52669,5.1,-56.0,3.071084841270984e-07
52670,5.1,-55.0,4.241448143968801e-07
52671,5.1,-54.0,5.826701640671894e-07
52672,5.1,-53.0,7.961918428215052e-07
52673,5.1,-52.0,1.082178897628029e-06
52674,5.1,-51.0,1.4630759805598413e-06
52675,5.1,-50.0,1.967529694470016e-06
52676,5.1,-49.0,2.6318579758605277e-06
52677,5.1,-48.0,3.5017939285693473e-06
52678,5.1,-47.0,4.63616420886006e-06
52679,5.1,-46.0,6.981182663863268e-06
52680,5.1,-45.0,8.660154902530069e-05
52681,5.1,-44.0,0.0011756645369725763
52682,5.1,-43.0,0.0029590742150681386
52683,5.1,-42.0,0.002459323157012838
52684,5.1,-41.0,0.0032396087635209684
52685,5.1,-40.0,0.0014064440698644159
52686,5.1,-39.0,0.001595420787228341
52687,5.1,-38.0,0.0036643986069475006
52688,5.1,-37.0,0.0015317869767301623
52689,5.1,-36.0,0.0002917131400204581
52690,5.1,-35.0,0.0018823771290276087
52691,5.1,-34.0,0.00451449376016689
52692,5.1,-33.0,0.002068763482120868
52693,5.1,-32.0,0.0023742186596672115
52694,5.1,-31.0,0.005334653391015332
52695,5.1,-30.0,0.0024968232294866636
52696,5.1,-29.0,0.002879152634568205
52697,5.1,-28.0,0.006363435199343003
52698,5.1,-27.0,0.002866018214496943
52699,5.1,-26.0,0.0008607270140618898
52700,5.1,-25.0,0.0036331298341369072
52701,5.1,-24.0,0.00818739812603201
52702,5.1,-23.0,0.004093447156911932
52703,5.1,-22.0,0.00475985077619283
52704,5.1,-21.0,0.010006146546554491
52705,5.1,-20.0,0.00486178444388858
52706,5.1,-19.0,0.001941067470775959
52707,5.1,-18.0,0.006235801052890899
52708,5.1,-17.0,0.013253791202510978
52709,5.1,-16.0,0.007057346159996394
52710,5.1,-15.0,0.008237330628356217
52711,5.1,-14.0,0.01649425416866242
52712,5.1,-13.0,0.008465677248943534
52713,5.1,-12.0,0.0039151887270881995
52714,5.1,-11.0,0.010897298114813098
52715,5.1,-10.0,0.0222892530711396
52716,5.1,-9.0,0.012173607726717904
52717,5.1,-8.0,0.014327477690038353
52718,5.1,-7.0,0.028165331470906337
52719,5.1,-6.0,0.014470418815186303
52720,5.1,-5.0,0.006671175520524873
52721,5.1,-4.0,0.01906110057618451
52722,5.1,-3.0,0.03930024712583829
52723,5.1,-2.0,0.019616971101395687
52724,5.1,-1.0,0.007033910328345003
52725,5.1,0.0,0.0006596987378499613
52726,5.1,1.0,0.007899408180889854
52727,5.1,2.0,0.03255063408575893
52728,5.1,3.0,0.07093805893056887
52729,5.1,4.0,0.0327124259403871
52730,5.1,5.0,0.010014940539928512
52731,5.1,6.0,0.030276310358503526
52732,5.1,7.0,0.06589366336998298
52733,5.1,8.0,0.031247352390139257
52734,5.1,9.0,0.02355354754036062
52735,5.1,10.0,0.04560181703331306
52736,5.1,11.0,0.02162571730551226
52737,5.1,12.0,0.006927432417815717
52738,5.1,13.0,0.015844619085506374
52739,5.1,14.0,0.031557986556089185
52740,5.1,15.0,0.01596302622732573
52741,5.1,16.0,0.013431068731083799
52742,5.1,17.0,0.02480694849837682
52743,5.1,18.0,0.012195972441397324
52744,5.1,19.0,0.004446058770751508
52745,5.1,20.0,0.00947424334973129
52746,5.1,21.0,0.018352271750686464
52747,5.1,22.0,0.009314263436288276
52748,5.1,23.0,0.007981676217405864
52749,5.1,24.0,0.01475792145708317
52750,5.1,25.0,0.007112734687885793
52751,5.1,26.0,0.0024134650524728113
52752,5.1,27.0,0.005557940276732519
52753,5.1,28.0,0.011119620247763015
52754,5.1,29.0,0.00542813067463035
52755,5.1,30.0,0.004665701712401815
52756,5.1,31.0,0.009055749582974837
52757,5.1,32.0,0.004134405488509745
52758,5.1,33.0,0.0011248251370483827
52759,5.1,34.0,0.003245864498683397
52760,5.1,35.0,0.006968260290923496
52761,5.1,36.0,0.0032233771299735874
52762,5.1,37.0,0.002784875024867445
52763,5.1,38.0,0.005788706059926855
52764,5.1,39.0,0.0026228047388478274
52765,5.1,40.0,0.0022748594839091803
52766,5.1,41.0,0.0048532574568611745
52767,5.1,42.0,0.0020543392953339336
52768,5.1,43.0,0.0003587633405692976
52769,5.1,44.0,0.001655538978420452
52770,5.1,45.0,0.0038935513323268686
52771,5.1,46.0,0.0016186141331002988
52772,5.1,47.0,0.00015848647083397153
52773,5.1,48.0,4.403122494178702e-05
52774,5.1,49.0,3.401260772507283e-05
52775,5.1,50.0,2.684573620054034e-05
52776,5.1,51.0,2.107912238105909e-05
52777,5.1,52.0,1.719172981264839e-05
52778,5.1,53.0,7.804399943887416e-05
52779,5.1,54.0,0.0009763677151099864
52780,5.1,55.0,0.0023810791626078286
52781,5.1,56.0,0.0009722927913143198
52782,5.1,57.0,6.967160034550712e-05
52783,5.1,58.0,4.070080643368427e-06
52784,5.1,59.0,2.513929305267838e-06
52785,5.1,60.0,1.880368829593298e-06
52786,5.1,61.0,1.3997591106830618e-06
52787,5.1,62.0,1.0364533660267717e-06
52788,5.1,63.0,7.633651641990615e-07
52789,5.1,64.0,5.592435909475345e-07
52790,5.1,65.0,4.075264502831238e-07
52791,5.1,66.0,2.953906164172669e-07
52792,5.1,67.0,2.1297258195653292e-07
52793,5.1,68.0,1.5273437937838454e-07
52794,5.1,69.0,1.08952204119529e-07
52795,5.1,70.0,7.730744924807084e-08
52796,5.1,71.0,5.45623133004286e-08
52797,5.1,72.0,3.8304545489932845e-08
52798,5.1,73.0,2.6748162903795048e-08
52799,5.1,74.0,1.8579058963380614e-08
52800,5.2,-75.0,2.337731811057546e-10
52801,5.2,-74.0,3.574472158826435e-10
52802,5.2,-73.0,5.436448254046249e-10
52803,5.2,-72.0,8.224409127226595e-10
52804,5.2,-71.0,1.237599890234266e-09
52805,5.2,-70.0,1.8524305139885778e-09
52806,5.2,-69.0,2.7579710236072223e-09
52807,5.2,-68.0,4.08435592378967e-09
52808,5.2,-67.0,6.0164951733643944e-09
52809,5.2,-66.0,8.815555324090229e-09
52810,5.2,-65.0,1.2848188223025339e-08
52811,5.2,-64.0,1.8626026634171406e-08
52812,5.2,-63.0,2.6858680069635273e-08
52813,5.2,-62.0,3.8524342340623875e-08
52814,5.2,-61.0,5.496318953925258e-08
52815,5.2,-60.0,7.800002717967237e-08
52816,5.2,-59.0,1.1010415898217018e-07
52817,5.2,-58.0,1.545962125329184e-07
52818,5.2,-57.0,2.159136748681303e-07
52819,5.2,-56.0,2.9994915647494243e-07
52820,5.2,-55.0,4.1447788919281393e-07
52821,5.2,-54.0,5.69693621484781e-07
52822,5.2,-53.0,7.788748221532603e-07
52823,5.2,-52.0,1.059205822064734e-06
52824,5.2,-51.0,1.4327800504586195e-06
52825,5.2,-50.0,1.9278146465920023e-06
52826,5.2,-49.0,2.580107184817503e-06
52827,5.2,-48.0,3.4347662288120497e-06
52828,5.2,-47.0,4.5498834398176706e-06
52829,5.2,-46.0,6.874652118169949e-06
52830,5.2,-45.0,8.6807152024278e-05
52831,5.2,-44.0,0.001180615052337433
52832,5.2,-43.0,0.0029718054831422216
52833,5.2,-42.0,0.0024696874199794305
52834,5.2,-41.0,0.0032531677016085763
52835,5.2,-40.0,0.0014119576847523435
52836,5.2,-39.0,0.0016014451512838179
52837,5.2,-38.0,0.0036789220901054013
52838,5.2,-37.0,0.0015371962435173244
52839,5.2,-36.0,0.0002916970109514869
52840,5.2,-35.0,0.0018884442382556838
52841,5.2,-34.0,0.004530764217435133
52842,5.2,-33.0,0.002074930009630789
52843,5.2,-32.0,0.0023809068936209528
52844,5.2,-31.0,0.005352179523788521
52845,5.2,-30.0,0.0025030312435056082
52846,5.2,-29.0,0.002885872345235554
52847,5.2,-28.0,0.006382132980386144
52848,5.2,-27.0,0.0028714763078010997
52849,5.2,-26.0,0.0008582641419488304
52850,5.2,-25.0,0.003639111032705485
52851,5.2,-24.0,0.00820764113499505
52852,5.2,-23.0,0.0040994274083296514
52853,5.2,-22.0,0.00476641775056497
52854,5.2,-21.0,0.010027710625755186
52855,5.2,-20.0,0.004867220074862045
52856,5.2,-19.0,0.0019370612335728931
52857,5.2,-18.0,0.006242267304073291
52858,5.2,-17.0,0.013277761447786413
52859,5.2,-16.0,0.007065134662540416
52860,5.2,-15.0,0.008246028650386532
52861,5.2,-14.0,0.01652068902225936
52862,5.2,-13.0,0.00847537540230719
52863,5.2,-12.0,0.00391560911811916
52864,5.2,-11.0,0.010908895013484864
52865,5.2,-10.0,0.022318955032989685
52866,5.2,-9.0,0.012189936190394613
52867,5.2,-8.0,0.014343122730641842
52868,5.2,-7.0,0.028194345458698773
52869,5.2,-6.0,0.01449166324121586
52870,5.2,-5.0,0.00668831347046612
52871,5.2,-4.0,0.019074588325154504
52872,5.2,-3.0,0.03930737341591336
52873,5.2,-2.0,0.019639350187951658
52874,5.2,-1.0,0.0070674360749033395
52875,5.2,0.0,0.0006656577232446584
52876,5.2,1.0,0.007928930912141125
52877,5.2,2.0,0.03241665177033164
52878,5.2,3.0,0.07054636262807652
52879,5.2,4.0,0.03258687296017809
52880,5.2,5.0,0.010108127743450683
52881,5.2,6.0,0.03039755597604386
52882,5.2,7.0,0.06627327640988022
52883,5.2,8.0,0.03137800885288413
52884,5.2,9.0,0.023551645045294927
52885,5.2,10.0,0.04563375312742297
52886,5.2,11.0,0.021619725317913747
52887,5.2,12.0,0.0068980979543746285
52888,5.2,13.0,0.015810085354441252
52889,5.2,14.0,0.03151604615477157
52890,5.2,15.0,0.015934661674597325
52891,5.2,16.0,0.0133997671000261
52892,5.2,17.0,0.024758458342075997
52893,5.2,18.0,0.012171072532201491
52894,5.2,19.0,0.00443595604790815
52895,5.2,20.0,0.009452426449237963
52896,5.2,21.0,0.018309117656503948
52897,5.2,22.0,0.009295181005062634
52898,5.2,23.0,0.00796461426321571
52899,5.2,24.0,0.014720644695729427
52900,5.2,25.0,0.007098980454800393
52901,5.2,26.0,0.0024139916317083864
52902,5.2,27.0,0.005547121457337045
52903,5.2,28.0,0.011088974652462322
52904,5.2,29.0,0.0054171497574361195
52905,5.2,30.0,0.0046560910077898185
52906,5.2,31.0,0.009028781055793668
52907,5.2,32.0,0.004125682061690988
52908,5.2,33.0,0.001126968029918127
52909,5.2,34.0,0.003238530289205127
52910,5.2,35.0,0.006944889964123463
52911,5.2,36.0,0.0032149200911503442
52912,5.2,37.0,0.002777251472034185
52913,5.2,38.0,0.005767435584230611
52914,5.2,39.0,0.0026147971395899983
52915,5.2,40.0,0.0022675896709175728
52916,5.2,41.0,0.004833847544397885
52917,5.2,42.0,0.002047247016891395
52918,5.2,43.0,0.00035900483986895884
52919,5.2,44.0,0.0016492973645788117
52920,5.2,45.0,0.0038764225875921043
52921,5.2,46.0,0.0016120593576747163
52922,5.2,47.0,0.00015866916456517378
52923,5.2,48.0,4.459135022908787e-05
52924,5.2,49.0,3.4479871189874384e-05
52925,5.2,50.0,2.7229076910351883e-05
52926,5.2,51.0,2.13914864988481e-05
52927,5.2,52.0,1.7440809746655703e-05
52928,5.2,53.0,7.79100798653991e-05
52929,5.2,54.0,0.0009715351331927382
52930,5.2,55.0,0.0023689413685808332
52931,5.2,56.0,0.0009673994958723865
52932,5.2,57.0,6.941411269991559e-05
52933,5.2,58.0,4.128458849843624e-06
52934,5.2,59.0,2.562049833475002e-06
52935,5.2,60.0,1.917407996277394e-06
52936,5.2,61.0,1.4280919967572836e-06
52937,5.2,62.0,1.0579960297898205e-06
52938,5.2,63.0,7.796469749633802e-07
52939,5.2,64.0,5.714760915782855e-07
52940,5.2,65.0,4.166623328074658e-07
52941,5.2,66.0,3.0217360355212896e-07
52942,5.2,67.0,2.1797912954074325e-07
52943,5.2,68.0,1.5640816170057048e-07
52944,5.2,69.0,1.1163233705776997e-07
52945,5.2,70.0,7.9251361087786e-08
52946,5.2,71.0,5.5964103346018095e-08
52947,5.2,72.0,3.930958669798613e-08
52948,5.2,73.0,2.7464614840426376e-08
52949,5.2,74.0,1.908686736909452e-08
52950,5.3,-75.0,2.2599092252853125e-10
52951,5.3,-74.0,3.4573203014651473e-10
52952,5.3,-73.0,5.261073213001432e-10
52953,5.3,-72.0,7.963338603218276e-10
52954,5.3,-71.0,1.198952913595137e-09
52955,5.3,-70.0,1.7955403974083456e-09
52956,5.3,-69.0,2.674695472080394e-09
52957,5.3,-68.0,3.963141817357978e-09
52958,5.3,-67.0,5.841050945644184e-09
52959,5.3,-66.0,8.563050114304692e-09
52960,5.3,-65.0,1.2486826844584716e-08
52961,5.3,-64.0,1.811180806328209e-08
52962,5.3,-63.0,2.6131096981836363e-08
52963,5.3,-62.0,3.750071920240289e-08
52964,5.3,-61.0,5.353128610416317e-08
52965,5.3,-60.0,7.600845253424785e-08
52966,5.3,-59.0,1.073500487207524e-07
52967,5.3,-58.0,1.50809519251028e-07
52968,5.3,-57.0,2.1073731215367826e-07
52969,5.3,-56.0,2.9291412266473226e-07
52970,5.3,-55.0,4.0497238496940975e-07
52971,5.3,-54.0,5.569250728361286e-07
52972,5.3,-53.0,7.618236379034536e-07
52973,5.3,-52.0,1.036569666709729e-06
52974,5.3,-51.0,1.4029074152207963e-06
52975,5.3,-50.0,1.8886265745128599e-06
52976,5.3,-49.0,2.529006172461753e-06
52977,5.3,-48.0,3.36853161558857e-06
52978,5.3,-47.0,4.464560091541514e-06
52979,5.3,-46.0,6.769202800585027e-06
52980,5.3,-45.0,8.700861979318724e-05
52981,5.3,-44.0,0.0011854858906984085
52982,5.3,-43.0,0.0029843331630666475
52983,5.3,-42.0,0.0024798829236185307
52984,5.3,-41.0,0.003266503251980776
52985,5.3,-40.0,0.0014173769636580266
52986,5.3,-39.0,0.001607361650698732
52987,5.3,-38.0,0.003693191937116183
52988,5.3,-37.0,0.0015425033689543566
52989,5.3,-36.0,0.00029166689254459026
52990,5.3,-35.0,0.0018943839338590928
52991,5.3,-34.0,0.0045467193649017445
52992,5.3,-33.0,0.0020809562239159007
52993,5.3,-32.0,0.002387431614094719
52994,5.3,-31.0,0.005369328211927367
52995,5.3,-30.0,0.002509065241375141
52996,5.3,-29.0,0.002892387569990047
52997,5.3,-28.0,0.006400371047938716
52998,5.3,-27.0,0.0028767252727352885
52999,5.3,-26.0,0.0008557332095724675
53000,5.3,-25.0,0.003644815934423643
53001,5.3,-24.0,0.00822726814840606
53002,5.3,-23.0,0.004105082858218747
53003,5.3,-22.0,0.004772600586195821
53004,5.3,-21.0,0.010048493891068063
53005,5.3,-20.0,0.004872239593100069
53006,5.3,-19.0,0.0019328388832521874
53007,5.3,-18.0,0.006248185639496733
53008,5.3,-17.0,0.013300649223084094
53009,5.3,-16.0,0.007072276750113858
53010,5.3,-15.0,0.008253976329728128
53011,5.3,-14.0,0.016545747312187525
53012,5.3,-13.0,0.008484260755968443
53013,5.3,-12.0,0.0039155292870735395
53014,5.3,-11.0,0.010919476724414236
53015,5.3,-10.0,0.022346811012132387
53016,5.3,-9.0,0.012205117100512548
53017,5.3,-8.0,0.014357495921013966
53018,5.3,-7.0,0.028221155925443425
53019,5.3,-6.0,0.014511596942870773
53020,5.3,-5.0,0.006704669835466622
53021,5.3,-4.0,0.019086705926898387
53022,5.3,-3.0,0.03931214927243601
53023,5.3,-2.0,0.019660334224146855
53024,5.3,-1.0,0.007100194655447758
53025,5.3,0.0,0.0006716086344131613
53026,5.3,1.0,0.00795825409830068
53027,5.3,2.0,0.03228829947133131
53028,5.3,3.0,0.07016938631774251
53029,5.3,4.0,0.03246706296839643
53030,5.3,5.0,0.010203104787055455
53031,5.3,6.0,0.03052595396363845
53032,5.3,7.0,0.0666710785872422
53033,5.3,8.0,0.03151568400762566
53034,5.3,9.0,0.02354928759372607
53035,5.3,10.0,0.04566418861498488
53036,5.3,11.0,0.02161271336473834
53037,5.3,12.0,0.006867999064224245
53038,5.3,13.0,0.015774007267497593
53039,5.3,14.0,0.03147131725071783
53040,5.3,15.0,0.015904715305018725
53041,5.3,16.0,0.013366991171716108
53042,5.3,17.0,0.02470746820717876
53043,5.3,18.0,0.01214480587594795
53044,5.3,19.0,0.004425186684293753
53045,5.3,20.0,0.009429474801637265
53046,5.3,21.0,0.01826400184279543
53047,5.3,22.0,0.009275007356791964
53048,5.3,23.0,0.007946598757914545
53049,5.3,24.0,0.014681782417022364
53050,5.3,25.0,0.007084390662570139
53051,5.3,26.0,0.002414150418608084
53052,5.3,27.0,0.005535650986761218
53053,5.3,28.0,0.01105716129272136
53054,5.3,29.0,0.005405561744945512
53055,5.3,30.0,0.004645962157618821
53056,5.3,31.0,0.009000889500365712
53057,5.3,32.0,0.004116515986055523
53058,5.3,33.0,0.0011289653630640992
53059,5.3,34.0,0.0032308599460045087
53060,5.3,35.0,0.006920840519069603
53061,5.3,36.0,0.0032061433171300512
53062,5.3,37.0,0.00276935663418105
53063,5.3,38.0,0.005745617976923331
53064,5.3,39.0,0.0026065414091509774
53065,5.3,40.0,0.0022601084509107634
53066,5.3,41.0,0.00481399007878396
53067,5.3,42.0,0.002039967238468589
53068,5.3,43.0,0.00035921659086745716
53069,5.3,44.0,0.0016429085196318003
53070,5.3,45.0,0.0038589428597911343
53071,5.3,46.0,0.0016053610808200293
53072,5.3,47.0,0.00015884138356568898
53073,5.3,48.0,4.5151222306167807e-05
53074,5.3,49.0,3.4947506651777664e-05
53075,5.3,50.0,2.7613112688487964e-05
53076,5.3,51.0,2.170472376831825e-05
53077,5.3,52.0,1.769077278678774e-05
53078,5.3,53.0,7.777135286510028e-05
53079,5.3,54.0,0.0009666181860750561
53080,5.3,55.0,0.0023565950005268077
53081,5.3,56.0,0.000962421673433659
53082,5.3,57.0,6.915151733760971e-05
53083,5.3,58.0,4.187329847844529e-06
53084,5.3,59.0,2.6106405371445606e-06
53085,5.3,60.0,1.9548384442196895e-06
53086,5.3,61.0,1.4567462674819778e-06
53087,5.3,62.0,1.0797995842500534e-06
53088,5.3,63.0,7.961382784282579e-07
53089,5.3,64.0,5.83875110241653e-07
53090,5.3,65.0,4.2592930999860974e-07
53091,5.3,66.0,3.090588602695286e-07
53092,5.3,67.0,2.2306476654814317e-07
53093,5.3,68.0,1.6014259627748338e-07
53094,5.3,69.0,1.1435860779724611e-07
53095,5.3,70.0,8.123009508413883e-08
53096,5.3,71.0,5.7391975124279424e-08
53097,5.3,72.0,4.033401802990177e-08
53098,5.3,73.0,2.8195377434655324e-08
53099,5.3,74.0,1.9605162421524455e-08
53100,5.4,-75.0,2.184371322257334e-10
53101,5.4,-74.0,3.3435396429312616e-10
53102,5.4,-73.0,5.090642455217533e-10
53103,5.4,-72.0,7.709475298949649e-10
53104,5.4,-71.0,1.1613500834365771e-09
53105,5.4,-70.0,1.7401536543442626e-09
53106,5.4,-69.0,2.593571043999335e-09
53107,5.4,-68.0,3.844986407368344e-09
53108,5.4,-67.0,5.669928451064199e-09
53109,5.4,-66.0,8.316612352201135e-09
53110,5.4,-65.0,1.2133929054014942e-08
53111,5.4,-64.0,1.7609318864706867e-08
53112,5.4,-63.0,2.5419662517768943e-08
53113,5.4,-62.0,3.649918131357916e-08
53114,5.4,-61.0,5.212938376850461e-08
53115,5.4,-60.0,7.405735393278942e-08
53116,5.4,-59.0,1.0465016829031414e-07
53117,5.4,-58.0,1.4709497086446695e-07
53118,5.4,-57.0,2.0565623820196848e-07
53119,5.4,-56.0,2.8600402286117985e-07
53120,5.4,-55.0,3.9562945359623e-07
53121,5.4,-54.0,5.443664466322875e-07
53122,5.4,-53.0,7.450413692481859e-07
53123,5.4,-52.0,1.0142751815960919e-06
53124,5.4,-51.0,1.3734652093875573e-06
53125,5.4,-50.0,1.8499759639689257e-06
53126,5.4,-49.0,2.4785700695888726e-06
53127,5.4,-48.0,3.3031115769312092e-06
53128,5.4,-47.0,4.3802242575194085e-06
53129,5.4,-46.0,6.664880127436962e-06
53130,5.4,-45.0,8.720635116133874e-05
53131,5.4,-44.0,0.00119028219856179
53132,5.4,-43.0,0.002996670174598082
53133,5.4,-42.0,0.0024899204503180563
53134,5.4,-41.0,0.0032796296452894877
53135,5.4,-40.0,0.001422708160744399
53136,5.4,-39.0,0.0016131774373782006
53137,5.4,-38.0,0.0037072244407672177
53138,5.4,-37.0,0.0015477153212207486
53139,5.4,-36.0,0.00029162436760487426
53140,5.4,-35.0,0.001900204939199571
53141,5.4,-34.0,0.004562379703520457
53142,5.4,-33.0,0.0020868518756328273
53143,5.4,-32.0,0.002393804120263403
53144,5.4,-31.0,0.0053861241598747904
53145,5.4,-30.0,0.00251493738166591
53146,5.4,-29.0,0.0028987124504272076
53147,5.4,-28.0,0.006418179510644709
53148,5.4,-27.0,0.002881779609185033
53149,5.4,-26.0,0.0008531398772147218
53150,5.4,-25.0,0.003650263177460127
53151,5.4,-24.0,0.008246318991474242
53152,5.4,-23.0,0.004110434785417272
53153,5.4,-22.0,0.004778424063376611
53154,5.4,-21.0,0.01006854582897849
53155,5.4,-20.0,0.00487686873845553
53156,5.4,-19.0,0.00192841274458119
53157,5.4,-18.0,0.006253588947371582
53158,5.4,-17.0,0.01332252090895804
53159,5.4,-16.0,0.007078809388327263
53160,5.4,-15.0,0.008261216561880037
53161,5.4,-14.0,0.016569511746796384
53162,5.4,-13.0,0.008492376951419661
53163,5.4,-12.0,0.003914970517979626
53164,5.4,-11.0,0.010929098455519126
53165,5.4,-10.0,0.022372931756513833
53166,5.4,-9.0,0.01221921056041261
53167,5.4,-8.0,0.014370667315486453
53168,5.4,-7.0,0.02824590051973089
53169,5.4,-6.0,0.014530288412715486
53170,5.4,-5.0,0.006720272876792213
53171,5.4,-4.0,0.019097538475870836
53172,5.4,-3.0,0.03931475357712198
53173,5.4,-2.0,0.019680007919738104
53174,5.4,-1.0,0.007132210085736991
53175,5.4,0.0,0.0006775539295336415
53176,5.4,1.0,0.00798736733359213
53177,5.4,2.0,0.032165182390546936
53178,5.4,3.0,0.06980613539440109
53179,5.4,4.0,0.03235260152401798
53180,5.4,5.0,0.010300007991230337
53181,5.4,6.0,0.030662165204454177
53182,5.4,7.0,0.06708873992817266
53183,5.4,8.0,0.03166103077737848
53184,5.4,9.0,0.02354637470756604
53185,5.4,10.0,0.045692809832134855
53186,5.4,11.0,0.021604533651242704
53187,5.4,12.0,0.006837088222477988
53188,5.4,13.0,0.015736254968562628
53189,5.4,14.0,0.0314235296288544
53190,5.4,15.0,0.015873053105212663
53191,5.4,16.0,0.013332627828994234
53192,5.4,17.0,0.024653763129183704
53193,5.4,18.0,0.012117067618725257
53194,5.4,19.0,0.004413713189310683
53195,5.4,20.0,0.009405306451919223
53196,5.4,21.0,0.01821676456705059
53197,5.4,22.0,0.009253660395214471
53198,5.4,23.0,0.007927559178492853
53199,5.4,24.0,0.014641205871809625
53200,5.4,25.0,0.007068901512505963
53201,5.4,26.0,0.0024139175623159306
53202,5.4,27.0,0.005523478610685008
53203,5.4,28.0,0.011024083270335824
53204,5.4,29.0,0.005393317561863944
53205,5.4,30.0,0.004635272899839127
53206,5.4,31.0,0.0089719964648478
53207,5.4,32.0,0.004106869831645012
53208,5.4,33.0,0.0011308049175100786
53209,5.4,34.0,0.00322282417831739
53210,5.4,35.0,0.006896052468390988
53211,5.4,36.0,0.0031970182394504367
53212,5.4,37.0,0.00276116592776108
53213,5.4,38.0,0.005723204536319554
53214,5.4,39.0,0.0025980147719847
53215,5.4,40.0,0.002252396188967255
53216,5.4,41.0,0.004793644860289469
53217,5.4,42.0,0.0020324824752399524
53218,5.4,43.0,0.00035939492455516303
53219,5.4,44.0,0.0016363585654381129
53220,5.4,45.0,0.0038410805201023303
53221,5.4,46.0,0.0015985059358729174
53222,5.4,47.0,0.0001590015029328922
53223,5.4,48.0,4.5710201037931536e-05
53224,5.4,49.0,3.541501294325309e-05
53225,5.4,50.0,2.7997448113863494e-05
53226,5.4,51.0,2.2018524352956513e-05
53227,5.4,52.0,1.794137215025105e-05
53228,5.4,53.0,7.76271202053637e-05
53229,5.4,54.0,0.0009616091475461771
53230,5.4,55.0,0.0023440213265041756
53231,5.4,56.0,0.000957351658448609
53232,5.4,57.0,6.888324064130597e-05
53233,5.4,58.0,4.246642082216435e-06
53234,5.4,59.0,2.659667585615925e-06
53235,5.4,60.0,1.992635416890202e-06
53236,5.4,61.0,1.4857039543516116e-06
53237,5.4,62.0,1.1018511022370573e-06
53238,5.4,63.0,8.128298594676277e-07
53239,5.4,64.0,5.964341410013983e-07
53240,5.4,65.0,4.353228352035802e-07
53241,5.4,66.0,3.1604324348569756e-07
53242,5.4,67.0,2.2822734544845085e-07
53243,5.4,68.0,1.639362343971492e-07
53244,5.4,69.0,1.1713005275260202e-07
53245,5.4,70.0,8.324302045702805e-08
53246,5.4,71.0,5.88455232424234e-08
53247,5.4,72.0,4.1377584581787056e-08
53248,5.4,73.0,2.894029467525296e-08
53249,5.4,74.0,2.0133851919423856e-08
53250,5.5,-75.0,2.111072592326456e-10
53251,5.5,-74.0,3.2330659763528765e-10
53252,5.5,-73.0,4.9250662268503e-10
53253,5.5,-72.0,7.462694961754376e-10
53254,5.5,-71.0,1.124774374950255e-09
53255,5.5,-70.0,1.6862472137779556e-09
53256,5.5,-69.0,2.5145668459795165e-09
53257,5.5,-68.0,3.7298488639143425e-09
53258,5.5,-67.0,5.503074508562224e-09
53259,5.5,-66.0,8.07617390769635e-09
53260,5.5,-65.0,1.1789409238003854e-08
53261,5.5,-64.0,1.711845391999814e-08
53262,5.5,-63.0,2.472425129659313e-08
53263,5.5,-62.0,3.5519584735689185e-08
53264,5.5,-61.0,5.0757326037815945e-08
53265,5.5,-60.0,7.214657535323487e-08
53266,5.5,-59.0,1.0200438616068964e-07
53267,5.5,-58.0,1.434525009843377e-07
53268,5.5,-57.0,2.006705169195393e-07
53269,5.5,-56.0,2.7921915174223244e-07
53270,5.5,-55.0,3.8644977095269934e-07
53271,5.5,-54.0,5.320190198485487e-07
53272,5.5,-53.0,7.285302092766759e-07
53273,5.5,-52.0,9.923259193704305e-07
53274,5.5,-51.0,1.344458959696261e-06
53275,5.5,-50.0,1.8118711553781674e-06
53276,5.5,-49.0,2.428811162345516e-06
53277,5.5,-48.0,3.2385238523412998e-06
53278,5.5,-47.0,4.296901121270781e-06
53279,5.5,-46.0,6.561722679155112e-06
53280,5.5,-45.0,8.740069683105465e-05
53281,5.5,-44.0,0.0011950085209361146
53282,5.5,-43.0,0.003008827930127887
53283,5.5,-42.0,0.0024998095252179195
53284,5.5,-41.0,0.003292559454694001
53285,5.5,-40.0,0.001427956801923498
53286,5.5,-39.0,0.0016188988329982306
53287,5.5,-38.0,0.0037210340033978343
53288,5.5,-37.0,0.0015528382630624715
53289,5.5,-36.0,0.00029157084185096947
53290,5.5,-35.0,0.001905914977283627
53291,5.5,-34.0,0.004577763374491942
53292,5.5,-33.0,0.0020926256060212374
53293,5.5,-32.0,0.002400034431787988
53294,5.5,-31.0,0.005402589252603502
53295,5.5,-30.0,0.0025206584619712007
53296,5.5,-29.0,0.0029048595524336653
53297,5.5,-28.0,0.006435585075928783
53298,5.5,-27.0,0.002886652227288411
53299,5.5,-26.0,0.0008504892491363445
53300,5.5,-25.0,0.0036554693735658503
53301,5.5,-24.0,0.008264829053840586
53302,5.5,-23.0,0.004115502179100725
53303,5.5,-22.0,0.00478391029730554
53304,5.5,-21.0,0.010087910461880687
53305,5.5,-20.0,0.004881130518541508
53306,5.5,-19.0,0.0019237939602009802
53307,5.5,-18.0,0.006258506613662042
53308,5.5,-17.0,0.013343435595003861
53309,5.5,-16.0,0.007084765605653496
53310,5.5,-15.0,0.008267787641207303
53311,5.5,-14.0,0.016592055924101186
53312,5.5,-13.0,0.00849976294230486
53313,5.5,-12.0,0.00391395192309051
53314,5.5,-11.0,0.010937809362274706
53315,5.5,-10.0,0.022397415620280386
53316,5.5,-9.0,0.012232269987511857
53317,5.5,-8.0,0.014382699024038928
53318,5.5,-7.0,0.028268701092119864
53319,5.5,-6.0,0.014547798235432119
53320,5.5,-5.0,0.006735147455273166
53321,5.5,-4.0,0.01910716049680169
53322,5.5,-3.0,0.039315342912999686
53323,5.5,-2.0,0.019698445237932644
53324,5.5,-1.0,0.007163503033653132
53325,5.5,0.0,0.0006834957755454434
53326,5.5,1.0,0.008016260162634448
53327,5.5,2.0,0.03204694296837549
53328,5.5,3.0,0.06945571073186954
53329,5.5,4.0,0.03224313164375376
53330,5.5,5.0,0.010398993666175598
53331,5.5,6.0,0.030806953560205522
53332,5.5,7.0,0.06752819154412382
53333,5.5,8.0,0.03181480348226057
53334,5.5,9.0,0.02354278566520191
53335,5.5,10.0,0.045719243953548754
53336,5.5,11.0,0.021595010923474697
53337,5.5,12.0,0.006805309878928718
53338,5.5,13.0,0.01569667835964378
53339,5.5,14.0,0.03137237144553927
53340,5.5,15.0,0.015839520419938698
53341,5.5,16.0,0.013296546920629496
53342,5.5,17.0,0.024597096083449572
53343,5.5,18.0,0.012087737306468746
53344,5.5,19.0,0.004401492570167498
53345,5.5,20.0,0.009379827474860514
53346,5.5,21.0,0.0181672227277581
53347,5.5,22.0,0.009231046131604248
53348,5.5,23.0,0.007907414855060786
53349,5.5,24.0,0.014598767637477033
53350,5.5,25.0,0.007052440086206616
53351,5.5,26.0,0.00241326596587216
53352,5.5,27.0,0.005510546948344131
53353,5.5,28.0,0.01098962970043357
53354,5.5,29.0,0.0053803611627770585
53355,5.5,30.0,0.004623974984681707
53356,5.5,31.0,0.008942012167673595
53357,5.5,32.0,0.004096700855329502
53358,5.5,33.0,0.001132472850202113
53359,5.5,34.0,0.0032143895341636957
53360,5.5,35.0,0.006870457692636452
53361,5.5,36.0,0.0031875121960120633
53362,5.5,37.0,0.002752651241796083
53363,5.5,38.0,0.005700139456475901
53364,5.5,39.0,0.0025891911604087954
53365,5.5,40.0,0.002244430405712313
53366,5.5,41.0,0.004772765793226047
53367,5.5,42.0,0.0020247726941621806
53368,5.5,43.0,0.00035953565736053224
53369,5.5,44.0,0.0016296315904637264
53370,5.5,45.0,0.003822799272390082
53371,5.5,46.0,0.0015914785881934524
53372,5.5,47.0,0.00015914766467589752
53373,5.5,48.0,4.6267556215503054e-05
53374,5.5,49.0,3.5881817297106916e-05
53375,5.5,50.0,2.838163028660655e-05
53376,5.5,51.0,2.2332532527499188e-05
53377,5.5,52.0,1.8192323774203972e-05
53378,5.5,53.0,7.747657882335715e-05
53379,5.5,54.0,0.0009564991421372217
53380,5.5,55.0,0.002331198830055958
53381,5.5,56.0,0.0009521806450077296
53382,5.5,57.0,6.86086223666189e-05
53383,5.5,58.0,4.306335047403172e-06
53384,5.5,59.0,2.709090967453946e-06
53385,5.5,60.0,2.0307694700665587e-06
53386,5.5,61.0,1.5149435530311115e-06
53387,5.5,62.0,1.1241350048964557e-06
53388,5.5,63.0,8.297105257879083e-07
53389,5.5,64.0,6.091452122068428e-07
53390,5.5,65.0,4.448372814996093e-07
53391,5.5,66.0,3.231228185554073e-07
53392,5.5,67.0,2.3346414207912332e-07
53393,5.5,68.0,1.6778720974112822e-07
53394,5.5,69.0,1.1994540767460227e-07
53395,5.5,70.0,8.528929123118405e-08
53396,5.5,71.0,6.032418919465998e-08
53397,5.5,72.0,4.243992315421579e-08
53398,5.5,73.0,2.969913441007158e-08
53399,5.5,74.0,2.067279044773024e-08
53400,5.6,-75.0,2.039966021162365e-10
53401,5.6,-74.0,3.1258326465488865e-10
53402,5.6,-73.0,4.764250842590547e-10
53403,5.6,-72.0,7.222867101333603e-10
53404,5.6,-71.0,1.0892077845981124e-09
53405,5.6,-70.0,1.6337964848322675e-09
53406,5.6,-69.0,2.4376496474108193e-09
53407,5.6,-68.0,3.617684796118604e-09
53408,5.6,-67.0,5.340430559528062e-09
53409,5.6,-66.0,7.841658598820734e-09
53410,5.6,-65.0,1.145316982587729e-08
53411,5.6,-64.0,1.6639090494754757e-08
53412,5.6,-63.0,2.404471218589547e-08
53413,5.6,-62.0,3.4561748170024494e-08
53414,5.6,-61.0,4.9414902616028604e-08
53415,5.6,-60.0,7.027588385637573e-08
53416,5.6,-59.0,9.941246162024109e-08
53417,5.6,-58.0,1.3988188932763155e-07
53418,5.6,-57.0,1.9577999679266898e-07
53419,5.6,-56.0,2.7255950449584557e-07
53420,5.6,-55.0,3.774335993519065e-07
53421,5.6,-54.0,5.198835021668116e-07
53422,5.6,-53.0,7.122915780421636e-07
53423,5.6,-52.0,9.707243861573127e-07
53424,5.6,-51.0,1.3158927852855314e-06
53425,5.6,-50.0,1.7743186080471235e-06
53426,5.6,-49.0,2.3797392389666692e-06
53427,5.6,-48.0,3.1747828853216956e-06
53428,5.6,-47.0,4.21461154378338e-06
53429,5.6,-46.0,6.459763004390804e-06
53430,5.6,-45.0,8.759196445792563e-05
53431,5.6,-44.0,0.0011996688634546397
53432,5.6,-43.0,0.0030208164901768917
53433,5.6,-42.0,0.0025095585460343066
53434,5.6,-41.0,0.003305303767068274
53435,5.6,-40.0,0.0014331277602832738
53436,5.6,-39.0,0.0016245314151273383
53437,5.6,-38.0,0.003734633332632053
53438,5.6,-37.0,0.001557877635508065
53439,5.6,-36.0,0.00029150756281963425
53440,5.6,-35.0,0.0019115208750476102
53441,5.6,-34.0,0.004592886404467912
53442,5.6,-33.0,0.0020982850627686562
53443,5.6,-32.0,0.0024061314226747686
53444,5.6,-31.0,0.005418742849510947
53445,5.6,-30.0,0.0025262380616647697
53446,5.6,-29.0,0.002910840031760632
53447,5.6,-28.0,0.006452611405788977
53448,5.6,-27.0,0.002891354615093562
53449,5.6,-26.0,0.0008477859340786319
53450,5.6,-25.0,0.003660449322513648
53451,5.6,-24.0,0.0082828297560191
53452,5.6,-23.0,0.004120301981682135
53453,5.6,-22.0,0.004789079021293591
53454,5.6,-21.0,0.010106626925092278
53455,5.6,-20.0,0.004885045500164054
53456,5.6,-19.0,0.001918992620354052
53457,5.6,-18.0,0.006262964896767276
53458,5.6,-17.0,0.013363445854149556
53459,5.6,-16.0,0.007090174915249202
53460,5.6,-15.0,0.008273723754728183
53461,5.6,-14.0,0.016613445303397412
53462,5.6,-13.0,0.008506453498400046
53463,5.6,-12.0,0.003912490681109111
53464,5.6,-11.0,0.01094565320074023
53465,5.6,-10.0,0.02242034989420853
53466,5.6,-9.0,0.0122443428341444
53467,5.6,-8.0,0.014393646073357387
53468,5.6,-7.0,0.02828966540438576
53469,5.6,-6.0,0.014564179943225303
53470,5.6,-5.0,0.006749315400195863
53471,5.6,-4.0,0.019115637116217523
53472,5.6,-3.0,0.0393140540475292
53473,5.6,-2.0,0.019715710581056468
53474,5.6,-1.0,0.007194091172679347
53475,5.6,0.0,0.0006894360760657769
53476,5.6,1.0,0.00804492196971746
53477,5.6,2.0,0.031933255391723654
53478,5.6,3.0,0.06911729478872373
53479,5.6,4.0,0.03213832835417972
53480,5.6,5.0,0.010500242580300844
53481,5.6,6.0,0.030961209775631285
53482,5.6,7.0,0.06799168634087012
53483,5.6,8.0,0.031977881387250766
53484,5.6,9.0,0.023538374514050043
53485,5.6,10.0,0.04574304457611133
53486,5.6,11.0,0.021583935804185002
53487,5.6,12.0,0.006772598561875318
53488,5.6,13.0,0.01565510244606564
53489,5.6,14.0,0.03131747970125416
53490,5.6,15.0,0.015803937212652698
53491,5.6,16.0,0.013258597353638444
53492,5.6,17.0,0.024537180664819334
53493,5.6,18.0,0.012056675311366954
53494,5.6,19.0,0.004388475058098497
53495,5.6,20.0,0.009352929230332195
53496,5.6,21.0,0.018115164527534616
53497,5.6,22.0,0.009207055964460299
53498,5.6,23.0,0.007886072648660399
53499,5.6,24.0,0.014554297350815494
53500,5.6,25.0,0.007034922262836703
53501,5.6,26.0,0.0024121645468862325
53502,5.6,27.0,0.0054967898661955885
53503,5.6,28.0,0.010953672515801767
53504,5.6,29.0,0.00536662794380766
53505,5.6,30.0,0.004612012810626107
53506,5.6,31.0,0.008910832908864732
53507,5.6,32.0,0.004085959791831616
53508,5.6,33.0,0.0011339533307807733
53509,5.6,34.0,0.003205517453969634
53510,5.6,35.0,0.006843977466564411
53511,5.6,36.0,0.0031775874992145767
53512,5.6,37.0,0.0027437801348485615
53513,5.6,38.0,0.005676358201008545
53514,5.6,39.0,0.002580040464230309
53515,5.6,40.0,0.0022361851287382396
53516,5.6,41.0,0.004751299534346356
53517,5.6,42.0,0.0020168147321911988
53518,5.6,43.0,0.0003596339767630654
53519,5.6,44.0,0.0016227091848513224
53520,5.6,45.0,0.003804057080910117
53521,5.6,46.0,0.0015842612843119032
53522,5.6,47.0,0.00015927772615435798
53523,5.6,48.0,4.682244858075994e-05
53524,5.6,49.0,3.6347260312449205e-05
53525,5.6,50.0,2.876513677789651e-05
53526,5.6,51.0,2.2646337069823936e-05
53527,5.6,52.0,1.8443298499351474e-05
53528,5.6,53.0,7.731879725183265e-05
53529,5.6,54.0,0.0009512778802850021
53530,5.6,55.0,0.0023181025677308214
53531,5.6,56.0,0.0009468984238638704
53532,5.6,57.0,6.832689587160789e-05
53533,5.6,58.0,4.366337395270623e-06
53534,5.6,59.0,2.758863194613992e-06
53535,5.6,60.0,2.069205487319009e-06
53536,5.6,61.0,1.544439279150958e-06
53537,5.6,62.0,1.1466325021437355e-06
53538,5.6,63.0,8.467666894715778e-07
53539,5.6,64.0,6.219985752257684e-07
53540,5.6,65.0,4.5446571140013463e-07
53541,5.6,66.0,3.302926898006943e-07
53542,5.6,67.0,2.3877173160262783e-07
53543,5.6,68.0,1.7169314808076126e-07
53544,5.6,69.0,1.2280304226226126e-07
53545,5.6,70.0,8.73677991446111e-08
53546,5.6,71.0,6.182722763029605e-08
53547,5.6,72.0,4.352053822032922e-08
53548,5.6,73.0,3.047157131731546e-08
53549,5.6,74.0,2.1221767376476345e-08
53550,5.7,-75.0,1.9710034741121358e-10
53551,5.7,-74.0,3.0217711329607613e-10
53552,5.7,-73.0,4.6080995644021904e-10
53553,5.7,-72.0,6.989856306423945e-10
53554,5.7,-71.0,1.0546315262134981e-09
53555,5.7,-70.0,1.582775647094933e-09
53556,5.7,-69.0,2.362784307718867e-09
53557,5.7,-68.0,3.508446877195545e-09
53558,5.7,-67.0,5.1819335768419505e-09
53559,5.7,-66.0,7.612983505969564e-09
53560,5.7,-65.0,1.1125103178550954e-08
53561,5.7,-64.0,1.6171090937716416e-08
53562,5.7,-63.0,2.338087213591879e-08
53563,5.7,-62.0,3.3625458372761127e-08
53564,5.7,-61.0,4.8101857009034235e-08
53565,5.7,-60.0,6.844498020065374e-08
53566,5.7,-59.0,9.687405950910255e-08
53567,5.7,-58.0,1.3638278204942698e-07
53568,5.7,-57.0,1.909843387856059e-07
53569,5.7,-56.0,2.6602481488113284e-07
53570,5.7,-55.0,3.685808391711211e-07
53571,5.7,-54.0,5.079601056152588e-07
53572,5.7,-53.0,6.96326215960293e-07
53573,5.7,-52.0,9.49472166114089e-07
53574,5.7,-51.0,1.2877695628633696e-06
53575,5.7,-50.0,1.7373231179634254e-06
53576,5.7,-49.0,2.3313618753485122e-06
53577,5.7,-48.0,3.111900195729424e-06
53578,5.7,-47.0,4.133372546370117e-06
53579,5.7,-46.0,6.359028276442883e-06
53580,5.7,-45.0,8.778042247875953e-05
53581,5.7,-44.0,0.0012042667383045933
53582,5.7,-43.0,0.003032644678234849
53583,5.7,-42.0,0.0025191748790287954
53584,5.7,-41.0,0.0033178723095928127
53585,5.7,-40.0,0.00143822531201838
53586,5.7,-39.0,0.0016300800811727015
53587,5.7,-38.0,0.0037480335864190947
53588,5.7,-37.0,0.0015628382201773195
53589,5.7,-36.0,0.000291435634355631
53590,5.7,-35.0,0.0019170286411841991
53591,5.7,-34.0,0.004607762887860468
53592,5.7,-33.0,0.002103836986658671
53593,5.7,-32.0,0.0024121029215109393
53594,5.7,-31.0,0.005434602003544651
53595,5.7,-30.0,0.002531684649082361
53596,5.7,-29.0,0.002916663758474848
53597,5.7,-28.0,0.0064692793828405384
53598,5.7,-27.0,0.0028958969649764193
53599,5.7,-26.0,0.0008450340922642872
53600,5.7,-25.0,0.0036652161740695997
53601,5.7,-24.0,0.00830034889944992
53602,5.7,-23.0,0.004124849272477835
53603,5.7,-22.0,0.004793947801020708
53604,5.7,-21.0,0.010124729900907932
53605,5.7,-20.0,0.004888632030135047
53606,5.7,-19.0,0.0019140178630298143
53607,5.7,-18.0,0.006266987211554151
53608,5.7,-17.0,0.013382598326569236
53609,5.7,-16.0,0.007095063634488188
53610,5.7,-15.0,0.008279055356339684
53611,5.7,-14.0,0.01663373793911478
53612,5.7,-13.0,0.00851247958720011
53613,5.7,-12.0,0.003910602218502573
53614,5.7,-11.0,0.010952668822471198
53615,5.7,-10.0,0.022441811812807484
53616,5.7,-9.0,0.012255471132774035
53617,5.7,-8.0,0.014403557059510701
53618,5.7,-7.0,0.028308888426552298
53619,5.7,-6.0,0.014579480662443902
53620,5.7,-5.0,0.0067627957851910895
53621,5.7,-4.0,0.01912302495214587
53622,5.7,-3.0,0.03931100582551925
53623,5.7,-2.0,0.019731859688465844
53624,5.7,-1.0,0.0072239894412451655
53625,5.7,0.0,0.000695376490900138
53626,5.7,1.0,0.008073341848011378
53627,5.7,2.0,0.03182382089102156
53628,5.7,3.0,0.06879013976739949
53629,5.7,4.0,0.03203789404810548
53630,5.7,5.0,0.010603965807508067
53631,5.7,6.0,0.031125983051519535
53632,5.7,7.0,0.06848187919928277
53633,5.7,8.0,0.03215129979865608
53634,5.7,9.0,0.023532963461154972
53635,5.7,10.0,0.04576367263069628
53636,5.7,11.0,0.021571055969752513
53637,5.7,12.0,0.006738876369952053
53638,5.7,13.0,0.015611321195257688
53639,5.7,14.0,0.03125842767820111
53640,5.7,15.0,0.01576609181376178
53641,5.7,16.0,0.013218601936832197
53642,5.7,17.0,0.024473681431601724
53643,5.7,18.0,0.012023718116781072
53644,5.7,19.0,0.004374602426153661
53645,5.7,20.0,0.009324484740670115
53646,5.7,21.0,0.018060342430808392
53647,5.7,22.0,0.009181563089695205
53648,5.7,23.0,0.007863423886433053
53649,5.7,24.0,0.014507596076421622
53650,5.7,25.0,0.007016249970728575
53651,5.7,26.0,0.002410577262296944
53652,5.7,27.0,0.005482130331687287
53653,5.7,28.0,0.010916062248838116
53654,5.7,29.0,0.005352042646668789
53655,5.7,30.0,0.004599321624414836
53656,5.7,31.0,0.008878337652879247
53657,5.7,32.0,0.004074589258453845
53658,5.7,33.0,0.0011352280630634538
53659,5.7,34.0,0.0031961630217780105
53660,5.7,35.0,0.0068165198534307705
53661,5.7,36.0,0.0031672002061938465
53662,5.7,37.0,0.0027345147752498044
53663,5.7,38.0,0.005651785355908203
53664,5.7,39.0,0.0025705275403500026
53665,5.7,40.0,0.0022276300365228277
53666,5.7,41.0,0.004729183707941412
53667,5.7,42.0,0.0020085815282837732
53668,5.7,43.0,0.00035968429068091096
53669,5.7,44.0,0.001615569826588228
53670,5.7,45.0,0.003784804753950699
53671,5.7,46.0,0.0015768332565806677
53672,5.7,47.0,0.00015938919223687696
53673,5.7,48.0,4.737390499441519e-05
53674,5.7,49.0,3.6810576292093366e-05
53675,5.7,50.0,2.914735987646027e-05
53676,5.7,51.0,2.2959458705232206e-05
53677,5.7,52.0,1.8693911856825425e-05
53678,5.7,53.0,7.715268456010937e-05
53679,5.7,54.0,0.0009459333084180645
53680,5.7,55.0,0.0023047033200847456
53681,5.7,56.0,0.0009414930349469706
53682,5.7,57.0,6.8037162028948e-05
53683,5.7,58.0,4.426564465781556e-06
53684,5.7,59.0,2.808927614467732e-06
53685,5.7,60.0,2.1079013980450545e-06
53686,5.7,61.0,1.574160099604549e-06
53687,5.7,62.0,1.1693208645782934e-06
53688,5.7,63.0,8.639818226612803e-07
53689,5.7,64.0,6.349822996879389e-07
53690,5.7,65.0,4.641995774842219e-07
53691,5.7,66.0,3.3754678027141415e-07
53692,5.7,67.0,2.4414582734918253e-07
53693,5.7,68.0,1.75651049984328e-07
53694,5.7,69.0,1.257008752530024e-07
53695,5.7,70.0,8.947711251112808e-08
53696,5.7,71.0,6.335366256951394e-08
53697,5.7,72.0,4.461877073789794e-08
53698,5.7,73.0,3.125716480960517e-08
53699,5.7,74.0,2.1780491290640544e-08
53700,5.8,-75.0,1.9041360109064154e-10
53701,5.8,-74.0,2.920811527613651e-10
53702,5.8,-73.0,4.4565133229241163e-10
53703,5.8,-72.0,6.763523326916852e-10
53704,5.8,-71.0,1.0210261923259917e-09
53705,5.8,-70.0,1.5331578896572863e-09
53706,5.8,-69.0,2.289934128402822e-09
53707,5.8,-68.0,3.402085359770803e-09
53708,5.8,-67.0,5.027516814666319e-09
53709,5.8,-66.0,7.390060056310396e-09
53710,5.8,-65.0,1.0805093147516354e-08
53711,5.8,-64.0,1.5714304908680206e-08
53712,5.8,-63.0,2.2732539344548953e-08
53713,5.8,-62.0,3.271047462456855e-08
53714,5.8,-61.0,4.68178927994925e-08
53715,5.8,-60.0,6.665350759949922e-08
53716,5.8,-59.0,9.438876236962813e-08
53717,5.8,-58.0,1.3295470850267683e-07
53718,5.8,-57.0,1.8628303932360487e-07
53719,5.8,-56.0,2.5961458656238863e-07
53720,5.8,-55.0,3.5989107132367696e-07
53721,5.8,-54.0,4.962486018044341e-07
53722,5.8,-53.0,6.806342604971404e-07
53723,5.8,-52.0,9.285700235908477e-07
53724,5.8,-51.0,1.260091062019017e-06
53725,5.8,-50.0,1.7008879959922384e-06
53726,5.8,-49.0,2.283684668381353e-06
53727,5.8,-48.0,3.0498846835654384e-06
53728,5.8,-47.0,4.053197703985722e-06
53729,5.8,-46.0,6.259540822050428e-06
53730,5.8,-45.0,8.796630277464412e-05
53731,5.8,-44.0,0.0012088051949232187
53732,5.8,-43.0,0.0030443201573323417
53733,5.8,-42.0,0.0025286649231279533
53734,5.8,-41.0,0.0033302735343811287
53735,5.8,-40.0,0.0014432531740530717
53736,5.8,-39.0,0.0016355490915198993
53737,5.8,-38.0,0.0037612444704560166
53738,5.8,-37.0,0.0015677241815335813
53739,5.8,-36.0,0.00029135602704771535
53740,5.8,-35.0,0.0019224435192242415
53741,5.8,-34.0,0.0046224051101964245
53742,5.8,-33.0,0.002109287270933056
53743,5.8,-32.0,0.002417955780327264
53744,5.8,-31.0,0.005450181610371052
53745,5.8,-30.0,0.0025370056555699344
53746,5.8,-29.0,0.0029223394031432297
53747,5.8,-28.0,0.006485607292554787
53748,5.8,-27.0,0.0029002882617734545
53749,5.8,-26.0,0.0008422374701675425
53750,5.8,-25.0,0.003669781541322879
53751,5.8,-24.0,0.008317410908156131
53752,5.8,-23.0,0.004129157396512273
53753,5.8,-22.0,0.004798532184961046
53754,5.8,-21.0,0.010142249919742344
53755,5.8,-20.0,0.004891906390796533
53756,5.8,-19.0,0.001908877947202372
53757,5.8,-18.0,0.006270594329622011
53758,5.8,-17.0,0.013400934126941485
53759,5.8,-16.0,0.007099455109932655
53760,5.8,-15.0,0.008283809430545207
53761,5.8,-14.0,0.016652984994302827
53762,5.8,-13.0,0.008517868642329656
53763,5.8,-12.0,0.003908300338468059
53764,5.8,-11.0,0.010958890523308059
53765,5.8,-10.0,0.02246186926222352
53766,5.8,-9.0,0.012265691878654618
53767,5.8,-8.0,0.014412474608057701
53768,5.8,-7.0,0.02832645325317545
53769,5.8,-6.0,0.014593741566865569
53770,5.8,-5.0,0.00677560511743522
53771,5.8,-4.0,0.019129372744116423
53772,5.8,-3.0,0.0393063005197749
53773,5.8,-2.0,0.01974694026867109
53774,5.8,-1.0,0.007253210213190812
53775,5.8,0.0,0.0007013184474028704
53776,5.8,1.0,0.008101508437708153
53777,5.8,2.0,0.03171836361595976
53778,5.8,3.0,0.06847355730505938
53779,5.8,4.0,0.03194155444088984
53780,5.8,5.0,0.010710412531179223
53781,5.8,6.0,0.03130252353428534
53782,5.8,7.0,0.06900193488085139
53783,5.8,8.0,0.03233629190783259
53784,5.8,9.0,0.023526333953715502
53785,5.8,10.0,0.04578047064260232
53786,5.8,11.0,0.021556064252607025
53787,5.8,12.0,0.006704049591563235
53788,5.8,13.0,0.015565089279821325
53789,5.8,14.0,0.03119470805975781
53790,5.8,15.0,0.015725732516606118
53791,5.8,16.0,0.013176350446459246
53792,5.8,17.0,0.024406200925104437
53793,5.8,18.0,0.01198867197714068
53794,5.8,19.0,0.004359805725209662
53795,5.8,20.0,0.009294343817903568
53796,5.8,21.0,0.018002463693346484
53797,5.8,22.0,0.00915441767285557
53798,5.8,23.0,0.007839340239344081
53799,5.8,24.0,0.01445842873221229
53800,5.8,25.0,0.006996307491230869
53801,5.8,26.0,0.002408461797396134
53802,5.8,27.0,0.005466477526811193
53803,5.8,28.0,0.010876622357592448
53804,5.8,29.0,0.005336516540022773
53805,5.8,30.0,0.00458582510037619
53806,5.8,31.0,0.00884438343161297
53807,5.8,32.0,0.0040625216098273504
53808,5.8,33.0,0.001136275642588909
53809,5.8,34.0,0.003186273285897318
53810,5.8,35.0,0.006787976199114863
53811,5.8,36.0,0.0031562984648826984
53812,5.8,37.0,0.0027248105157418735
53813,5.8,38.0,0.005626331740211681
53814,5.8,39.0,0.0025606108805595195
53815,5.8,40.0,0.002218729306838582
53816,5.8,41.0,0.004706344503647599
53817,5.8,42.0,0.0020000410901816626
53818,5.8,43.0,0.0003596800253540186
53819,5.8,44.0,0.0016081880555779019
53820,5.8,45.0,0.0037649840372371043
53821,5.8,46.0,0.0015691699219819587
53822,5.8,47.0,0.0001594791243217233
53823,5.8,48.0,4.792078531144263e-05
53824,5.8,49.0,3.727086702838908e-05
53825,5.8,50.0,2.952758559447954e-05
53826,5.8,51.0,2.32713333806607e-05
53827,5.8,52.0,1.8943710464564666e-05
53828,5.8,53.0,7.697694864753832e-05
53829,5.8,54.0,0.0009404511377951261
53830,5.8,55.0,0.002290966448336533
53831,5.8,56.0,0.0009359502994378382
53832,5.8,57.0,6.773835414235784e-05
53833,5.8,58.0,4.486915001873187e-06
53834,5.8,59.0,2.8592161682678575e-06
53835,5.8,60.0,2.1468064757305932e-06
53836,5.8,61.0,1.604068447116384e-06
53837,5.8,62.0,1.1921724576841497e-06
53838,5.8,63.0,8.813357357795289e-07
53839,5.8,64.0,6.48081736945228e-07
53840,5.8,65.0,4.7402832568356546e-07
53841,5.8,66.0,3.44877539984503e-07
53842,5.8,67.0,2.4958106738860214e-07
53843,5.8,68.0,1.7965713552490443e-07
53844,5.8,69.0,1.2863626203499772e-07
53845,5.8,70.0,9.161539531868177e-08
53846,5.8,71.0,6.490222947855665e-08
53847,5.8,72.0,4.573375689796449e-08
53848,5.8,73.0,3.205532981421208e-08
53849,5.8,74.0,2.2348569403845062e-08
53850,5.9,-75.0,1.839314140566206e-10
53851,5.9,-74.0,2.82288292283631e-10
53852,5.9,-73.0,4.3093913034304557e-10
53853,5.9,-72.0,6.543725953793955e-10
53854,5.9,-71.0,9.883718854670839e-10
53855,5.9,-70.0,1.4849156058222666e-09
53856,5.9,-69.0,2.219061139959136e-09
53857,5.9,-68.0,3.2985484960709313e-09
53858,5.9,-67.0,4.877110419998857e-09
53859,5.9,-66.0,7.17279490837836e-09
53860,5.9,-65.0,1.0493016346550122e-08
53861,5.9,-64.0,1.5268571195583777e-08
53862,5.9,-63.0,2.2099505837880012e-08
53863,5.9,-62.0,3.1816532373261125e-08
53864,5.9,-61.0,4.556267875765699e-08
53865,5.9,-60.0,6.490105884893637e-08
53866,5.9,-59.0,9.195608032698625e-08
53867,5.9,-58.0,1.2959709485315751e-07
53868,5.9,-57.0,1.8167544894167567e-07
53869,5.9,-56.0,2.5332811850069484e-07
53870,5.9,-55.0,3.5136359162610287e-07
53871,5.9,-54.0,4.847483681669549e-07
53872,5.9,-53.0,6.652153080151116e-07
53873,5.9,-52.0,9.080179853614925e-07
53874,5.9,-51.0,1.2328580539143222e-06
53875,5.9,-50.0,1.665015210697504e-06
53876,5.9,-49.0,2.2367114225162952e-06
53877,5.9,-48.0,2.988742871257671e-06
53878,5.9,-47.0,3.9740974580450245e-06
53879,5.9,-46.0,6.1613185337319745e-06
53880,5.9,-45.0,8.814980215355183e-05
53881,5.9,-44.0,0.0012132868350320835
53882,5.9,-43.0,0.0030558494672392853
53883,5.9,-42.0,0.0025380341412952036
53884,5.9,-41.0,0.0033425146599661117
53885,5.9,-40.0,0.0014482145228828006
53886,5.9,-39.0,0.0016409420913508273
53887,5.9,-38.0,0.0037742742867409424
53888,5.9,-37.0,0.0015725390886207897
53889,5.9,-36.0,0.00029126958462468886
53890,5.9,-35.0,0.0019277700153643338
53891,5.9,-34.0,0.004636823611127599
53892,5.9,-33.0,0.0021146409928547998
53893,5.9,-32.0,0.0024236959115350406
53894,5.9,-31.0,0.005465494486105863
53895,5.9,-30.0,0.002542207515894171
53896,5.9,-29.0,0.0029278744842097994
53897,5.9,-28.0,0.006501610920130808
53898,5.9,-27.0,0.0029045363322041436
53899,5.9,-26.0,0.0008393994233102727
53900,5.9,-25.0,0.0036741555649203593
53901,5.9,-24.0,0.008334036960347777
53902,5.9,-23.0,0.004133238038017282
53903,5.9,-22.0,0.004802845790495917
53904,5.9,-21.0,0.010159213526630847
53905,5.9,-20.0,0.0048948828898766885
53906,5.9,-19.0,0.0019035802995732958
53907,5.9,-18.0,0.00627380449535978
53908,5.9,-17.0,0.013418489073185007
53909,5.9,-16.0,0.0071033698471934595
53910,5.9,-15.0,0.008288009645087569
53911,5.9,-14.0,0.0166712310317492
53912,5.9,-13.0,0.008522644718082546
53913,5.9,-12.0,0.003905597297573785
53914,5.9,-11.0,0.010964348245258944
53915,5.9,-10.0,0.022480581186860905
53916,5.9,-9.0,0.012275037248748495
53917,5.9,-8.0,0.01442043564057501
53918,5.9,-7.0,0.028342431637165398
53919,5.9,-6.0,0.014606998136109672
53920,5.9,-5.0,0.006787757438718826
53921,5.9,-4.0,0.01913472172304979
53922,5.9,-3.0,0.03930002464077922
53923,5.9,-2.0,0.019760992364456637
53924,5.9,-1.0,0.007281763376398142
53925,5.9,0.0,0.0007072631431520846
53926,5.9,1.0,0.008129409716771403
53927,5.9,2.0,0.0316166268994372
53928,5.9,3.0,0.06816690923401032
53929,5.9,4.0,0.03184905494561988
53930,5.9,5.0,0.010819880692908231
53931,5.9,6.0,0.03149234074054986
53932,5.9,7.0,0.0695556764101
53933,5.9,8.0,0.0325343463241131
53934,5.9,9.0,0.023518214387032794
53935,5.9,10.0,0.045792627284888344
53936,5.9,11.0,0.02153858225535919
53937,5.9,12.0,0.006668004049171452
53938,5.9,13.0,0.015516110732447009
53939,5.9,14.0,0.031125709749903106
53940,5.9,15.0,0.015682556032384092
53941,5.9,16.0,0.013131590096146738
53942,5.9,17.0,0.024334261836776738
53943,5.9,18.0,0.01195130420554024
53944,5.9,19.0,0.004344002170188373
53945,5.9,20.0,0.009262326365517918
53946,5.9,21.0,0.017941177346618112
53947,5.9,22.0,0.009125440213884143
53948,5.9,23.0,0.007813668055895555
53949,5.9,24.0,0.014406513677989518
53950,5.9,25.0,0.0069749563788445955
53951,5.9,26.0,0.0024057677648953927
53952,5.9,27.0,0.005449722880923161
53953,5.9,28.0,0.010835141425739528
53954,5.9,29.0,0.005319943545719582
53955,5.9,30.0,0.004571432013535766
53956,5.9,31.0,0.008808799024351305
53957,5.9,32.0,0.004049675989710363
53958,5.9,33.0,0.0011370706751155837
53959,5.9,34.0,0.003175784950928535
53960,5.9,35.0,0.0067582163114977
53961,5.9,36.0,0.0031448202407113077
53962,5.9,37.0,0.00271461393429435
53963,5.9,38.0,0.005599890432607356
53964,5.9,39.0,0.0025502407801869403
53965,5.9,40.0,0.002209440033602582
53966,5.9,41.0,0.004682693372458397
53967,5.9,42.0,0.0019911550738405267
53968,5.9,43.0,0.00035961334813391894
53969,5.9,44.0,0.0016005333379062736
53970,5.9,45.0,0.003744524991040751
53971,5.9,46.0,0.0015612417802269615
53972,5.9,47.0,0.0001595440156361625
53973,5.9,48.0,4.8461737214735895e-05
53974,5.9,49.0,3.7727066078972934e-05
53975,5.9,50.0,2.9904965068306384e-05
53976,5.9,51.0,2.358128948878222e-05
53977,5.9,52.0,1.9192153504871705e-05
53978,5.9,53.0,7.67900390042315e-05
53979,5.9,54.0,0.0009348141961489777
53980,5.9,55.0,0.0022768503208185345
53981,5.9,56.0,0.0009302531758177625
53982,5.9,57.0,6.742918972697607e-05
53983,5.9,58.0,4.547266681711428e-06
53984,5.9,59.0,2.9096463481802745e-06
53985,5.9,60.0,2.1858590286418635e-06
53986,5.9,61.0,1.6341184765117649e-06
53987,5.9,62.0,1.2151534321619045e-06
53988,5.9,63.0,8.988035991061336e-07
53989,5.9,64.0,6.612787930053326e-07
53990,5.9,65.0,4.839388578762025e-07
53991,5.9,66.0,3.5227555081992136e-07
53992,5.9,67.0,2.5507072559596873e-07
53993,5.9,68.0,1.837066341133628e-07
53994,5.9,69.0,1.3160584259018387e-07
53995,5.9,70.0,9.378029780259965e-08
53996,5.9,71.0,6.647129694216219e-08
53997,5.9,72.0,4.686437235768591e-08
53998,5.9,73.0,3.286529728063478e-08
53999,5.9,74.0,2.292547974078566e-08
54000,6.0,-75.0,1.712492032446585e-10
54001,6.0,-74.0,2.629643683167163e-10
54002,6.0,-73.0,4.016533182501187e-10
54003,6.0,-72.0,6.102277042689968e-10
54004,6.0,-71.0,9.221861385515824e-10
54005,6.0,-70.0,1.3862174688712954e-09
54006,6.0,-69.0,2.072670438090092e-09
54007,6.0,-68.0,3.0825863270291926e-09
54008,6.0,-67.0,4.560225844182989e-09
54009,6.0,-66.0,6.710325163758477e-09
54010,6.0,-65.0,9.821705105273384e-09
54011,6.0,-64.0,1.4299351044236432e-08
54012,6.0,-63.0,2.0707700763482745e-08
54013,6.0,-62.0,2.982864674416007e-08
54014,6.0,-61.0,4.273870345744662e-08
54015,6.0,-60.0,6.091093452036893e-08
54016,6.0,-59.0,8.6348603329903e-08
54017,6.0,-58.0,1.2175912467821004e-07
54018,6.0,-57.0,1.7077876805592715e-07
54019,6.0,-56.0,2.3826069973601735e-07
54020,6.0,-55.0,3.3064133921240774e-07
54021,6.0,-54.0,4.564026146563866e-07
54022,6.0,-53.0,6.266504737054936e-07
54023,6.0,-52.0,8.558328488892122e-07
54024,6.0,-51.0,1.1626230601746397e-06
54025,6.0,-50.0,1.5709971830681645e-06
54026,6.0,-49.0,2.1115359905166566e-06
54027,6.0,-48.0,2.8229839093523635e-06
54028,6.0,-47.0,3.755727458885556e-06
54029,6.0,-46.0,5.8459128476978754e-06
54030,6.0,-45.0,8.514905424359096e-05
54031,6.0,-44.0,0.0011738470343731018
54032,6.0,-43.0,0.0029567442042969486
54033,6.0,-42.0,0.0024555238928842655
54034,6.0,-41.0,0.0032337558978059065
54035,6.0,-40.0,0.0014007652608806877
54036,6.0,-39.0,0.0015869573605704092
54037,6.0,-38.0,0.003650702814727757
54038,6.0,-37.0,0.0015204659559919036
54039,6.0,-36.0,0.00028068769983238774
54040,6.0,-35.0,0.001863377310222817
54041,6.0,-34.0,0.004483479136733083
54042,6.0,-33.0,0.0020435353049630483
54043,6.0,-32.0,0.0023418144595338058
54044,6.0,-31.0,0.0052831206427311804
54045,6.0,-30.0,0.002455532198747474
54046,6.0,-29.0,0.002827607413499666
54047,6.0,-28.0,0.006282524993788669
54048,6.0,-27.0,0.0028038670715121116
54049,6.0,-26.0,0.0008063881251144626
54050,6.0,-25.0,0.0035458385964613082
54051,6.0,-24.0,0.00804943677742884
54052,6.0,-23.0,0.0039880667962965185
54053,6.0,-22.0,0.004633737120875078
54054,6.0,-21.0,0.009809077149584313
54055,6.0,-20.0,0.0047211442664640705
54056,6.0,-19.0,0.0018297534710748952
54057,6.0,-18.0,0.006050524761846353
54058,6.0,-17.0,0.012951302314725766
54059,6.0,-16.0,0.006850810108817573
54060,6.0,-15.0,0.007992978029905288
54061,6.0,-14.0,0.016087329038690264
54062,6.0,-13.0,0.008219659074852845
54063,6.0,-12.0,0.0037619204973480054
54064,6.0,-11.0,0.010573919245870448
54065,6.0,-10.0,0.021687532505416683
54066,6.0,-9.0,0.011841034067470073
54067,6.0,-8.0,0.013907737934923744
54068,6.0,-7.0,0.027335359125157714
54069,6.0,-6.0,0.014092637009677576
54070,6.0,-5.0,0.006554328448990026
54071,6.0,-4.0,0.018449640857354732
54072,6.0,-3.0,0.037876789904393755
54073,6.0,-2.0,0.019061710485313226
54074,6.0,-1.0,0.007046334128835978
54075,6.0,0.0,0.0006875188919032281
54076,6.0,1.0,0.007863184756106076
54077,6.0,2.0,0.030382955766741056
54078,6.0,3.0,0.0654246727083883
54079,6.0,4.0,0.03061603321285936
54080,6.0,5.0,0.010538892481251746
54081,6.0,6.0,0.03602387938050452
54082,6.0,7.0,0.07219774365580832
54083,6.0,8.0,0.03370427169891172
54084,6.0,9.0,0.02419525153577538
54085,6.0,10.0,0.0471375285536247
54086,6.0,11.0,0.02214696799573229
54087,6.0,12.0,0.0068243664315675604
54088,6.0,13.0,0.01591593259504991
54089,6.0,14.0,0.031958088423523046
54090,6.0,15.0,0.016093132183693376
54091,6.0,16.0,0.013466369991571043
54092,6.0,17.0,0.024966159478164104
54093,6.0,18.0,0.012259419178546855
54094,6.0,19.0,0.004453542578208724
54095,6.0,20.0,0.009497891683134543
54096,6.0,21.0,0.018398453026009978
54097,6.0,22.0,0.009360180844300566
54098,6.0,23.0,0.008013759354512198
54099,6.0,24.0,0.014770906327413994
54100,6.0,25.0,0.007155189443939913
54101,6.0,26.0,0.002472641199404624
54102,6.0,27.0,0.005590467633540851
54103,6.0,28.0,0.011106721277361592
54104,6.0,29.0,0.0054571423572732335
54105,6.0,30.0,0.004689173784004718
54106,6.0,31.0,0.009027704517153682
54107,6.0,32.0,0.004153898037113822
54108,6.0,33.0,0.0011708264411613798
54109,6.0,34.0,0.0032571017672723052
54110,6.0,35.0,0.006923669124332641
54111,6.0,36.0,0.0032242376253601513
54112,6.0,37.0,0.002782875760714086
54113,6.0,38.0,0.005735173020090883
54114,6.0,39.0,0.002613565116395941
54115,6.0,40.0,0.0022639927590068034
54116,6.0,41.0,0.004794248029380818
54117,6.0,42.0,0.002039793741248887
54118,6.0,43.0,0.00036997981339609716
54119,6.0,44.0,0.0016391085550466055
54120,6.0,45.0,0.003832150603054535
54121,6.0,46.0,0.0015983970054953443
54122,6.0,47.0,0.00016424305740754883
54123,6.0,48.0,5.042693205092824e-05
54124,6.0,49.0,3.929357236481615e-05
54125,6.0,50.0,3.1163311254363917e-05
54126,6.0,51.0,2.4586617098421975e-05
54127,6.0,52.0,2.0006646324877463e-05
54128,6.0,53.0,7.882827989302945e-05
54129,6.0,54.0,0.0009561499937829952
54130,6.0,55.0,0.0023284160617122137
54131,6.0,56.0,0.000951394301181016
54132,6.0,57.0,6.9069222114734e-05
54133,6.0,58.0,4.742115316583465e-06
54134,6.0,59.0,3.046621317384199e-06
54135,6.0,60.0,2.290004514986754e-06
54136,6.0,61.0,1.712888605668089e-06
54137,6.0,62.0,1.2744068203923317e-06
54138,6.0,63.0,9.431334783298878e-07
54139,6.0,64.0,6.942635152474344e-07
54140,6.0,65.0,5.083486003274483e-07
54141,6.0,66.0,3.702414420643372e-07
54142,6.0,67.0,2.6822208431589664e-07
54143,6.0,68.0,1.9328143651921276e-07
54144,6.0,69.0,1.3853894113671913e-07
54145,6.0,70.0,9.877332887967117e-08
54146,6.0,71.0,7.004765887752805e-08
54147,6.0,72.0,4.941214039180172e-08
54148,6.0,73.0,3.4670476933951185e-08
54149,6.0,74.0,2.4197587707840804e-08
54150,6.1,-75.0,1.5802030327375247e-10
54151,6.1,-74.0,2.4277984297136115e-10
54152,6.1,-73.0,3.710209807447359e-10
54153,6.1,-72.0,5.639887222643999e-10
54154,6.1,-71.0,8.52763254357226e-10
54155,6.1,-70.0,1.282545097424248e-09
54156,6.1,-69.0,1.918681640264155e-09
54157,6.1,-68.0,2.8550867165557603e-09
54158,6.1,-67.0,4.2259251088833674e-09
54159,6.1,-66.0,6.221719093310669e-09
54160,6.1,-65.0,9.111399997477453e-09
54161,6.1,-64.0,1.3272292346516016e-08
54162,6.1,-63.0,1.9230602019466972e-08
54163,6.1,-62.0,2.771570553439031e-08
54164,6.1,-61.0,3.9732429208722685e-08
54165,6.1,-60.0,5.6656589065917494e-08
54166,6.1,-59.0,8.036035851240775e-08
54167,6.1,-58.0,1.1337556138052479e-07
54168,6.1,-57.0,1.5910476736172372e-07
54169,6.1,-56.0,2.2209210004644742e-07
54170,6.1,-55.0,3.083679457263653e-07
54171,6.1,-54.0,4.2588424568540153e-07
54172,6.1,-53.0,5.850597128247467e-07
54173,6.1,-52.0,7.994570507317765e-07
54174,6.1,-51.0,1.0866169474884012e-06
54175,6.1,-50.0,1.4690761013951951e-06
54176,6.1,-49.0,1.975598595953496e-06
54177,6.1,-48.0,2.6426517908951312e-06
54178,6.1,-47.0,3.5177213466392163e-06
54179,6.1,-46.0,5.497638364952078e-06
54180,6.1,-45.0,8.152458320697947e-05
54181,6.1,-44.0,0.001125634334338288
54182,6.1,-43.0,0.0028355197383491022
54183,6.1,-42.0,0.002354660794349224
54184,6.1,-41.0,0.0031008346055616206
54185,6.1,-40.0,0.0013428789090554924
54186,6.1,-39.0,0.0015211657279439478
54187,6.1,-38.0,0.003499915689841614
54188,6.1,-37.0,0.0014571100208195624
54189,6.1,-36.0,0.00026810549271794883
54190,6.1,-35.0,0.001785201634987951
54191,6.1,-34.0,0.004296835146829382
54192,6.1,-33.0,0.0019573530860971414
54193,6.1,-32.0,0.002242685461509707
54194,6.1,-31.0,0.00506163862632514
54195,6.1,-30.0,0.0023508358777228596
54196,6.1,-29.0,0.0027066219610575987
54197,6.1,-28.0,0.006017101862986644
54198,6.1,-27.0,0.002682748673380305
54199,6.1,-26.0,0.0007678177289032787
54200,6.1,-25.0,0.003391731742569185
54201,6.1,-24.0,0.007705757869663996
54202,6.1,-23.0,0.003813945575054569
54203,6.1,-22.0,0.004431019835351832
54204,6.1,-21.0,0.009387187463986998
54205,6.1,-20.0,0.004513257260535346
54206,6.1,-19.0,0.0017431686303844697
54207,6.1,-18.0,0.0057835158795997025
54208,6.1,-17.0,0.012389721500790452
54209,6.1,-16.0,0.006548692004173501
54210,6.1,-15.0,0.007640156185089012
54211,6.1,-14.0,0.015386431286544888
54212,6.1,-13.0,0.007857171236817386
54213,6.1,-12.0,0.0035912976210818524
54214,6.1,-11.0,0.01010701862186874
54215,6.1,-10.0,0.020737226162838737
54216,6.1,-9.0,0.011321121178289288
54217,6.1,-8.0,0.013294432765236529
54218,6.1,-7.0,0.02613076414346899
54219,6.1,-6.0,0.0134758884977752
54220,6.1,-5.0,0.0062726438791124405
54221,6.1,-4.0,0.017631722103267224
54222,6.1,-3.0,0.03618261006116924
54223,6.1,-2.0,0.01822450951112453
54224,6.1,-1.0,0.006757828282398299
54225,6.1,0.0,0.000662404183223014
54226,6.1,1.0,0.0075384110675155575
54227,6.1,2.0,0.02894326952803572
54228,6.1,3.0,0.0622472175267276
54229,6.1,4.0,0.029174710819397154
54230,6.1,5.0,0.01017733634878586
54231,6.1,6.0,0.039462573855700366
54232,6.1,7.0,0.07561111415889092
54233,6.1,8.0,0.03522621537366234
54234,6.1,9.0,0.025098300385379527
54235,6.1,10.0,0.048921815676031995
54236,6.1,11.0,0.022959871551091863
54237,6.1,12.0,0.007041158110288008
54238,6.1,13.0,0.016459112478990495
54239,6.1,14.0,0.03308054337939943
54240,6.1,15.0,0.016649039248534017
54241,6.1,16.0,0.01392200378139139
54242,6.1,17.0,0.0258230648539323
54243,6.1,18.0,0.012677737542269274
54244,6.1,19.0,0.0046027845856753055
54245,6.1,20.0,0.009818540178955183
54246,6.1,21.0,0.01902084685117051
54247,6.1,22.0,0.009678961021026401
54248,6.1,23.0,0.008285720270332838
54249,6.1,24.0,0.015267664047458713
54250,6.1,25.0,0.007399707089086571
54251,6.1,26.0,0.002561938169313991
54252,6.1,27.0,0.00578143175159316
54253,6.1,28.0,0.011477693895965167
54254,6.1,29.0,0.005643380317552214
54255,6.1,30.0,0.004849046444207722
54256,6.1,31.0,0.009327305042381552
54257,6.1,32.0,0.004295453478358835
54258,6.1,33.0,0.0012153614509700184
54259,6.1,34.0,0.0033676768779719378
54260,6.1,35.0,0.007150883205898459
54261,6.1,36.0,0.003332563270083343
54262,6.1,37.0,0.0028760751764264777
54263,6.1,38.0,0.005921518018907105
54264,6.1,39.0,0.0027002670759277035
54265,6.1,40.0,0.0023387806315921405
54266,6.1,41.0,0.004948399973328219
54267,6.1,42.0,0.0021066344044872354
54268,6.1,43.0,0.0003837510323104887
54269,6.1,44.0,0.0016922813538698214
54270,6.1,45.0,0.003953733602244354
54271,6.1,46.0,0.001649757921642803
54272,6.1,47.0,0.0001704629184675687
54273,6.1,48.0,5.2895812750813313e-05
54274,6.1,49.0,4.12554835690302e-05
54275,6.1,50.0,3.2736750788421274e-05
54276,6.1,51.0,2.584173644531116e-05
54277,6.1,52.0,2.1024389056886968e-05
54278,6.1,53.0,8.158288243281941e-05
54279,6.1,54.0,0.0009859279835174074
54280,6.1,55.0,0.0024005115560682497
54281,6.1,56.0,0.0009809293021929618
54282,6.1,57.0,7.132658634562214e-05
54283,6.1,58.0,4.985617271271818e-06
54284,6.1,59.0,3.2157963700817327e-06
54285,6.1,60.0,2.4184783526644254e-06
54286,6.1,61.0,1.8099491653810759e-06
54287,6.1,62.0,1.3473385415920578e-06
54288,6.1,63.0,9.976384907761006e-07
54289,6.1,64.0,7.347773621904864e-07
54290,6.1,65.0,5.38300082123226e-07
54291,6.1,66.0,3.9226470397829326e-07
54292,6.1,67.0,2.84328324275356e-07
54293,6.1,68.0,2.049968210864171e-07
54294,6.1,69.0,1.4701452156675237e-07
54295,6.1,70.0,1.0487197595895401e-07
54296,6.1,71.0,7.44123078969317e-08
54297,6.1,72.0,5.251897063440703e-08
54298,6.1,73.0,3.6870051470751866e-08
54299,6.1,74.0,2.574645203061273e-08
54300,6.2,-75.0,1.5225284074287039e-10
54301,6.2,-74.0,2.3404347024955103e-10
54302,6.2,-73.0,3.578604972585325e-10
54303,6.2,-72.0,5.442733889280065e-10
54304,6.2,-71.0,8.233918209879767e-10
54305,6.2,-70.0,1.2390308063603663e-09
54306,6.2,-69.0,1.85457229883832e-09
54307,6.2,-68.0,2.761159796686581e-09
54308,6.2,-67.0,4.0890782664483926e-09
54309,6.2,-66.0,6.023451460314728e-09
54310,6.2,-65.0,8.825747891472716e-09
54311,6.2,-64.0,1.2863043330774272e-08
54312,6.2,-63.0,1.8647562093318032e-08
54313,6.2,-62.0,2.6889734143525123e-08
54314,6.2,-61.0,3.856888428276332e-08
54315,6.2,-60.0,5.502673811813838e-08
54316,6.2,-59.0,7.80902110085563e-08
54317,6.2,-58.0,1.1023146168951647e-07
54318,6.2,-57.0,1.5477495706521268e-07
54319,6.2,-56.0,2.1616331480560306e-07
54320,6.2,-55.0,3.0029595844898666e-07
54321,6.2,-54.0,4.1495710957755857e-07
54322,6.2,-53.0,5.703523026921336e-07
54323,6.2,-52.0,7.797753591943727e-07
54324,6.2,-51.0,1.0604304785176081e-06
54325,6.2,-50.0,1.4344366343800742e-06
54326,6.2,-49.0,1.930043590791351e-06
54327,6.2,-48.0,2.5830907942952182e-06
54328,6.2,-47.0,3.440306305209345e-06
54329,6.2,-46.0,5.398863705389535e-06
54330,6.2,-45.0,8.150869348236418e-05
54331,6.2,-44.0,0.0011271388856426785
54332,6.2,-43.0,0.0028395217787428157
54333,6.2,-42.0,0.0023577975194434947
54334,6.2,-41.0,0.003104873484111759
54335,6.2,-40.0,0.0013443236336332612
54336,6.2,-39.0,0.001522591997004152
54337,6.2,-38.0,0.003503751070863003
54338,6.2,-37.0,0.0014581588669304942
54339,6.2,-36.0,0.00026742291461557367
54340,6.2,-35.0,0.0017859574437386007
54341,6.2,-34.0,0.004300091235569106
54342,6.2,-33.0,0.001957736372209081
54343,6.2,-32.0,0.002242757219403446
54344,6.2,-31.0,0.00506393085707353
54345,6.2,-30.0,0.0023501605059458044
54346,6.2,-29.0,0.0027054183158327226
54347,6.2,-28.0,0.006017788032736753
54348,6.2,-27.0,0.0026804088691180362
54349,6.2,-26.0,0.000763426857046048
54350,6.2,-25.0,0.003387830555371983
54351,6.2,-24.0,0.007703028919031587
54352,6.2,-23.0,0.0038087562560006672
54353,6.2,-22.0,0.00442458057407082
54354,6.2,-21.0,0.009380773129036825
54355,6.2,-20.0,0.004505337592314784
54356,6.2,-19.0,0.0017340766972239543
54357,6.2,-18.0,0.005772769519068574
54358,6.2,-17.0,0.012376688263015034
54359,6.2,-16.0,0.006536705221157606
54360,6.2,-15.0,0.007625839318604113
54361,6.2,-14.0,0.01536689255253365
54362,6.2,-13.0,0.007842746367524878
54363,6.2,-12.0,0.003579887306676789
54364,6.2,-11.0,0.01008789493606163
54365,6.2,-10.0,0.020705492714834677
54366,6.2,-9.0,0.01130260952029008
54367,6.2,-8.0,0.013270117001464318
54368,6.2,-7.0,0.02608407835018648
54369,6.2,-6.0,0.01345590195313308
54370,6.2,-5.0,0.006268303573279147
54371,6.2,-4.0,0.017595387519142185
54372,6.2,-3.0,0.03609351939540141
54373,6.2,-2.0,0.01819478394552417
54374,6.2,-1.0,0.006767444825984382
54375,6.2,0.0,0.0006664273583894011
54376,6.2,1.0,0.00754671895299647
54377,6.2,2.0,0.028795285291214483
54378,6.2,3.0,0.06185314016790844
54379,6.2,4.0,0.0290350571330755
54380,6.2,5.0,0.010266299004847471
54381,6.2,6.0,0.040472210818485115
54382,6.2,7.0,0.07638573960155781
54383,6.2,8.0,0.03551188167117846
54384,6.2,9.0,0.025095227047670327
54385,6.2,10.0,0.04893750518893512
54386,6.2,11.0,0.022941485464214394
54387,6.2,12.0,0.007001303421275405
54388,6.2,13.0,0.016403755350958945
54389,6.2,14.0,0.033001388641773995
54390,6.2,15.0,0.01659969305585239
54391,6.2,16.0,0.013871012864625096
54392,6.2,17.0,0.02574088844414276
54393,6.2,18.0,0.012634791806217793
54394,6.2,19.0,0.004584291742908405
54395,6.2,20.0,0.009781744181707802
54396,6.2,21.0,0.01895106678144304
54397,6.2,22.0,0.009645492389073541
54398,6.2,23.0,0.008256080270886935
54399,6.2,24.0,0.015208707389533695
54400,6.2,25.0,0.0073749434188921026
54401,6.2,26.0,0.0025580752507726894
54402,6.2,27.0,0.005761999280460655
54403,6.2,28.0,0.01143083357647156
54404,6.2,29.0,0.005624269399375373
54405,6.2,30.0,0.00483247128067211
54406,6.2,31.0,0.009287316611941092
54407,6.2,32.0,0.004280719917237779
54408,6.2,33.0,0.0012158028080934793
54409,6.2,34.0,0.003355716904691723
54410,6.2,35.0,0.007117692992787304
54411,6.2,36.0,0.0033196087800385194
54412,6.2,37.0,0.0028646021713668425
54413,6.2,38.0,0.005892182082998113
54414,6.2,39.0,0.0026886755254503345
54415,6.2,40.0,0.002328426909176264
54416,6.2,41.0,0.004922272613077644
54417,6.2,42.0,0.0020967704275689043
54418,6.2,43.0,0.0003836076379787411
54419,6.2,44.0,0.001683822630594216
54420,6.2,45.0,0.003931228613585683
54421,6.2,46.0,0.0016410202184757746
54422,6.2,47.0,0.0001705085192957095
54423,6.2,48.0,5.347024672043004e-05
54424,6.2,49.0,4.174174287537795e-05
54425,6.2,50.0,3.314028717483817e-05
54426,6.2,51.0,2.617419527104379e-05
54427,6.2,52.0,2.1291578606064702e-05
54428,6.2,53.0,8.137538201257889e-05
54429,6.2,54.0,0.0009797603856965514
54430,6.2,55.0,0.0023850702932880106
54431,6.2,56.0,0.0009746971974955661
54432,6.2,57.0,7.098813952071718e-05
54433,6.2,58.0,5.051580172974471e-06
54434,6.2,59.0,3.2710519258742607e-06
54435,6.2,60.0,2.461369362915908e-06
54436,6.2,61.0,1.843029787729177e-06
54437,6.2,62.0,1.3726951513597187e-06
54438,6.2,63.0,1.0169555067667725e-06
54439,6.2,64.0,7.494038372531273e-07
54440,6.2,65.0,5.493080710629351e-07
54441,6.2,66.0,4.0049966340140125e-07
54442,6.2,67.0,2.904520446952379e-07
54443,6.2,68.0,2.0952354253231375e-07
54444,6.2,69.0,1.503409624100967e-07
54445,6.2,70.0,1.0730202827575478e-07
54446,6.2,71.0,7.617713659378927e-08
54447,6.2,72.0,5.379321044361962e-08
54448,6.2,73.0,3.778473598732166e-08
54449,6.2,74.0,2.6399240183111656e-08
54450,6.3,-75.0,1.4665882533486355e-10
54451,6.3,-74.0,2.2556448219964238e-10
54452,6.3,-73.0,3.4507964075408464e-10
54453,6.3,-72.0,5.251145673584544e-10
54454,6.3,-71.0,7.948311943319664e-10
54455,6.3,-70.0,1.1966905135435101e-09
54456,6.3,-69.0,1.7921522487648646e-09
54457,6.3,-68.0,2.669648375480098e-09
54458,6.3,-67.0,3.955663448399092e-09
54459,6.3,-66.0,5.830028999902082e-09
54460,6.3,-65.0,8.54689181083755e-09
54461,6.3,-64.0,1.2463264453286851e-08
54462,6.3,-63.0,1.8077631445474343e-08
54463,6.3,-62.0,2.6081788127009444e-08
54464,6.3,-61.0,3.742995609895026e-08
54465,6.3,-60.0,5.34302736431462e-08
54466,6.3,-59.0,7.586502611191911e-08
54467,6.3,-58.0,1.0714748133631716e-07
54468,6.3,-57.0,1.5052494471914226e-07
54469,6.3,-56.0,2.1033965508100256e-07
54470,6.3,-55.0,2.9236139960219606e-07
54471,6.3,-54.0,4.042082102180302e-07
54472,6.3,-53.0,5.558741664166606e-07
54473,6.3,-52.0,7.603860920097161e-07
54474,6.3,-51.0,1.0346136805814272e-06
54475,6.3,-50.0,1.4002601571236407e-06
54476,6.3,-49.0,1.8850627741486964e-06
54477,6.3,-48.0,2.5242344722879938e-06
54478,6.3,-47.0,3.363746091760424e-06
54479,6.3,-46.0,5.30095040431762e-06
54480,6.3,-45.0,8.147939181640767e-05
54481,6.3,-44.0,0.0011284280866295704
54482,6.3,-43.0,0.0028429775405658685
54483,6.3,-42.0,0.0023604820823966543
54484,6.3,-41.0,0.0031083165226012035
54485,6.3,-40.0,0.0013455144656043553
54486,6.3,-39.0,0.0015237311870785384
54487,6.3,-38.0,0.0035069174567935054
54488,6.3,-37.0,0.0014589360535657504
54489,6.3,-36.0,0.0002667007209704476
54490,6.3,-35.0,0.0017863821117069978
54491,6.3,-34.0,0.00430253259139322
54492,6.3,-33.0,0.0019577594246679487
54493,6.3,-32.0,0.00224241634705738
54494,6.3,-31.0,0.0050652689286775215
54495,6.3,-30.0,0.0023490559960497774
54496,6.3,-29.0,0.0027037198414376676
54497,6.3,-28.0,0.006017344667670793
54498,6.3,-27.0,0.002677581636308475
54499,6.3,-26.0,0.0007589171246333059
54500,6.3,-25.0,0.003383308963578824
54501,6.3,-24.0,0.007698854567793526
54502,6.3,-23.0,0.003802862755875553
54503,6.3,-22.0,0.004417319316165694
54504,6.3,-21.0,0.009372591738473043
54505,6.3,-20.0,0.004496568365302868
54506,6.3,-19.0,0.0017246521645545361
54507,6.3,-18.0,0.005760923002914276
54508,6.3,-17.0,0.012361304142920788
54509,6.3,-16.0,0.0065234464878653345
54510,6.3,-15.0,0.00761004125806793
54511,6.3,-14.0,0.01534442147875705
54512,6.3,-13.0,0.007826756263576626
54513,6.3,-12.0,0.0035676778202443356
54514,6.3,-11.0,0.010066779273083413
54515,6.3,-10.0,0.020669831379904916
54516,6.3,-9.0,0.011281830465028638
54517,6.3,-8.0,0.013243212704711824
54518,6.3,-7.0,0.026032564686028044
54519,6.3,-6.0,0.013433231411895653
54520,6.3,-5.0,0.006262509359946422
54521,6.3,-4.0,0.017555858666181742
54522,6.3,-3.0,0.035998385217056006
54523,6.3,-2.0,0.018161714936907197
54524,6.3,-1.0,0.006775447074083005
54525,6.3,0.0,0.000670341322417886
54526,6.3,1.0,0.0075536075944232966
54527,6.3,2.0,0.028646423156205192
54528,6.3,3.0,0.06145904986670895
54529,6.3,4.0,0.028894579649816725
54530,6.3,5.0,0.010358088253943356
54531,6.3,6.0,0.041543115392148326
54532,6.3,7.0,0.07723100764853491
54533,6.3,8.0,0.035825258031312125
54534,6.3,9.0,0.025089597511297294
54535,6.3,10.0,0.04894413805050071
54536,6.3,11.0,0.022918516947472874
54537,6.3,12.0,0.006959556129370204
54538,6.3,13.0,0.016343954552248983
54539,6.3,14.0,0.032913491836782216
54540,6.3,15.0,0.016545794628314275
54541,6.3,16.0,0.013816055099341492
54542,6.3,17.0,0.025651524910374562
54543,6.3,18.0,0.012588184170671434
54544,6.3,19.0,0.004564303144961035
54545,6.3,20.0,0.009742029266999552
54546,6.3,21.0,0.018875863838764096
54547,6.3,22.0,0.009609156945626944
54548,6.3,23.0,0.00822396474828943
54549,6.3,24.0,0.015145384818588114
54550,6.3,25.0,0.007347974405417953
54551,6.3,26.0,0.0025533425847518018
54552,6.3,27.0,0.005740840694548713
54553,6.3,28.0,0.011380718274991429
54554,6.3,29.0,0.005603503389837875
54555,6.3,30.0,0.0048144767824292375
54556,6.3,31.0,0.009244715488269422
54557,6.3,32.0,0.004264745995129677
54558,6.3,33.0,0.001215848431973632
54559,6.3,34.0,0.0033427968374301763
54560,6.3,35.0,0.007082539646905548
54561,6.3,36.0,0.003305723479015616
54562,6.3,37.0,0.0028523318197981335
54563,6.3,38.0,0.0058612447599427
54564,6.3,39.0,0.0026763465376356925
54565,6.3,40.0,0.002317439504072218
54566,6.3,41.0,0.0048948245901390556
54567,6.3,42.0,0.0020863415831274394
54568,6.3,43.0,0.0003833583586969871
54569,6.3,44.0,0.0016749161890246707
54570,6.3,45.0,0.00390768279879943
54571,6.3,46.0,0.0016318485184658778
54572,6.3,47.0,0.00017050980530764447
54573,6.3,48.0,5.403176817097352e-05
54574,6.3,49.0,4.221844484312917e-05
54575,6.3,50.0,3.3536652480400424e-05
54576,6.3,51.0,2.650133432856097e-05
54577,6.3,52.0,2.155468102390186e-05
54578,6.3,53.0,8.11480672247142e-05
54579,6.3,54.0,0.0009733390225820945
54580,6.3,55.0,0.0023690093564273013
54581,6.3,56.0,0.000968212372739334
54582,6.3,57.0,7.063205527194914e-05
54583,6.3,58.0,5.116940855437135e-06
54584,6.3,59.0,3.3260532212829304e-06
54585,6.3,60.0,2.5041141637542406e-06
54586,6.3,61.0,1.8760356183828364e-06
54587,6.3,62.0,1.3980226705181413e-06
54588,6.3,63.0,1.0362712657083669e-06
54589,6.3,64.0,7.640447667320819e-07
54590,6.3,65.0,5.603382408467529e-07
54591,6.3,66.0,4.0875946945386026e-07
54592,6.3,67.0,2.9660024043473216e-07
54593,6.3,68.0,2.1407269583857897e-07
54594,6.3,69.0,1.5368701132955961e-07
54595,6.3,70.0,1.0974864315122381e-07
54596,6.3,71.0,7.795558979115005e-08
54597,6.3,72.0,5.507841970956677e-08
54598,6.3,73.0,3.87080940987576e-08
54599,6.3,74.0,2.7058780062068685e-08
54600,6.4,-75.0,1.4123098642098432e-10
54601,6.4,-74.0,2.173321094648584e-10
54602,6.4,-73.0,3.326625451787657e-10
54603,6.4,-72.0,5.064890076383521e-10
54604,6.4,-71.0,7.67047485249195e-10
54605,6.4,-70.0,1.1554750828702113e-09
54606,6.4,-69.0,1.7313506208312465e-09
54607,6.4,-68.0,2.5804507699581803e-09
54608,6.4,-67.0,3.825535513410415e-09
54609,6.4,-66.0,5.6412455988077254e-09
54610,6.4,-65.0,8.274540540284745e-09
54611,6.4,-64.0,1.2072546322759923e-08
54612,6.4,-63.0,1.7520237407031906e-08
54613,6.4,-62.0,2.5291070344040584e-08
54614,6.4,-61.0,3.631454042540301e-08
54615,6.4,-60.0,5.1865673313292e-08
54616,6.4,-59.0,7.368271496517405e-08
54617,6.4,-58.0,1.0412076737430735e-07
54618,6.4,-57.0,1.4635085154208221e-07
54619,6.4,-56.0,2.046158710179942e-07
54620,6.4,-55.0,2.8455719488031794e-07
54621,6.4,-54.0,3.9362805600122497e-07
54622,6.4,-53.0,5.416126231057834e-07
54623,6.4,-52.0,7.412723778572812e-07
54624,6.4,-51.0,1.0091441988275758e-06
54625,6.4,-50.0,1.3665171676229606e-06
54626,6.4,-49.0,1.8406173649018647e-06
54627,6.4,-48.0,2.466032042956689e-06
54628,6.4,-47.0,3.2879744203205516e-06
54629,6.4,-46.0,5.203789687581917e-06
54630,6.4,-45.0,8.143454056898594e-05
54631,6.4,-44.0,0.0011294717602803668
54632,6.4,-43.0,0.00284581092628952
54633,6.4,-42.0,0.0023626513962072306
54634,6.4,-41.0,0.003111080712312186
54635,6.4,-40.0,0.0013464156098114387
54636,6.4,-39.0,0.0015245428898898379
54637,6.4,-38.0,0.0035093216115180395
54638,6.4,-37.0,0.0014594030650243264
54639,6.4,-36.0,0.0002659323178538094
54640,6.4,-35.0,0.001786428811267163
54641,6.4,-34.0,0.004304045702396563
54642,6.4,-33.0,0.001957371211094241
54643,6.4,-32.0,0.002241604636065189
54644,6.4,-31.0,0.005065520181408017
54645,6.4,-30.0,0.0023474618776918297
54646,6.4,-29.0,0.0027014572300032196
54647,6.4,-28.0,0.006015615508847264
54648,6.4,-27.0,0.002674199144667544
54649,6.4,-26.0,0.0007542717309663416
54650,6.4,-25.0,0.0033780819365743404
54651,6.4,-24.0,0.007693037325623581
54652,6.4,-23.0,0.00379617017205856
54653,6.4,-22.0,0.004409126085756493
54654,6.4,-21.0,0.009362404961807182
54655,6.4,-20.0,0.004486838748650927
54656,6.4,-19.0,0.001714856934109323
54657,6.4,-18.0,0.0057478346450175995
54658,6.4,-17.0,0.012343257730018323
54659,6.4,-16.0,0.006508755415268251
54660,6.4,-15.0,0.0075925748016736645
54661,6.4,-14.0,0.015318633215740068
54662,6.4,-13.0,0.00780900842588669
54663,6.4,-12.0,0.0035545855140218427
54664,6.4,-11.0,0.010043423231881175
54665,6.4,-10.0,0.02062972500761408
54666,6.4,-9.0,0.011258503483576023
54667,6.4,-8.0,0.013213390323162594
54668,6.4,-7.0,0.025975571623578577
54669,6.4,-6.0,0.013407539360356798
54670,6.4,-5.0,0.006255101491904823
54671,6.4,-4.0,0.017512692124542217
54672,6.4,-3.0,0.035896301876685036
54673,6.4,-2.0,0.01812483831574574
54674,6.4,-1.0,0.006781651544840469
54675,6.4,0.0,0.0006741263414389524
54676,6.4,1.0,0.007558856401929631
54677,6.4,2.0,0.028495773781007216
54678,6.4,3.0,0.06106296667557021
54679,6.4,4.0,0.028752366573966744
54680,6.4,5.0,0.010453256761668488
54681,6.4,6.0,0.04268687615139417
54682,6.4,7.0,0.07816235440890128
54683,6.4,8.0,0.03617240082043155
54684,6.4,9.0,0.02508055907822801
54685,6.4,10.0,0.048938960502325816
54686,6.4,11.0,0.022889686544395615
54687,6.4,12.0,0.006915541882047638
54688,6.4,13.0,0.01627877828753152
54689,6.4,14.0,0.032814943360707546
54690,6.4,15.0,0.016486393659144477
54691,6.4,16.0,0.013756342601735659
54692,6.4,17.0,0.02555349549864625
54693,6.4,18.0,0.012537192687836873
54694,6.4,19.0,0.004542561127669539
54695,6.4,20.0,0.009698838864751202
54696,6.4,21.0,0.018794155343532473
54697,6.4,22.0,0.009569402212081024
54698,6.4,23.0,0.008188901459938051
54699,6.4,24.0,0.015076829155846266
54700,6.4,25.0,0.007318375943287701
54701,6.4,26.0,0.0025475885402918754
54702,6.4,27.0,0.005717624268381352
54703,6.4,28.0,0.01132669774276045
54704,6.4,29.0,0.005580758276384402
54705,6.4,30.0,0.004794784532237513
54706,6.4,31.0,0.009198974811484862
54707,6.4,32.0,0.004247284952612237
54708,6.4,33.0,0.0012154233180270493
54709,6.4,34.0,0.003328723483176236
54710,6.4,35.0,0.0070450216640835905
54711,6.4,36.0,0.003290717381718742
54712,6.4,37.0,0.002839100421814041
54713,6.4,38.0,0.0058283754831552435
54714,6.4,39.0,0.0026631273253394667
54715,6.4,40.0,0.0023056863951957675
54716,6.4,41.0,0.004865781380933892
54717,6.4,42.0,0.002075229565878568
54718,6.4,43.0,0.0003829797580936678
54719,6.4,44.0,0.0016654675657249917
54720,6.4,45.0,0.0038828785768243606
54721,6.4,46.0,0.0016221512981961527
54722,6.4,47.0,0.00017045625436678806
54723,6.4,48.0,5.4576486882986945e-05
54724,6.4,49.0,4.268251686580465e-05
54725,6.4,50.0,3.392339281373424e-05
54726,6.4,51.0,2.682120471094443e-05
54727,6.4,52.0,2.181211743326923e-05
54728,6.4,53.0,8.089616954366549e-05
54729,6.4,54.0,0.0009666102251568625
54730,6.4,55.0,0.002352198530648269
54731,6.4,56.0,0.0009614215369126823
54732,6.4,57.0,7.025433936973942e-05
54733,6.4,58.0,5.181327997177714e-06
54734,6.4,59.0,3.380548608047266e-06
54735,6.4,60.0,2.546522902591011e-06
54736,6.4,61.0,1.908824200026231e-06
54737,6.4,62.0,1.4232148153174297e-06
54738,6.4,63.0,1.0555069254588694e-06
54739,6.4,64.0,7.786419999453411e-07
54740,6.4,65.0,5.713479481292435e-07
54741,6.4,66.0,4.170130305582008e-07
54742,6.4,67.0,3.0275037304620163e-07
54743,6.4,68.0,2.1862803713754996e-07
54744,6.4,69.0,1.57041028854561e-07
54745,6.4,70.0,1.1220352877873285e-07
54746,6.4,71.0,7.974179488509883e-08
54747,6.4,72.0,5.637046347598584e-08
54748,6.4,73.0,3.963723137923593e-08
54749,6.4,74.0,2.7723057491644635e-08
54750,6.5,-75.0,1.3596104798826e-10
54751,6.5,-74.0,2.0933401133548195e-10
54752,6.5,-73.0,3.205909035067209e-10
54753,6.5,-72.0,4.883696908893641e-10
54754,6.5,-71.0,7.40001020048086e-10
54755,6.5,-70.0,1.1153265530117107e-09
54756,6.5,-69.0,1.6720831611688758e-09
54757,6.5,-68.0,2.493445116730989e-09
54758,6.5,-67.0,3.6985190712832627e-09
54759,6.5,-66.0,5.456850066372441e-09
54760,6.5,-65.0,8.00833607752885e-09
54761,6.5,-64.0,1.1690381164710296e-08
54762,6.5,-63.0,1.6974663211300257e-08
54763,6.5,-62.0,2.451657380231846e-08
54764,6.5,-61.0,3.522122915488334e-08
54765,6.5,-60.0,5.033097726141968e-08
54766,6.5,-59.0,7.154056226065952e-08
54767,6.5,-58.0,1.0114757496472041e-07
54768,6.5,-57.0,1.422475360454816e-07
54769,6.5,-56.0,1.9898493503361194e-07
54770,6.5,-55.0,2.7687378107390746e-07
54771,6.5,-54.0,3.832036900448606e-07
54772,6.5,-53.0,5.275501938516282e-07
54773,6.5,-52.0,7.224107386989427e-07
54774,6.5,-51.0,9.8399063115618e-07
54775,6.5,-50.0,1.333165842482907e-06
54776,6.5,-49.0,1.7966518932710135e-06
54777,6.5,-48.0,2.408410243839735e-06
54778,6.5,-47.0,3.2128948692473083e-06
54779,6.5,-46.0,5.107222945505385e-06
54780,6.5,-45.0,8.137108199112455e-05
54781,6.5,-44.0,0.0011302268092976242
54782,6.5,-43.0,0.002847913265236757
54783,6.5,-42.0,0.0023642153502703043
54784,6.5,-41.0,0.003113047471504224
54785,6.5,-40.0,0.001346975904690707
54786,6.5,-39.0,0.0015249693210779415
54787,6.5,-38.0,0.003510830249792437
54788,6.5,-37.0,0.001459504783093617
54789,6.5,-36.0,0.00026510817079391044
54790,6.5,-35.0,0.0017860304497569594
54791,6.5,-34.0,0.004304468093892202
54792,6.5,-33.0,0.0019564985410343654
54793,6.5,-32.0,0.002240238544185247
54794,6.5,-31.0,0.005064494497895419
54795,6.5,-30.0,0.002345291230329333
54796,6.5,-29.0,0.0026985307848914576
54797,6.5,-28.0,0.006012376288675797
54798,6.5,-27.0,0.0026701636075524707
54799,6.5,-26.0,0.0007494658192177405
54800,6.5,-25.0,0.0033720267179112927
54801,6.5,-24.0,0.007685293142228693
54802,6.5,-23.0,0.0037885413089877363
54803,6.5,-22.0,0.004399841840089449
54804,6.5,-21.0,0.009349869492843214
54805,6.5,-20.0,0.004475988155591622
54806,6.5,-19.0,0.0017046345905578641
54807,6.5,-18.0,0.00573329911261289
54808,6.5,-17.0,0.012322099781242466
54809,6.5,-16.0,0.0064923995648164525
54810,6.5,-15.0,0.007573168742172065
54811,6.5,-14.0,0.015288972281914955
54812,6.5,-13.0,0.007789223990414334
54813,6.5,-12.0,0.0035404881177350557
54814,6.5,-11.0,0.010017467392900724
54815,6.5,-10.0,0.02058442730173914
54816,6.5,-9.0,0.011232223326104143
54817,6.5,-8.0,0.013180174153890669
54818,6.5,-7.0,0.025912159811487246
54819,6.5,-6.0,0.013378339546607828
54820,6.5,-5.0,0.00624585058855132
54821,6.5,-4.0,0.01746525115390819
54822,6.5,-3.0,0.035785968472985596
54823,6.5,-2.0,0.018083488982847395
54824,6.5,-1.0,0.006785797682483867
54825,6.5,0.0,0.0006777545828876839
54826,6.5,1.0,0.007562159825208634
54827,6.5,2.0,0.02834213544377473
54828,6.5,3.0,0.06066229604538256
54829,6.5,4.0,0.0286072137413317
54830,6.5,5.0,0.01055258312812666
54831,6.5,6.0,0.043919712347405326
54832,6.5,7.0,0.07920173218546378
54833,6.5,8.0,0.03656191952702054
54834,6.5,9.0,0.025066875323202516
54835,6.5,10.0,0.048918003097732136
54836,6.5,11.0,0.022853151629030462
54837,6.5,12.0,0.006868725010641522
54838,6.5,13.0,0.01620690391802193
54839,6.5,14.0,0.03270303667023172
54840,6.5,15.0,0.016420142367256498
54841,6.5,16.0,0.01369075874209937
54842,6.5,17.0,0.025444706972631584
54843,6.5,18.0,0.012480794978796946
54844,6.5,19.0,0.004518700388816567
54845,6.5,20.0,0.009651385151304447
54846,6.5,21.0,0.01870440948278637
54847,6.5,22.0,0.009525446756172333
54848,6.5,23.0,0.008150222565281277
54849,6.5,24.0,0.0150018137620555
54850,6.5,25.0,0.007285548644857067
54851,6.5,26.0,0.0025405994725978065
54852,6.5,27.0,0.005691881366733038
54853,6.5,28.0,0.011267852303690387
54854,6.5,29.0,0.00555557637240707
54855,6.5,30.0,0.004773001300019009
54856,6.5,31.0,0.00914934934090583
54857,6.5,32.0,0.0042279882948249034
54858,6.5,33.0,0.0012144222120533232
54859,6.5,34.0,0.0033132239938486467
54860,6.5,35.0,0.007004570878407114
54861,6.5,36.0,0.0032743220097974516
54862,6.5,37.0,0.0028246766207699185
54863,6.5,38.0,0.005793106247684521
54864,6.5,39.0,0.002648801831625674
54865,6.5,40.0,0.0022929808560085605
54866,6.5,41.0,0.0048347541172650485
54867,6.5,42.0,0.002063266964058111
54868,6.5,43.0,0.00038243889142824077
54869,6.5,44.0,0.0016553430174683571
54870,6.5,45.0,0.0038565075291435297
54871,6.5,46.0,0.001611798904333958
54872,6.5,47.0,0.00017033307517126382
54873,6.5,48.0,5.5098991837459365e-05
54874,6.5,49.0,4.312968554891027e-05
54875,6.5,50.0,3.4297094180504074e-05
54876,6.5,51.0,2.713109387227563e-05
54877,6.5,52.0,2.2061688153314044e-05
54878,6.5,53.0,8.061295267203938e-05
54879,6.5,54.0,0.0009594978488758522
54880,6.5,55.0,0.0023344530300799574
54881,6.5,56.0,0.0009542490712289843
54882,6.5,57.0,6.984933239355138e-05
54883,6.5,58.0,5.244221194174609e-06
54884,6.5,59.0,3.4341855295776964e-06
54885,6.5,60.0,2.588329262232855e-06
54886,6.5,61.0,1.941195424875133e-06
54887,6.5,62.0,1.4481220685422067e-06
54888,6.5,63.0,1.0745513952494686e-06
54889,6.5,64.0,7.931134599092833e-07
54890,6.5,65.0,5.822768927533648e-07
54891,6.5,66.0,4.252162946730892e-07
54892,6.5,67.0,3.0887044172033016e-07
54893,6.5,68.0,2.2316645111051387e-07
54894,6.5,69.0,1.6038641226100034e-07
54895,6.5,70.0,1.1465482758664031e-07
54896,6.5,71.0,8.152733123077934e-08
54897,6.5,72.0,5.7663395752350514e-08
54898,6.5,73.0,4.056797310020907e-08
54899,6.5,74.0,2.8389158045108165e-08
54900,6.6,-75.0,1.3083894186404928e-10
54901,6.6,-74.0,2.0155505957913804e-10
54902,6.6,-73.0,3.088420977475832e-10
54903,6.6,-72.0,4.707229691409981e-10
54904,6.6,-71.0,7.136419890523362e-10
54905,6.6,-70.0,1.0761715520812601e-09
54906,6.6,-69.0,1.6142423178839032e-09
54907,6.6,-68.0,2.408474527614926e-09
54908,6.6,-67.0,3.5743863724002274e-09
54909,6.6,-66.0,5.276513375407128e-09
54910,6.6,-65.0,7.747805354051904e-09
54911,6.6,-64.0,1.1316092046029964e-08
54912,6.6,-63.0,1.6439944789384496e-08
54913,6.6,-62.0,2.3756931963160668e-08
54914,6.6,-61.0,3.4148094327567274e-08
54915,6.6,-60.0,4.882347812438503e-08
54916,6.6,-59.0,6.943478376947446e-08
54917,6.6,-58.0,9.822263908768152e-08
54918,6.6,-57.0,1.3820770662350734e-07
54919,6.6,-56.0,1.934367950671327e-07
54920,6.6,-55.0,2.692973637679431e-07
54921,6.6,-54.0,3.729162682876235e-07
54922,6.6,-53.0,5.136612530131088e-07
54923,6.6,-52.0,7.037664841505703e-07
54924,6.6,-51.0,9.591062275408696e-07
54925,6.6,-50.0,1.3001434631095428e-06
54926,6.6,-49.0,1.7530825957512124e-06
54927,6.6,-48.0,2.3512577073124144e-06
54928,6.6,-47.0,3.1383599440695493e-06
54929,6.6,-46.0,5.011007125063748e-06
54930,6.6,-45.0,8.128439977646816e-05
54931,6.6,-44.0,0.0011306282513657727
54932,6.6,-43.0,0.0028491207126950142
54933,6.6,-42.0,0.002365038059335159
54934,6.6,-41.0,0.003114037961301057
54935,6.6,-40.0,0.0013471181592770956
54936,6.6,-39.0,0.0015249232613788982
54937,6.6,-38.0,0.0035112422436041103
54938,6.6,-37.0,0.0014591579645964368
54939,6.6,-36.0,0.00026421376293702065
54940,6.6,-35.0,0.0017850856022570561
54941,6.6,-34.0,0.004303554341665576
54942,6.6,-33.0,0.0019550306832068617
54943,6.6,-32.0,0.0022381916052246864
54944,6.6,-31.0,0.005061904411541274
54945,6.6,-30.0,0.0023424123146592373
54946,6.6,-29.0,0.0026947893132651547
54947,6.6,-28.0,0.0060072875014239545
54948,6.6,-27.0,0.002665326468466623
54949,6.6,-26.0,0.000744460863722434
54950,6.6,-25.0,0.0033649566036366117
54951,6.6,-24.0,0.007675191267283384
54952,6.6,-23.0,0.0037797672722724705
54953,6.6,-22.0,0.004389224347372448
54954,6.6,-21.0,0.009334464085472633
54955,6.6,-20.0,0.004463771624316302
54956,6.6,-19.0,0.001693897608403448
54957,6.6,-18.0,0.005717003127408358
54958,6.6,-17.0,0.012297147366067785
54959,6.6,-16.0,0.006474024285587455
54960,6.6,-15.0,0.007551409374532157
54961,6.6,-14.0,0.015254593853353237
54962,6.6,-13.0,0.007766977568773549
54963,6.6,-12.0,0.0035251977462555967
54964,6.6,-11.0,0.009988363977956433
54965,6.6,-10.0,0.02053280333590098
54966,6.6,-9.0,0.011202373134259988
54967,6.6,-8.0,0.013142840519899673
54968,6.6,-7.0,0.025840901692951404
54969,6.6,-6.0,0.01334489335684039
54970,6.6,-5.0,0.006234409040359261
54971,6.6,-4.0,0.017412570924506723
54972,6.6,-3.0,0.035665413401881785
54973,6.6,-2.0,0.018036660886044092
54974,6.6,-1.0,0.0067874941683254515
54975,6.6,0.0,0.0006811845292808667
54976,6.6,1.0,0.00756306740541197
54977,6.6,2.0,0.028183797657310283
54978,6.6,3.0,0.06025336930313799
54979,6.6,4.0,0.02845740838428858
54980,6.6,5.0,0.010657232234469145
54981,6.6,6.0,0.0452657521266472
54982,6.6,7.0,0.08038231827481601
54983,6.6,8.0,0.03700682115191893
54984,6.6,9.0,0.025046647692456247
54985,6.6,10.0,0.04887520082425761
54986,6.6,11.0,0.022806098453588133
54987,6.6,12.0,0.006818291317521621
54988,6.6,13.0,0.016126335893748255
54989,6.6,14.0,0.03257369426503377
54990,6.6,15.0,0.016345008827962627
54991,6.6,16.0,0.013617620733528452
54992,6.6,17.0,0.025322008400536288
54993,6.6,18.0,0.012417451361632824
54994,6.6,19.0,0.004492170078489984
54995,6.6,20.0,0.009598481958787933
54996,6.6,21.0,0.018604321011130007
54997,6.6,22.0,0.009476114867337817
54998,6.6,23.0,0.008106923340265065
54999,6.6,24.0,0.014918492883854573
55000,6.6,25.0,0.007248591293313301
55001,6.6,26.0,0.002532055037192697
55002,6.6,27.0,0.005662907597612283
55003,6.6,28.0,0.011202798170487804
55004,6.6,29.0,0.005527269824599881
55005,6.6,30.0,0.00474853616247822
55006,6.6,31.0,0.009094717615173813
55007,6.6,32.0,0.004206332363167171
55008,6.6,33.0,0.0012126879067555533
55009,6.6,34.0,0.0032958883703045855
55010,6.6,35.0,0.006960331944800016
55011,6.6,36.0,0.0032561337100480902
55012,6.6,37.0,0.0028087125409620175
55013,6.6,38.0,0.005754732177377757
55014,6.6,39.0,0.0026330450151919025
55015,6.6,40.0,0.002279041920615887
55016,6.6,41.0,0.004801156816377856
55017,6.6,42.0,0.0020502017569394232
55018,6.6,43.0,0.0003816864888668985
55019,6.6,44.0,0.0016443411084113286
55020,6.6,45.0,0.0038281045973860344
55021,6.6,46.0,0.0016005959565606339
55022,6.6,47.0,0.0001701181522870725
55023,6.6,48.0,5.5591282329523384e-05
55024,6.6,49.0,4.35536341753124e-05
55025,6.6,50.0,3.465270957990197e-05
55026,6.6,51.0,2.7426991010544573e-05
55027,6.6,52.0,2.230013811748611e-05
55028,6.6,53.0,8.028829760889685e-05
55029,6.6,54.0,0.0009518869762678763
55030,6.6,55.0,0.0023154939105885937
55031,6.6,56.0,0.0009465808351581757
55032,6.6,57.0,6.940850667288043e-05
55033,6.6,58.0,5.304846836646338e-06
55034,6.6,59.0,3.486440455888241e-06
55035,6.6,60.0,2.6291374183535324e-06
55036,6.6,61.0,1.9728515794197065e-06
55037,6.6,62.0,1.4725217423034758e-06
55038,6.6,63.0,1.093239023802452e-06
55039,6.6,64.0,8.073366028397293e-07
55040,6.6,65.0,5.930349208792053e-07
55041,6.6,66.0,4.3330330315413396e-07
55042,6.6,67.0,3.1491245633776145e-07
55043,6.6,68.0,2.2765321433052855e-07
55044,6.6,69.0,1.636981763995489e-07
55045,6.6,70.0,1.170846612072894e-07
55046,6.6,71.0,8.329947674608151e-08
55047,6.6,72.0,5.8948213880722456e-08
55048,6.6,73.0,4.149398401876617e-08
55049,6.6,74.0,2.9052648358028898e-08
55050,6.7,-75.0,1.2585104989968197e-10
55051,6.7,-74.0,1.9397462172044273e-10
55052,6.7,-73.0,2.973850224722992e-10
55053,6.7,-72.0,4.535021787608468e-10
55054,6.7,-71.0,6.879007321535027e-10
55055,6.7,-70.0,1.0379065995501022e-09
55056,6.7,-69.0,1.557675120546751e-09
55057,6.7,-68.0,2.3253139749194088e-09
55058,6.7,-67.0,3.4528079973924798e-09
55059,6.7,-66.0,5.099755624739156e-09
55060,6.7,-65.0,7.492252627305116e-09
55061,6.7,-64.0,1.0948675174874614e-08
55062,6.7,-63.0,1.591464088546787e-08
55063,6.7,-62.0,2.3010085408915227e-08
55064,6.7,-61.0,3.3092207363921425e-08
55065,6.7,-60.0,4.7339031310339555e-08
55066,6.7,-59.0,6.735954206811133e-08
55067,6.7,-58.0,9.533777740430684e-08
55068,6.7,-57.0,1.3421994889753352e-07
55069,6.7,-56.0,1.8795560412269027e-07
55070,6.7,-55.0,2.618060470850431e-07
55071,6.7,-54.0,3.627356815483421e-07
55072,6.7,-53.0,4.999045949433483e-07
55073,6.7,-52.0,6.852834919317888e-07
55074,6.7,-51.0,9.344149144081704e-07
55075,6.7,-50.0,1.2673474050168547e-06
55076,6.7,-49.0,1.7097716926644066e-06
55077,6.7,-48.0,2.2943903416094034e-06
55078,6.7,-47.0,3.0641247051585207e-06
55079,6.7,-46.0,4.91473832899454e-06
55080,6.7,-45.0,8.116692539179699e-05
55081,6.7,-44.0,0.001130569665181165
55082,6.7,-43.0,0.002849164954482152
55083,6.7,-42.0,0.002364896963304112
55084,6.7,-41.0,0.003113759243163322
55085,6.7,-40.0,0.0013467158916956757
55086,6.7,-39.0,0.0015242617479900948
55087,6.7,-38.0,0.0035102279898897464
55088,6.7,-37.0,0.001458226100032323
55089,6.7,-36.0,0.00026322513189318557
55090,6.7,-35.0,0.0017834278124301587
55091,6.7,-34.0,0.004300901915125502
55092,6.7,-33.0,0.0019527857911754865
55093,6.7,-32.0,0.0022352560331611606
55094,6.7,-31.0,0.005057278050458804
55095,6.7,-30.0,0.0023386084702160023
55096,6.7,-29.0,0.002689984039675805
55097,6.7,-28.0,0.005999791313117601
55098,6.7,-27.0,0.002659442944982103
55099,6.7,-26.0,0.0007391923755586749
55100,6.7,-25.0,0.003356563664670591
55101,6.7,-24.0,0.007662022942812471
55102,6.7,-23.0,0.0037695032266704437
55103,6.7,-22.0,0.004376873636475364
55104,6.7,-21.0,0.00931533021360168
55105,6.7,-20.0,0.0044497841665150015
55106,6.7,-19.0,0.0016824993323570356
55107,6.7,-18.0,0.005698428653594163
55108,6.7,-17.0,0.012267274487552144
55109,6.7,-16.0,0.006453043086023188
55110,6.7,-15.0,0.007526612660330753
55111,6.7,-14.0,0.015214104423615916
55112,6.7,-13.0,0.007741565767649148
55113,6.7,-12.0,0.003508401847145391
55114,6.7,-11.0,0.009955207815329336
55115,6.7,-10.0,0.02047298107932135
55116,6.7,-9.0,0.011167934565129673
55117,6.7,-8.0,0.013100195235350167
55118,6.7,-7.0,0.02575944360997346
55119,6.7,-6.0,0.013305983386398188
55120,6.7,-5.0,0.006220204850953673
55121,6.7,-4.0,0.017353063959962462
55122,6.7,-3.0,0.035531392223677315
55123,6.7,-2.0,0.01798270105539405
55124,6.7,-1.0,0.0067861017769845445
55125,6.7,0.0,0.0006843488281338724
55126,6.7,1.0,0.007560853124633835
55127,6.7,2.0,0.028018069759620637
55128,6.7,3.0,0.059830442614752836
55129,6.7,4.0,0.028300258133800202
55130,6.7,5.0,0.01076910560889082
55131,6.7,6.0,0.04676418848471396
55132,6.7,7.0,0.08175885946928477
55133,6.7,8.0,0.03752856171431102
55134,6.7,9.0,0.025016704795908045
55135,6.7,10.0,0.04880046340447359
55136,6.7,11.0,0.022743846928535254
55137,6.7,12.0,0.006762890160743678
55138,6.7,13.0,0.016033785978695828
55139,6.7,14.0,0.03242020714632657
55140,6.7,15.0,0.016257647208157283
55141,6.7,16.0,0.013534157826191976
55142,6.7,17.0,0.025180217323959597
55143,6.7,18.0,0.012344628246224952
55144,6.7,19.0,0.004462062472848767
55145,6.7,20.0,0.009538177468279974
55146,6.7,21.0,0.018490098457717458
55147,6.7,22.0,0.009419473192561645
55148,6.7,23.0,0.008057351619709493
55149,6.7,24.0,0.014823830878313307
55150,6.7,25.0,0.007206022718263031
55151,6.7,26.0,0.0025214300461850036
55152,6.7,27.0,0.00562954556250521
55153,6.7,28.0,0.011129259438614186
55154,6.7,29.0,0.00549470854312468
55155,6.7,30.0,0.004720418347176813
55156,6.7,31.0,0.009033234914836721
55157,6.7,32.0,0.0041814569570993625
55158,6.7,33.0,0.0012099636251593645
55159,6.7,34.0,0.003276043094423198
55160,6.7,35.0,0.006910897319111368
55161,6.7,36.0,0.003235489058399303
55162,6.7,37.0,0.0027906363756547976
55163,6.7,38.0,0.005712092838212123
55164,6.7,39.0,0.00261532234417058
55165,6.7,40.0,0.0022634074609891278
55166,6.7,41.0,0.004764024312625435
55167,6.7,42.0,0.0020356192464046964
55168,6.7,43.0,0.00038064199994826447
55169,6.7,44.0,0.0016321302219968051
55170,6.7,45.0,0.0037969033078575965
55171,6.7,46.0,0.0015882206439027037
55172,6.7,47.0,0.0001697753468150212
55173,6.7,48.0,5.6040435455884715e-05
55174,6.7,49.0,4.3944164979267835e-05
55175,6.7,50.0,3.498209172060529e-05
55176,6.7,51.0,2.770242167470169e-05
55177,6.7,52.0,2.25222095671045e-05
55178,6.7,53.0,7.990559568218228e-05
55179,6.7,54.0,0.0009435880499332997
55180,6.7,55.0,0.002294860937109609
55181,6.7,56.0,0.0009382285248911548
55182,6.7,57.0,6.891782121506746e-05
55183,6.7,58.0,5.361951310098183e-06
55184,6.7,59.0,3.5364665287124166e-06
55185,6.7,60.0,2.6683067364978333e-06
55186,6.7,61.0,2.0033105177549557e-06
55187,6.7,62.0,1.4960529421687918e-06
55188,6.7,63.0,1.1113011441810048e-06
55189,6.7,64.0,8.211125082603736e-07
55190,6.7,65.0,6.034755536773749e-07
55191,6.7,66.0,4.4116678083273386e-07
55192,6.7,67.0,3.2079828085982163e-07
55193,6.7,68.0,2.320317249945026e-07
55194,6.7,69.0,1.669355424480315e-07
55195,6.7,70.0,1.194638107681368e-07
55196,6.7,71.0,8.503740976818197e-08
55197,6.7,72.0,6.021016115790353e-08
55198,6.7,73.0,4.240486292088727e-08
55199,6.7,74.0,2.97062372433556e-08
55200,6.8,-75.0,1.209754558767355e-10
55201,6.8,-74.0,1.8655922426525453e-10
55202,6.8,-73.0,2.861688081605201e-10
55203,6.8,-72.0,4.366304001869732e-10
55204,6.8,-71.0,6.626615209955065e-10
55205,6.8,-70.0,1.0003584476308999e-09
55206,6.8,-69.0,1.502123508679736e-09
55207,6.8,-68.0,2.243580984585238e-09
55208,6.8,-67.0,3.33321990639152e-09
55209,6.8,-66.0,4.925749166826557e-09
55210,6.8,-65.0,7.2404695015595214e-09
55211,6.8,-64.0,1.0586375049726113e-08
55212,6.8,-63.0,1.5396213909296975e-08
55213,6.8,-62.0,2.227238433287981e-08
55214,6.8,-61.0,3.2048344952012603e-08
55215,6.8,-60.0,4.587019893736175e-08
55216,6.8,-59.0,6.530429864829636e-08
55217,6.8,-58.0,9.247813279185299e-08
55218,6.8,-57.0,1.3026342203814084e-07
55219,6.8,-56.0,1.825122738655756e-07
55220,6.8,-55.0,2.54359434408094e-07
55221,6.8,-54.0,3.5260610955083934e-07
55222,6.8,-53.0,4.862034732029578e-07
55223,6.8,-52.0,6.668567734626099e-07
55224,6.8,-51.0,9.097737886623674e-07
55225,6.8,-50.0,1.2345841352054675e-06
55226,6.8,-49.0,1.6664584004587724e-06
55227,6.8,-48.0,2.2374585115536835e-06
55228,6.8,-47.0,2.9897224756129023e-06
55229,6.8,-46.0,4.817647640251047e-06
55230,6.8,-45.0,8.100445205536912e-05
55231,6.8,-44.0,0.0011298515109019332
55232,6.8,-43.0,0.0028475429276312116
55233,6.8,-42.0,0.002363374730610817
55234,6.8,-41.0,0.0031116619740265425
55235,6.8,-40.0,0.0013455318426213235
55236,6.8,-39.0,0.0015227165282986634
55237,6.8,-38.0,0.003507169142619461
55238,6.8,-37.0,0.0014564529456547715
55239,6.8,-36.0,0.00026209705022686583
55240,6.8,-35.0,0.0017807444177208997
55241,6.8,-34.0,0.004295755124256597
55242,6.8,-33.0,0.0019494221152503925
55243,6.8,-32.0,0.0022310411737320865
55244,6.8,-31.0,0.005049728943340036
55245,6.8,-30.0,0.002333472034977636
55246,6.8,-29.0,0.0026836466850935796
55247,6.8,-28.0,0.005988838918209295
55248,6.8,-27.0,0.0026520517461442257
55249,6.8,-26.0,0.0007335372776372171
55250,6.8,-25.0,0.003346267156695704
55251,6.8,-24.0,0.007644454038477127
55252,6.8,-23.0,0.003757098351071756
55253,6.8,-22.0,0.004362034654242142
55254,6.8,-21.0,0.009290850465178552
55255,6.8,-20.0,0.00443326047012704
55256,6.8,-19.0,0.0016701596295563815
55257,6.8,-18.0,0.005676596555252085
55258,6.8,-17.0,0.01223035794855694
55259,6.8,-16.0,0.006428347352794126
55260,6.8,-15.0,0.007497485726966049
55261,6.8,-14.0,0.01516487534976037
55262,6.8,-13.0,0.007711659031367817
55263,6.8,-12.0,0.0034895066770081746
55264,6.8,-11.0,0.009916288727696594
55265,6.8,-10.0,0.020401428868779565
55266,6.8,-9.0,0.011126985056615015
55267,6.8,-8.0,0.01304998435061
55268,6.8,-7.0,0.025663346395775822
55269,6.8,-6.0,0.013259313978139899
55270,6.8,-5.0,0.006202160656933418
55271,6.8,-4.0,0.017283740126611682
55272,6.8,-3.0,0.03537779293334231
55273,6.8,-2.0,0.01791849957920001
55274,6.8,-1.0,0.006780423679137678
55275,6.8,0.0,0.000687122268372575
55276,6.8,1.0,0.0075541701976156814
55277,6.8,2.0,0.0278400337141219
55278,6.8,3.0,0.05938304779695364
55279,6.8,4.0,0.028130845128643427
55280,6.8,5.0,0.010891769601468591
55281,6.8,6.0,0.048488217651035226
55282,6.8,7.0,0.08343523178637623
55283,6.8,8.0,0.038167839335971766
55284,6.8,9.0,0.024970978306314572
55285,6.8,10.0,0.04867454437894177
55286,6.8,11.0,0.022657468782949435
55287,6.8,12.0,0.006699946171506548
55288,6.8,13.0,0.015923021592306966
55289,6.8,14.0,0.03222987751840034
55290,6.8,15.0,0.01615171981840162
55291,6.8,16.0,0.01343512032141563
55292,6.8,17.0,0.025009524624217187
55293,6.8,18.0,0.012257527798907781
55294,6.8,19.0,0.004426656036996109
55295,6.8,20.0,0.009466774923624162
55296,6.8,21.0,0.018354563980903724
55297,6.8,22.0,0.009351862127050586
55298,6.8,23.0,0.007998379877291505
55299,6.8,24.0,0.014712080467163097
55300,6.8,25.0,0.00715504043923012
55301,6.8,26.0,0.002507733049797714
55302,6.8,27.0,0.005589605754684133
55303,6.8,28.0,0.011042926846723452
55304,6.8,29.0,0.00545575492040658
55305,6.8,30.0,0.004686811680365712
55306,6.8,31.0,0.008961407830442863
55307,6.8,32.0,0.004151735175975332
55308,6.8,33.0,0.0012057663255851572
55309,6.8,34.0,0.0032524142769828927
55310,6.8,35.0,0.0068536004219824954
55311,6.8,36.0,0.003211132681741056
55312,6.8,37.0,0.00276936600973693
55313,6.8,38.0,0.005662988888756763
55314,6.8,39.0,0.0025946217922727176
55315,6.8,40.0,0.002245202389483667
55316,6.8,41.0,0.004721526507527034
55317,6.8,42.0,0.002018733845085383
55318,6.8,43.0,0.00037915379963193377
55319,6.8,44.0,0.0016180818761728972
55320,6.8,45.0,0.0037614494332956086
55321,6.8,46.0,0.0015740627733717974
55322,6.8,47.0,0.0001692366788802965
55323,6.8,48.0,5.6422433786475276e-05
55324,6.8,49.0,4.428233839022494e-05
55325,6.8,50.0,3.527011325391754e-05
55326,6.8,51.0,2.7945367187858618e-05
55327,6.8,52.0,2.2718137998946873e-05
55328,6.8,53.0,7.94334739132548e-05
55329,6.8,54.0,0.0009342411320940681
55330,6.8,55.0,0.0022716799722507417
55331,6.8,56.0,0.0009288345288909509
55332,6.8,57.0,6.835066814132094e-05
55333,6.8,58.0,5.413201915227868e-06
55334,6.8,59.0,3.582691821422829e-06
55335,6.8,60.0,2.704647829468589e-06
55336,6.8,61.0,2.0316768554141957e-06
55337,6.8,62.0,1.5180452382208635e-06
55338,6.8,63.0,1.1282384650118959e-06
55339,6.8,64.0,8.340713386615306e-07
55340,6.8,65.0,6.133263181685135e-07
55341,6.8,66.0,4.48607067789749e-07
55342,6.8,67.0,3.263823986380688e-07
55343,6.8,68.0,2.3619649871256277e-07
55344,6.8,69.0,1.7002245732702036e-07
55345,6.8,70.0,1.2173773843522626e-07
55346,6.8,71.0,8.670223197958872e-08
55347,6.8,72.0,6.142164356403596e-08
55348,6.8,73.0,4.328114053399565e-08
55349,6.8,74.0,3.033626206672392e-08
55350,6.9,-75.0,1.1616377317050009e-10
55351,6.9,-74.0,1.7923447960058608e-10
55352,6.9,-73.0,2.7507968350213177e-10
55353,6.9,-72.0,4.1993452376105783e-10
55354,6.9,-71.0,6.376623166807493e-10
55355,6.9,-70.0,9.631324885536394e-10
55356,6.9,-69.0,1.446996301449698e-09
55357,6.9,-68.0,2.162394448291595e-09
55358,6.9,-67.0,3.2143156521842035e-09
55359,6.9,-66.0,4.752566887861787e-09
55360,6.9,-65.0,6.989628004975659e-09
55361,6.9,-64.0,1.0225063151721351e-08
55362,6.9,-63.0,1.4878667825837068e-08
55363,6.9,-62.0,2.153516542347249e-08
55364,6.9,-61.0,3.1004054700852724e-08
55365,6.9,-60.0,4.439917486755916e-08
55366,6.9,-59.0,6.324372358022119e-08
55367,6.9,-58.0,8.960785892965202e-08
55368,6.9,-57.0,1.2628765984805074e-07
55369,6.9,-56.0,1.7703612356962687e-07
55370,6.9,-55.0,2.468590464578842e-07
55371,6.9,-54.0,3.42391052766609e-07
55372,6.9,-53.0,4.7236967078876265e-07
55373,6.9,-52.0,6.482281461595736e-07
55374,6.9,-51.0,8.848305326687702e-07
55375,6.9,-50.0,1.2013753759686874e-06
55376,6.9,-49.0,1.6224968222617114e-06
55377,6.9,-48.0,2.1795944911726273e-06
55378,6.9,-47.0,2.913992900544621e-06
55379,6.9,-46.0,4.7178281308310335e-06
55380,6.9,-45.0,8.076232539647574e-05
55381,6.9,-44.0,0.0011279876607150205
55382,6.9,-43.0,0.002843029119280912
55383,6.9,-42.0,0.002359454580971922
55384,6.9,-41.0,0.003106407655318085
55385,6.9,-40.0,0.0013429877602259125
55386,6.9,-39.0,0.0015196336473814079
55387,6.9,-38.0,0.0035005585442574446
55388,6.9,-37.0,0.001453213609494918
55389,6.9,-36.0,0.0002607186860555787
55390,6.9,-35.0,0.001776272508559598
55391,6.9,-34.0,0.0042862709272758264
55392,6.9,-33.0,0.0019441054044004702
55393,6.9,-32.0,0.0022245930694749275
55394,6.9,-31.0,0.0050370938242584855
55395,6.9,-30.0,0.0023260068601204742
55396,6.9,-29.0,0.002674632582567816
55397,6.9,-28.0,0.00597186915004303
55398,6.9,-27.0,0.0026420242149881854
55399,6.9,-26.0,0.0007271912598263668
55400,6.9,-25.0,0.0033326452110322385
55401,6.9,-24.0,0.007619223373404214
55402,6.9,-23.0,0.0037409582531144417
55403,6.9,-22.0,0.004342857280179486
55404,6.9,-21.0,0.009257068338271968
55405,6.9,-20.0,0.004412323681846197
55406,6.9,-19.0,0.0016561854211846671
55407,6.9,-18.0,0.005649105103512918
55408,6.9,-17.0,0.012181199935521672
55409,6.9,-16.0,0.006397217549110765
55410,6.9,-15.0,0.007460857167435419
55411,6.9,-14.0,0.01510046901104112
55412,6.9,-13.0,0.0076739957016535056
55413,6.9,-12.0,0.0034670495863602557
55414,6.9,-11.0,0.009867412494650209
55415,6.9,-10.0,0.020309495869052088
55416,6.9,-9.0,0.011074812275234937
55417,6.9,-8.0,0.012986683906975672
55418,6.9,-7.0,0.025541736944738377
55419,6.9,-6.0,0.013199263100103416
55420,6.9,-5.0,0.006177640255632793
55421,6.9,-4.0,0.01719728069364496
55422,6.9,-3.0,0.03518965296636188
55423,6.9,-2.0,0.01783645183631129
55424,6.9,-1.0,0.006767545698927109
55425,6.9,0.0,0.0006892022336353901
55426,6.9,1.0,0.007539758703294164
55427,6.9,2.0,0.0276378640126742
55428,6.9,3.0,0.058886046318287054
55429,6.9,4.0,0.02793735169391978
55430,6.9,5.0,0.01103393992270883
55431,6.9,6.0,0.05061606272879602
55432,6.9,7.0,0.08566855860707175
55433,6.9,8.0,0.03902536589245728
55434,6.9,9.0,0.02489438036947588
55435,6.9,10.0,0.04844970128305433
55436,6.9,11.0,0.02252480336568488
55437,6.9,12.0,0.006623054332613226
55438,6.9,13.0,0.0157786237391816
55439,6.9,14.0,0.03197133850746746
55440,6.9,15.0,0.01601155704832114
55441,6.9,16.0,0.013307521055960884
55442,6.9,17.0,0.024785687099452357
55443,6.9,18.0,0.012144286192915544
55444,6.9,19.0,0.004381687132129061
55445,6.9,20.0,0.009375129950267933
55446,6.9,21.0,0.01817996986926894
55447,6.9,22.0,0.009264234168302545
55448,6.9,23.0,0.007922275133658362
55449,6.9,24.0,0.014569029034716269
55450,6.9,25.0,0.00708871824296242
55451,6.9,26.0,0.0024885189350195677
55452,6.9,27.0,0.005537677443739895
55453,6.9,28.0,0.01093314223158929
55454,6.9,29.0,0.005405127004134462
55455,6.9,30.0,0.004643179113704366
55456,6.9,31.0,0.008870594423152111
55457,6.9,32.0,0.004113147377527211
55458,6.9,33.0,0.0011989087161040218
55459,6.9,34.0,0.00322185425969385
55460,6.9,35.0,0.006781842011751143
55461,6.9,36.0,0.0031799613242127797
55462,6.9,37.0,0.0027422262024291
55463,6.9,38.0,0.005601975178860084
55464,6.9,39.0,0.0025684403349323557
55465,6.9,40.0,0.002222262016468115
55466,6.9,41.0,0.004669130374269693
55467,6.9,42.0,0.001997601525192323
55468,6.9,43.0,0.0003768490456265984
55469,6.9,44.0,0.0016006401384675115
55470,6.9,45.0,0.0037181388120865327
55471,6.9,46.0,0.001556610984523335
55472,6.9,47.0,0.00016833513418989556
55473,6.9,48.0,5.667901396358949e-05
55474,6.9,49.0,4.452225010027557e-05
55475,6.9,50.0,3.5480126174050265e-05
55476,6.9,51.0,2.81267229147471e-05
55477,6.9,52.0,2.286427050477449e-05
55478,6.9,53.0,7.879454328771528e-05
55479,6.9,54.0,0.0009229534391646105
55480,6.9,55.0,0.002243782222652454
55481,6.9,56.0,0.0009175116954692602
55482,6.9,57.0,6.764119624185747e-05
55483,6.9,58.0,5.452943936372602e-06
55484,6.9,59.0,3.6213180327555125e-06
55485,6.9,60.0,2.7352870951560885e-06
55486,6.9,61.0,2.0557874787575553e-06
55487,6.9,62.0,1.536879035595272e-06
55488,6.9,63.0,1.142844819263689e-06
55489,6.9,64.0,8.453196193887236e-07
55490,6.9,65.0,6.219289043446464e-07
55491,6.9,66.0,4.551417145571748e-07
55492,6.9,67.0,3.3131313096120065e-07
55493,6.9,68.0,2.398925514900272e-07
55494,6.9,69.0,1.7277503359168697e-07
55495,6.9,70.0,1.2377453859586727e-07
55496,6.9,71.0,8.819983111270759e-08
55497,6.9,72.0,6.251587275273955e-08
55498,6.9,73.0,4.4075672865226896e-08
55499,6.9,74.0,3.0909623210223604e-08
55500,7.0,-75.0,9.937895539746855e-11
55501,7.0,-74.0,1.5341812326253493e-10
55502,7.0,-73.0,2.3558357707761763e-10
55503,7.0,-72.0,3.598317371443007e-10
55504,7.0,-71.0,5.466886115551887e-10
55505,7.0,-70.0,8.261648170892774e-10
55506,7.0,-69.0,1.2418795444212327e-09
55507,7.0,-68.0,1.8568565735118912e-09
55508,7.0,-67.0,2.7616164053733817e-09
55509,7.0,-66.0,4.085398807189401e-09
55510,7.0,-65.0,6.011622089910652e-09
55511,7.0,-64.0,8.799034015570524e-09
55512,7.0,-63.0,1.2810451432843962e-08
55513,7.0,-62.0,1.8551540842364633e-08
55514,7.0,-61.0,2.672278128157014e-08
55515,7.0,-60.0,3.828859668180671e-08
55516,7.0,-59.0,5.4568670003862534e-08
55517,7.0,-58.0,7.735767768967998e-08
55518,7.0,-57.0,1.0908112881280015e-07
55519,7.0,-56.0,1.5299667146945e-07
55520,7.0,-55.0,2.1345214288965335e-07
55521,7.0,-54.0,2.9621377953220353e-07
55522,7.0,-53.0,4.088803408484225e-07
55523,7.0,-52.0,5.61401383457088e-07
55524,7.0,-51.0,7.667204694402398e-07
55525,7.0,-50.0,1.0415665858538934e-06
55526,7.0,-49.0,1.4074193334287952e-06
55527,7.0,-48.0,1.8916757359897718e-06
55528,7.0,-47.0,2.5304428646514725e-06
55529,7.0,-46.0,4.116609755106031e-06
55530,7.0,-45.0,7.174571195721344e-05
55531,7.0,-44.0,0.0010033755056125223
55532,7.0,-43.0,0.002529111170172262
55533,7.0,-42.0,0.002098778291971023
55534,7.0,-41.0,0.0027631239970848853
55535,7.0,-40.0,0.0011943384952422384
55536,7.0,-39.0,0.0013512518157099487
55537,7.0,-38.0,0.0031131099680821446
55538,7.0,-37.0,0.001291936230396313
55539,7.0,-36.0,0.00023108653797149954
55540,7.0,-35.0,0.0015786896554573604
55541,7.0,-34.0,0.0038106325913531505
55542,7.0,-33.0,0.001727482229147552
55543,7.0,-32.0,0.0019763938353246488
55544,7.0,-31.0,0.0044768236824936376
55545,7.0,-30.0,0.0020658554689372646
55546,7.0,-29.0,0.002375107832939583
55547,7.0,-28.0,0.005305866827552441
55548,7.0,-27.0,0.002345159320994435
55549,7.0,-26.0,0.0006423242999484515
55550,7.0,-25.0,0.002957315035054602
55551,7.0,-24.0,0.006766333636200176
55552,7.0,-23.0,0.003318885903618365
55553,7.0,-22.0,0.003852482335600986
55554,7.0,-21.0,0.008218064190830515
55555,7.0,-20.0,0.0039128088004219104
55556,7.0,-19.0,0.0014632725640143615
55557,7.0,-18.0,0.005008957160367966
55558,7.0,-17.0,0.010809810386818672
55559,7.0,-16.0,0.005672274557987271
55560,7.0,-15.0,0.006615095408537772
55561,7.0,-14.0,0.01339733573957886
55562,7.0,-13.0,0.006804047155386587
55563,7.0,-12.0,0.0030691258284707658
55564,7.0,-11.0,0.008748426755572447
55565,7.0,-10.0,0.018014159218889964
55566,7.0,-9.0,0.009821248901271186
55567,7.0,-8.0,0.011514890548281035
55568,7.0,-7.0,0.022649837435215158
55569,7.0,-6.0,0.011707119717258567
55570,7.0,-5.0,0.005482273393966579
55571,7.0,-4.0,0.015246121387919108
55572,7.0,-3.0,0.0311876036837581
55573,7.0,-2.0,0.015819488025979205
55574,7.0,-1.0,0.006018117295893442
55575,7.0,0.0,0.0006159319640900045
55576,7.0,1.0,0.006705008370507182
55577,7.0,2.0,0.02444880643434996
55578,7.0,3.0,0.05203399782599232
55579,7.0,4.0,0.024724815666556474
55580,7.0,5.0,0.01008631370830998
55581,7.0,6.0,0.0488973711052582
55582,7.0,7.0,0.10489342930462207
55583,7.0,8.0,0.04478022865074906
55584,7.0,9.0,0.02695975469194274
55585,7.0,10.0,0.05217396811960005
55586,7.0,11.0,0.024225161104144063
55587,7.0,12.0,0.007081826576166264
55588,7.0,13.0,0.01691290677962721
55589,7.0,14.0,0.03430627161747412
55590,7.0,15.0,0.017169328338802622
55591,7.0,16.0,0.014257685852594949
55592,7.0,17.0,0.026570334335614836
55593,7.0,18.0,0.01301476376406267
55594,7.0,19.0,0.004691192192674304
55595,7.0,20.0,0.01004250265822728
55596,7.0,21.0,0.01947768384659253
55597,7.0,22.0,0.009926855568613302
55598,7.0,23.0,0.008487636285901204
55599,7.0,24.0,0.015605611029291148
55600,7.0,25.0,0.0075964946310629845
55601,7.0,26.0,0.0026710164803885185
55602,7.0,27.0,0.005934217685605427
55603,7.0,28.0,0.01170845015978265
55604,7.0,29.0,0.005792266144299655
55605,7.0,30.0,0.004975594427681245
55606,7.0,31.0,0.009497809908878902
55607,7.0,32.0,0.004407701697861245
55608,7.0,33.0,0.0012894123160020379
55609,7.0,34.0,0.0034522352122506672
55610,7.0,35.0,0.00725891706736704
55611,7.0,36.0,0.003406288236512899
55612,7.0,37.0,0.002937126863941544
55613,7.0,38.0,0.00599421632924239
55614,7.0,39.0,0.002750186877980307
55615,7.0,40.0,0.002379209977343217
55616,7.0,41.0,0.004994424250649505
55617,7.0,42.0,0.0021381426944063206
55618,7.0,43.0,0.0004051569347864703
55619,7.0,44.0,0.001712715388775094
55620,7.0,45.0,0.003975496923579175
55621,7.0,46.0,0.001665082446639659
55622,7.0,47.0,0.0001811198265117804
55623,7.0,48.0,6.158339147431389e-05
55624,7.0,49.0,4.841630528171131e-05
55625,7.0,50.0,3.860392213104616e-05
55626,7.0,51.0,3.061938273381111e-05
55627,7.0,52.0,2.4889459513872935e-05
55628,7.0,53.0,8.454847682508036e-05
55629,7.0,54.0,0.0009862695947075973
55630,7.0,55.0,0.0023972195072438124
55631,7.0,56.0,0.0009803455571184324
55632,7.0,57.0,7.240824549076963e-05
55633,7.0,58.0,5.941600278039051e-06
55634,7.0,59.0,3.9590587543324825e-06
55635,7.0,60.0,2.99201029209079e-06
55636,7.0,61.0,2.249933975325056e-06
55637,7.0,62.0,1.6829167502018581e-06
55638,7.0,63.0,1.2521074502677875e-06
55639,7.0,64.0,9.266306770472861e-07
55640,7.0,65.0,6.82115401440492e-07
55641,7.0,66.0,4.994535964639992e-07
55642,7.0,67.0,3.637630155368521e-07
55643,7.0,68.0,2.6352877646629215e-07
55644,7.0,69.0,1.8989942833926702e-07
55645,7.0,70.0,1.361148085319367e-07
55646,7.0,71.0,9.70450087044519e-08
55647,7.0,72.0,6.882197595848423e-08
55648,7.0,73.0,4.854753452999103e-08
55649,7.0,74.0,3.406381838098877e-08
55650,7.1,-75.0,8.835818532604729e-11
55651,7.1,-74.0,1.3647729793936762e-10
55652,7.1,-73.0,2.096815173520741e-10
55653,7.1,-72.0,3.2043946177684905e-10
55654,7.1,-71.0,4.870997921677e-10
55655,7.1,-70.0,7.365055143264448e-10
55656,7.1,-69.0,1.1076949338504314e-09
55657,7.1,-68.0,1.6571065897493475e-09
55658,7.1,-67.0,2.4658509848767884e-09
55659,7.1,-66.0,3.6498021343205977e-09
55660,7.1,-65.0,5.373508294828426e-09
55661,7.1,-64.0,7.869237220398575e-09
55662,7.1,-63.0,1.1462872551104178e-08
55663,7.1,-62.0,1.6608882194191695e-08
55664,7.1,-61.0,2.393720631749388e-08
55665,7.1,-60.0,3.431568264730941e-08
55666,7.1,-59.0,4.893256136068875e-08
55667,7.1,-58.0,6.94047813097317e-08
55668,7.1,-57.0,9.791900122332619e-08
55669,7.1,-56.0,1.3741391636986255e-07
55670,7.1,-55.0,1.9181414717012183e-07
55671,7.1,-54.0,2.663279536360588e-07
55672,7.1,-53.0,3.6782318399552034e-07
55673,7.1,-52.0,5.052981615987484e-07
55674,7.1,-51.0,6.90466578294258e-07
55675,7.1,-50.0,9.384777893472975e-07
55676,7.1,-49.0,1.2687960510895907e-06
55677,7.1,-48.0,1.7062640217699622e-06
55678,7.1,-47.0,2.2823770270103894e-06
55679,7.1,-46.0,3.036795332118137e-06
55680,7.1,-45.0,4.020534079247167e-06
55681,7.1,-44.0,6.054160148529214e-06
55682,7.1,-43.0,7.510028946937273e-05
55683,7.1,-42.0,0.0010187137677115123
55684,7.1,-41.0,0.002492216166494164
55685,7.1,-40.0,0.0011032254222775777
55686,7.1,-39.0,0.0012487891445889473
55687,7.1,-38.0,0.0028774408809578047
55688,7.1,-37.0,0.0011937397339165908
55689,7.1,-36.0,0.0002128864020770342
55690,7.1,-35.0,0.001458281716225729
55691,7.1,-34.0,0.003521034174993919
55692,7.1,-33.0,0.0015953852346322537
55693,7.1,-32.0,0.0018249655056918285
55694,7.1,-31.0,0.0041353880319087745
55695,7.1,-30.0,0.0019069872290603342
55696,7.1,-29.0,0.002192104753723233
55697,7.1,-28.0,0.004899583652254253
55698,7.1,-27.0,0.002163550592768042
55699,7.1,-26.0,0.0005896820347826605
55700,7.1,-25.0,0.002727498627479241
55701,7.1,-24.0,0.006245294985692353
55702,7.1,-23.0,0.003060267339742207
55703,7.1,-22.0,0.0035519171711540206
55704,7.1,-21.0,0.007582667912109665
55705,7.1,-20.0,0.0036063301335300404
55706,7.1,-19.0,0.0013436473988301888
55707,7.1,-18.0,0.004616038835878368
55708,7.1,-17.0,0.00997014733194012
55709,7.1,-16.0,0.005227284612479651
55710,7.1,-15.0,0.00609587750501136
55711,7.1,-14.0,0.012353819318316753
55712,7.1,-13.0,0.006269942121589357
55713,7.1,-12.0,0.0028236208175594886
55714,7.1,-11.0,0.008061346252807466
55715,7.1,-10.0,0.016606706053168205
55716,7.1,-9.0,0.009052049131748036
55717,7.1,-8.0,0.010611406386164186
55718,7.1,-7.0,0.02087543676714052
55719,7.1,-6.0,0.010791963823452539
55720,7.1,-5.0,0.005056331584675189
55721,7.1,-4.0,0.014048005731930489
55722,7.1,-3.0,0.028728302143324967
55723,7.1,-2.0,0.014582489116292521
55724,7.1,-1.0,0.005561903933776022
55725,7.1,0.0,0.0005720982126796544
55726,7.1,1.0,0.006197121795022116
55727,7.1,2.0,0.0224804931375375
55728,7.1,3.0,0.04779288236468138
55729,7.1,4.0,0.02273944288711049
55730,7.1,5.0,0.00911814604796851
55731,7.1,6.0,0.04200953640222179
55732,7.1,7.0,0.0951091161523119
55733,7.1,8.0,0.04640253640906577
55734,7.1,9.0,0.0301763051300256
55735,7.1,10.0,0.059025804363846954
55736,7.1,11.0,0.027373550794605763
55737,7.1,12.0,0.007954870252063808
55738,7.1,13.0,0.019044651158015475
55739,7.1,14.0,0.03867202172592597
55740,7.1,15.0,0.01934096249680094
55741,7.1,16.0,0.016047118367223404
55742,7.1,17.0,0.02992219373053066
55743,7.1,18.0,0.014651955366128485
55744,7.1,19.0,0.005275954429171387
55745,7.1,20.0,0.011300449169222664
55746,7.1,21.0,0.021921800092738447
55747,7.1,22.0,0.011173887380122278
55748,7.1,23.0,0.009552392550026413
55749,7.1,24.0,0.017559988468618153
55750,7.1,25.0,0.008551617150911635
55751,7.1,26.0,0.003011533624180222
55752,7.1,27.0,0.006680180301670272
55753,7.1,28.0,0.013171857538029911
55754,7.1,29.0,0.006520519829294324
55755,7.1,30.0,0.0056010009270992655
55756,7.1,31.0,0.010682873136807975
55757,7.1,32.0,0.00496184221365528
55758,7.1,33.0,0.001456732109779776
55759,7.1,34.0,0.0038858751656288527
55760,7.1,35.0,0.00816189234078933
55761,7.1,36.0,0.003832979258047149
55762,7.1,37.0,0.0033047468258756677
55763,7.1,38.0,0.006737813722343276
55764,7.1,39.0,0.003093512002696933
55765,7.1,40.0,0.0026758859577870066
55766,7.1,41.0,0.005612163683284851
55767,7.1,42.0,0.002404153184013029
55768,7.1,43.0,0.00045759617097923007
55769,7.1,44.0,0.001925194435100448
55770,7.1,45.0,0.004465317192366868
55771,7.1,46.0,0.0018710639496052927
55772,7.1,47.0,0.00020472343238329643
55773,7.1,48.0,7.02870483180989e-05
55774,7.1,49.0,5.5306193611599696e-05
55775,7.1,50.0,4.4120993614087964e-05
55776,7.1,51.0,3.501396666090006e-05
55777,7.1,52.0,2.8460764279309638e-05
55778,7.1,53.0,9.530861841193856e-05
55779,7.1,54.0,0.0011071492755373915
55780,7.1,55.0,0.002690469482718293
55781,7.1,56.0,0.0011003749936867604
55782,7.1,57.0,8.14278164524467e-05
55783,7.1,58.0,6.8009633284437535e-06
55784,7.1,59.0,4.546580583903532e-06
55785,7.1,60.0,3.4378809047229463e-06
55786,7.1,61.0,2.5865978317023587e-06
55787,7.1,62.0,1.935767337134501e-06
55788,7.1,63.0,1.4409984494554238e-06
55789,7.1,64.0,1.0669890854801065e-06
55790,7.1,65.0,7.858552300896184e-07
55791,7.1,66.0,5.75719880145874e-07
55792,7.1,67.0,4.1953288854996377e-07
55793,7.1,68.0,3.0409333791707087e-07
55794,7.1,69.0,2.1924712476477067e-07
55795,7.1,70.0,1.57234199932257e-07
55796,7.1,71.0,1.121621256151484e-07
55797,7.1,72.0,7.958506120753748e-08
55798,7.1,73.0,5.616981398138429e-08
55799,7.1,74.0,3.943306404485053e-08
55800,7.2,-75.0,8.607057807287511e-11
55801,7.2,-74.0,1.3301472982231712e-10
55802,7.2,-73.0,2.0447059516279892e-10
55803,7.2,-72.0,3.126425564519576e-10
55804,7.2,-71.0,4.755009983688981e-10
55805,7.2,-70.0,7.193510483760884e-10
55806,7.2,-69.0,1.082471414953021e-09
55807,7.2,-68.0,1.6202353405184945e-09
55808,7.2,-67.0,2.412269764954834e-09
55809,7.2,-66.0,3.5723973239521422e-09
55810,7.2,-65.0,5.262350210888422e-09
55811,7.2,-64.0,7.71055873595647e-09
55812,7.2,-63.0,1.1237716321006108e-08
55813,7.2,-62.0,1.6291324494079964e-08
55814,7.2,-61.0,2.3492045893156314e-08
55815,7.2,-60.0,3.3695461427114375e-08
55816,7.2,-59.0,4.8073761173026415e-08
55817,7.2,-58.0,6.822301816104047e-08
55818,7.2,-57.0,9.630301820977181e-08
55819,7.2,-56.0,1.3521816077020585e-07
55820,7.2,-55.0,1.8884971062656645e-07
55821,7.2,-54.0,2.6235166178136614e-07
55822,7.2,-53.0,3.6252465010833146e-07
55823,7.2,-52.0,4.982846761739857e-07
55824,7.2,-51.0,6.812458028320684e-07
55825,7.2,-50.0,9.264383699321896e-07
55826,7.2,-49.0,1.2531864787438074e-06
55827,7.2,-48.0,1.6861703566154894e-06
55828,7.2,-47.0,2.2567004870622524e-06
55829,7.2,-46.0,3.00423124555323e-06
55830,7.2,-45.0,3.9795727228190494e-06
55831,7.2,-44.0,6.0129399368415184e-06
55832,7.2,-43.0,7.592462893384748e-05
55833,7.2,-42.0,0.001031782768462882
55834,7.2,-41.0,0.002524417707279125
55835,7.2,-40.0,0.0011172688833023649
55836,7.2,-39.0,0.0012645184425623757
55837,7.2,-38.0,0.0029140707762250815
55838,7.2,-37.0,0.0012085428710272817
55839,7.2,-36.0,0.0002148913179064757
55840,7.2,-35.0,0.0014759460686464942
55841,7.2,-34.0,0.0035647248454212166
55842,7.2,-33.0,0.001614368384207296
55843,7.2,-32.0,0.0018463795889783563
55844,7.2,-31.0,0.004185484894846091
55845,7.2,-30.0,0.001928774504990414
55846,7.2,-29.0,0.0022167921156972348
55847,7.2,-28.0,0.0049573056411155005
55848,7.2,-27.0,0.0021869952867676914
55849,7.2,-26.0,0.000593152610453378
55850,7.2,-25.0,0.0027562391054791404
55851,7.2,-24.0,0.006315915124268119
55852,7.2,-23.0,0.0030917970351245438
55853,7.2,-22.0,0.003588137352867578
55854,7.2,-21.0,0.007665808010038266
55855,7.2,-20.0,0.003641874124359334
55856,7.2,-19.0,0.0013518119876482747
55857,7.2,-18.0,0.004660935171182833
55858,7.2,-17.0,0.010075521302980499
55859,7.2,-16.0,0.005278066137593515
55860,7.2,-15.0,0.006154830080095979
55861,7.2,-14.0,0.012481471688995037
55862,7.2,-13.0,0.006330487949941614
55863,7.2,-12.0,0.002846178120068817
55864,7.2,-11.0,0.008138850550888409
55865,7.2,-10.0,0.01677391975615714
55866,7.2,-9.0,0.009141213555948526
55867,7.2,-8.0,0.010714318548869303
55868,7.2,-7.0,0.02108087992456377
55869,7.2,-6.0,0.010900033106503514
55870,7.2,-5.0,0.00510944886171034
55871,7.2,-4.0,0.014182487874972923
55872,7.2,-3.0,0.028995163611319798
55873,7.2,-2.0,0.01472830896397077
55874,7.2,-1.0,0.005631791444944949
55875,7.2,0.0,0.0005822200399667598
55876,7.2,1.0,0.006275607967510537
55877,7.2,2.0,0.022650311034362023
55878,7.2,3.0,0.04810228550425686
55879,7.2,4.0,0.02291778673099731
55880,7.2,5.0,0.00914547932797408
55881,7.2,6.0,0.04107289612577271
55882,7.2,7.0,0.09267501391990475
55883,7.2,8.0,0.04447444118502116
55884,7.2,9.0,0.030243414569767427
55885,7.2,10.0,0.059538783013315236
55886,7.2,11.0,0.027577015378751887
55887,7.2,12.0,0.007965483970517296
55888,7.2,13.0,0.019117143740713584
55889,7.2,14.0,0.03886157960461059
55890,7.2,15.0,0.019422156204737917
55891,7.2,16.0,0.016100171626733634
55892,7.2,17.0,0.030038584355611648
55893,7.2,18.0,0.014704123392323756
55894,7.2,19.0,0.005289125897790307
55895,7.2,20.0,0.01133516023001532
55896,7.2,21.0,0.02199373461024051
55897,7.2,22.0,0.011211826766794978
55898,7.2,23.0,0.0095833019982795
55899,7.2,24.0,0.017613676605864954
55900,7.2,25.0,0.008581472002756343
55901,7.2,26.0,0.0030266582861253875
55902,7.2,27.0,0.006703332743071579
55903,7.2,28.0,0.013209210541447903
55904,7.2,29.0,0.006543287797172713
55905,7.2,30.0,0.0056203896114404095
55906,7.2,31.0,0.010711135904298221
55907,7.2,32.0,0.004979153377382081
55908,7.2,33.0,0.0014670288151596843
55909,7.2,34.0,0.0038990629957815453
55910,7.2,35.0,0.008180762174816718
55911,7.2,36.0,0.0038448202765059853
55912,7.2,37.0,0.0033146580002510204
55913,7.2,38.0,0.006751339873884085
55914,7.2,39.0,0.0031018963864747713
55915,7.2,40.0,0.002682802849093285
55916,7.2,41.0,0.005621597375432293
55917,7.2,42.0,0.0024097625109987184
55918,7.2,43.0,0.0004607162871543841
55919,7.2,44.0,0.001929083139319562
55920,7.2,45.0,0.0044709244612478865
55921,7.2,46.0,0.0018742512947949271
55922,7.2,47.0,0.00020628529532965462
55923,7.2,48.0,7.150664047910317e-05
55924,7.2,49.0,5.631349977634873e-05
55925,7.2,50.0,4.4948557093111466e-05
55926,7.2,51.0,3.5689693757585745e-05
55927,7.2,52.0,2.9009453127532857e-05
55928,7.2,53.0,9.577770183351545e-05
55929,7.2,54.0,0.001107899774167677
55930,7.2,55.0,0.0026917242062728386
55931,7.2,56.0,0.0011009947773417393
55932,7.2,57.0,8.163094025162683e-05
55933,7.2,58.0,6.939377193831562e-06
55934,7.2,59.0,4.65408747935294e-06
55935,7.2,60.0,3.5210743019286284e-06
55936,7.2,61.0,2.6506028569081755e-06
55937,7.2,62.0,1.9847248135363086e-06
55938,7.2,63.0,1.4782301113607794e-06
55939,7.2,64.0,1.0951406439570511e-06
55940,7.2,65.0,8.070191817167613e-07
55941,7.2,66.0,5.915397386334539e-07
55942,7.2,67.0,4.3129070678465936e-07
55943,7.2,68.0,3.127824542466777e-07
55944,7.2,69.0,2.2563204168343646e-07
55945,7.2,70.0,1.6189941181436124e-07
55946,7.2,71.0,1.1555157680143977e-07
55947,7.2,72.0,8.203375454385455e-08
55948,7.2,73.0,5.7928916981864944e-08
55949,7.2,74.0,4.068968585701612e-08
55950,7.3,-75.0,8.363388309999386e-11
55951,7.3,-74.0,1.2931790716154022e-10
55952,7.3,-73.0,1.988937706369321e-10
55953,7.3,-72.0,3.042774742296138e-10
55954,7.3,-71.0,4.6302509730173234e-10
55955,7.3,-70.0,7.008504695372274e-10
55956,7.3,-69.0,1.0551940013031573e-09
55957,7.3,-68.0,1.5802484275729926e-09
55958,7.3,-67.0,2.353989539913651e-09
55959,7.3,-66.0,3.487946377685664e-09
55960,7.3,-65.0,5.14068721904049e-09
55961,7.3,-64.0,7.53630856642949e-09
55962,7.3,-63.0,1.0989609877345284e-08
55963,7.3,-62.0,1.5940134933091285e-08
55964,7.3,-61.0,2.2997881292956063e-08
55965,7.3,-60.0,3.3004243534698015e-08
55966,7.3,-59.0,4.711268586001387e-08
55967,7.3,-58.0,6.689475646043368e-08
55968,7.3,-57.0,9.447837872971748e-08
55969,7.3,-56.0,1.3272689715222124e-07
55970,7.3,-55.0,1.8546912486206424e-07
55971,7.3,-54.0,2.577926302426697e-07
55972,7.3,-53.0,3.5641469024149944e-07
55973,7.3,-52.0,4.901476858418556e-07
55974,7.3,-51.0,6.704781511028753e-07
55975,7.3,-50.0,9.122811094934024e-07
55976,7.3,-49.0,1.2346935998393876e-06
55977,7.3,-48.0,1.6621732259292482e-06
55978,7.3,-47.0,2.225768929021871e-06
55979,7.3,-46.0,2.964632149990639e-06
55980,7.3,-45.0,3.929242736393994e-06
55981,7.3,-44.0,5.957549725750498e-06
55982,7.3,-43.0,7.657437204924691e-05
55983,7.3,-42.0,0.0010424862066076564
55984,7.3,-41.0,0.002550832398182197
55985,7.3,-40.0,0.001128749787543384
55986,7.3,-39.0,0.0012773443872423245
55987,7.3,-38.0,0.0029440117433707654
55988,7.3,-37.0,0.0012205689251694352
55989,7.3,-36.0,0.0002163971203209851
55990,7.3,-35.0,0.0014902115957298942
55991,7.3,-34.0,0.0036002147911385735
55992,7.3,-33.0,0.0016296292857748188
55993,7.3,-32.0,0.00186353044919001
55994,7.3,-31.0,0.004225932410933665
55995,7.3,-30.0,0.0019460991998892572
55996,7.3,-29.0,0.002236342695771839
55997,7.3,-28.0,0.005003569427601674
55998,7.3,-27.0,0.002205356384027771
55999,7.3,-26.0,0.0005952018492463792
56000,7.3,-25.0,0.0027785531498920033
56001,7.3,-24.0,0.006371877812125143
56002,7.3,-23.0,0.003116098940589341
56003,7.3,-22.0,0.0036159584823052377
56004,7.3,-21.0,0.00773110001985017
56005,7.3,-20.0,0.003668859590319297
56006,7.3,-19.0,0.0013566953996665824
56007,7.3,-18.0,0.004694855715995845
56008,7.3,-17.0,0.010157339974641163
56009,7.3,-16.0,0.00531639690199394
56010,7.3,-15.0,0.006199258070698643
56011,7.3,-14.0,0.012579869920157413
56012,7.3,-13.0,0.006376059677656154
56013,7.3,-12.0,0.002861843536743441
56014,7.3,-11.0,0.00819710523735705
56015,7.3,-10.0,0.016901731915884302
56016,7.3,-9.0,0.009208769731285852
56017,7.3,-8.0,0.010791917930199848
56018,7.3,-7.0,0.021236774467022816
56019,7.3,-6.0,0.0109823694081453
56020,7.3,-5.0,0.00515039105148101
56021,7.3,-4.0,0.014283559818918214
56022,7.3,-3.0,0.029193936223633917
56023,7.3,-2.0,0.014839522444732158
56024,7.3,-1.0,0.00568844891449842
56025,7.3,0.0,0.0005910802619688862
56026,7.3,1.0,0.0063395733592526305
56027,7.3,2.0,0.022768009023290455
56028,7.3,3.0,0.0483010945300769
56029,7.3,4.0,0.023043808630110782
56030,7.3,5.0,0.009174255907366724
56031,7.3,6.0,0.04037148573122441
56032,7.3,7.0,0.09083705136840675
56033,7.3,8.0,0.04291117408583996
56034,7.3,9.0,0.030315688263777285
56035,7.3,10.0,0.06001154075206501
56036,7.3,11.0,0.027760678857144994
56037,7.3,12.0,0.007968840127893803
56038,7.3,13.0,0.019172551555509086
56039,7.3,14.0,0.039017184486422454
56040,7.3,15.0,0.01948601594030021
56041,7.3,16.0,0.01613841216004655
56042,7.3,17.0,0.030127735471184868
56043,7.3,18.0,0.014742743467489522
56044,7.3,19.0,0.005297159532534717
56045,7.3,20.0,0.01135923413693805
56046,7.3,21.0,0.02204534202542149
56047,7.3,22.0,0.011239297667284175
56048,7.3,23.0,0.0096052121107919
56049,7.3,24.0,0.017651000406482074
56050,7.3,25.0,0.008603298587871117
56051,7.3,26.0,0.0030388880019863195
56052,7.3,27.0,0.006720202337884476
56053,7.3,28.0,0.013234271971071685
56054,7.3,29.0,0.00655995724585179
56055,7.3,30.0,0.005634538912533144
56056,7.3,31.0,0.010729437861825852
56057,7.3,32.0,0.004991843196383502
56058,7.3,33.0,0.001475977253336771
56059,7.3,34.0,0.003908639944630343
56060,7.3,35.0,0.008192032635095473
56061,7.3,36.0,0.003853108219648682
56062,7.3,37.0,0.0033215086500846193
56063,7.3,38.0,0.00675859560226089
56064,7.3,39.0,0.003107418599676195
56065,7.3,40.0,0.0026872456206521247
56066,7.3,41.0,0.005625806674839842
56067,7.3,42.0,0.0024131490425040774
56068,7.3,43.0,0.00046343386190973994
56069,7.3,44.0,0.001931191744525482
56070,7.3,45.0,0.0044723690812017245
56071,7.3,46.0,0.0018757047393750067
56072,7.3,47.0,0.00020767253558335805
56073,7.3,48.0,7.267547764414908e-05
56074,7.3,49.0,5.728211396897084e-05
56075,7.3,50.0,4.574609082245909e-05
56076,7.3,51.0,3.634227404615822e-05
56077,7.3,52.0,2.9539656410292833e-05
56078,7.3,53.0,9.616426430634155e-05
56079,7.3,54.0,0.0011076172389113393
56080,7.3,55.0,0.0026904593454029164
56081,7.3,56.0,0.00110058603639616
56082,7.3,57.0,8.176084750279853e-05
56083,7.3,58.0,7.0739858762846085e-06
56084,7.3,59.0,4.759398148247268e-06
56085,7.3,60.0,3.602693483711253e-06
56086,7.3,61.0,2.7134896954724364e-06
56087,7.3,62.0,2.032896197773932e-06
56088,7.3,63.0,1.5149152518650142e-06
56089,7.3,64.0,1.1229168014201357e-06
56090,7.3,65.0,8.279286843045928e-07
56091,7.3,66.0,6.071896866646286e-07
56092,7.3,67.0,4.4293699070731116e-07
56093,7.3,68.0,3.213998151938949e-07
56094,7.3,69.0,2.3197191202452333e-07
56095,7.3,70.0,1.665372117251942e-07
56096,7.3,71.0,1.1892503382628253e-07
56097,7.3,72.0,8.447367444976877e-08
56098,7.3,73.0,5.968368026229556e-08
56099,7.3,74.0,4.1944585990941634e-08
56100,7.4,-75.0,8.11543699007055e-11
56101,7.4,-74.0,1.2555086392420904e-10
56102,7.4,-73.0,1.9320288552292877e-10
56103,7.4,-72.0,2.957287986215933e-10
56104,7.4,-71.0,4.502562368824616e-10
56105,7.4,-70.0,6.818862976490512e-10
56106,7.4,-69.0,1.0271888526277205e-09
56107,7.4,-68.0,1.5391280037734067e-09
56108,7.4,-67.0,2.293957096047039e-09
56109,7.4,-66.0,3.400806727000645e-09
56110,7.4,-65.0,5.014928214320799e-09
56111,7.4,-64.0,7.355862475618054e-09
56112,7.4,-63.0,1.0732195950748764e-08
56113,7.4,-62.0,1.5575058975041388e-08
56114,7.4,-61.0,2.2483137813660733e-08
56115,7.4,-60.0,3.2282730857868813e-08
56116,7.4,-59.0,4.6107304476966206e-08
56117,7.4,-58.0,6.550211645894397e-08
56118,7.4,-57.0,9.256079439485924e-08
56119,7.4,-56.0,1.301022977520036e-07
56120,7.4,-55.0,1.8189846314842904e-07
56121,7.4,-54.0,2.5296432856865714e-07
56122,7.4,-53.0,3.499256342262422e-07
56123,7.4,-52.0,4.814802648229936e-07
56124,7.4,-51.0,6.589728628370344e-07
56125,7.4,-50.0,8.971043054902915e-07
56126,7.4,-49.0,1.2148000613046353e-06
56127,7.4,-48.0,1.6362634445204986e-06
56128,7.4,-47.0,2.1922412390969977e-06
56129,7.4,-46.0,2.9215302424306423e-06
56130,7.4,-45.0,3.874212947047061e-06
56131,7.4,-44.0,5.894940806092675e-06
56132,7.4,-43.0,7.713051282912583e-05
56133,7.4,-42.0,0.0010519153321553742
56134,7.4,-41.0,0.002574129010616312
56135,7.4,-40.0,0.0011388503480074706
56136,7.4,-39.0,0.0012886058164753576
56137,7.4,-38.0,0.002970347182557827
56138,7.4,-37.0,0.0012310986382386415
56139,7.4,-36.0,0.00021763472482526494
56140,7.4,-35.0,0.0015026444820681966
56141,7.4,-34.0,0.0036312814552623036
56142,7.4,-33.0,0.0016428827283891149
56143,7.4,-32.0,0.0018783807921429303
56144,7.4,-31.0,0.0042611718390536514
56145,7.4,-30.0,0.0019610145604954912
56146,7.4,-29.0,0.0022531180891893474
56147,7.4,-28.0,0.005043643318291563
56148,7.4,-27.0,0.002220968346311592
56149,7.4,-26.0,0.0005964775535099062
56150,7.4,-25.0,0.0027973868134864226
56151,7.4,-24.0,0.00641990972800427
56152,7.4,-23.0,0.003136481294092251
56153,7.4,-22.0,0.003639221642059457
56154,7.4,-21.0,0.0077867209826779655
56155,7.4,-20.0,0.003691191137039862
56156,7.4,-19.0,0.001359772153831872
56157,7.4,-18.0,0.004722800310870276
56158,7.4,-17.0,0.010226369704483136
56159,7.4,-16.0,0.0053479387048238815
56160,7.4,-15.0,0.006235764879624042
56161,7.4,-14.0,0.012662364916005761
56162,7.4,-13.0,0.006413449020425001
56163,7.4,-12.0,0.0028736929175741284
56164,7.4,-11.0,0.008244843231287897
56165,7.4,-10.0,0.01700810493618883
56166,7.4,-9.0,0.009264514748520409
56167,7.4,-8.0,0.010855695319607962
56168,7.4,-7.0,0.021365716797486185
56169,7.4,-6.0,0.011050644669876885
56170,7.4,-5.0,0.005184614092364927
56171,7.4,-4.0,0.014366437923854695
56172,7.4,-3.0,0.029355773915300625
56173,7.4,-2.0,0.014931899853293115
56174,7.4,-1.0,0.005737831803411801
56175,7.4,0.0,0.0005992816924002683
56176,7.4,1.0,0.0063956485343630515
56177,7.4,2.0,0.022858062605847867
56178,7.4,3.0,0.04844153360239994
56179,7.4,4.0,0.02314212165179495
56180,7.4,5.0,0.00920384924547137
56181,7.4,6.0,0.03979709261437505
56182,7.4,7.0,0.08932097968684928
56183,7.4,8.0,0.04155197918467755
56184,7.4,9.0,0.030392715468754612
56185,7.4,10.0,0.060466695341733996
56186,7.4,11.0,0.02793510236445231
56187,7.4,12.0,0.007968011466948765
56188,7.4,13.0,0.019218112974542706
56189,7.4,14.0,0.039153472364568086
56190,7.4,15.0,0.01953987889721487
56191,7.4,16.0,0.01616793797367722
56192,7.4,17.0,0.03020098890084061
56193,7.4,18.0,0.014773375444972998
56194,7.4,19.0,0.005302064036128805
56195,7.4,20.0,0.011376963447048513
56196,7.4,21.0,0.02208494346842677
56197,7.4,22.0,0.011260538147186284
56198,7.4,23.0,0.00962174729195298
56199,7.4,24.0,0.01767862916854564
56200,7.4,25.0,0.008620337622461578
56201,7.4,26.0,0.003049355067321044
56202,7.4,27.0,0.006733320142690957
56203,7.4,28.0,0.013252048059113355
56204,7.4,29.0,0.006572998588766146
56205,7.4,30.0,0.005645570934647509
56206,7.4,31.0,0.010741842370696168
56207,7.4,32.0,0.005001791488771671
56208,7.4,33.0,0.0014841200064438763
56209,7.4,34.0,0.003916078775850087
56210,7.4,35.0,0.00819881280026367
56211,7.4,36.0,0.00385929798462909
56212,7.4,37.0,0.003326553677611641
56213,7.4,38.0,0.006762151082252168
56214,7.4,39.0,0.0031112549773681516
56215,7.4,40.0,0.002690232390409519
56216,7.4,41.0,0.005626935557281265
56217,7.4,42.0,0.0024152286135516923
56218,7.4,43.0,0.00046591980858205203
56219,7.4,44.0,0.0019322546909019856
56220,7.4,45.0,0.004471360170092381
56221,7.4,46.0,0.0018761390980969155
56222,7.4,47.0,0.0002089614250365854
56223,7.4,48.0,7.381867069014336e-05
56224,7.4,49.0,5.823173583836827e-05
56225,7.4,50.0,4.6529286742534666e-05
56226,7.4,51.0,3.698414287695865e-05
56227,7.4,52.0,3.0061492919182273e-05
56228,7.4,53.0,9.65042746982249e-05
56229,7.4,54.0,0.001106726543082162
56230,7.4,55.0,0.0026877082258702227
56231,7.4,56.0,0.0010995712399621232
56232,7.4,57.0,8.184857882217202e-05
56233,7.4,58.0,7.207213134079629e-06
56234,7.4,59.0,4.8641144837673634e-06
56235,7.4,60.0,3.683949029395314e-06
56236,7.4,61.0,2.776168779903788e-06
56237,7.4,62.0,2.0809626342855588e-06
56238,7.4,63.0,1.5515608253652264e-06
56239,7.4,64.0,1.1506929093331654e-06
56240,7.4,65.0,8.48860207957975e-07
56241,7.4,66.0,6.228723060140572e-07
56242,7.4,67.0,4.546194115725439e-07
56243,7.4,68.0,3.3005250762403465e-07
56244,7.4,69.0,2.3834399002757642e-07
56245,7.4,70.0,1.7120304378748484e-07
56246,7.4,71.0,1.2232208226555953e-07
56247,7.4,72.0,8.693293785058968e-08
56248,7.4,73.0,6.145397159705202e-08
56249,7.4,74.0,4.321173077462877e-08
56250,7.5,-75.0,7.867538668882965e-11
56251,7.5,-74.0,1.2178058913737135e-10
56252,7.5,-73.0,1.8750090267857766e-10
56253,7.5,-72.0,2.8715392885543093e-10
56254,7.5,-71.0,4.374337323324999e-10
56255,7.5,-70.0,6.628204292121458e-10
56256,7.5,-69.0,9.990002777710867e-10
56257,7.5,-68.0,1.4976883119598108e-09
56258,7.5,-67.0,2.2333838977426936e-09
56259,7.5,-66.0,3.3127711068803414e-09
56260,7.5,-65.0,4.887711780321975e-09
56261,7.5,-64.0,7.173083026071857e-09
56262,7.5,-63.0,1.0471098351652747e-08
56263,7.5,-62.0,1.5204240603228558e-08
56264,7.5,-61.0,2.1959545365772636e-08
56265,7.5,-60.0,3.154772708867633e-08
56266,7.5,-59.0,4.508155941313859e-08
56267,7.5,-58.0,6.407902813513321e-08
56268,7.5,-57.0,9.059809005064232e-08
56269,7.5,-56.0,1.2741140936523248e-07
56270,7.5,-55.0,1.7823121383962308e-07
56271,7.5,-54.0,2.4799641275774446e-07
56272,7.5,-53.0,3.4323632999142053e-07
56273,7.5,-52.0,4.7252778907921636e-07
56274,7.5,-51.0,6.470647781820379e-07
56275,7.5,-50.0,8.813624235832652e-07
56276,7.5,-49.0,1.194119375495012e-06
56277,7.5,-48.0,1.6092647804038582e-06
56278,7.5,-47.0,2.1572175539152e-06
56279,7.5,-46.0,2.876386855986414e-06
56280,7.5,-45.0,3.816414659931812e-06
56281,7.5,-44.0,5.827979694956011e-06
56282,7.5,-43.0,7.762579042560392e-05
56283,7.5,-42.0,0.001060510239087257
56284,7.5,-41.0,0.0025953837192584806
56285,7.5,-40.0,0.0011480474072199636
56286,7.5,-39.0,0.001298842839331132
56287,7.5,-38.0,0.0029943207716264676
56288,7.5,-37.0,0.0012406488199753708
56289,7.5,-36.0,0.00021869767926419167
56290,7.5,-35.0,0.0015138769595623518
56291,7.5,-34.0,0.0036594490993914395
56292,7.5,-33.0,0.001654821141195197
56293,7.5,-32.0,0.0018917233259100916
56294,7.5,-31.0,0.004292996005377566
56295,7.5,-30.0,0.001974350223676891
56296,7.5,-29.0,0.0022680727256819064
56297,7.5,-28.0,0.00507965494737581
56298,7.5,-27.0,0.0022347752021981185
56299,7.5,-26.0,0.0005972434550111402
56300,7.5,-25.0,0.0028139319030294177
56301,7.5,-24.0,0.006462729182622663
56302,7.5,-23.0,0.0031542828522592827
56303,7.5,-22.0,0.0036594813979199613
56304,7.5,-21.0,0.007835976771245656
56305,7.5,-20.0,0.003710449757165359
56306,7.5,-19.0,0.001361642319720506
56307,7.5,-18.0,0.00474679363665176
56308,7.5,-17.0,0.010286965256933596
56309,7.5,-16.0,0.005374984226741144
56310,7.5,-15.0,0.006267024501664137
56311,7.5,-14.0,0.012734358166912098
56312,7.5,-13.0,0.006445406102585362
56313,7.5,-12.0,0.002882974258864111
56314,7.5,-11.0,0.00828560049071113
56315,7.5,-10.0,0.017100307618267568
56316,7.5,-9.0,0.009312413882598212
56317,7.5,-8.0,0.01091030205503172
56318,7.5,-7.0,0.021476852428334664
56319,7.5,-6.0,0.01110958111329713
56320,7.5,-5.0,0.005214322897972793
56321,7.5,-4.0,0.014437280395288753
56322,7.5,-3.0,0.029493290642310432
56323,7.5,-2.0,0.015011819555904648
56324,7.5,-1.0,0.005782339364172782
56325,7.5,0.0,0.0006070661679640956
56326,7.5,1.0,0.006446501901146367
56327,7.5,2.0,0.02293036629488097
56328,7.5,3.0,0.04854473496411157
56329,7.5,4.0,0.023222672026555615
56330,7.5,5.0,0.00923398600432345
56331,7.5,6.0,0.03930594418961868
56332,7.5,7.0,0.08801589728805558
56333,7.5,8.0,0.0403307603004533
56334,7.5,9.0,0.03047446691958431
56335,7.5,10.0,0.060913884125199144
56336,7.5,11.0,0.02810476621603159
56337,7.5,12.0,0.00796426919742867
56338,7.5,13.0,0.019256777322506757
56339,7.5,14.0,0.03927639496251478
56340,7.5,15.0,0.019586731157665162
56341,7.5,16.0,0.016191228463456664
56342,7.5,17.0,0.03026294899848091
56343,7.5,18.0,0.014798277514216843
56344,7.5,19.0,0.005304656306571045
56345,7.5,20.0,0.01139009115521672
56346,7.5,21.0,0.022115916280397406
56347,7.5,22.0,0.011277267398883135
56348,7.5,23.0,0.009634377745068683
56349,7.5,24.0,0.017699269756438644
56350,7.5,25.0,0.00863390259964205
56351,7.5,26.0,0.003058516131099994
56352,7.5,27.0,0.006743711653549965
56353,7.5,28.0,0.013264570977698733
56354,7.5,29.0,0.00658341268007161
56355,7.5,30.0,0.005654345351168996
56356,7.5,31.0,0.01074999941665101
56357,7.5,32.0,0.005009759736221276
56358,7.5,33.0,0.0014916745584611197
56359,7.5,34.0,0.0039219761711042555
56360,7.5,35.0,0.00820236615558341
56361,7.5,36.0,0.0038639795618126403
56362,7.5,37.0,0.003330302078956202
56363,7.5,38.0,0.006763051622410342
56364,7.5,39.0,0.003113883061768904
56365,7.5,40.0,0.0026921766069354773
56366,7.5,41.0,0.0056258567427270355
56367,7.5,42.0,0.00241637341584285
56368,7.5,43.0,0.0004682427954384964
56369,7.5,44.0,0.0019325707046890701
56370,7.5,45.0,0.00446859420090728
56371,7.5,46.0,0.0018758453632818088
56372,7.5,47.0,0.0002101825830618637
56373,7.5,48.0,7.4946060974318e-05
56374,7.5,49.0,5.917007694540954e-05
56375,7.5,50.0,4.730428631274035e-05
56376,7.5,51.0,3.762016679876214e-05
56377,7.5,52.0,3.0578928218007805e-05
56378,7.5,53.0,9.681229102342367e-05
56379,7.5,54.0,0.001105401084037288
56380,7.5,55.0,0.002683892731316663
56381,7.5,56.0,0.00109812284555044
56382,7.5,57.0,8.190676552930406e-05
56383,7.5,58.0,7.340015758027019e-06
56384,7.5,59.0,4.968866289205363e-06
56385,7.5,60.0,3.765317506826474e-06
56386,7.5,61.0,2.838999050633546e-06
56387,7.5,62.0,2.129193112756741e-06
56388,7.5,63.0,1.588367402525992e-06
56389,7.5,64.0,1.1786177737566423e-06
56390,7.5,65.0,8.69923602153705e-07
56391,7.5,66.0,6.386682834166143e-07
56392,7.5,67.0,4.663969399772575e-07
56393,7.5,68.0,3.3878341604603325e-07
56394,7.5,69.0,2.44779306925547e-07
56395,7.5,70.0,1.759192505780414e-07
56396,7.5,71.0,1.2575872893380295e-07
56397,7.5,72.0,8.942295553320957e-08
56398,7.5,73.0,6.324788505170124e-08
56399,7.5,74.0,4.44968331459727e-08
56400,7.6,-75.0,7.621953184729133e-11
56401,7.6,-74.0,1.1804207924330898e-10
56402,7.6,-73.0,1.8184172063583324e-10
56403,7.6,-72.0,2.786354189096904e-10
56404,7.6,-71.0,4.2468333382521074e-10
56405,7.6,-70.0,6.438433620978032e-10
56406,7.6,-69.0,9.7091527813002e-10
56407,7.6,-68.0,1.456359375051715e-09
56408,7.6,-67.0,2.1729107327971284e-09
56409,7.6,-66.0,3.2247891446224303e-09
56410,7.6,-65.0,4.760437535755776e-09
56411,7.6,-64.0,6.990021782009112e-09
56412,7.6,-63.0,1.0209307832908111e-08
56413,7.6,-62.0,1.4832015896311456e-08
56414,7.6,-61.0,2.143335619671391e-08
56415,7.6,-60.0,3.080819822596152e-08
56416,7.6,-59.0,4.404823817423569e-08
56417,7.6,-58.0,6.264362987951075e-08
56418,7.6,-57.0,8.861585382372191e-08
56419,7.6,-56.0,1.24690132959343e-07
56420,7.6,-55.0,1.7451747290659058e-07
56421,7.6,-54.0,2.4295840596861535e-07
56422,7.6,-53.0,3.364427368884285e-07
56423,7.6,-52.0,4.6342198636391697e-07
56424,7.6,-51.0,6.349337430228247e-07
56425,7.6,-50.0,8.652996707338751e-07
56426,7.6,-49.0,1.1729813426610746e-06
56427,7.6,-48.0,1.5816202098289047e-06
56428,7.6,-47.0,2.121289636146666e-06
56429,7.6,-46.0,2.829988227858542e-06
56430,7.6,-45.0,3.7568871587934553e-06
56431,7.6,-44.0,5.75820530831012e-06
56432,7.6,-43.0,7.807748102392649e-05
56433,7.6,-42.0,0.001068502688459164
56434,7.6,-41.0,0.002615163198107794
56435,7.6,-40.0,0.0011565921108328654
56436,7.6,-39.0,0.0013083399701143482
56437,7.6,-38.0,0.00301658754045877
56438,7.6,-37.0,0.0012494917814886365
56439,7.6,-36.0,0.00021963545971289723
56440,7.6,-35.0,0.0015242422799991496
56441,7.6,-34.0,0.003685520864557344
56442,7.6,-33.0,0.001665809616692299
56443,7.6,-32.0,0.0019039761054138406
56444,7.6,-31.0,0.004322349925201209
56445,7.6,-30.0,0.001986543911862778
56446,7.6,-29.0,0.0022817102749323453
56447,7.6,-28.0,0.0051127263087631086
56448,7.6,-27.0,0.0022472754359073887
56449,7.6,-26.0,0.000597639749125275
56450,7.6,-25.0,0.0028288179821167356
56451,7.6,-24.0,0.006501770558209954
56452,7.6,-23.0,0.003170211041392232
56453,7.6,-22.0,0.003677559304916164
56454,7.6,-21.0,0.007880612574331964
56455,7.6,-20.0,0.003727471364586602
56456,7.6,-19.0,0.0013626248003390693
56457,7.6,-18.0,0.004767906296279625
56458,7.6,-17.0,0.010341426594396259
56459,7.6,-16.0,0.005398745752939052
56460,7.6,-15.0,0.006294450825010539
56461,7.6,-14.0,0.012798703094328137
56462,7.6,-13.0,0.006473384995097899
56463,7.6,-12.0,0.002890348769737218
56464,7.6,-11.0,0.008321246357035308
56465,7.6,-10.0,0.017182180421656527
56466,7.6,-9.0,0.009354562563065626
56467,7.6,-8.0,0.010958196254696198
56468,7.6,-7.0,0.021575013760934403
56469,7.6,-6.0,0.01116167295816478
56470,7.6,-5.0,0.005240680720079495
56471,7.6,-4.0,0.014499340355563618
56472,7.6,-3.0,0.029613152630247212
56473,7.6,-2.0,0.015082648769677581
56474,7.6,-1.0,0.0058232331868238564
56475,7.6,0.0,0.000614560443848882
56476,7.6,1.0,0.0064935343456472725
56477,7.6,2.0,0.022990131382964737
56478,7.6,3.0,0.04862183630651048
56479,7.6,4.0,0.023290696251296122
56480,7.6,5.0,0.00926451111315197
56481,7.6,6.0,0.0388749376519473
56482,7.6,7.0,0.08686328874502228
56483,7.6,8.0,0.03921208725696302
56484,7.6,9.0,0.030561057120897284
56485,7.6,10.0,0.06135859395855397
56486,7.6,11.0,0.02827220129735012
56487,7.6,12.0,0.007958299488598873
56488,7.6,13.0,0.019290099513405764
56489,7.6,14.0,0.03938908252843714
56490,7.6,15.0,0.01962814458231927
56491,7.6,16.0,0.01620958608093792
56492,7.6,17.0,0.030316029349360774
56493,7.6,18.0,0.014818634192038669
56494,7.6,19.0,0.005305365571561002
56495,7.6,20.0,0.011399530948324955
56496,7.6,21.0,0.022140029692295567
56497,7.6,22.0,0.011290385435299253
56498,7.6,23.0,0.00964387304109026
56499,7.6,24.0,0.017714339968285808
56500,7.6,25.0,0.008644680289761928
56501,7.6,26.0,0.0030666084249909064
56502,7.6,27.0,0.00675191275994011
56503,7.6,28.0,0.01327290521688354
56504,7.6,29.0,0.006591722451756183
56505,7.6,30.0,0.005661311263972069
56506,7.6,31.0,0.010754773615969623
56507,7.6,32.0,0.00501614569956283
56508,7.6,33.0,0.0014987529235218184
56509,7.6,34.0,0.00392664385185873
56510,7.6,35.0,0.00820335543106329
56511,7.6,36.0,0.0038674615474463556
56512,7.6,37.0,0.0033330201538410383
56513,7.6,38.0,0.006761846064699342
56514,7.6,39.0,0.003115552979133979
56515,7.6,40.0,0.0026932949153357613
56516,7.6,41.0,0.005623028961041016
56517,7.6,42.0,0.002416778668672806
56518,7.6,43.0,0.00047043829483620124
56519,7.6,44.0,0.00193229664288507
56520,7.6,45.0,0.004464437781238202
56521,7.6,46.0,0.0018749765029236066
56522,7.6,47.0,0.00021135181122527112
56523,7.6,48.0,7.606256160668938e-05
56524,7.6,49.0,6.010098126351137e-05
56525,7.6,50.0,4.807415048575205e-05
56526,7.6,51.0,3.825277156683519e-05
56527,7.6,52.0,3.109394334245742e-05
56528,7.6,53.0,9.709590970129116e-05
56529,7.6,54.0,0.001103732309778159
56530,7.6,55.0,0.0026792354707074304
56531,7.6,56.0,0.0010963318335499696
56532,7.6,57.0,8.194204535890123e-05
56533,7.6,58.0,7.472877469983871e-06
56534,7.6,59.0,5.073970451947798e-06
56535,7.6,60.0,3.84703926512325e-06
56536,7.6,61.0,2.9021620129768765e-06
56537,7.6,62.0,2.1777240527519513e-06
56538,7.6,63.0,1.625437032314087e-06
56539,7.6,64.0,1.2067673728739979e-06
56540,7.6,65.0,8.911751684871873e-07
56541,7.6,66.0,6.546191435819587e-07
56542,7.6,67.0,4.783000582857231e-07
56543,7.6,68.0,3.4761481189925815e-07
56544,7.6,69.0,2.5129405866654804e-07
56545,7.6,70.0,1.8069755467642759e-07
56546,7.6,71.0,1.2924341880654866e-07
56547,7.6,72.0,9.194978273370889e-08
56548,7.6,73.0,6.506974197923286e-08
56549,7.6,74.0,4.580296256736111e-08
56550,7.7,-75.0,7.38000587229019e-11
56551,7.7,-74.0,1.1435592481125792e-10
56552,7.7,-73.0,1.7625714902209332e-10
56553,7.7,-72.0,2.7022213399844224e-10
56554,7.7,-71.0,4.12079685449236e-10
56555,7.7,-70.0,6.250684794958872e-10
56556,7.7,-69.0,9.431051163567593e-10
56557,7.7,-68.0,1.4153984341616647e-09
56558,7.7,-67.0,2.1129218253674906e-09
56559,7.7,-66.0,3.137431527605574e-09
56560,7.7,-65.0,4.633948395689421e-09
56561,7.7,-64.0,6.807916809577754e-09
56562,7.7,-63.0,9.948632737500998e-09
56563,7.7,-62.0,1.446101147306626e-08
56564,7.7,-61.0,2.0908364284763763e-08
56565,7.7,-60.0,3.0069594017401346e-08
56566,7.7,-59.0,4.301512549540245e-08
56567,7.7,-58.0,6.120698026915047e-08
56568,7.7,-57.0,8.662970800172013e-08
56569,7.7,-56.0,1.2196041587680082e-07
56570,7.7,-55.0,1.7078790323991766e-07
56571,7.7,-54.0,2.3789291117916615e-07
56572,7.7,-53.0,3.2960372089519956e-07
56573,7.7,-52.0,4.542437454253479e-07
56574,7.7,-51.0,6.226902957123916e-07
56575,7.7,-50.0,8.490662714356011e-07
56576,7.7,-49.0,1.1515889988472515e-06
56577,7.7,-48.0,1.5536026380691497e-06
56578,7.7,-47.0,2.0848222891785298e-06
56579,7.7,-46.0,2.782819329060995e-06
56580,7.7,-45.0,3.6962718251548387e-06
56581,7.7,-44.0,5.686565800611942e-06
56582,7.7,-43.0,7.849607298936956e-05
56583,7.7,-42.0,0.0010760331282499195
56584,7.7,-41.0,0.0026338108222057595
56585,7.7,-40.0,0.001164636672891785
56586,7.7,-39.0,0.0013172696752286994
56587,7.7,-38.0,0.003037544495447051
56588,7.7,-37.0,0.0012577926337677806
56589,7.7,-36.0,0.00022047817345251111
56590,7.7,-35.0,0.0015339425801053934
56591,7.7,-34.0,0.003709983725759341
56592,7.7,-33.0,0.0016760696734301479
56593,7.7,-32.0,0.0019153928388295264
56594,7.7,-31.0,0.004349806821645417
56595,7.7,-30.0,0.0019978613893960073
56596,7.7,-29.0,0.002294336606936259
56597,7.7,-28.0,0.005143538284674001
56598,7.7,-27.0,0.0022587719603717987
56599,7.7,-26.0,0.0005977522087299878
56600,7.7,-25.0,0.002842427769064553
56601,7.7,-24.0,0.006537904869874046
56602,7.7,-23.0,0.0031846960687898773
56603,7.7,-22.0,0.0036939550298942005
56604,7.7,-21.0,0.00792168861749002
56605,7.7,-20.0,0.0037427646145675483
56606,7.7,-19.0,0.0013629146845725105
56607,7.7,-18.0,0.004786789806530382
56608,7.7,-17.0,0.010391151619246926
56609,7.7,-16.0,0.005419961007849091
56610,7.7,-15.0,0.006318904223748068
56611,7.7,-14.0,0.012857134344789412
56612,7.7,-13.0,0.006498270483195956
56613,7.7,-12.0,0.002896219666075725
56614,7.7,-11.0,0.008352918093394767
56615,7.7,-10.0,0.017256058262713408
56616,7.7,-9.0,0.009392235027084672
56617,7.7,-8.0,0.011000872698640621
56618,7.7,-7.0,0.02166313878292846
56619,7.7,-6.0,0.011208436056005154
56620,7.7,-5.0,0.005264393661075769
56621,7.7,-4.0,0.014554594755176556
56622,7.7,-3.0,0.029719412578857518
56623,7.7,-2.0,0.015146432354574071
56624,7.7,-1.0,0.005861276321742627
56625,7.7,0.0,0.0006218410032902504
56626,7.7,1.0,0.006537591340294518
56627,7.7,2.0,0.02304050968431058
56628,7.7,3.0,0.04867957691440713
56629,7.7,4.0,0.023349360107203437
56630,7.7,5.0,0.009295323516314595
56631,7.7,6.0,0.03849005065142087
56632,7.7,7.0,0.08582764874269946
56633,7.7,8.0,0.038174122775698885
56634,7.7,9.0,0.030652682184004937
56635,7.7,10.0,0.061804518841344795
56636,7.7,11.0,0.028439092427380224
56637,7.7,12.0,0.007950528596624156
56638,7.7,13.0,0.01931901191400615
56639,7.7,14.0,0.03949340615023721
56640,7.7,15.0,0.019665059744793073
56641,7.7,16.0,0.016223787564294233
56642,7.7,17.0,0.030361665033883083
56643,7.7,18.0,0.014835150464667603
56644,7.7,19.0,0.005304447948013729
56645,7.7,20.0,0.011405826074092539
56646,7.7,21.0,0.022158334511853187
56647,7.7,22.0,0.011300426386819024
56648,7.7,23.0,0.009650689811063288
56649,7.7,24.0,0.017724681668180114
56650,7.7,25.0,0.008653077553875656
56651,7.7,26.0,0.00307377130463099
56652,7.7,27.0,0.006758240680387531
56653,7.7,28.0,0.013277682869849133
56654,7.7,29.0,0.006598237363495601
56655,7.7,30.0,0.005666734381892767
56656,7.7,31.0,0.01075667860776941
56657,7.7,32.0,0.0050211846622377114
56658,7.7,33.0,0.0015054200841499651
56659,7.7,34.0,0.003930266232219022
56660,7.7,35.0,0.008202174826323985
56661,7.7,36.0,0.0038699267978500843
56662,7.7,37.0,0.003334865746637785
56663,7.7,38.0,0.00675886129878389
56664,7.7,39.0,0.0031164132118895386
56665,7.7,40.0,0.0026937159922577505
56666,7.7,41.0,0.005618725831731379
56667,7.7,42.0,0.002416560476927013
56668,7.7,43.0,0.0004725269604346688
56669,7.7,44.0,0.0019315259306619294
56670,7.7,45.0,0.004459109995388504
56671,7.7,46.0,0.0018736237649763928
56672,7.7,47.0,0.0002124782959729618
56673,7.7,48.0,7.717089148742436e-05
56674,7.7,49.0,6.102657091628948e-05
56675,7.7,50.0,4.884056873900691e-05
56676,7.7,51.0,3.888329624107611e-05
56677,7.7,52.0,3.1607635620478727e-05
56678,7.7,53.0,9.735961592741695e-05
56679,7.7,54.0,0.0011017750087766605
56680,7.7,55.0,0.00267386990459284
56681,7.7,56.0,0.00109425273507568
56682,7.7,57.0,8.195837581141018e-05
56683,7.7,58.0,7.606071225336128e-06
56684,7.7,59.0,5.179604533858356e-06
56685,7.7,60.0,3.9292494807034815e-06
56686,7.7,61.0,2.965760175598539e-06
56687,7.7,62.0,2.226632855306284e-06
56688,7.7,63.0,1.6628279065184003e-06
56689,7.7,64.0,1.235185268518067e-06
56690,7.7,65.0,9.126473767347615e-07
56691,7.7,66.0,6.707489843920007e-07
56692,7.7,67.0,4.903465739214397e-07
56693,7.7,68.0,3.56559797277986e-07
56694,7.7,69.0,2.578978434808164e-07
56695,7.7,70.0,1.8554495683151786e-07
56696,7.7,71.0,1.3278123572038594e-07
56697,7.7,72.0,9.451709500038515e-08
56698,7.7,73.0,6.692218798366316e-08
56699,7.7,74.0,4.713201481674786e-08
56700,7.8,-75.0,7.142524469110276e-11
56701,7.8,-74.0,1.1073504568666119e-10
56702,7.8,-73.0,1.7076723598653407e-10
56703,7.8,-72.0,2.619450021171326e-10
56704,7.8,-71.0,3.996702220502874e-10
56705,7.8,-70.0,6.065681114440114e-10
56706,7.8,-69.0,9.156794458730202e-10
56707,7.8,-68.0,1.3749707670466926e-09
56708,7.8,-67.0,2.0536648614320124e-09
56709,7.8,-66.0,3.0510673090088764e-09
56710,7.8,-65.0,4.508791102100462e-09
56711,7.8,-64.0,6.627573463042083e-09
56712,7.8,-63.0,9.690252591253016e-09
56713,7.8,-62.0,1.4092945038246178e-08
56714,7.8,-61.0,2.038705685197271e-08
56715,7.8,-60.0,2.93354955079402e-08
56716,7.8,-59.0,4.198734807960169e-08
56717,7.8,-58.0,5.977637729857177e-08
56718,7.8,-57.0,8.464998280442357e-08
56719,7.8,-56.0,1.192367979616627e-07
56720,7.8,-55.0,1.670628545138433e-07
56721,7.8,-54.0,2.3282824921703983e-07
56722,7.8,-53.0,3.227584749942394e-07
56723,7.8,-52.0,4.450470008809173e-07
56724,7.8,-51.0,6.104082414128965e-07
56725,7.8,-50.0,8.327626568706976e-07
56726,7.8,-49.0,1.130078242939651e-06
56727,7.8,-48.0,1.5253949304808613e-06
56728,7.8,-47.0,2.0480602039487143e-06
56729,7.8,-46.0,2.7352057547728e-06
56730,7.8,-45.0,3.6349996263248944e-06
56731,7.8,-44.0,5.6136976647483605e-06
56732,7.8,-43.0,7.888852173384107e-05
56733,7.8,-42.0,0.0010831945524506204
56734,7.8,-41.0,0.002651553930536442
56735,7.8,-40.0,0.0011722818901085115
56736,7.8,-39.0,0.0013257461812613003
56737,7.8,-38.0,0.0030574545435985783
56738,7.8,-37.0,0.0012656607590710927
56739,7.8,-36.0,0.00022124583486628492
56740,7.8,-35.0,0.0015431118212977234
56741,7.8,-34.0,0.0037331603018889263
56742,7.8,-33.0,0.001685748164272311
56743,7.8,-32.0,0.0019261417559300973
56744,7.8,-31.0,0.0043757466034897744
56745,7.8,-30.0,0.002008478963040769
56746,7.8,-29.0,0.0023061546792605514
56747,7.8,-28.0,0.0051725423455037224
56748,7.8,-27.0,0.0022694659044061277
56749,7.8,-26.0,0.0005976381810159322
56750,7.8,-25.0,0.0028550154880452364
56751,7.8,-24.0,0.006571710042906861
56752,7.8,-23.0,0.0031980238157474973
56753,7.8,-22.0,0.003709000647730701
56754,7.8,-21.0,0.007959908695533018
56755,7.8,-20.0,0.0037566677389706815
56756,7.8,-19.0,0.00136264242176563
56757,7.8,-18.0,0.004803877427046528
56758,7.8,-17.0,0.010437068716387578
56759,7.8,-16.0,0.005439120575986201
56760,7.8,-15.0,0.0063409568075952685
56761,7.8,-14.0,0.012910804164599176
56762,7.8,-13.0,0.006520650886862068
56763,7.8,-12.0,0.0029008556887787887
56764,7.8,-11.0,0.00838137170935802
56765,7.8,-10.0,0.017323492185162895
56766,7.8,-9.0,0.00942627793206136
56767,7.8,-8.0,0.01103932450835667
56768,7.8,-7.0,0.021743178976375413
56769,7.8,-6.0,0.01125087690346645
56770,7.8,-5.0,0.005285929976086435
56771,7.8,-4.0,0.014604355903173464
56772,7.8,-3.0,0.02981476163187201
56773,7.8,-2.0,0.015204526684555986
56774,7.8,-1.0,0.0058969728162802815
56775,7.8,0.0,0.0006289582893416626
56776,7.8,1.0,0.00657922984582912
56777,7.8,2.0,0.02308357975071076
56778,7.8,3.0,0.04872240239787254
56779,7.8,4.0,0.023400750461905172
56780,7.8,5.0,0.009326351333870551
56781,7.8,6.0,0.03814198973323016
56782,7.8,7.0,0.08488545329578814
56783,7.8,8.0,0.03720216800730319
56784,7.8,9.0,0.03074959864239974
56785,7.8,10.0,0.062254456637458655
56786,7.8,11.0,0.028606697756732264
56787,7.8,12.0,0.007941245975948063
56788,7.8,13.0,0.019344115506505034
56789,7.8,14.0,0.039590566681886874
56790,7.8,15.0,0.019698081190946837
56791,7.8,16.0,0.016234329653318065
56792,7.8,17.0,0.03040076985600848
56793,7.8,18.0,0.014848275923733516
56794,7.8,19.0,0.005302067434069082
56795,7.8,20.0,0.011409322498946632
56796,7.8,21.0,0.022171498815306164
56797,7.8,22.0,0.011307729521551837
56798,7.8,23.0,0.009655118030147052
56799,7.8,24.0,0.017730829901260264
56800,7.8,25.0,0.008659352182202713
56801,7.8,26.0,0.0030800920541311145
56802,7.8,27.0,0.006762896177459732
56803,7.8,28.0,0.013279305664398862
56804,7.8,29.0,0.006603153169977943
56805,7.8,30.0,0.005670782728841185
56806,7.8,31.0,0.010756041027031387
56807,7.8,32.0,0.005025025352973449
56808,7.8,33.0,0.0015117159856158806
56809,7.8,34.0,0.003932959900342269
56810,7.8,35.0,0.008199075445875328
56811,7.8,36.0,0.0038714911687109375
56812,7.8,37.0,0.003335938908096728
56813,7.8,38.0,0.006754305928894425
56814,7.8,39.0,0.003116558073293106
56815,7.8,40.0,0.0026935216308134977
56816,7.8,41.0,0.005613122316010987
56817,7.8,42.0,0.0024157927782895144
56818,7.8,43.0,0.00047452154530813507
56819,7.8,44.0,0.0019303181822452086
56820,7.8,45.0,0.004452751297384893
56821,7.8,46.0,0.0018718454985703098
56822,7.8,47.0,0.00021356769488753308
56823,7.8,48.0,7.827259709926983e-05
56824,7.8,49.0,6.194804761067771e-05
56825,7.8,50.0,4.960449714868658e-05
56826,7.8,51.0,3.9512498546037905e-05
56827,7.8,52.0,3.212062951263872e-05
56828,7.8,53.0,9.760623498191556e-05
56829,7.8,54.0,0.001099564427949413
56830,7.8,55.0,0.0026678819746183908
56831,7.8,56.0,0.0010919206521699035
56832,7.8,57.0,8.195828501985818e-05
56833,7.8,58.0,7.739757029562704e-06
56834,7.8,59.0,5.285871348188057e-06
56835,7.8,60.0,4.01202688692586e-06
56836,7.8,61.0,3.0298536397681437e-06
56837,7.8,62.0,2.2759652303869435e-06
56838,7.8,63.0,1.7005746613554349e-06
56839,7.8,64.0,1.2638976080939638e-06
56840,7.8,65.0,9.343598916412797e-07
56841,7.8,66.0,6.870725387882323e-07
56842,7.8,67.0,5.025474822359759e-07
56843,7.8,68.0,3.656265459432606e-07
56844,7.8,69.0,2.645967133905769e-07
56845,7.8,70.0,1.9046591992909342e-07
56846,7.8,71.0,1.3637545713478996e-07
56847,7.8,72.0,9.712728914472414e-08
56848,7.8,73.0,6.880696837876958e-08
56849,7.8,74.0,4.8485255283260555e-08
56850,7.9,-75.0,6.910042040029465e-11
56851,7.9,-74.0,1.0718781823440624e-10
56852,7.9,-73.0,1.6538506193809534e-10
56853,7.9,-72.0,2.538243232847424e-10
56854,7.9,-71.0,3.87486254748163e-10
56855,7.9,-70.0,5.883902582519075e-10
56856,7.9,-69.0,8.887114054672921e-10
56857,7.9,-68.0,1.3351871440849186e-09
56858,7.9,-67.0,1.9953065981626536e-09
56859,7.9,-66.0,2.965946030081455e-09
56860,7.9,-65.0,4.385336855193974e-09
56861,7.9,-64.0,6.44954064141666e-09
56862,7.9,-63.0,9.434974266317688e-09
56863,7.9,-62.0,1.3728995701139433e-08
56864,7.9,-61.0,1.9871146864961137e-08
56865,7.9,-60.0,2.860837668320966e-08
56866,7.9,-59.0,4.096845819975582e-08
56867,7.9,-58.0,5.835689184814896e-08
56868,7.9,-57.0,8.268387495668076e-08
56869,7.9,-56.0,1.1652943391545236e-07
56870,7.9,-55.0,1.6335657250262295e-07
56871,7.9,-54.0,2.277842900506451e-07
56872,7.9,-53.0,3.1593455452903904e-07
56873,7.9,-52.0,4.35869746910135e-07
56874,7.9,-51.0,5.981396678893655e-07
56875,7.9,-50.0,8.164598283558379e-07
56876,7.9,-49.0,1.1085453056144796e-06
56877,7.9,-48.0,1.4971267695702559e-06
56878,7.9,-47.0,2.0111771501774507e-06
56879,7.9,-46.0,2.6873790288364218e-06
56880,7.9,-45.0,3.5733773788074416e-06
56881,7.9,-44.0,5.540053928794056e-06
56882,7.9,-43.0,7.925973087985635e-05
56883,7.9,-42.0,0.001090052438906138
56884,7.9,-41.0,0.002668552583983395
56885,7.9,-40.0,0.0011795987424670215
56886,7.9,-39.0,0.0013338499384784406
56887,7.9,-38.0,0.0030765028295887415
56888,7.9,-37.0,0.0012731732145028686
56889,7.9,-36.0,0.00022195258984712327
56890,7.9,-35.0,0.0015518444119581138
56891,7.9,-34.0,0.00375527788124193
56892,7.9,-33.0,0.0016949486163560282
56893,7.9,-32.0,0.0019363414808568089
56894,7.9,-31.0,0.004400437028200032
56895,7.9,-30.0,0.002018521012686529
56896,7.9,-29.0,0.0023173077060447524
56897,7.9,-28.0,0.00520005683658729
56898,7.9,-27.0,0.0022794992902404627
56899,7.9,-26.0,0.0005973384464589042
56900,7.9,-25.0,0.002866760731913924
56901,7.9,-24.0,0.00660359387057129
56902,7.9,-23.0,0.003210396324995437
56903,7.9,-22.0,0.003722930873972457
56904,7.9,-21.0,0.007995769657009386
56905,7.9,-20.0,0.0037694199456130093
56906,7.9,-19.0,0.0013619008091698222
56907,7.9,-18.0,0.004819475592895093
56908,7.9,-17.0,0.010479833599556388
56909,7.9,-16.0,0.0054565714400852065
56910,7.9,-15.0,0.0063610131851163775
56911,7.9,-14.0,0.0129605265262097
56912,7.9,-13.0,0.006540942269167458
56913,7.9,-12.0,0.0029044473783286103
56914,7.9,-11.0,0.008407141687028124
56915,7.9,-10.0,0.017385577865284642
56916,7.9,-9.0,0.009457289540009748
56917,7.9,-8.0,0.01107425333681323
56918,7.9,-7.0,0.021816512650308015
56919,7.9,-6.0,0.011289706135126686
56920,7.9,-5.0,0.005305619862290482
56921,7.9,-4.0,0.014649549908688402
56922,7.9,-3.0,0.029901099530171484
56923,7.9,-2.0,0.015257888199646758
56924,7.9,-1.0,0.005930676599379303
56925,7.9,0.0,0.0006359476946158406
56926,7.9,1.0,0.00661883963935222
56927,7.9,2.0,0.02312079642019745
56928,7.9,3.0,0.048753424638893615
56929,7.9,4.0,0.02344632729685094
56930,7.9,5.0,0.009357540235474453
56931,7.9,6.0,0.037824208730211674
56932,7.9,7.0,0.08402013806799119
56933,7.9,8.0,0.03628570401378069
56934,7.9,9.0,0.03085211657626738
56935,7.9,10.0,0.06271072710567499
56936,7.9,11.0,0.02877604382134374
56937,7.9,12.0,0.007930660791991432
56938,7.9,13.0,0.01936581258270675
56939,7.9,14.0,0.03968136290434594
56940,7.9,15.0,0.019727611954863368
56941,7.9,16.0,0.016241541103176018
56942,7.9,17.0,0.030433944680528454
56943,7.9,18.0,0.014858306921875277
56944,7.9,19.0,0.005298332855371897
56945,7.9,20.0,0.011410247861313496
56946,7.9,21.0,0.022179960983578655
56947,7.9,22.0,0.011312517204298881
56948,7.9,23.0,0.009657347709956285
56949,7.9,24.0,0.01773313560251003
56950,7.9,25.0,0.008663672532881401
56951,7.9,26.0,0.0030856267399715295
56952,7.9,27.0,0.006766010150962777
56953,7.9,28.0,0.013278037100944114
56954,7.9,29.0,0.0066065973973739095
56955,7.9,30.0,0.005673565712868153
56956,7.9,31.0,0.010753075297317085
56957,7.9,32.0,0.005027764553452896
56958,7.9,33.0,0.0015176655330591277
56959,7.9,34.0,0.003934800733827504
56960,7.9,35.0,0.008194222528792811
56961,7.9,36.0,0.003872230298467285
56962,7.9,37.0,0.003336304997252232
56963,7.9,38.0,0.0067483175829595385
56964,7.9,39.0,0.0031160493608539713
56965,7.9,40.0,0.00269276548145051
56966,7.9,41.0,0.005606334179875258
56967,7.9,42.0,0.0024145241999682984
56968,7.9,43.0,0.0004764300468321277
56969,7.9,44.0,0.0019287127183893588
56970,7.9,45.0,0.0044454549692454605
56971,7.9,46.0,0.0018696803098087562
56972,7.9,47.0,0.00021462353864303615
56973,7.9,48.0,7.93685127310411e-05
56974,7.9,49.0,6.286605330945584e-05
56975,7.9,50.0,5.0366445388212204e-05
56976,7.9,51.0,4.0140782050859664e-05
56977,7.9,52.0,3.263326129590731e-05
56978,7.9,53.0,9.783759293095086e-05
56979,7.9,54.0,0.0010971240926572843
56980,7.9,55.0,0.00266132912436321
56981,7.9,56.0,0.00108935903384742
56982,7.9,57.0,8.194344232947208e-05
56983,7.9,58.0,7.874025850274613e-06
56984,7.9,59.0,5.392827854549987e-06
56985,7.9,60.0,4.095415564630026e-06
56986,7.9,61.0,3.0944764508948595e-06
56987,7.9,62.0,2.32574740171799e-06
56988,7.9,63.0,1.738697438699085e-06
56989,7.9,64.0,1.2929198161094418e-06
56990,7.9,65.0,9.563244881819774e-07
56991,7.9,66.0,7.035987660656276e-07
56992,7.9,67.0,5.149095764971242e-07
56993,7.9,68.0,3.748201900525596e-07
56994,7.9,69.0,2.7139453085007773e-07
56995,7.9,70.0,1.9546333928659568e-07
56996,7.9,71.0,1.4002824441511145e-07
56997,7.9,72.0,9.97819717086317e-08
56998,7.9,73.0,7.072527200628084e-08
56999,7.9,74.0,4.986355968479094e-08
57000,8.0,-75.0,6.4337836241464e-11
57001,8.0,-74.0,9.985333667809723e-11
57002,8.0,-73.0,1.541504582472794e-10
57003,8.0,-72.0,2.3670812541425683e-10
57004,8.0,-71.0,3.615493788682919e-10
57005,8.0,-70.0,5.492982067417896e-10
57006,8.0,-69.0,8.301084802358026e-10
57007,8.0,-68.0,1.2478076044044844e-09
57008,8.0,-67.0,1.8657202005822637e-09
57009,8.0,-66.0,2.774798865600968e-09
57010,8.0,-65.0,4.104900287259121e-09
57011,8.0,-64.0,6.0403183161314e-09
57012,8.0,-63.0,8.84103583585438e-09
57013,8.0,-62.0,1.2871601586131835e-08
57014,8.0,-61.0,1.8640095845455964e-08
57015,8.0,-60.0,2.6850341358606673e-08
57016,8.0,-59.0,3.8471365694166974e-08
57017,8.0,-58.0,5.482915126425718e-08
57018,8.0,-57.0,7.77269413236367e-08
57019,8.0,-56.0,1.0960182301180514e-07
57020,8.0,-55.0,1.5372699467171474e-07
57021,8.0,-54.0,2.1447104775227688e-07
57022,8.0,-53.0,2.976277436004747e-07
57023,8.0,-52.0,4.1083211402756084e-07
57024,8.0,-51.0,5.640812094440481e-07
57025,8.0,-50.0,7.703803774833721e-07
57026,8.0,-49.0,1.0465384603204866e-06
57027,8.0,-48.0,1.4141375906383743e-06
57028,8.0,-47.0,1.9007051383400715e-06
57029,8.0,-46.0,2.5411170096345334e-06
57030,8.0,-45.0,3.380728773421716e-06
57031,8.0,-44.0,5.262214610486588e-06
57032,8.0,-43.0,7.664555172614294e-05
57033,8.0,-42.0,0.0010557747523052658
57034,8.0,-41.0,0.002584838110680072
57035,8.0,-40.0,0.0011424048799154797
57036,8.0,-39.0,0.0012916275854749015
57037,8.0,-38.0,0.0029794592089523787
57038,8.0,-37.0,0.0012326575105650866
57039,8.0,-36.0,0.0002143106517031507
57040,8.0,-35.0,0.001502049642957567
57041,8.0,-34.0,0.0036357263571877487
57042,8.0,-33.0,0.0016402363904667735
57043,8.0,-32.0,0.0018735350568930148
57044,8.0,-31.0,0.004259158220709777
57045,8.0,-30.0,0.0019524781472301828
57046,8.0,-29.0,0.002241123684071269
57047,8.0,-28.0,0.005031493969118048
57048,8.0,-27.0,0.0022036503039436816
57049,8.0,-26.0,0.0005746331879849143
57050,8.0,-25.0,0.0027705199522163005
57051,8.0,-24.0,0.006386565536173197
57052,8.0,-23.0,0.0031018571251798504
57053,8.0,-22.0,0.0035966545476314774
57054,8.0,-21.0,0.007730315753987865
57055,8.0,-20.0,0.0036402456340229187
57056,8.0,-19.0,0.0013100336077680394
57057,8.0,-18.0,0.004653619971099188
57058,8.0,-17.0,0.010127776885601063
57059,8.0,-16.0,0.00526856810106396
57060,8.0,-15.0,0.006141567386011373
57061,8.0,-14.0,0.012522041649800742
57062,8.0,-13.0,0.0063149342596839205
57063,8.0,-12.0,0.002798766129313543
57064,8.0,-11.0,0.008116353053392773
57065,8.0,-10.0,0.01679289358154233
57066,8.0,-9.0,0.00913211102464119
57067,8.0,-8.0,0.010692170200482617
57068,8.0,-7.0,0.021068377256490686
57069,8.0,-6.0,0.010903267229754517
57070,8.0,-5.0,0.00512525383580432
57071,8.0,-4.0,0.014143225684462439
57072,8.0,-3.0,0.028862263704728542
57073,8.0,-2.0,0.014736611325899833
57074,8.0,-1.0,0.005740376548659525
57075,8.0,0.0,0.0006188720895193424
57076,8.0,1.0,0.0064085622192474176
57077,8.0,2.0,0.022290134858934454
57078,8.0,3.0,0.04695672377252489
57079,8.0,4.0,0.022611620852241197
57080,8.0,5.0,0.00903885691437409
57081,8.0,6.0,0.03613279990725552
57082,8.0,7.0,0.08011731091631633
57083,8.0,8.0,0.03727724509862455
57084,8.0,9.0,0.032078728765904896
57085,8.0,10.0,0.06545695126810216
57086,8.0,11.0,0.029993476560044755
57087,8.0,12.0,0.008204920318203053
57088,8.0,13.0,0.0200844336474427
57089,8.0,14.0,0.04120247374811671
57090,8.0,15.0,0.02046732742942748
57091,8.0,16.0,0.01683234487565758
57092,8.0,17.0,0.031561692037748876
57093,8.0,18.0,0.015402298284409989
57094,8.0,19.0,0.0054844828385223615
57095,8.0,20.0,0.011820774456770376
57096,8.0,21.0,0.02298517470630014
57097,8.0,22.0,0.01172356919032325
57098,8.0,23.0,0.01000627994151695
57099,8.0,24.0,0.018372206391672998
57100,8.0,25.0,0.008979122562009372
57101,8.0,26.0,0.0032020198327564063
57102,8.0,27.0,0.0070120791184104594
57103,8.0,28.0,0.013753436691201494
57104,8.0,29.0,0.006847321491972959
57105,8.0,30.0,0.005880110067664491
57106,8.0,31.0,0.011136078892219726
57107,8.0,32.0,0.005211101941489643
57108,8.0,33.0,0.0015782964748720391
57109,8.0,34.0,0.004077979002355263
57110,8.0,35.0,0.008483421216394432
57111,8.0,36.0,0.004012036051005296
57112,8.0,37.0,0.0034564850658490203
57113,8.0,38.0,0.006984435248194633
57114,8.0,39.0,0.0032274218195817803
57115,8.0,40.0,0.0027886844834547593
57116,8.0,41.0,0.005800623612283124
57117,8.0,42.0,0.00249992353315737
57118,8.0,43.0,0.0004955293830989732
57119,8.0,44.0,0.001996318785331806
57120,8.0,45.0,0.004597533989580899
57121,8.0,46.0,0.0019345853286531268
57122,8.0,47.0,0.00022343598492127645
57123,8.0,48.0,8.33647364111707e-05
57124,8.0,49.0,6.608427144688977e-05
57125,8.0,50.0,5.297303830591949e-05
57126,8.0,51.0,4.224064135659916e-05
57127,8.0,52.0,3.4342714381479276e-05
57128,8.0,53.0,0.00010159606629094134
57129,8.0,54.0,0.0011339961657573583
57130,8.0,55.0,0.0027501072574030515
57131,8.0,56.0,0.001125825207845029
57132,8.0,57.0,8.487327657348697e-05
57133,8.0,58.0,8.29816058772471e-06
57134,8.0,59.0,5.699147880771228e-06
57135,8.0,60.0,4.330374426819252e-06
57136,8.0,61.0,3.273754024139202e-06
57137,8.0,62.0,2.461800167647429e-06
57138,8.0,63.0,1.8413894733175369e-06
57139,8.0,64.0,1.3700127936269085e-06
57140,8.0,65.0,1.0138873323135643e-06
57141,8.0,66.0,7.463471497622398e-07
57142,8.0,67.0,5.464849017808402e-07
57143,8.0,68.0,3.980169473691793e-07
57144,8.0,69.0,2.883440995183369e-07
57145,8.0,70.0,2.0778140587821825e-07
57146,8.0,71.0,1.4893212962749182e-07
57147,8.0,72.0,1.0618330196366073e-07
57148,8.0,73.0,7.530263279372854e-08
57149,8.0,74.0,5.311903813918462e-08
57150,8.1,-75.0,5.992378808322008e-11
57151,8.1,-74.0,9.30522287219764e-11
57152,8.1,-73.0,1.4372767725309584e-10
57153,8.1,-72.0,2.2082088308421243e-10
57154,8.1,-71.0,3.374628618591194e-10
57155,8.1,-70.0,5.129770502185079e-10
57156,8.1,-69.0,7.756324931437685e-10
57157,8.1,-68.0,1.1665414127562399e-09
57158,8.1,-67.0,1.745140654904265e-09
57159,8.1,-66.0,2.596849731491993e-09
57160,8.1,-65.0,3.843698484068345e-09
57161,8.1,-64.0,5.65897682308343e-09
57162,8.1,-63.0,8.28729176587284e-09
57163,8.1,-62.0,1.2071839575475894e-08
57164,8.1,-61.0,1.74912318428374e-08
57165,8.1,-60.0,2.5208874412724682e-08
57166,8.1,-59.0,3.613870903601363e-08
57167,8.1,-58.0,5.1532111879448964e-08
57168,8.1,-57.0,7.309192194249443e-08
57169,8.1,-56.0,1.0312096456528757e-07
57170,8.1,-55.0,1.4471405369459956e-07
57171,8.1,-54.0,2.02004305868461e-07
57172,8.1,-53.0,2.804766707843739e-07
57173,8.1,-52.0,3.873638522576922e-07
57174,8.1,-51.0,5.321422110739078e-07
57175,8.1,-50.0,7.271477309230963e-07
57176,8.1,-49.0,9.883345791065727e-07
57177,8.1,-48.0,1.3362010538340542e-06
57178,8.1,-47.0,1.7969095837575056e-06
57179,8.1,-46.0,2.403629127556423e-06
57180,8.1,-45.0,3.199550360919905e-06
57181,8.1,-44.0,5.000387293276409e-06
57182,8.1,-43.0,7.414928267064083e-05
57183,8.1,-42.0,0.0010229827784129003
57184,8.1,-41.0,0.002504744532550767
57185,8.1,-40.0,0.0011068263974532556
57186,8.1,-39.0,0.00125124284441277
57187,8.1,-38.0,0.0028866265594262655
57188,8.1,-37.0,0.0011939119883336443
57189,8.1,-36.0,0.00020702170826292611
57190,8.1,-35.0,0.0014544403964241845
57191,8.1,-34.0,0.003521390459271782
57192,8.1,-33.0,0.0015879346210785075
57193,8.1,-32.0,0.001813502166553371
57194,8.1,-31.0,0.0041240723179013375
57195,8.1,-30.0,0.0018893665679947228
57196,8.1,-29.0,0.00216832818980824
57197,8.1,-28.0,0.004870357913071525
57198,8.1,-27.0,0.002131196806822599
57199,8.1,-26.0,0.0005530183162646748
57200,8.1,-25.0,0.002678602288631911
57201,8.1,-24.0,0.006179163493263601
57202,8.1,-23.0,0.0029982055021821044
57203,8.1,-22.0,0.003476069543269989
57204,8.1,-21.0,0.007476687305143002
57205,8.1,-20.0,0.0035169127315129024
57206,8.1,-19.0,0.0012606170781392784
57207,8.1,-18.0,0.0044952682511127506
57208,8.1,-17.0,0.009791472809476632
57209,8.1,-16.0,0.005089056305027378
57210,8.1,-15.0,0.005932037271868209
57211,8.1,-14.0,0.012103223422740852
57212,8.1,-13.0,0.0060991147427234
57213,8.1,-12.0,0.002697899175231504
57214,8.1,-11.0,0.007838682229613224
57215,8.1,-10.0,0.01622687513600547
57216,8.1,-9.0,0.008821531407844805
57217,8.1,-8.0,0.010327303570653527
57218,8.1,-7.0,0.02035403419875984
57219,8.1,-6.0,0.010534128917219495
57220,8.1,-5.0,0.004952783626706588
57221,8.1,-4.0,0.013659822872684153
57222,8.1,-3.0,0.027870907656613198
57223,8.1,-2.0,0.014238773313332728
57224,8.1,-1.0,0.005558117618247728
57225,8.1,0.0,0.0006024910260578637
57226,8.1,1.0,0.006207276703498368
57227,8.1,2.0,0.02149918543301202
57228,8.1,3.0,0.045247623654474274
57229,8.1,4.0,0.021816718479235633
57230,8.1,5.0,0.00873653547746514
57231,8.1,6.0,0.03455698887133899
57232,8.1,7.0,0.07648844059682743
57233,8.1,8.0,0.03628899248479966
57234,8.1,9.0,0.03338500918351469
57235,8.1,10.0,0.06838094716230897
57236,8.1,11.0,0.031287963541124814
57237,8.1,12.0,0.008493772591448113
57238,8.1,13.0,0.020841795998578043
57239,8.1,14.0,0.042807168014113835
57240,8.1,15.0,0.021247038356329163
57241,8.1,16.0,0.0174542332494857
57242,8.1,17.0,0.032749515933243094
57243,8.1,18.0,0.015974925567947825
57244,8.1,19.0,0.005680003481887197
57245,8.1,20.0,0.012252548799458312
57246,8.1,21.0,0.023832531424240428
57247,8.1,22.0,0.012156014572092002
57248,8.1,23.0,0.010373274838998001
57249,8.1,24.0,0.01904453480545122
57250,8.1,25.0,0.009310970489798736
57251,8.1,26.0,0.003324447459413884
57252,8.1,27.0,0.0072709154428209815
57253,8.1,28.0,0.014253494387578183
57254,8.1,29.0,0.007100580941468587
57255,8.1,30.0,0.006097403949189758
57256,8.1,31.0,0.011538920670685834
57257,8.1,32.0,0.005404008540313557
57258,8.1,33.0,0.0016421829635224388
57259,8.1,34.0,0.00422863390593638
57260,8.1,35.0,0.008787566308737609
57261,8.1,36.0,0.0041591356099652185
57262,8.1,37.0,0.0035829336662430693
57263,8.1,38.0,0.007232725559043135
57264,8.1,39.0,0.0033445932919851642
57265,8.1,40.0,0.0028895945013610305
57266,8.1,41.0,0.006004896745073729
57267,8.1,42.0,0.0025897573524663047
57268,8.1,43.0,0.0005156801841019725
57269,8.1,44.0,0.0020674255313355146
57270,8.1,45.0,0.004757388051320816
57271,8.1,46.0,0.0020028367385179126
57272,8.1,47.0,0.00023274295075136262
57273,8.1,48.0,8.76044237433438e-05
57274,8.1,49.0,6.950039588790724e-05
57275,8.1,50.0,5.5741123838413645e-05
57276,8.1,51.0,4.4471567814694726e-05
57277,8.1,52.0,3.615932310376365e-05
57278,8.1,53.0,0.00010556134267850649
57279,8.1,54.0,0.0011727411000472996
57280,8.1,55.0,0.002843372060977189
57281,8.1,56.0,0.0011641389596068748
57282,8.1,57.0,8.795838760910502e-05
57283,8.1,58.0,8.74975232041748e-06
57284,8.1,59.0,6.0257431891383785e-06
57285,8.1,60.0,4.580998806277575e-06
57286,8.1,61.0,3.4650712158943333e-06
57287,8.1,62.0,2.607055674601206e-06
57288,8.1,63.0,1.9510776507956886e-06
57289,8.1,64.0,1.4523955516914325e-06
57290,8.1,65.0,1.075428083937404e-06
57291,8.1,66.0,7.920706929885675e-07
57292,8.1,67.0,5.802733467618894e-07
57293,8.1,68.0,4.228510456402639e-07
57294,8.1,69.0,3.0649846393427076e-07
57295,8.1,70.0,2.2098118762711403e-07
57296,8.1,71.0,1.5847779200711466e-07
57297,8.1,72.0,1.1304923497541662e-07
57298,8.1,73.0,8.021451301533373e-08
57299,8.1,74.0,5.6614070609672374e-08
57300,8.2,-75.0,5.794256081553764e-11
57301,8.2,-74.0,9.002364526168453e-11
57302,8.2,-73.0,1.3912385765510275e-10
57303,8.2,-72.0,2.1386156265612776e-10
57304,8.2,-71.0,3.2700166800212406e-10
57305,8.2,-70.0,4.973399058908935e-10
57306,8.2,-69.0,7.52389551082129e-10
57307,8.2,-68.0,1.1321873844408967e-09
57308,8.2,-67.0,1.6946498420375868e-09
57309,8.2,-66.0,2.5230609862049804e-09
57310,8.2,-65.0,3.736471122024566e-09
57311,8.2,-64.0,5.504040512271945e-09
57312,8.2,-63.0,8.064690861346517e-09
57313,8.2,-62.0,1.1753844464447925e-08
57314,8.2,-61.0,1.7039555791716504e-08
57315,8.2,-60.0,2.4570993402253005e-08
57316,8.2,-59.0,3.5243033500657776e-08
57317,8.2,-58.0,5.028170275063319e-08
57318,8.2,-57.0,7.135637895229267e-08
57319,8.2,-56.0,1.007260430109534e-07
57320,8.2,-55.0,1.414284882321555e-07
57321,8.2,-54.0,1.9752323892635253e-07
57322,8.2,-53.0,2.7440100279124577e-07
57323,8.2,-52.0,3.791747567018352e-07
57324,8.2,-51.0,5.211699971300288e-07
57325,8.2,-50.0,7.125341999938653e-07
57326,8.2,-49.0,9.68988021678832e-07
57327,8.2,-48.0,1.3107430847467008e-06
57328,8.2,-47.0,1.7636131351196034e-06
57329,8.2,-46.0,2.3603471319306902e-06
57330,8.2,-45.0,3.1436437071178266e-06
57331,8.2,-44.0,4.933311380667606e-06
57332,8.2,-43.0,7.447850913260836e-05
57333,8.2,-42.0,0.0010290988338196813
57334,8.2,-41.0,0.0025199074275995465
57335,8.2,-40.0,0.0011133487237464544
57336,8.2,-39.0,0.0012584570451888212
57337,8.2,-38.0,0.0029035903683968935
57338,8.2,-37.0,0.0012005926609608582
57339,8.2,-36.0,0.00020763238992403517
57340,8.2,-35.0,0.0014621826799720284
57341,8.2,-34.0,0.0035410300385874923
57342,8.2,-33.0,0.0015960761036805183
57343,8.2,-32.0,0.0018225072031197828
57344,8.2,-31.0,0.004145928956812041
57345,8.2,-30.0,0.0018981999478924207
57346,8.2,-29.0,0.0021781101248670364
57347,8.2,-28.0,0.004894613583308885
57348,8.2,-27.0,0.002139935455379414
57349,8.2,-26.0,0.0005525679610847915
57350,8.2,-25.0,0.0026887529479783442
57351,8.2,-24.0,0.006207058915475563
57352,8.2,-23.0,0.0030088191425088145
57353,8.2,-22.0,0.003487970297441198
57354,8.2,-21.0,0.007507836600679911
57355,8.2,-20.0,0.0035276531098315236
57356,8.2,-19.0,0.001259408041072881
57357,8.2,-18.0,0.004508297002058807
57358,8.2,-17.0,0.00982821556782178
57359,8.2,-16.0,0.005103551043994954
57360,8.2,-15.0,0.005948656293591013
57361,8.2,-14.0,0.012145599520450774
57362,8.2,-13.0,0.006115794165415058
57363,8.2,-12.0,0.0026999732634291514
57364,8.2,-11.0,0.007859833627710932
57365,8.2,-10.0,0.016279301714407054
57366,8.2,-9.0,0.008847155810936083
57367,8.2,-8.0,0.01035610020619261
57368,8.2,-7.0,0.020415597507821376
57369,8.2,-6.0,0.010566401011502679
57370,8.2,-5.0,0.0049688581031665235
57371,8.2,-4.0,0.013697222084636322
57372,8.2,-3.0,0.027942659336574808
57373,8.2,-2.0,0.014283599770216602
57374,8.2,-1.0,0.005587079101817302
57375,8.2,0.0,0.000608960361551578
57376,8.2,1.0,0.006241967754421379
57377,8.2,2.0,0.021530208040425297
57378,8.2,3.0,0.04527063363346623
57379,8.2,4.0,0.021855736534107856
57380,8.2,5.0,0.00876885937487041
57381,8.2,6.0,0.03433599164403779
57382,8.2,7.0,0.07586925316012638
57383,8.2,8.0,0.036121694714307324
57384,8.2,9.0,0.03345894780247863
57385,8.2,10.0,0.06878760586542353
57386,8.2,11.0,0.031427683195490184
57387,8.2,12.0,0.008464705959154713
57388,8.2,13.0,0.02082012930809248
57389,8.2,14.0,0.04281413946044777
57390,8.2,15.0,0.02123280161480836
57391,8.2,16.0,0.017422734420416034
57392,8.2,17.0,0.03271241709250766
57393,8.2,18.0,0.01594960096167193
57394,8.2,19.0,0.005662371700650209
57395,8.2,20.0,0.012225228561547348
57396,8.2,21.0,0.02378746993911734
57397,8.2,22.0,0.012133153530622812
57398,8.2,23.0,0.010351609545544895
57399,8.2,24.0,0.01900347431600859
57400,8.2,25.0,0.009294059850785295
57401,8.2,26.0,0.0033223853293461417
57402,8.2,27.0,0.007257377928531331
57403,8.2,28.0,0.014219505477021678
57404,8.2,29.0,0.0070878996553366104
57405,8.2,30.0,0.006086320749584864
57406,8.2,31.0,0.011509371348931026
57407,8.2,32.0,0.005394541158204706
57408,8.2,33.0,0.0016447317624534506
57409,8.2,34.0,0.004220930914994157
57410,8.2,35.0,0.008762353201790536
57411,8.2,36.0,0.004150459237476745
57412,8.2,37.0,0.0035751824127475632
57413,8.2,38.0,0.007209876811627888
57414,8.2,39.0,0.0033364706666498484
57415,8.2,40.0,0.002882247911002242
57416,8.2,41.0,0.005984003337530327
57417,8.2,42.0,0.0025825507753635814
57418,8.2,43.0,0.0005165974836690246
57419,8.2,44.0,0.00206104637196146
57420,8.2,45.0,0.004738789184172259
57421,8.2,46.0,0.0019960003961624058
57422,8.2,47.0,0.00023338214231285152
57423,8.2,48.0,8.861340713533041e-05
57424,8.2,49.0,7.035646099945633e-05
57425,8.2,50.0,5.6457817850404274e-05
57426,8.2,51.0,4.5067338736174514e-05
57427,8.2,52.0,3.664693654075489e-05
57428,8.2,53.0,0.0001055869109289969
57429,8.2,54.0,0.0011674754101055219
57430,8.2,55.0,0.0028298997871922357
57431,8.2,56.0,0.001158758437524467
57432,8.2,57.0,8.775129366520311e-05
57433,8.2,58.0,8.880929110070542e-06
57434,8.2,59.0,6.132519055289293e-06
57435,8.2,60.0,4.664686246933143e-06
57436,8.2,61.0,3.5302528672190966e-06
57437,8.2,62.0,2.6575126750606983e-06
57438,8.2,63.0,1.989898763891201e-06
57439,8.2,64.0,1.482083688016407e-06
57440,8.2,65.0,1.0979955502316208e-06
57441,8.2,66.0,8.09122988326711e-07
57442,8.2,67.0,5.930818150058365e-07
57443,8.2,68.0,4.3241503227815417e-07
57444,8.2,69.0,3.135978422939861e-07
57445,8.2,70.0,2.2622023858316846e-07
57446,8.2,71.0,1.6232146504486493e-07
57447,8.2,72.0,1.1585280653249501e-07
57448,8.2,73.0,8.224760714978792e-08
57449,8.2,74.0,5.80799310360717e-08
57450,8.3,-75.0,5.6011458459124606e-11
57451,8.3,-74.0,8.706972639197286e-11
57452,8.3,-73.0,1.3463053940321802e-10
57453,8.3,-72.0,2.070647152628354e-10
57454,8.3,-71.0,3.1677778726042423e-10
57455,8.3,-70.0,4.820470727931728e-10
57456,8.3,-69.0,7.296427758990015e-10
57457,8.3,-68.0,1.0985434321406477e-09
57458,8.3,-67.0,1.6451681199068457e-09
57459,8.3,-66.0,2.4506960286035406e-09
57460,8.3,-65.0,3.6312380283940914e-09
57461,8.3,-64.0,5.351876692050905e-09
57462,8.3,-63.0,7.84591484410635e-09
57463,8.3,-62.0,1.1441084518710415e-08
57464,8.3,-61.0,1.6594986814327274e-08
57465,8.3,-60.0,2.3942679181578054e-08
57466,8.3,-59.0,3.43601223310939e-08
57467,8.3,-58.0,4.904816702720667e-08
57468,8.3,-57.0,6.964292373108821e-08
57469,8.3,-56.0,9.835973508629656e-08
57470,8.3,-55.0,1.3817957736199235e-07
57471,8.3,-54.0,1.9308855881522228e-07
57472,8.3,-53.0,2.683832550768879e-07
57473,8.3,-52.0,3.710569019532874e-07
57474,8.3,-51.0,5.102839102530225e-07
57475,8.3,-50.0,6.980227032926979e-07
57476,8.3,-49.0,9.49759399562805e-07
57477,8.3,-48.0,1.2854172248274265e-06
57478,8.3,-47.0,1.7304585490378648e-06
57479,8.3,-46.0,2.3172083085240954e-06
57480,8.3,-45.0,3.0878670254689075e-06
57481,8.3,-44.0,4.86619021578568e-06
57482,8.3,-43.0,7.479524406851729e-05
57483,8.3,-42.0,0.0010350294079240537
57484,8.3,-41.0,0.0025346146099327147
57485,8.3,-40.0,0.0011196706462166023
57486,8.3,-39.0,0.0012654436222118883
57487,8.3,-38.0,0.0029200266115179084
57488,8.3,-37.0,0.001207056650404996
57489,8.3,-36.0,0.00020820755058564993
57490,8.3,-35.0,0.0014696588098552213
57491,8.3,-34.0,0.0035600213478594587
57492,8.3,-33.0,0.0016039266152151203
57493,8.3,-32.0,0.0018311776123091333
57494,8.3,-31.0,0.004167020691708615
57495,8.3,-30.0,0.001906683047729853
57496,8.3,-29.0,0.00218748667688465
57497,8.3,-28.0,0.0049179566387173
57498,8.3,-27.0,0.0021482716046056834
57499,8.3,-26.0,0.0005520070713332198
57500,8.3,-25.0,0.002698388319333073
57501,8.3,-24.0,0.006233774263866734
57502,8.3,-23.0,0.0030188465959371876
57503,8.3,-22.0,0.0034991848779595378
57504,8.3,-21.0,0.00753753227400767
57505,8.3,-20.0,0.003537681699268894
57506,8.3,-19.0,0.001257904250236785
57507,8.3,-18.0,0.004520399879664004
57508,8.3,-17.0,0.009863005101737425
57509,8.3,-16.0,0.005116976771139873
57510,8.3,-15.0,0.005964024964847345
57511,8.3,-14.0,0.01218551923166606
57512,8.3,-13.0,0.006131153945278542
57513,8.3,-12.0,0.0027013637728260462
57514,8.3,-11.0,0.007879288395846966
57515,8.3,-10.0,0.01632838830991037
57516,8.3,-9.0,0.00887085387821329
57517,8.3,-8.0,0.010382666406980197
57518,8.3,-7.0,0.02047297616042263
57519,8.3,-6.0,0.010596370978378065
57520,8.3,-5.0,0.004983703755918096
57521,8.3,-4.0,0.013731746392876122
57522,8.3,-3.0,0.028008848855524994
57523,8.3,-2.0,0.014325438058560321
57524,8.3,-1.0,0.005614702523579906
57525,8.3,0.0,0.0006153629937736366
57526,8.3,1.0,0.006275330642474468
57527,8.3,2.0,0.021557852440671668
57528,8.3,3.0,0.04528707738472045
57529,8.3,4.0,0.021891414164503464
57530,8.3,5.0,0.008800931457231554
57531,8.3,6.0,0.03412906394418899
57532,8.3,7.0,0.07528627173319923
57533,8.3,8.0,0.0359701577741659
57534,8.3,9.0,0.03354293205924597
57535,8.3,10.0,0.06921301147216555
57536,8.3,11.0,0.031574619197879315
57537,8.3,12.0,0.008435431245086155
57538,8.3,13.0,0.02079699261585458
57539,8.3,14.0,0.0428185085261135
57540,8.3,15.0,0.02121699548298095
57541,8.3,16.0,0.017389492147778147
57542,8.3,17.0,0.03267225641448446
57543,8.3,18.0,0.01592260264884842
57544,8.3,19.0,0.005643914256364452
57545,8.3,20.0,0.012196437082459183
57546,8.3,21.0,0.02373982166820475
57547,8.3,22.0,0.012108843920748104
57548,8.3,23.0,0.01032865990977762
57549,8.3,24.0,0.018960272568774205
57550,8.3,25.0,0.009276000362669783
57551,8.3,26.0,0.0033197919603012442
57552,8.3,27.0,0.007242925331467446
57553,8.3,28.0,0.01418390970085212
57554,8.3,29.0,0.007074357616203698
57555,8.3,30.0,0.006074496668318679
57556,8.3,31.0,0.011478544485158006
57557,8.3,32.0,0.005384436448995039
57558,8.3,33.0,0.0016470408373697788
57559,8.3,34.0,0.004212740170169289
57560,8.3,35.0,0.00873620320029039
57561,8.3,36.0,0.004141324686674675
57562,8.3,37.0,0.003567042089124779
57563,8.3,38.0,0.007186280331927882
57564,8.3,39.0,0.003327997400342636
57565,8.3,40.0,0.002874603397522477
57566,8.3,41.0,0.0059625060617245615
57567,8.3,42.0,0.0025750839382466745
57568,8.3,43.0,0.0005174638502380534
57569,8.3,44.0,0.002054465520641228
57570,8.3,45.0,0.004719725007607327
57571,8.3,46.0,0.0019889708995989293
57572,8.3,47.0,0.0002340029968472328
57573,8.3,48.0,8.9618532678776e-05
57574,8.3,49.0,7.1210417049574e-05
57575,8.3,50.0,5.7173566752182867e-05
57576,8.3,51.0,4.566297708863242e-05
57577,8.3,52.0,3.713487579085231e-05
57578,8.3,53.0,0.00010560579158716625
57579,8.3,54.0,0.001162100566803256
57580,8.3,55.0,0.0028161581785056252
57581,8.3,56.0,0.0011532688381068173
57582,8.3,57.0,8.75377237650613e-05
57583,8.3,58.0,9.012900923201456e-06
57584,8.3,59.0,6.24007900557827e-06
57585,8.3,60.0,4.749058590014798e-06
57586,8.3,61.0,3.596021622788468e-06
57587,8.3,62.0,2.7084649130609716e-06
57588,8.3,63.0,2.0291317239205048e-06
57589,8.3,64.0,1.512109964087877e-06
57590,8.3,65.0,1.1208374080191598e-06
57591,8.3,66.0,8.263955436120281e-07
57592,8.3,67.0,6.06065305743447e-07
57593,8.3,68.0,4.421167694279073e-07
57594,8.3,69.0,3.2080465386587504e-07
57595,8.3,70.0,2.315423513816818e-07
57596,8.3,71.0,1.662288216658057e-07
57597,8.3,72.0,1.1870481098320418e-07
57598,8.3,73.0,8.431724789974752e-08
57599,8.3,74.0,5.95731592951799e-08
57600,8.4,-75.0,5.413109079896922e-11
57601,8.4,-74.0,8.419154249666533e-11
57602,8.4,-73.0,1.302495590625761e-10
57603,8.4,-72.0,2.0043343281309387e-10
57604,8.4,-71.0,3.067963406912141e-10
57605,8.4,-70.0,4.671069117813313e-10
57606,8.4,-69.0,7.074056428095661e-10
57607,8.4,-68.0,1.0656310195485335e-09
57608,8.4,-67.0,1.5967293060871875e-09
57609,8.4,-66.0,2.3798076009175236e-09
57610,8.4,-65.0,3.5280806742697785e-09
57611,8.4,-64.0,5.2026100675823874e-09
57612,8.4,-63.0,7.631152936968826e-09
57613,8.4,-62.0,1.1133844456873161e-08
57614,8.4,-61.0,1.6157949857655983e-08
57615,8.4,-60.0,2.332456101887306e-08
57616,8.4,-59.0,3.3490900246704315e-08
57617,8.4,-58.0,4.7832853474541505e-08
57618,8.4,-57.0,6.79535091976207e-08
57619,8.4,-56.0,9.602484825345368e-08
57620,8.4,-55.0,1.3497132863582734e-07
57621,8.4,-54.0,1.88705946567961e-07
57622,8.4,-53.0,2.6243142599574746e-07
57623,8.4,-52.0,3.630214730356143e-07
57624,8.4,-51.0,4.994994875414385e-07
57625,8.4,-50.0,6.836346810846361e-07
57626,8.4,-49.0,9.306781058375356e-07
57627,8.4,-48.0,1.260263509055866e-06
57628,8.4,-47.0,1.6975000051813542e-06
57629,8.4,-46.0,2.27428551176336e-06
57630,8.4,-45.0,3.0323176896583782e-06
57631,8.4,-44.0,4.7991680884771955e-06
57632,8.4,-43.0,7.510100124181633e-05
57633,8.4,-42.0,0.0010407946187605329
57634,8.4,-41.0,0.002548915246282382
57635,8.4,-40.0,0.0011258139860683611
57636,8.4,-39.0,0.001272227330905569
57637,8.4,-38.0,0.0029359922310899862
57638,8.4,-37.0,0.001213327697748566
57639,8.4,-36.0,0.00020875161931598526
57640,8.4,-35.0,0.0014768979357118936
57641,8.4,-34.0,0.003578434451047523
57642,8.4,-33.0,0.0016115181788396154
57643,8.4,-32.0,0.001839550135783528
57644,8.4,-31.0,0.004187430250924591
57645,8.4,-30.0,0.001914854498956397
57646,8.4,-29.0,0.0021965023879796236
57647,8.4,-28.0,0.004940485709636262
57648,8.4,-27.0,0.0021562496047155687
57649,8.4,-26.0,0.0005513488828939763
57650,8.4,-25.0,0.0027075646360948313
57651,8.4,-24.0,0.006259436398448358
57652,8.4,-23.0,0.003028351295790785
57653,8.4,-22.0,0.003509787029203833
57654,8.4,-21.0,0.007565929341798105
57655,8.4,-20.0,0.003547073935413888
57656,8.4,-19.0,0.0012561359797355401
57657,8.4,-18.0,0.004531673573077548
57658,8.4,-17.0,0.009896046600816822
57659,8.4,-16.0,0.005129443011884727
57660,8.4,-15.0,0.005978270928417114
57661,8.4,-14.0,0.012223237554247332
57662,8.4,-13.0,0.006145325374943134
57663,8.4,-12.0,0.002702131845074027
57664,8.4,-11.0,0.007897214840935415
57665,8.4,-10.0,0.016374478100336112
57666,8.4,-9.0,0.008892813466792075
57667,8.4,-8.0,0.010407222213513933
57668,8.4,-7.0,0.020526601258851467
57669,8.4,-6.0,0.010624260853129312
57670,8.4,-5.0,0.004997423209627171
57671,8.4,-4.0,0.013763684036217722
57672,8.4,-3.0,0.0280700680235792
57673,8.4,-2.0,0.014364584422377376
57674,8.4,-1.0,0.005641095023488118
57675,8.4,0.0,0.0006217095904376197
57676,8.4,1.0,0.0063074808656621425
57677,8.4,2.0,0.02158255068118146
57678,8.4,3.0,0.04529787982882968
57679,8.4,4.0,0.021924183857661848
57680,8.4,5.0,0.008832755743639805
57681,8.4,6.0,0.033934599821533754
57682,8.4,7.0,0.07473541332283067
57683,8.4,8.0,0.03583293181648144
57684,8.4,9.0,0.03363738015849547
57685,8.4,10.0,0.06965892684470112
57686,8.4,11.0,0.031729471886108154
57687,8.4,12.0,0.008405958304897806
57688,8.4,13.0,0.020772237538175562
57689,8.4,14.0,0.0428199557891315
57690,8.4,15.0,0.02119946410462719
57691,8.4,16.0,0.01735436974710324
57692,8.4,17.0,0.032628764970335365
57693,8.4,18.0,0.015893802367446957
57694,8.4,19.0,0.005624588689189182
57695,8.4,20.0,0.01216607501330302
57696,8.4,21.0,0.023689388193652947
57697,8.4,22.0,0.012082984719438817
57698,8.4,23.0,0.010304339708200178
57699,8.4,24.0,0.018914770517786183
57700,8.4,25.0,0.009256713048985527
57701,8.4,26.0,0.0033166375293545965
57702,8.4,27.0,0.007227495395806847
57703,8.4,28.0,0.014146587744527978
57704,8.4,29.0,0.007059893473703563
57705,8.4,30.0,0.006061878847633124
57706,8.4,31.0,0.011446343671804042
57707,8.4,32.0,0.005373647246389983
57708,8.4,33.0,0.0016490933358877492
57709,8.4,34.0,0.004204024676145482
57710,8.4,35.0,0.00870904361514482
57711,8.4,36.0,0.004131696033475096
57712,8.4,37.0,0.0035584817990979415
57713,8.4,38.0,0.007161877059612532
57714,8.4,39.0,0.003319145056688826
57715,8.4,40.0,0.0028666365023496364
57716,8.4,41.0,0.005940356659658789
57717,8.4,42.0,0.00256733522210543
57718,8.4,43.0,0.0005182739295555431
57719,8.4,44.0,0.0020476659796768324
57720,8.4,45.0,0.004700158143811355
57721,8.4,46.0,0.0019817320941095938
57722,8.4,47.0,0.0002346030355919728
57723,8.4,48.0,9.061855490794925e-05
57724,8.4,49.0,7.206126279043476e-05
57725,8.4,50.0,5.788756410486275e-05
57726,8.4,51.0,4.6257837745808245e-05
57727,8.4,52.0,3.7622621829919465e-05
57728,8.4,53.0,0.00010561699867167419
57729,8.4,54.0,0.0011566076389557247
57730,8.4,55.0,0.002802125833349284
57731,8.4,56.0,0.0011476613566485622
57732,8.4,57.0,8.731695038707026e-05
57733,8.4,58.0,9.145550236113418e-06
57734,8.4,59.0,6.348339186890843e-06
57735,8.4,60.0,4.834053001730947e-06
57736,8.4,61.0,3.6623307626929865e-06
57737,8.4,62.0,2.759877930364978e-06
57738,8.4,63.0,2.0687513273337697e-06
57739,8.4,64.0,1.5424561037422886e-06
57740,8.4,65.0,1.1439405226772952e-06
57741,8.4,66.0,8.438790072445405e-07
57742,8.4,67.0,6.192172260067616e-07
57743,8.4,68.0,4.5195165719315787e-07
57744,8.4,69.0,3.2811572489934703e-07
57745,8.4,70.0,2.3694536250087888e-07
57746,8.4,71.0,1.701984063738548e-07
57747,8.4,72.0,1.2160428345989305e-07
57748,8.4,73.0,8.642280625532496e-08
57749,8.4,74.0,6.109335324753719e-08
57750,8.5,-75.0,5.2301675255752207e-11
57751,8.5,-74.0,8.138955553229694e-11
57752,8.5,-73.0,1.259818151457422e-10
57753,8.5,-72.0,1.9396936924214197e-10
57754,8.5,-71.0,2.970602576296534e-10
57755,8.5,-70.0,4.5252446219537645e-10
57756,8.5,-69.0,6.856866219757926e-10
57757,8.5,-68.0,1.0334641112856976e-09
57758,8.5,-67.0,1.549356045982192e-09
57759,8.5,-66.0,2.310431895164426e-09
57760,8.5,-65.0,3.427056152079997e-09
57761,8.5,-64.0,5.056329636405311e-09
57762,8.5,-63.0,7.420542355861621e-09
57763,8.5,-62.0,1.0832333676943786e-08
57764,8.5,-61.0,1.5728761395189562e-08
57765,8.5,-60.0,2.2717112838357414e-08
57766,8.5,-59.0,3.263607074416995e-08
57767,8.5,-58.0,4.66367975774962e-08
57768,8.5,-57.0,6.628964709747683e-08
57769,8.5,-56.0,9.372357215682701e-08
57770,8.5,-55.0,1.3180688922437972e-07
57771,8.5,-54.0,1.8437989169042472e-07
57772,8.5,-53.0,2.565518729229538e-07
57773,8.5,-52.0,3.550774075128233e-07
57774,8.5,-51.0,4.888292050209494e-07
57775,8.5,-50.0,6.693874274191229e-07
57776,8.5,-49.0,9.117679484948086e-07
57777,8.5,-48.0,1.2353144905208574e-06
57778,8.5,-47.0,1.6647817154135285e-06
57779,8.5,-46.0,2.2316383892593176e-06
57780,8.5,-45.0,2.977075666052189e-06
57781,8.5,-44.0,4.732363861843361e-06
57782,8.5,-43.0,7.539703056015995e-05
57783,8.5,-42.0,0.0010464110780954651
57784,8.5,-41.0,0.0025628499343780704
57785,8.5,-40.0,0.0011317967632236954
57786,8.5,-39.0,0.0012788286183407624
57787,8.5,-38.0,0.0029515342572182276
57788,8.5,-37.0,0.0012194254168888879
57789,8.5,-36.0,0.00020926826511619647
57790,8.5,-35.0,0.0014839241512427305
57791,8.5,-34.0,0.003596327244164426
57792,8.5,-33.0,0.001618877274079549
57793,8.5,-32.0,0.001847655164133566
57794,8.5,-31.0,0.004207226030525566
57795,8.5,-30.0,0.001922746275843588
57796,8.5,-29.0,0.0022051941366720224
57797,8.5,-28.0,0.004962282391403726
57798,8.5,-27.0,0.002163906210817252
57799,8.5,-26.0,0.0005506044585267386
57800,8.5,-25.0,0.0027163285327973874
57801,8.5,-24.0,0.006284150371079078
57802,8.5,-23.0,0.003037385884980264
57803,8.5,-22.0,0.0035198379622285053
57804,8.5,-21.0,0.007593156264015017
57805,8.5,-20.0,0.0035558924944958234
57806,8.5,-19.0,0.0012541285883945748
57807,8.5,-18.0,0.004542198428984443
57808,8.5,-17.0,0.00992751022561521
57809,8.5,-16.0,0.005141040796344354
57810,8.5,-15.0,0.005991500253046713
57811,8.5,-14.0,0.012258966006154727
57812,8.5,-13.0,0.006158417574940607
57813,8.5,-12.0,0.002702328526066565
57814,8.5,-11.0,0.007913752756825316
57815,8.5,-10.0,0.016417855698394965
57816,8.5,-9.0,0.008913190504929116
57817,8.5,-8.0,0.01042995017467009
57818,8.5,-7.0,0.02057683013898983
57819,8.5,-6.0,0.010650254678824812
57820,8.5,-5.0,0.005010101462640022
57821,8.5,-4.0,0.013793273573667305
57822,8.5,-3.0,0.028126806618810736
57823,8.5,-2.0,0.01440128374550204
57824,8.5,-1.0,0.005666344730182483
57825,8.5,0.0,0.0006280089322561607
57826,8.5,1.0,0.006338512800882561
57827,8.5,2.0,0.02160465517339319
57828,8.5,3.0,0.04530379522566667
57829,8.5,4.0,0.021954398053369892
57830,8.5,5.0,0.008864333421345858
57831,8.5,6.0,0.03375126442223854
57832,8.5,7.0,0.07421328755755803
57833,8.5,8.0,0.03570885349432358
57834,8.5,9.0,0.03374285609536513
57835,8.5,10.0,0.07012737843338218
57836,8.5,11.0,0.03189304463715865
57837,8.5,12.0,0.008376296014098504
57838,8.5,13.0,0.02074568599397189
57839,8.5,14.0,0.04281809865088597
57840,8.5,15.0,0.02118002094939068
57841,8.5,16.0,0.017317205663403768
57842,8.5,17.0,0.032581625994370894
57843,8.5,18.0,0.015863048948307586
57844,8.5,19.0,0.005604344910619289
57845,8.5,20.0,0.012134025806879436
57846,8.5,21.0,0.02363593706506659
57847,8.5,22.0,0.012055457654123138
57848,8.5,23.0,0.010278548118791182
57849,8.5,24.0,0.018866782168212703
57850,8.5,25.0,0.009236105717482596
57851,8.5,26.0,0.0033128874370786836
57852,8.5,27.0,0.0072110155713965346
57853,8.5,28.0,0.014107400255361625
57854,8.5,29.0,0.007044435768936257
57855,8.5,30.0,0.006048405757865452
57856,8.5,31.0,0.011412656340920873
57857,8.5,32.0,0.005362118663179457
57858,8.5,33.0,0.0016508698674861082
57859,8.5,34.0,0.004194741396708165
57860,8.5,35.0,0.008680789530094704
57861,8.5,36.0,0.004121531438326718
57862,8.5,37.0,0.00354946555656474
57863,8.5,38.0,0.007136597938190533
57864,8.5,39.0,0.003309880474154589
57865,8.5,40.0,0.00285831869385556
57866,8.5,41.0,0.005917498641364587
57867,8.5,42.0,0.0025592793780598623
57868,8.5,43.0,0.0005190215401119572
57869,8.5,44.0,0.0020406278751635798
57870,8.5,45.0,0.00468004477027855
57871,8.5,46.0,0.0019742650654023643
57872,8.5,47.0,0.00023517939204777705
57873,8.5,48.0,9.161204571261073e-05
57874,8.5,49.0,7.290784877654033e-05
57875,8.5,50.0,5.859888263882727e-05
57876,8.5,51.0,4.685117760095119e-05
57877,8.5,52.0,3.810957547994699e-05
57878,8.5,53.0,0.00010561938067264952
57879,8.5,54.0,0.0011509861316994522
57880,8.5,55.0,0.0027877775941140223
57881,8.5,56.0,0.0011419256436923458
57882,8.5,57.0,8.70881190578552e-05
57883,8.5,58.0,9.278739053182717e-06
57884,8.5,59.0,6.457200756047606e-06
57885,8.5,60.0,4.919595091455417e-06
57886,8.5,61.0,3.729124706217899e-06
57887,8.5,62.0,2.8117105135364404e-06
57888,8.5,63.0,2.1087272499094596e-06
57889,8.5,64.0,1.5730999713021983e-06
57890,8.5,65.0,1.1672888672509094e-06
57891,8.5,66.0,8.615618725282324e-07
57892,8.5,67.0,6.325293862846441e-07
57893,8.5,68.0,4.619139197435467e-07
57894,8.5,69.0,3.3552702051939433e-07
57895,8.5,70.0,2.4242648148506604e-07
57896,8.5,71.0,1.742283098958854e-07
57897,8.5,72.0,1.245499325673356e-07
57898,8.5,73.0,8.856341962151779e-08
57899,8.5,74.0,6.263994463845579e-08
57900,8.6,-75.0,5.05231282951382e-11
57901,8.6,-74.0,7.866375972682987e-11
57902,8.6,-73.0,1.2182748350980667e-10
57903,8.6,-72.0,1.8767306848682585e-10
57904,8.6,-71.0,2.8757077238956317e-10
57905,8.6,-70.0,4.3830219003375674e-10
57906,8.6,-69.0,6.644902994057922e-10
57907,8.6,-68.0,1.0020508431742922e-09
57908,8.6,-67.0,1.5030622883451301e-09
57909,8.6,-66.0,2.2425922024169135e-09
57910,8.6,-65.0,3.328202526230592e-09
57911,8.6,-64.0,4.913096491560023e-09
57912,8.6,-63.0,7.214179628483416e-09
57913,8.6,-62.0,1.0536702586341934e-08
57914,8.6,-61.0,1.5307652860812332e-08
57915,8.6,-60.0,2.212068666829237e-08
57916,8.6,-59.0,3.179616358335989e-08
57917,8.6,-58.0,4.5460788595113766e-08
57918,8.6,-57.0,6.465250218449639e-08
57919,8.6,-56.0,9.145761019817741e-08
57920,8.6,-55.0,1.2868872875094684e-07
57921,8.6,-54.0,1.8011394486602915e-07
57922,8.6,-53.0,2.50749659667556e-07
57923,8.6,-52.0,3.472318705585033e-07
57924,8.6,-51.0,4.782831238126649e-07
57925,8.6,-50.0,6.552949643363523e-07
57926,8.6,-49.0,8.930483268605058e-07
57927,8.6,-48.0,1.2105968151052634e-06
57928,8.6,-47.0,1.632340020352104e-06
57929,8.6,-46.0,2.1893161583540482e-06
57930,8.6,-45.0,2.922207172295409e-06
57931,8.6,-44.0,4.6658763397728205e-06
57932,8.6,-43.0,7.568437568958826e-05
57933,8.6,-42.0,0.0010518926603350193
57934,8.6,-41.0,0.002576452582498658
57935,8.6,-40.0,0.0011376340297205812
57936,8.6,-39.0,0.0012852645675969342
57937,8.6,-38.0,0.002966691981232776
57938,8.6,-37.0,0.0012253661987514624
57939,8.6,-36.0,0.0002097605622600673
57940,8.6,-35.0,0.0014907576013266416
57941,8.6,-34.0,0.00361374812169933
57942,8.6,-33.0,0.0016260260501349062
57943,8.6,-32.0,0.0018555181265523671
57944,8.6,-31.0,0.004226465233305766
57945,8.6,-30.0,0.0019303851511846605
57946,8.6,-29.0,0.0022135928132976227
57947,8.6,-28.0,0.004983414973151874
57948,8.6,-27.0,0.002171272241996611
57949,8.6,-26.0,0.0005497831578669179
57950,8.6,-25.0,0.00272471914127736
57951,8.6,-24.0,0.0063080041957522814
57952,8.6,-23.0,0.003045994571875278
57953,8.6,-22.0,0.003529389091185291
57954,8.6,-21.0,0.007619320750738445
57955,8.6,-20.0,0.00356419007849783
57956,8.6,-19.0,0.0012519035869841964
57957,8.6,-18.0,0.004552042019632007
57958,8.6,-17.0,0.009957538765284293
57959,8.6,-16.0,0.005151846699292425
57960,8.6,-15.0,0.006003802146393972
57961,8.6,-14.0,0.012292882130546991
57962,8.6,-13.0,0.006170522340381034
57963,8.6,-12.0,0.0027019969733538627
57964,8.6,-11.0,0.007929019658479216
57965,8.6,-10.0,0.0164587599554931
57966,8.6,-9.0,0.008932115978768845
57967,8.6,-8.0,0.01045100354976324
57968,8.6,-7.0,0.020623962496843572
57969,8.6,-6.0,0.010674506826249083
57970,8.6,-5.0,0.0050218097640999625
57971,8.6,-4.0,0.01382071475917738
57972,8.6,-3.0,0.0281794746892726
57973,8.6,-2.0,0.014435740802721893
57974,8.6,-1.0,0.005690524958009853
57975,8.6,0.0,0.0006342683288766539
57976,8.6,1.0,0.0063685043778662475
57977,8.6,2.0,0.02162445633596705
57978,8.6,3.0,0.04530544499187827
57979,8.6,4.0,0.021982346876802245
57980,8.6,5.0,0.008895663375540212
57981,8.6,6.0,0.03357793256985902
57982,8.6,7.0,0.07371704000860478
57983,8.6,8.0,0.035596989664463695
57984,8.6,9.0,0.03386008478647399
57985,8.6,10.0,0.07062071963922566
57986,8.6,11.0,0.03206626890138274
57987,8.6,12.0,0.008346452366352836
57988,8.6,13.0,0.02071712404626439
57989,8.6,14.0,0.0428124781400979
57990,8.6,15.0,0.021158442443519887
57991,8.6,16.0,0.017277808435522905
57992,8.6,17.0,0.03253046520976593
57993,8.6,18.0,0.015830163681896325
57994,8.6,19.0,0.005583123660591393
57995,8.6,20.0,0.012100152258940596
57996,8.6,21.0,0.023579194968135996
57997,8.6,22.0,0.01202612373277127
57998,8.6,23.0,0.010251166786388887
57999,8.6,24.0,0.01881608917511849
58000,8.6,25.0,0.0092140703035765
58001,8.6,26.0,0.0033085013383648988
58002,8.6,27.0,0.007193400945586752
58003,8.6,28.0,0.014066183832376428
58004,8.6,29.0,0.007027900906323015
58005,8.6,30.0,0.00603400545821666
58006,8.6,31.0,0.011377350534210151
58007,8.6,32.0,0.0053497865444455004
58008,8.6,33.0,0.0016523479908563776
58009,8.6,34.0,0.004184840045995928
58010,8.6,35.0,0.008651341362403678
58011,8.6,36.0,0.004110781964492078
58012,8.6,37.0,0.003539951269475822
58013,8.6,38.0,0.007110361923390143
58014,8.6,39.0,0.0033001648238505485
58015,8.6,40.0,0.0028496165557043264
58016,8.6,41.0,0.005893865646591286
58017,8.6,42.0,0.0025508868046003985
58018,8.6,43.0,0.0005196995080150382
58019,8.6,44.0,0.0020333278848673826
58020,8.6,45.0,0.004659333338615339
58021,8.6,46.0,0.0019665475909277233
58022,8.6,47.0,0.0002357287347669543
58023,8.6,48.0,9.259735794056404e-05
58024,8.6,49.0,7.374884784799034e-05
58025,8.6,50.0,5.930645019737218e-05
58026,8.6,51.0,4.7442136063929076e-05
58027,8.6,52.0,3.859504145537748e-05
58028,8.6,53.0,0.00010561158765888128
58029,8.6,54.0,0.0011452236760940819
58030,8.6,55.0,0.002773083801606936
58031,8.6,56.0,0.0011360494983902612
58032,8.6,57.0,8.685022312368351e-05
58033,8.6,58.0,9.412304813805788e-06
58034,8.6,59.0,6.5665468762085835e-06
58035,8.6,60.0,5.005596591280756e-06
58036,8.6,61.0,3.7963372284955883e-06
58037,8.6,62.0,2.8639133307011113e-06
58038,8.6,63.0,2.1490230102346335e-06
58039,8.6,64.0,1.6040147876937386e-06
58040,8.6,65.0,1.1908629328079575e-06
58041,8.6,66.0,8.794300365138289e-07
58042,8.6,67.0,6.459916722322929e-07
58043,8.6,68.0,4.719963623277588e-07
58044,8.6,69.0,3.430334658451691e-07
58045,8.6,70.0,2.479821599652301e-07
58046,8.6,71.0,1.7831607379367307e-07
58047,8.6,72.0,1.2754007128941822e-07
58048,8.6,73.0,9.073794204142129e-08
58049,8.6,74.0,6.421216343121763e-08
58050,8.7,-75.0,4.87951329592717e-11
58051,8.7,-74.0,7.601378553368506e-11
58052,8.7,-73.0,1.1778617650898491e-10
58053,8.7,-72.0,1.8154420682576586e-10
58054,8.7,-71.0,2.7832779127366814e-10
58055,8.7,-70.0,4.244405407607912e-10
58056,8.7,-69.0,6.438182051137357e-10
58057,8.7,-68.0,9.713947561970843e-10
58058,8.7,-67.0,1.4578551139511598e-09
58059,8.7,-66.0,2.176301608186734e-09
58060,8.7,-65.0,3.231542784559107e-09
58061,8.7,-64.0,4.772949583233733e-09
58062,8.7,-63.0,7.012128950160602e-09
58063,8.7,-62.0,1.0247054654810484e-08
58064,8.7,-61.0,1.4894787941038572e-08
58065,8.7,-60.0,2.153553731670661e-08
58066,8.7,-59.0,3.09715698100714e-08
58067,8.7,-58.0,4.430541900229399e-08
58068,8.7,-57.0,6.304296164333395e-08
58069,8.7,-56.0,8.922827649248222e-08
58070,8.7,-55.0,1.2561877397505738e-07
58071,8.7,-54.0,1.7591090404645114e-07
58072,8.7,-53.0,2.4502881221618186e-07
58073,8.7,-52.0,3.3949060454415747e-07
58074,8.7,-51.0,4.6786936544896187e-07
58075,8.7,-50.0,6.413686846769419e-07
58076,8.7,-49.0,8.745350962812023e-07
58077,8.7,-48.0,1.1861323784307695e-06
58078,8.7,-47.0,1.6002049291028174e-06
58079,8.7,-46.0,2.1473596443790834e-06
58080,8.7,-45.0,2.8677673619078846e-06
58081,8.7,-44.0,4.599788195572081e-06
58082,8.7,-43.0,7.596391557432869e-05
58083,8.7,-42.0,0.001057251055584719
58084,8.7,-41.0,0.0025897517612647
58085,8.7,-40.0,0.0011433384692192932
58086,8.7,-39.0,0.0012915495771755154
58087,8.7,-38.0,0.0029814985191218752
58088,8.7,-37.0,0.001231163861945016
58089,8.7,-36.0,0.0002102311096156626
58090,8.7,-35.0,0.0014974152788956297
58091,8.7,-34.0,0.003630737895276785
58092,8.7,-33.0,0.0016329831993652187
58093,8.7,-32.0,0.001863160491441925
58094,8.7,-31.0,0.0042451961281160955
58095,8.7,-30.0,0.0019377937447397685
58096,8.7,-29.0,0.0022217245268740505
58097,8.7,-28.0,0.005003941122472767
58098,8.7,-27.0,0.0021783737768767296
58099,8.7,-26.0,0.0005488929775947618
58100,8.7,-25.0,0.0027327696015907108
58101,8.7,-24.0,0.006331072284578505
58102,8.7,-23.0,0.003054214828742585
58103,8.7,-22.0,0.0035384840062896556
58104,8.7,-21.0,0.007644513946016857
58105,8.7,-20.0,0.0035720114237912984
58106,8.7,-19.0,0.0012494794103433756
58107,8.7,-18.0,0.004561261716377119
58108,8.7,-17.0,0.009986253156846536
58109,8.7,-16.0,0.0051619257540794355
58110,8.7,-15.0,0.006015252354498827
58111,8.7,-14.0,0.012325136348050894
58112,8.7,-13.0,0.006181717636845074
58113,8.7,-12.0,0.0027011740504347243
58114,8.7,-11.0,0.007943115278925536
58115,8.7,-10.0,0.01649739319433277
58116,8.7,-9.0,0.008949700971085113
58117,8.7,-8.0,0.010470512224708033
58118,8.7,-7.0,0.020668252019725344
58119,8.7,-6.0,0.01069714799339055
58120,8.7,-5.0,0.005032608408193874
58121,8.7,-4.0,0.013846176386811258
58122,8.7,-3.0,0.028228418646601756
58123,8.7,-2.0,0.014468128373506415
58124,8.7,-1.0,0.005713697226392175
58125,8.7,0.0,0.0006404939166462764
58126,8.7,1.0,0.00639752044023062
58127,8.7,2.0,0.02164219532498272
58128,8.7,3.0,0.04530334500618357
58129,8.7,4.0,0.02200827092966777
58130,8.7,5.0,0.008926742518764737
58131,8.7,6.0,0.033413643912447236
58132,8.7,7.0,0.07324423787807427
58133,8.7,8.0,0.03549659872643345
58134,8.7,9.0,0.033989977330635884
58135,8.7,10.0,0.07114171379468946
58136,8.7,11.0,0.03225023690643834
58137,8.7,12.0,0.00831643449477146
58138,8.7,13.0,0.020686293525467782
58139,8.7,14.0,0.04280254100133561
58140,8.7,15.0,0.02113445931330043
58141,8.7,16.0,0.017235949846911378
58142,8.7,17.0,0.03247483769074177
58143,8.7,18.0,0.0157949340193779
58144,8.7,19.0,0.005560854401365149
58145,8.7,20.0,0.012064291798787648
58146,8.7,21.0,0.02351883843210054
58147,8.7,22.0,0.0119948185225613
58148,8.7,23.0,0.01022205582737755
58149,8.7,24.0,0.01876243349121308
58150,8.7,25.0,0.009190479255511553
58151,8.7,26.0,0.0033034318253298473
58152,8.7,27.0,0.007174551428377727
58153,8.7,28.0,0.014022745564623467
58154,8.7,29.0,0.007010190393951661
58155,8.7,30.0,0.006018593229971914
58156,8.7,31.0,0.011340270502396216
58157,8.7,32.0,0.005336575363128567
58158,8.7,33.0,0.0016535015200728333
58159,8.7,34.0,0.004174261443826247
58160,8.7,35.0,0.008620581537608604
58161,8.7,36.0,0.004099389969556325
58162,8.7,37.0,0.0035298893565796374
58163,8.7,38.0,0.007083073266765329
58164,8.7,39.0,0.003289952326377357
58165,8.7,40.0,0.002840490681277168
58166,8.7,41.0,0.005869379208929479
58167,8.7,42.0,0.0025421225626957172
58168,8.7,43.0,0.0005202994438837109
58169,8.7,44.0,0.0020257384581754776
58170,8.7,45.0,0.0046379628245104875
58171,8.7,46.0,0.0019585533912902897
58172,8.7,47.0,0.00023624716325731368
58173,8.7,48.0,9.35725768912825e-05
58174,8.7,49.0,7.458271583599489e-05
58175,8.7,50.0,6.00090177367231e-05
58176,8.7,51.0,4.8029709138564836e-05
58177,8.7,52.0,3.907820716508766e-05
58178,8.7,53.0,0.00010559202677711004
58179,8.7,54.0,0.0011393056046390686
58180,8.7,55.0,0.0027580092748038074
58181,8.7,56.0,0.0011300184490185914
58182,8.7,57.0,8.660206944047847e-05
58183,8.7,58.0,9.546054969589695e-06
58184,8.7,59.0,6.676238747961486e-06
58185,8.7,60.0,5.091952291902214e-06
58186,8.7,61.0,3.863889107180148e-06
58187,8.7,62.0,2.9164271337635233e-06
58188,8.7,63.0,2.189594603645355e-06
58189,8.7,64.0,1.6351680979766942e-06
58190,8.7,65.0,1.2146389522656056e-06
58191,8.7,66.0,8.974662196182512e-07
58192,8.7,67.0,6.595916130157458e-07
58193,8.7,68.0,4.821900519502958e-07
58194,8.7,69.0,3.5062871103164784e-07
58195,8.7,70.0,2.5360791970335586e-07
58196,8.7,71.0,1.8245856529230894e-07
58197,8.7,72.0,1.3057252636233405e-07
58198,8.7,73.0,9.294487893317785e-08
58199,8.7,74.0,6.580899106198298e-08
58200,8.8,-75.0,4.711718971902641e-11
58201,8.8,-74.0,7.343897792314444e-11
58202,8.8,-73.0,1.1385706287281528e-10
58203,8.8,-72.0,1.7558177543315672e-10
58204,8.8,-71.0,2.693301690565216e-10
58205,8.8,-70.0,4.109383557680065e-10
58206,8.8,-69.0,6.23669437015861e-10
58207,8.8,-68.0,9.414957260695613e-10
58208,8.8,-67.0,1.41373611309013e-09
58209,8.8,-66.0,2.1115650225980983e-09
58210,8.8,-65.0,3.1370878142226656e-09
58211,8.8,-64.0,4.6359100572808086e-09
58212,8.8,-63.0,6.814428474712598e-09
58213,8.8,-62.0,9.96345548687173e-09
58214,8.8,-61.0,1.449027558830012e-08
58215,8.8,-60.0,2.096184093656199e-08
58216,8.8,-59.0,3.016256809884597e-08
58217,8.8,-58.0,4.317112166720171e-08
58218,8.8,-57.0,6.146168727514635e-08
58219,8.8,-56.0,8.703656872656125e-08
58220,8.8,-55.0,1.2259850996665567e-07
58221,8.8,-54.0,1.717729541911942e-07
58222,8.8,-53.0,2.393925107023749e-07
58223,8.8,-52.0,3.318581913456481e-07
58224,8.8,-51.0,4.5759446836766187e-07
58225,8.8,-50.0,6.276178339898805e-07
58226,8.8,-49.0,8.562412160803483e-07
58227,8.8,-48.0,1.1619391924184609e-06
58228,8.8,-47.0,1.5684012719844083e-06
58229,8.8,-46.0,2.105802805858852e-06
58230,8.8,-45.0,2.8138023321183674e-06
58231,8.8,-44.0,4.534168900927806e-06
58232,8.8,-43.0,7.623639477370016e-05
58233,8.8,-42.0,0.0010624961727262094
58234,8.8,-41.0,0.0026027716887153454
58235,8.8,-40.0,0.001148920833989306
58236,8.8,-39.0,0.0012976958563198167
58237,8.8,-38.0,0.0029959819511262997
58238,8.8,-37.0,0.0012368301272397738
58239,8.8,-36.0,0.0002106821179993809
58240,8.8,-35.0,0.0015039116062598161
58241,8.8,-34.0,0.003647331192772259
58242,8.8,-33.0,0.0016397645946795829
58243,8.8,-32.0,0.001870600496718881
58244,8.8,-31.0,0.004263459698033111
58245,8.8,-30.0,0.0019449912887588607
58246,8.8,-29.0,0.002229611486475444
58247,8.8,-28.0,0.005023909844707534
58248,8.8,-27.0,0.0021852330271992563
58249,8.8,-26.0,0.0005479408014804637
58250,8.8,-25.0,0.0027405081664260865
58251,8.8,-24.0,0.006353417956890972
58252,8.8,-23.0,0.0030620786335739743
58253,8.8,-22.0,0.0035471599165587254
58254,8.8,-21.0,0.007668813484407893
58255,8.8,-20.0,0.003579394770549008
58256,8.8,-19.0,0.0012468719847287383
58257,8.8,-18.0,0.0045699065726588824
58258,8.8,-17.0,0.010013756519320209
58259,8.8,-16.0,0.005171333584650379
58260,8.8,-15.0,0.006025915649218413
58261,8.8,-14.0,0.012355856966682878
58262,8.8,-13.0,0.006192070158394197
58263,8.8,-12.0,0.002699891495593761
58264,8.8,-11.0,0.007956124860008336
58265,8.8,-10.0,0.016533927961500036
58266,8.8,-9.0,0.008966040347461235
58267,8.8,-8.0,0.01048858704098014
58268,8.8,-7.0,0.02070991489569338
58269,8.8,-6.0,0.010718289593727929
58270,8.8,-5.0,0.00504254877671654
58271,8.8,-4.0,0.013869802032179277
58272,8.8,-3.0,0.028273933048132478
58273,8.8,-2.0,0.014498593177019927
58274,8.8,-1.0,0.005735913461459891
58275,8.8,0.0,0.0006466908741482383
58276,8.8,1.0,0.006425615194690534
58277,8.8,2.0,0.02165807335271511
58278,8.8,3.0,0.045297925615786515
58279,8.8,4.0,0.02203237064959224
58280,8.8,5.0,0.008957565966156964
58281,8.8,6.0,0.033257569360182905
58282,8.8,7.0,0.07279278459566971
58283,8.8,8.0,0.035407104950687565
58284,8.8,9.0,0.034133668915343134
58285,8.8,10.0,0.07169364529279301
58286,8.8,11.0,0.032446245391508845
58287,8.8,12.0,0.008286248616255383
58288,8.8,13.0,0.020652880577193156
58289,8.8,14.0,0.04278761523994074
58290,8.8,15.0,0.021107744756103386
58291,8.8,16.0,0.017191355563647634
58292,8.8,17.0,0.03241420992417856
58293,8.8,18.0,0.015757104965517032
58294,8.8,19.0,0.005537452431543706
58295,8.8,20.0,0.012026250047379837
58296,8.8,21.0,0.023454481127334947
58297,8.8,22.0,0.01196134569459905
58298,8.8,23.0,0.010191048364832176
58299,8.8,24.0,0.018705507311895554
58300,8.8,25.0,0.009165180591621415
58301,8.8,26.0,0.003297622627604641
58302,8.8,27.0,0.007154347902877518
58303,8.8,28.0,0.013976855558994585
58304,8.8,29.0,0.00699118707024125
58305,8.8,30.0,0.006002068340115355
58306,8.8,31.0,0.01130123068334393
58307,8.8,32.0,0.0053223953428415995
58308,8.8,33.0,0.0016542995791166573
58309,8.8,34.0,0.004162935266972031
58310,8.8,35.0,0.008588369937624662
58311,8.8,36.0,0.004087286905698449
58312,8.8,37.0,0.003519220855582846
58313,8.8,38.0,0.0070546177960297265
58314,8.8,39.0,0.003279188496447373
58315,8.8,40.0,0.0028308941610528013
58316,8.8,41.0,0.005843945692960904
58317,8.8,42.0,0.0025329450279511783
58318,8.8,43.0,0.0005208114392298202
58319,8.8,44.0,0.002017826748219505
58320,8.8,45.0,0.004615860329103572
58321,8.8,46.0,0.0019502511050054848
58322,8.8,47.0,0.0002367300665392976
58323,8.8,48.0,9.453545492448235e-05
58324,8.8,49.0,7.540763863135402e-05
58325,8.8,50.0,6.0705116246088604e-05
58326,8.8,51.0,4.861271454480587e-05
58327,8.8,52.0,3.955811419939597e-05
58328,8.8,53.0,0.00010555880165198868
58329,8.8,54.0,0.0011332143690357833
58330,8.8,55.0,0.002742511910812694
58331,8.8,56.0,0.001123815177465594
58332,8.8,57.0,8.634223148892716e-05
58333,8.8,58.0,9.679759707137065e-06
58334,8.8,59.0,6.786110293435998e-06
58335,8.8,60.0,5.178535940804334e-06
58336,8.8,61.0,3.931684973793883e-06
58337,8.8,62.0,2.9691803542836688e-06
58338,8.8,63.0,2.2303886763546314e-06
58339,8.8,64.0,1.6665203920263426e-06
58340,8.8,65.0,1.2385878639653986e-06
58341,8.8,66.0,9.156491910038304e-07
58342,8.8,67.0,6.733138054516621e-07
58343,8.8,68.0,4.924838915571164e-07
58344,8.8,69.0,3.583048180871644e-07
58345,8.8,70.0,2.5929812348084993e-07
58346,8.8,71.0,1.8665181056790321e-07
58347,8.8,72.0,1.336445176161189e-07
58348,8.8,73.0,9.518230023073977e-08
58349,8.8,74.0,6.742909824690407e-08
58350,8.9,-75.0,4.548865534096476e-11
58351,8.9,-74.0,7.093845623487683e-11
58352,8.9,-73.0,1.1003895936790763e-10
58353,8.9,-72.0,1.6978421998352912e-10
58354,8.9,-71.0,2.6057592044121836e-10
58355,8.9,-70.0,3.97793190907297e-10
58356,8.9,-69.0,6.040411381325377e-10
58357,8.9,-68.0,9.123506742356743e-10
58358,8.9,-67.0,1.3707024391075095e-09
58359,8.9,-66.0,2.0483807329820354e-09
58360,8.9,-65.0,3.044838677262849e-09
58361,8.9,-64.0,4.501984572239209e-09
58362,8.9,-63.0,6.621095123239571e-09
58363,8.9,-62.0,9.685939755375387e-09
58364,8.9,-61.0,1.4094179963772536e-08
58365,8.9,-60.0,2.039970920655708e-08
58366,8.9,-59.0,2.9369344868473264e-08
58367,8.9,-58.0,4.205819823060535e-08
58368,8.9,-57.0,5.990915531905654e-08
58369,8.9,-56.0,8.488322373389663e-08
58370,8.9,-55.0,1.1962905724740044e-07
58371,8.9,-54.0,1.6770177376673946e-07
58372,8.9,-53.0,2.3384323564377724e-07
58373,8.9,-52.0,3.2433825206435324e-07
58374,8.9,-51.0,4.474636592103802e-07
58375,8.9,-50.0,6.140498770790775e-07
58376,8.9,-49.0,8.381772421330838e-07
58377,8.9,-48.0,1.1380320436715549e-06
58378,8.9,-47.0,1.5369495758145327e-06
58379,8.9,-46.0,2.064673891925265e-06
58380,8.9,-45.0,2.760350646563305e-06
58381,8.9,-44.0,4.469076937509466e-06
58382,8.9,-43.0,7.650244571472828e-05
58383,8.9,-42.0,0.0010676364339740323
58384,8.9,-41.0,0.002615532950036705
58385,8.9,-40.0,0.001154390264312018
58386,8.9,-39.0,0.00130371378715484
58387,8.9,-38.0,0.003010166154692796
58388,8.9,-37.0,0.0012423749646071987
58389,8.9,-36.0,0.0002111154744436067
58390,8.9,-35.0,0.0015102588605452108
58391,8.9,-34.0,0.0036635574816297222
58392,8.9,-33.0,0.0016463837562044358
58393,8.9,-32.0,0.001877853684688182
58394,8.9,-31.0,0.004281290846553858
58395,8.9,-30.0,0.0019519941889890454
58396,8.9,-29.0,0.0022372726473499117
58397,8.9,-28.0,0.0050433629177886585
58398,8.9,-27.0,0.0021918689787569306
58399,8.9,-26.0,0.0005469325855129895
58400,8.9,-25.0,0.0027479590118668178
58401,8.9,-24.0,0.0063750952784579285
58402,8.9,-23.0,0.003069613382132328
58403,8.9,-22.0,0.00355544870963426
58404,8.9,-21.0,0.007692285732984596
58405,8.9,-20.0,0.0035863729428642892
58406,8.9,-19.0,0.0012440951477343022
58407,8.9,-18.0,0.004578018708476031
58408,8.9,-17.0,0.010040137115108204
58409,8.9,-16.0,0.005180117973187555
58410,8.9,-15.0,0.006035847657379264
58411,8.9,-14.0,0.012385153861294658
58412,8.9,-13.0,0.006201637208714577
58413,8.9,-12.0,0.002698176784189581
58414,8.9,-11.0,0.007968121572640782
58415,8.9,-10.0,0.016568511989439504
58416,8.9,-9.0,0.00898121546624154
58417,8.9,-8.0,0.0105053229790422
58418,8.9,-7.0,0.02074913606931291
58419,8.9,-6.0,0.010738026981489388
58420,8.9,-5.0,0.005051674839165028
58421,8.9,-4.0,0.013891714275483037
58422,8.9,-3.0,0.02831626926706374
58423,8.9,-2.0,0.014527260234197646
58424,8.9,-1.0,0.00575721760672721
58425,8.9,0.0,0.00065286357797592
58426,8.9,1.0,0.0064528340010214244
58427,8.9,2.0,0.02167225854609641
58428,8.9,3.0,0.04528954638154186
58429,8.9,4.0,0.02205481319364889
58430,8.9,5.0,0.008988127076646743
58431,8.9,6.0,0.03310898536684062
58432,8.9,7.0,0.07236085455008222
58433,8.9,8.0,0.03532808324440726
58434,8.9,9.0,0.03429257392636304
58435,8.9,10.0,0.07228047195792558
58436,8.9,11.0,0.032655855519804995
58437,8.9,12.0,0.008255899885441545
58438,8.9,13.0,0.02061649978030363
58439,8.9,14.0,0.04276687624017915
58440,8.9,15.0,0.02107789804158209
58441,8.9,16.0,0.01714369215375777
58442,8.9,17.0,0.03234793495773059
58443,8.9,18.0,0.015716367147354613
58444,8.9,19.0,0.005512814876742693
58445,8.9,20.0,0.011985791880125253
58446,8.9,21.0,0.023385656251930034
58447,8.9,22.0,0.011925468071103545
58448,8.9,23.0,0.010157942946906555
58449,8.9,24.0,0.018644939127703385
58450,8.9,25.0,0.009137991044773357
58451,8.9,26.0,0.0032910061170716032
58452,8.9,27.0,0.007132646885260604
58453,8.9,28.0,0.013928236572415905
58454,8.9,29.0,0.006970749870410015
58455,8.9,30.0,0.005984309552279699
58456,8.9,31.0,0.011260007345251776
58457,8.9,32.0,0.005307138467558327
58458,8.9,33.0,0.0016547052936585086
58459,8.9,34.0,0.004150776930346088
58460,8.9,35.0,0.00855453758237593
58461,8.9,36.0,0.004074390268398571
58462,8.9,37.0,0.0035078747988094242
58463,8.9,38.0,0.007024857750696752
58464,8.9,39.0,0.003267807707425686
58465,8.9,40.0,0.002820770483794767
58466,8.9,41.0,0.005817452040671141
58467,8.9,42.0,0.00252330402010971
58468,8.9,43.0,0.0005212236468292148
58469,8.9,44.0,0.0020095531295493676
58470,8.9,45.0,0.004592937746537672
58471,8.9,46.0,0.0019416028649204156
58472,8.9,47.0,0.00023717192789445699
58473,8.9,48.0,9.548332172658603e-05
58474,8.9,49.0,7.622145959431314e-05
58475,8.9,50.0,6.139299769645134e-05
58476,8.9,51.0,4.918974393346069e-05
58477,8.9,52.0,4.00336192748102e-05
58478,8.9,53.0,0.00010550962860203304
58479,8.9,54.0,0.0011269287308567728
58480,8.9,55.0,0.002726540738130526
58481,8.9,56.0,0.0011174187191167221
58482,8.9,57.0,8.606898438592918e-05
58483,8.9,58.0,9.813142000012452e-06
58484,8.9,59.0,6.895960900601315e-06
58485,8.9,60.0,5.265194646221199e-06
58486,8.9,61.0,3.999609019999193e-06
58487,8.9,62.0,3.022085826495213e-06
58488,8.9,63.0,2.271340037750627e-06
58489,8.9,64.0,1.6980232260539182e-06
58490,8.9,65.0,1.2626739007689712e-06
58491,8.9,66.0,9.339527145057029e-07
58492,8.9,67.0,6.871391307139801e-07
58493,8.9,68.0,5.028640410627664e-07
58494,8.9,69.0,3.6605183520566533e-07
58495,8.9,70.0,2.650456638115488e-07
58496,8.9,71.0,1.9089076832081226e-07
58497,8.9,72.0,1.367524941535069e-07
58498,8.9,73.0,9.744772249131671e-08
58499,8.9,74.0,6.907076059506999e-08
58500,9.0,-75.0,4.227662408612927e-11
58501,9.0,-74.0,6.596450738568616e-11
58502,9.0,-73.0,1.0237795595218903e-10
58503,9.0,-72.0,1.5804788652507207e-10
58504,9.0,-71.0,2.4269288181435075e-10
58505,9.0,-70.0,3.706905308897749e-10
58506,9.0,-69.0,5.63186263827303e-10
58507,9.0,-68.0,8.510963404166439e-10
58508,9.0,-67.0,1.2793562660039812e-09
58509,9.0,-66.0,1.912891715677819e-09
58510,9.0,-65.0,2.844954865699469e-09
58511,9.0,-64.0,4.20868560608976e-09
58512,9.0,-63.0,6.1930373393495805e-09
58513,9.0,-62.0,9.06456616760573e-09
58514,9.0,-61.0,1.3197037816245387e-08
58515,9.0,-60.0,1.9111378496671357e-08
58516,9.0,-59.0,2.7529205896988714e-08
58517,9.0,-58.0,3.9444047775340056e-08
58518,9.0,-57.0,5.6215411720530965e-08
58519,9.0,-56.0,7.969213288067455e-08
58520,9.0,-55.0,1.1237291593725463e-07
58521,9.0,-54.0,1.5761371640388445e-07
58522,9.0,-53.0,2.1989357802420548e-07
58523,9.0,-52.0,3.0515274740100405e-07
58524,9.0,-51.0,4.2121929494704805e-07
58525,9.0,-50.0,5.78343029237876e-07
58526,9.0,-49.0,7.898581156750018e-07
58527,9.0,-48.0,1.0729983789962242e-06
58528,9.0,-47.0,1.4498916188819468e-06
58529,9.0,-46.0,1.9487616306733567e-06
58530,9.0,-45.0,2.6068051037388327e-06
58531,9.0,-44.0,4.240837934023918e-06
58532,9.0,-43.0,7.390923437366966e-05
58533,9.0,-42.0,0.00103280604984192
58534,9.0,-41.0,0.002530364710059163
58535,9.0,-40.0,0.001116644865458931
58536,9.0,-39.0,0.001260932119235383
58537,9.0,-38.0,0.0029116625566644938
58538,9.0,-37.0,0.0012014241656998434
58539,9.0,-36.0,0.00020366982748557796
58540,9.0,-35.0,0.0014600983216710038
58541,9.0,-34.0,0.003542671949656625
58542,9.0,-33.0,0.0015914134241649452
58543,9.0,-32.0,0.001814867754222457
58544,9.0,-31.0,0.004138930025520457
58545,9.0,-30.0,0.0018860045592815824
58546,9.0,-29.0,0.002161284727457467
58547,9.0,-28.0,0.0048741620163896965
58548,9.0,-27.0,0.002116584134410196
58549,9.0,-26.0,0.0005255826338804523
58550,9.0,-25.0,0.002652730419139207
58551,9.0,-24.0,0.006158396782056653
58552,9.0,-23.0,0.0029624721273627474
58553,9.0,-22.0,0.003430922124658515
58554,9.0,-21.0,0.007428210839250826
58555,9.0,-20.0,0.00345941839836798
58556,9.0,-19.0,0.0011950253162810688
58557,9.0,-18.0,0.004415180052551164
58558,9.0,-17.0,0.009691323268702149
58559,9.0,-16.0,0.004995463089014824
58560,9.0,-15.0,0.005820391743743474
58561,9.0,-14.0,0.011951708547588894
58562,9.0,-13.0,0.0059796165244456944
58563,9.0,-12.0,0.0025958377743695625
58564,9.0,-11.0,0.007682571740236705
58565,9.0,-10.0,0.01598417994831752
58566,9.0,-9.0,0.00866092875633155
58567,9.0,-8.0,0.010129728973675303
58568,9.0,-7.0,0.02001342715505289
58569,9.0,-6.0,0.010356610223961109
58570,9.0,-5.0,0.0048719362584803945
58571,9.0,-4.0,0.013394889151699799
58572,9.0,-3.0,0.027301624032625232
58573,9.0,-2.0,0.014013235288522182
58574,9.0,-1.0,0.0055628837952073585
58575,9.0,0.0,0.0006345192021484863
58576,9.0,1.0,0.00623837343897704
58577,9.0,2.0,0.020878834054852448
58578,9.0,3.0,0.04359544316748264
58579,9.0,4.0,0.021255152262247046
58580,9.0,5.0,0.008683190519457762
58581,9.0,6.0,0.0317418160520001
58582,9.0,7.0,0.0692724800446991
58583,9.0,8.0,0.033948618981561846
58584,9.0,9.0,0.03717136006470676
58585,9.0,10.0,0.07539444758462313
58586,9.0,11.0,0.03400279487087069
58587,9.0,12.0,0.00850602218752061
58588,9.0,13.0,0.021278696861523734
58589,9.0,14.0,0.04419745811653722
58590,9.0,15.0,0.021762404962534072
58591,9.0,16.0,0.017675704244172634
58592,9.0,17.0,0.033376367914587896
58593,9.0,18.0,0.01620704144460457
58594,9.0,19.0,0.005674011576502068
58595,9.0,20.0,0.012350081756207616
58596,9.0,21.0,0.024107132330106935
58597,9.0,22.0,0.012292446435739669
58598,9.0,23.0,0.010467847254083297
58599,9.0,24.0,0.019214187015064516
58600,9.0,25.0,0.009419452228428098
58601,9.0,26.0,0.0033955246750952415
58602,9.0,27.0,0.007351823790899974
58603,9.0,28.0,0.014349982905047005
58604,9.0,29.0,0.007185779110551918
58605,9.0,30.0,0.00616868559025394
58606,9.0,31.0,0.011599000105025377
58607,9.0,32.0,0.005471177517041033
58608,9.0,33.0,0.0017111273287479245
58609,9.0,34.0,0.00427885069775421
58610,9.0,35.0,0.008809520736430201
58611,9.0,36.0,0.004199136890306797
58612,9.0,37.0,0.00361503134442171
58613,9.0,38.0,0.007232229651265347
58614,9.0,39.0,0.00336680719681557
58615,9.0,40.0,0.0029059225462419215
58616,9.0,41.0,0.005987292040134849
58617,9.0,42.0,0.0025988802179173973
58618,9.0,43.0,0.0005393147196959344
58619,9.0,44.0,0.0020691338079859146
58620,9.0,45.0,0.0047249730000997825
58621,9.0,46.0,0.001998496530986872
58622,9.0,47.0,0.00024567121610637725
58623,9.0,48.0,9.970233027784848e-05
58624,9.0,49.0,7.964936364362672e-05
58625,9.0,50.0,6.418824610932505e-05
58626,9.0,51.0,5.145675331058108e-05
58627,9.0,52.0,4.1885213368677276e-05
58628,9.0,53.0,0.00010903912923072825
58629,9.0,54.0,0.0011586486649548303
58630,9.0,55.0,0.002802492790244461
58631,9.0,56.0,0.0011487011929206638
58632,9.0,57.0,8.870682184356712e-05
58633,9.0,58.0,1.0285191986860385e-05
58634,9.0,59.0,7.24455718201757e-06
58635,9.0,60.0,5.534329243921651e-06
58636,9.0,61.0,4.206292701967523e-06
58637,9.0,62.0,3.1799488523285285e-06
58638,9.0,63.0,2.3912604795925993e-06
58639,9.0,64.0,1.7886268483318566e-06
58640,9.0,65.0,1.330756855487169e-06
58641,9.0,66.0,9.848357069688117e-07
58642,9.0,67.0,7.249615410452045e-07
58643,9.0,68.0,5.308260863315208e-07
58644,9.0,69.0,3.8661228842206914e-07
58645,9.0,70.0,2.8008197365622376e-07
58646,9.0,71.0,2.0182769942110563e-07
58647,9.0,72.0,1.4466467278703502e-07
58648,9.0,73.0,1.0314075728615906e-07
58649,9.0,74.0,7.314493360401196e-08
58650,9.1,-75.0,3.949518778247044e-11
58651,9.1,-74.0,6.165745512439962e-11
58652,9.1,-73.0,9.57443412736654e-11
58653,9.1,-72.0,1.4788589129345212e-10
58654,9.1,-71.0,2.2720949600827517e-10
58655,9.1,-70.0,3.4722606708931584e-10
58656,9.1,-69.0,5.278180913691484e-10
58657,9.1,-68.0,7.980724711966212e-10
58658,9.1,-67.0,1.2002908545748689e-09
58659,9.1,-66.0,1.7956296665706884e-09
58660,9.1,-65.0,2.6719797079903286e-09
58661,9.1,-64.0,3.9549012900192425e-09
58662,9.1,-63.0,5.822697808001034e-09
58663,9.1,-62.0,8.52705305358014e-09
58664,9.1,-61.0,1.2421092369196885e-08
58665,9.1,-60.0,1.7997274153003843e-08
58666,9.1,-59.0,2.5938197376317707e-08
58667,9.1,-58.0,3.718424522073386e-08
58668,9.1,-57.0,5.3022997665970086e-08
58669,9.1,-56.0,7.520655888554264e-08
58670,9.1,-55.0,1.0610437771789403e-07
58671,9.1,-54.0,1.489008047881284e-07
58672,9.1,-53.0,2.0784853265155658e-07
58673,9.1,-52.0,2.885911971771871e-07
58674,9.1,-51.0,3.9857075297416325e-07
58675,9.1,-50.0,5.475377233081814e-07
58676,9.1,-49.0,7.481849866689969e-07
58677,9.1,-48.0,1.0169282835478797e-06
58678,9.1,-47.0,1.3748589525003455e-06
58679,9.1,-46.0,1.8488963325864202e-06
58680,9.1,-45.0,2.473168548909822e-06
58681,9.1,-44.0,3.290650728413742e-06
58682,9.1,-43.0,4.3550892210767384e-06
58683,9.1,-42.0,5.734841634257093e-06
58684,9.1,-41.0,8.373541258274218e-06
58685,9.1,-40.0,8.714371613085732e-05
58686,9.1,-39.0,0.0011585240579406852
58687,9.1,-38.0,0.0028304029623875187
58688,9.1,-37.0,0.0011679216578425826
58689,9.1,-36.0,0.00019752435792216597
58690,9.1,-35.0,0.0014190170109549527
58691,9.1,-34.0,0.003443754350166872
58692,9.1,-33.0,0.0015463596254412138
58693,9.1,-32.0,0.0017632094851231556
58694,9.1,-31.0,0.0040223086793045905
58695,9.1,-30.0,0.0018318229154429737
58696,9.1,-29.0,0.0020988508987891466
58697,9.1,-28.0,0.004735373523335888
58698,9.1,-27.0,0.002054630786783758
58699,9.1,-26.0,0.0005077251620789335
58700,9.1,-25.0,0.0025742630029062727
58701,9.1,-24.0,0.005980308463235996
58702,9.1,-23.0,0.0028740965535092424
58703,9.1,-22.0,0.0033281533935884586
58704,9.1,-21.0,0.007210872714816508
58705,9.1,-20.0,0.0033544844998830143
58706,9.1,-19.0,0.0011538936333966732
58707,9.1,-18.0,0.004280486737246971
58708,9.1,-17.0,0.009403738889626768
58709,9.1,-16.0,0.004842661794897442
58710,9.1,-15.0,0.005642065859534002
58711,9.1,-14.0,0.011593961673782948
58712,9.1,-13.0,0.00579575567012242
58713,9.1,-12.0,0.0025103890151308306
58714,9.1,-11.0,0.007446065445058555
58715,9.1,-10.0,0.015501360177851095
58716,9.1,-9.0,0.008395797756204151
58717,9.1,-8.0,0.009818732627399736
58718,9.1,-7.0,0.019405097181377614
58719,9.1,-6.0,0.010041026009707316
58720,9.1,-5.0,0.004723043205856663
58721,9.1,-4.0,0.01298354242325872
58722,9.1,-3.0,0.02646163325594037
58723,9.1,-2.0,0.01358823439023389
58724,9.1,-1.0,0.005403035087114359
58725,9.1,0.0,0.0006199218138617383
58726,9.1,1.0,0.006062479272431646
58727,9.1,2.0,0.020220807463556114
58728,9.1,3.0,0.04218714585025869
58729,9.1,4.0,0.020592836344664373
58730,9.1,5.0,0.008433156302517881
58731,9.1,6.0,0.030599326060933563
58732,9.1,7.0,0.06668414873630056
58733,9.1,8.0,0.03280694110171335
58734,9.1,9.0,0.03858480670107493
58735,9.1,10.0,0.07906043015705728
58736,9.1,11.0,0.03559144606666767
58737,9.1,12.0,0.00880516473405768
58738,9.1,13.0,0.02206230778007835
58739,9.1,14.0,0.04588464080833619
58740,9.1,15.0,0.022571504755828448
58741,9.1,16.0,0.01830655191950574
58742,9.1,17.0,0.0345933191064756
58743,9.1,18.0,0.01678844236256423
58744,9.1,19.0,0.005865964793803798
58745,9.1,20.0,0.012782580753752578
58746,9.1,21.0,0.02496277209177984
58747,9.1,22.0,0.012727634798327527
58748,9.1,23.0,0.010835591334677113
58749,9.1,24.0,0.019889852230813434
58750,9.1,25.0,0.009753145289421918
58751,9.1,26.0,0.0035189607079283607
58752,9.1,27.0,0.007611705963526418
58753,9.1,28.0,0.014850945436043947
58754,9.1,29.0,0.007440683931518304
58755,9.1,30.0,0.006387273503441414
58756,9.1,31.0,0.012001906343074053
58757,9.1,32.0,0.005665615624224944
58758,9.1,33.0,0.0017773703598101677
58759,9.1,34.0,0.004430693121433757
58760,9.1,35.0,0.009112904644547287
58761,9.1,36.0,0.004347165332230593
58762,9.1,37.0,0.0037422197024367773
58763,9.1,38.0,0.007479221078498281
58764,9.1,39.0,0.003484419801836168
58765,9.1,40.0,0.003007123858159108
58766,9.1,41.0,0.006189818794393924
58767,9.1,42.0,0.0026887762805671137
58768,9.1,43.0,0.0005605490860807304
58769,9.1,44.0,0.002140079939025239
58770,9.1,45.0,0.004882675523686209
58771,9.1,46.0,0.002066323931023937
58772,9.1,47.0,0.00025562598366435987
58773,9.1,48.0,0.00010456995642208233
58774,9.1,49.0,8.360059481659557e-05
58775,9.1,50.0,6.740842528215647e-05
58776,9.1,51.0,5.406699192449811e-05
58777,9.1,52.0,4.401715935099121e-05
58778,9.1,53.0,0.00011319940030359351
58779,9.1,54.0,0.001196621859759201
58780,9.1,55.0,0.0028935098031320095
58781,9.1,56.0,0.0011861707022748124
58782,9.1,57.0,9.184030818294851e-05
58783,9.1,58.0,1.0828193685021813e-05
58784,9.1,59.0,7.644532890840573e-06
58785,9.1,60.0,5.8430224737781305e-06
58786,9.1,61.0,4.443277577682943e-06
58787,9.1,62.0,3.3608991314523937e-06
58788,9.1,63.0,2.52867851958936e-06
58789,9.1,64.0,1.8924214751848806e-06
58790,9.1,65.0,1.4087314932662715e-06
58791,9.1,66.0,1.0430969778317592e-06
58792,9.1,67.0,7.682582949299026e-07
58793,9.1,68.0,5.628283130821402e-07
58794,9.1,69.0,4.1013867349035277e-07
58795,9.1,70.0,2.972840548011234e-07
58796,9.1,71.0,2.143377250551068e-07
58797,9.1,72.0,1.5371339875265273e-07
58798,9.1,73.0,1.0965058204293017e-07
58799,9.1,74.0,7.780298594974306e-08
58800,9.2,-75.0,3.803261759466301e-11
58801,9.2,-74.0,5.940582321148991e-11
58802,9.2,-73.0,9.229707282518713e-11
58803,9.2,-72.0,1.4263724585233165e-10
58804,9.2,-71.0,2.1926235230314635e-10
58805,9.2,-70.0,3.352596607015573e-10
58806,9.2,-69.0,5.098995644916477e-10
58807,9.2,-68.0,7.713901496354235e-10
58808,9.2,-67.0,1.1607792727093156e-09
58809,9.2,-66.0,1.7374459724339342e-09
58810,9.2,-65.0,2.5867775394923177e-09
58811,9.2,-64.0,3.830830736260912e-09
58812,9.2,-63.0,5.64303774322011e-09
58813,9.2,-62.0,8.268353915003333e-09
58814,9.2,-61.0,1.2050672191262623e-08
58815,9.2,-60.0,1.7469867135965263e-08
58816,9.2,-59.0,2.519150119774324e-08
58817,9.2,-58.0,3.613304949088943e-08
58818,9.2,-57.0,5.155150035370566e-08
58819,9.2,-56.0,7.315838950485717e-08
58820,9.2,-55.0,1.0326974541133947e-07
58821,9.2,-54.0,1.4500007681287624e-07
58822,9.2,-53.0,2.0251142591325082e-07
58823,9.2,-52.0,2.8133063557144476e-07
58824,9.2,-51.0,3.8875031144375405e-07
58825,9.2,-50.0,5.343314530264416e-07
58826,9.2,-49.0,7.30528304603777e-07
58827,9.2,-48.0,9.934585268531665e-07
58828,9.2,-47.0,1.3438441600127771e-06
58829,9.2,-46.0,1.80815084184101e-06
58830,9.2,-45.0,2.419954110457867e-06
58831,9.2,-44.0,3.2215620655736053e-06
58832,9.2,-43.0,4.265923331553286e-06
58833,9.2,-42.0,5.62045461965727e-06
58834,9.2,-41.0,8.229803317536647e-06
58835,9.2,-40.0,8.714938051593888e-05
58836,9.2,-39.0,0.0011611127172542273
58837,9.2,-38.0,0.002837038482182043
58838,9.2,-37.0,0.001170380860691939
58839,9.2,-36.0,0.0001974800944579003
58840,9.2,-35.0,0.0014216389841693166
58841,9.2,-34.0,0.0034508663199598073
58842,9.2,-33.0,0.0015489412978369995
58843,9.2,-32.0,0.0017658750638767883
58844,9.2,-31.0,0.004029564540975718
58845,9.2,-30.0,0.0018340966202954852
58846,9.2,-29.0,0.002101111843296895
58847,9.2,-28.0,0.004742469163271501
58848,9.2,-27.0,0.002056036499754439
58849,9.2,-26.0,0.0005056133452583462
58850,9.2,-25.0,0.002575200957739327
58851,9.2,-24.0,0.005986540194260632
58852,9.2,-23.0,0.0028743948436310584
58853,9.2,-22.0,0.0033280768574486964
58854,9.2,-21.0,0.007215853556593419
58855,9.2,-20.0,0.0033530889902482594
58856,9.2,-19.0,0.001148527140777317
58857,9.2,-18.0,0.004277926408234123
58858,9.2,-17.0,0.009406186420398576
58859,9.2,-16.0,0.004839342389411655
58860,9.2,-15.0,0.005637903134575799
58861,9.2,-14.0,0.01159387195911251
58862,9.2,-13.0,0.005790793831442528
58863,9.2,-12.0,0.002502547792102708
58864,9.2,-11.0,0.007439403870425335
58865,9.2,-10.0,0.015496846199127121
58866,9.2,-9.0,0.008389751949808403
58867,9.2,-8.0,0.009810783725408143
58868,9.2,-7.0,0.019395658584728765
58869,9.2,-6.0,0.010035229891771387
58870,9.2,-5.0,0.00471973707234789
58871,9.2,-4.0,0.012972970800332554
58872,9.2,-3.0,0.02643880824886302
58873,9.2,-2.0,0.013582474816707988
58874,9.2,-1.0,0.005409379906910286
58875,9.2,0.0,0.0006243388464708186
58876,9.2,1.0,0.0060730714859392335
58877,9.2,2.0,0.020188390154555046
58878,9.2,3.0,0.04208582671654627
58879,9.2,4.0,0.02056742645374312
58880,9.2,5.0,0.00844345232991289
58881,9.2,6.0,0.030415792395172708
58882,9.2,7.0,0.06619144386610022
58883,9.2,8.0,0.03269421086262976
58884,9.2,9.0,0.039554842309409324
58885,9.2,10.0,0.07987764576511669
58886,9.2,11.0,0.03589180744633981
58887,9.2,12.0,0.008776144317380706
58888,9.2,13.0,0.02202024280944751
58889,9.2,14.0,0.04585714610002365
58890,9.2,15.0,0.022536033727159944
58891,9.2,16.0,0.01825082607245968
58892,9.2,17.0,0.03451394874191464
58893,9.2,18.0,0.01674020425188075
58894,9.2,19.0,0.005837265967459996
58895,9.2,20.0,0.012735067038852514
58896,9.2,21.0,0.024881680137109494
58897,9.2,22.0,0.012685042260781192
58898,9.2,23.0,0.010796420009359086
58899,9.2,24.0,0.019818824068876348
58900,9.2,25.0,0.009720668269434338
58901,9.2,26.0,0.0035102615527201416
58902,9.2,27.0,0.0075857699271333874
58903,9.2,28.0,0.014794235139145656
58904,9.2,29.0,0.00741625529869502
58905,9.2,30.0,0.006366061837223522
58906,9.2,31.0,0.011954073507816292
58907,9.2,32.0,0.0056473861494782795
58908,9.2,33.0,0.0017770333672198545
58909,9.2,34.0,0.004416224603947684
58910,9.2,35.0,0.009073991513851559
58911,9.2,36.0,0.004332007107439518
58912,9.2,37.0,0.003728927000780102
58913,9.2,38.0,0.007445231879830022
58914,9.2,39.0,0.0034712136655385495
58915,9.2,40.0,0.002995420333071802
58916,9.2,41.0,0.006159756012660281
58917,9.2,42.0,0.0026777066221395493
58918,9.2,43.0,0.000560823529372767
58919,9.2,44.0,0.0021306492683470946
58920,9.2,45.0,0.004856846677023842
58921,9.2,46.0,0.0020565234187042494
58922,9.2,47.0,0.0002560373905034025
58923,9.2,48.0,0.00010556514781685742
58924,9.2,49.0,8.445914042655103e-05
58925,9.2,50.0,6.813701168525667e-05
58926,9.2,51.0,5.4680473661756395e-05
58927,9.2,52.0,4.4524273540375934e-05
58928,9.2,53.0,0.00011312680529768857
58929,9.2,54.0,0.0011895979714051516
58930,9.2,55.0,0.002875686885676748
58931,9.2,56.0,0.001179029205840558
58932,9.2,57.0,9.153011330879565e-05
58933,9.2,58.0,1.0973034812300095e-05
58934,9.2,59.0,7.76426483729307e-06
58935,9.2,60.0,5.937728685527082e-06
58936,9.2,61.0,4.517702494202607e-06
58937,9.2,62.0,3.4190153485796488e-06
58938,9.2,63.0,2.573775014677601e-06
58939,9.2,64.0,1.9271974761603117e-06
58940,9.2,65.0,1.435383545551946e-06
58941,9.2,66.0,1.063397943473133e-06
58942,9.2,67.0,7.836276946859717e-07
58943,9.2,68.0,5.743939328856825e-07
58944,9.2,69.0,4.187897263831872e-07
58945,9.2,70.0,3.0371644083866243e-07
58946,9.2,71.0,2.1909208687648736e-07
58947,9.2,72.0,1.5720675013103926e-07
58948,9.2,73.0,1.1220230918627817e-07
58949,9.2,74.0,7.965600250403624e-08
58950,9.3,-75.0,3.661366508942174e-11
58951,9.3,-74.0,5.721993967605545e-11
58952,9.3,-73.0,8.894830859287725e-11
58953,9.3,-72.0,1.37535275015714e-10
58954,9.3,-71.0,2.1153226218927158e-10
58955,9.3,-70.0,3.236124603144121e-10
58956,9.3,-69.0,4.924475310060611e-10
58957,9.3,-68.0,7.453852617045927e-10
58958,9.3,-67.0,1.1222451735386784e-09
58959,9.3,-66.0,1.6806636207614029e-09
58960,9.3,-65.0,2.5035712830684048e-09
58961,9.3,-64.0,3.709584193129682e-09
58962,9.3,-63.0,5.467346680435397e-09
58963,9.3,-62.0,8.01519521957918e-09
58964,9.3,-61.0,1.1687932862291218e-08
58965,9.3,-60.0,1.6953033728512964e-08
58966,9.3,-59.0,2.445925701886207e-08
58967,9.3,-58.0,3.5101462828036605e-08
58968,9.3,-57.0,5.0106411004562167e-08
58969,9.3,-56.0,7.114551208597968e-08
58970,9.3,-55.0,1.0048190607816293e-07
58971,9.3,-54.0,1.411608856228239e-07
58972,9.3,-53.0,1.9725456168234507e-07
58973,9.3,-52.0,2.741737867220489e-07
58974,9.3,-51.0,3.790626798558631e-07
58975,9.3,-50.0,5.212935953747343e-07
58976,9.3,-49.0,7.130829668374529e-07
58977,9.3,-48.0,9.702510351414924e-07
58978,9.3,-47.0,1.313150881740805e-06
58979,9.3,-46.0,1.7677942426516827e-06
58980,9.3,-45.0,2.367203030813991e-06
58981,9.3,-44.0,3.1530160487439735e-06
58982,9.3,-43.0,4.1773801835123395e-06
58983,9.3,-42.0,5.506764488085712e-06
58984,9.3,-41.0,8.086626427568933e-06
58985,9.3,-40.0,8.713836845609119e-05
58986,9.3,-39.0,0.0011634435088242218
58987,9.3,-38.0,0.0028430395368593446
58988,9.3,-37.0,0.0011725816805022494
58989,9.3,-36.0,0.00019739738540766846
58990,9.3,-35.0,0.0014239476879181225
58991,9.3,-34.0,0.0034572089856839943
58992,9.3,-33.0,0.001551183420269992
58993,9.3,-32.0,0.0017681533783632695
58994,9.3,-31.0,0.004035924432483825
58995,9.3,-30.0,0.001835970432505897
58996,9.3,-29.0,0.0021029140160688966
58997,9.3,-28.0,0.004748512327782039
58998,9.3,-27.0,0.0020569958761922054
58999,9.3,-26.0,0.0005034050328947144
59000,9.3,-25.0,0.002575577144753405
59001,9.3,-24.0,0.005991442826294159
59002,9.3,-23.0,0.002874063254297548
59003,9.3,-22.0,0.0033272676559198545
59004,9.3,-21.0,0.007219226696044789
59005,9.3,-20.0,0.0033509490825745945
59006,9.3,-19.0,0.0011429060962688704
59007,9.3,-18.0,0.004274405782327553
59008,9.3,-17.0,0.00940651966691142
59009,9.3,-16.0,0.0048349196778910124
59010,9.3,-15.0,0.005632451488174168
59011,9.3,-14.0,0.01159115572198668
59012,9.3,-13.0,0.005784479828695656
59013,9.3,-12.0,0.002494069152650612
59014,9.3,-11.0,0.007431001211800537
59015,9.3,-10.0,0.015488798014711246
59016,9.3,-9.0,0.008381712429396268
59017,9.3,-8.0,0.009800527091224148
59018,9.3,-7.0,0.01938181155119436
59019,9.3,-6.0,0.010027025585131298
59020,9.3,-5.0,0.004715155815380915
59021,9.3,-4.0,0.0129593895771425
59022,9.3,-3.0,0.026410149192126527
59023,9.3,-2.0,0.01357352770279092
59024,9.3,-1.0,0.005414219379061788
59025,9.3,0.0,0.000628639823908536
59026,9.3,1.0,0.006082082386164602
59027,9.3,2.0,0.020152176085532023
59028,9.3,3.0,0.04197728645185119
59029,9.3,4.0,0.020538166117288002
59030,9.3,5.0,0.00845226465220124
59031,9.3,6.0,0.03023380557411636
59032,9.3,7.0,0.06570483256533294
59033,9.3,8.0,0.0325870889109018
59034,9.3,9.0,0.04058318699550907
59035,9.3,10.0,0.08076854953790548
59036,9.3,11.0,0.03622125979561144
59037,9.3,12.0,0.008747411927772904
59038,9.3,13.0,0.021973052110444685
59039,9.3,14.0,0.0458192655055511
59040,9.3,15.0,0.02249518208096262
59041,9.3,16.0,0.01819012604156078
59042,9.3,17.0,0.03442526561546101
59043,9.3,18.0,0.0166872877676567
59044,9.3,19.0,0.005806721982262898
59045,9.3,20.0,0.012683777813408298
59046,9.3,21.0,0.024793448838200158
59047,9.3,22.0,0.012638678363128368
59048,9.3,23.0,0.010753986209590666
59049,9.3,24.0,0.01974202186180214
59050,9.3,25.0,0.009685243528810198
59051,9.3,26.0,0.0035003593446482632
59052,9.3,27.0,0.00755750830744476
59053,9.3,28.0,0.014733204161261703
59054,9.3,29.0,0.007389581642396622
59055,9.3,30.0,0.006342919174899549
59056,9.3,31.0,0.011902773682616307
59057,9.3,32.0,0.0056274604727020805
59058,9.3,33.0,0.00177609314354338
59059,9.3,34.0,0.004400439715438226
59060,9.3,35.0,0.009032489423571302
59061,9.3,36.0,0.004315583787393852
59062,9.3,37.0,0.0037145514366852058
59063,9.3,38.0,0.007409149177579743
59064,9.3,39.0,0.0034570160405869507
59065,9.3,40.0,0.0029828673130649005
59066,9.3,41.0,0.006127985615391468
59067,9.3,42.0,0.0026658873017128804
59068,9.3,43.0,0.0005609321702047083
59069,9.3,44.0,0.002120630731597172
59070,9.3,45.0,0.0048296927837002375
59071,9.3,46.0,0.0020461607376980307
59072,9.3,47.0,0.0002563774118923165
59073,9.3,48.0,0.00010653118259966953
59074,9.3,49.0,8.529523234920323e-05
59075,9.3,50.0,6.884823147451554e-05
59076,9.3,51.0,5.528064965876285e-05
59077,9.3,52.0,4.502106097303068e-05
59078,9.3,53.0,0.00011302566857824907
59079,9.3,54.0,0.0011822579133908902
59080,9.3,55.0,0.002857097204803255
59081,9.3,56.0,0.0011715741831761068
59082,9.3,57.0,9.119683288554832e-05
59083,9.3,58.0,1.1116160888718641e-05
59084,9.3,59.0,7.882982853688476e-06
59085,9.3,60.0,6.031758535592772e-06
59086,9.3,61.0,4.591690594199064e-06
59087,9.3,62.0,3.476861794847092e-06
59088,9.3,63.0,2.6187156715896287e-06
59089,9.3,64.0,1.961893255299736e-06
59090,9.3,65.0,1.4620038240217048e-06
59091,9.3,66.0,1.0836966990155722e-06
59092,9.3,67.0,7.990116285253616e-07
59093,9.3,68.0,5.859823793557841e-07
59094,9.3,69.0,4.2746653544977135e-07
59095,9.3,70.0,3.1017428748893e-07
59096,9.3,71.0,2.238698316806562e-07
59097,9.3,72.0,1.6072056841754028e-07
59098,9.3,73.0,1.1477134051682792e-07
59099,9.3,74.0,8.152326337904679e-08
59100,9.4,-75.0,3.5236757530966106e-11
59101,9.4,-74.0,5.5097452379034175e-11
59102,9.4,-73.0,8.569455067245351e-11
59103,9.4,-72.0,1.3257480630664002e-10
59104,9.4,-71.0,2.04011619876614e-10
59105,9.4,-70.0,3.1227334461211336e-10
59106,9.4,-69.0,4.754458195451642e-10
59107,9.4,-68.0,7.200344227702562e-10
59108,9.4,-67.0,1.0846549272625227e-09
59109,9.4,-66.0,1.6252345113655528e-09
59110,9.4,-65.0,2.4222925129990857e-09
59111,9.4,-64.0,3.5910648403869136e-09
59112,9.4,-63.0,5.29548834531823e-09
59113,9.4,-62.0,7.767386160815607e-09
59114,9.4,-61.0,1.1332608593393135e-08
59115,9.4,-60.0,1.644640556258614e-08
59116,9.4,-59.0,2.3740956833327054e-08
59117,9.4,-58.0,3.408878805577132e-08
59118,9.4,-57.0,4.868677736893223e-08
59119,9.4,-56.0,6.916663199913685e-08
59120,9.4,-55.0,9.773910752135434e-08
59121,9.4,-54.0,1.373808700745613e-07
59122,9.4,-53.0,1.9207477165538268e-07
59123,9.4,-52.0,2.6711641652043096e-07
59124,9.4,-51.0,3.6950222188257617e-07
59125,9.4,-50.0,5.084166755547895e-07
59126,9.4,-49.0,6.958390959753986e-07
59127,9.4,-48.0,9.472928008605694e-07
59128,9.4,-47.0,1.2827620439631399e-06
59129,9.4,-46.0,1.7278041938038163e-06
59130,9.4,-45.0,2.314886162974646e-06
59131,9.4,-44.0,3.0849747598086002e-06
59132,9.4,-43.0,4.089410582539621e-06
59133,9.4,-42.0,5.393707546184056e-06
59134,9.4,-41.0,7.943908596918386e-06
59135,9.4,-40.0,8.7108802818581e-05
59136,9.4,-39.0,0.0011654900616790255
59137,9.4,-38.0,0.002848341523370712
59138,9.4,-37.0,0.0011744976348963502
59139,9.4,-36.0,0.00019727204770994292
59140,9.4,-35.0,0.001425911222944256
59141,9.4,-34.0,0.003462704455970596
59142,9.4,-33.0,0.0015530514409646734
59143,9.4,-32.0,0.0017700052502722143
59144,9.4,-31.0,0.004041298178724902
59145,9.4,-30.0,0.001837404041125983
59146,9.4,-29.0,0.0021042115078573832
59147,9.4,-28.0,0.004753397991380755
59148,9.4,-27.0,0.002057464634777325
59149,9.4,-26.0,0.0005010911934805945
59150,9.4,-25.0,0.0025753367724581718
59151,9.4,-24.0,0.0059948859247522775
59152,9.4,-23.0,0.0028730412901992568
59153,9.4,-22.0,0.0033256560804234793
59154,9.4,-21.0,0.007220836933551854
59155,9.4,-20.0,0.0033479957003939333
59156,9.4,-19.0,0.00113701086506145
59157,9.4,-18.0,0.004269837339842532
59158,9.4,-17.0,0.00940453950817736
59159,9.4,-16.0,0.004829295116236446
59160,9.4,-15.0,0.005625596222499054
59161,9.4,-14.0,0.011585569817888674
59162,9.4,-13.0,0.005776696561453468
59163,9.4,-12.0,0.002484907505562863
59164,9.4,-11.0,0.007420706777517619
59165,9.4,-10.0,0.015476893212565922
59166,9.4,-9.0,0.008371508031155057
59167,9.4,-8.0,0.00978776248638758
59168,9.4,-7.0,0.01936315378597297
59169,9.4,-6.0,0.010016206349257251
59170,9.4,-5.0,0.0047092031718273045
59171,9.4,-4.0,0.012942530931550952
59172,9.4,-3.0,0.026375108905332817
59173,9.4,-2.0,0.013561108158984736
59174,9.4,-1.0,0.00541743423271414
59175,9.4,0.0,0.0006328085033412606
59176,9.4,1.0,0.006089372361740963
59177,9.4,2.0,0.020111728973116777
59178,9.4,3.0,0.04186063011696812
59179,9.4,4.0,0.020504604466169325
59180,9.4,5.0,0.00845936058793802
59181,9.4,6.0,0.03005224242537405
59182,9.4,7.0,0.06522178167624323
59183,9.4,8.0,0.03248520650066956
59184,9.4,9.0,0.04168091263419351
59185,9.4,10.0,0.08174909838484858
59186,9.4,11.0,0.03658612457263233
59187,9.4,12.0,0.008719050842645917
59188,9.4,13.0,0.02191944273590428
59189,9.4,14.0,0.04576824199300647
59190,9.4,15.0,0.02244761122267452
59191,9.4,16.0,0.018123369226714196
59192,9.4,17.0,0.03432518900073994
59193,9.4,18.0,0.016628694603200277
59194,9.4,19.0,0.005773997668320527
59195,9.4,20.0,0.012627960308660757
59196,9.4,21.0,0.02469659151878179
59197,9.4,22.0,0.012587787529820725
59198,9.4,23.0,0.010707649174260436
59199,9.4,24.0,0.019658265704210882
59200,9.4,25.0,0.009646290619700565
59201,9.4,26.0,0.003489042082520169
59202,9.4,27.0,0.007526468102941194
59203,9.4,28.0,0.01466697390137469
59204,9.4,29.0,0.0073602185301497374
59205,9.4,30.0,0.006317464015795036
59206,9.4,31.0,0.01184729821036816
59207,9.4,32.0,0.005605499214642444
59208,9.4,33.0,0.0017744371834801259
59209,9.4,34.0,0.0043830729866932774
59210,9.4,35.0,0.00898786255165427
59211,9.4,36.0,0.004297635841535341
59212,9.4,37.0,0.0036988697619850853
59213,9.4,38.0,0.0073705352481031
59214,9.4,39.0,0.0034416199393303344
59215,9.4,40.0,0.0029692864451246505
59216,9.4,41.0,0.006094147383947421
59217,9.4,42.0,0.002653159526786064
59218,9.4,43.0,0.0005608388923051526
59219,9.4,44.0,0.002109898601274848
59220,9.4,45.0,0.004800932005095256
59221,9.4,46.0,0.002035115306396919
59222,9.4,47.0,0.0002566292519023777
59223,9.4,48.0,0.00010746023804056881
59224,9.4,49.0,8.610254918964078e-05
59225,9.4,50.0,6.953695104345905e-05
59226,9.4,51.0,5.586337400763948e-05
59227,9.4,52.0,4.550414223711359e-05
59228,9.4,53.0,0.00011288886112021618
59229,9.4,54.0,0.001174533366822745
59230,9.4,55.0,0.0028375765016463743
59231,9.4,56.0,0.001163738117643819
59232,9.4,57.0,9.083497457423065e-05
59233,9.4,58.0,1.1256728385778986e-05
59234,9.4,59.0,8.000074290332891e-06
59235,9.4,60.0,6.124641811466941e-06
59236,9.4,61.0,4.6648829753779366e-06
59237,9.4,62.0,3.5341660816516124e-06
59238,9.4,63.0,2.663294935132813e-06
59239,9.4,64.0,1.9963545747868235e-06
59240,9.4,65.0,1.4884772560278669e-06
59241,9.4,66.0,1.103907881801396e-06
59242,9.4,67.0,8.143471351148029e-07
59243,9.4,68.0,5.975474797730301e-07
59244,9.4,69.0,4.361354342103961e-07
59245,9.4,70.0,3.166331882462274e-07
59246,9.4,71.0,2.2865336792933653e-07
59247,9.4,72.0,1.6424224733853317e-07
59248,9.4,73.0,1.1734869454402228e-07
59249,9.4,74.0,8.339840673653737e-08
59250,9.5,-75.0,3.390004848333998e-11
59251,9.5,-74.0,5.3035575858352193e-11
59252,9.5,-73.0,8.253161921493066e-11
59253,9.5,-72.0,1.2774960039544949e-10
59254,9.5,-71.0,1.966911603946556e-10
59255,9.5,-70.0,3.0122862701776264e-10
59256,9.5,-69.0,4.5887431569189313e-10
59257,9.5,-68.0,6.953082224809778e-10
59258,9.5,-67.0,1.0479657487634493e-09
59259,9.5,-66.0,1.5710967135655539e-09
59260,9.5,-65.0,2.3428520299275263e-09
59261,9.5,-64.0,3.4751448330420637e-09
59262,9.5,-63.0,5.127280391786591e-09
59263,9.5,-62.0,7.52466790212673e-09
59264,9.5,-61.0,1.0984333707042225e-08
59265,9.5,-60.0,1.5949468426267147e-08
59266,9.5,-59.0,2.3035880883929123e-08
59267,9.5,-58.0,3.30940222699771e-08
59268,9.5,-57.0,4.7291208237921334e-08
59269,9.5,-56.0,6.721982785580019e-08
59270,9.5,-55.0,9.503870758503977e-08
59271,9.5,-54.0,1.3365641230285822e-07
59272,9.5,-53.0,1.8696712265305131e-07
59273,9.5,-52.0,2.6015182594961336e-07
59274,9.5,-51.0,3.6005987742547946e-07
59275,9.5,-50.0,4.956884890951031e-07
59276,9.5,-49.0,6.787803165369856e-07
59277,9.5,-48.0,9.245619372831142e-07
59278,9.5,-47.0,1.2526485060100463e-06
59279,9.5,-46.0,1.6881420436812084e-06
59280,9.5,-45.0,2.262952432960303e-06
59281,9.5,-44.0,3.01737096199159e-06
59282,9.5,-43.0,4.0019263431549275e-06
59283,9.5,-42.0,5.281168506582995e-06
59284,9.5,-41.0,7.801470151114484e-06
59285,9.5,-40.0,8.705783992821799e-05
59286,9.5,-39.0,0.001167212889093712
59287,9.5,-38.0,0.00285284776247777
59288,9.5,-37.0,0.001176089035954324
59289,9.5,-36.0,0.00019709771533550624
59290,9.5,-35.0,0.0014274816911477996
59291,9.5,-34.0,0.003467235931312437
59292,9.5,-33.0,0.001554493405544719
59293,9.5,-32.0,0.001771371694116814
59294,9.5,-31.0,0.004045550290183841
59295,9.5,-30.0,0.001838336616213507
59296,9.5,-29.0,0.00210493494450997
59297,9.5,-28.0,0.004756967962329215
59298,9.5,-27.0,0.0020573756218162
59299,9.5,-26.0,0.0004986574338205998
59300,9.5,-25.0,0.002574396502551
59301,9.5,-24.0,0.0059966722614970885
59302,9.5,-23.0,0.0028712366845763224
59303,9.5,-22.0,0.003323135692188076
59304,9.5,-21.0,0.007220448867030386
59305,9.5,-20.0,0.003344122925725605
59306,9.5,-19.0,0.0011308097619154636
59307,9.5,-18.0,0.004264086670564898
59308,9.5,-17.0,0.009399942786486391
59309,9.5,-16.0,0.004822317196897077
59310,9.5,-15.0,0.005617160980784941
59311,9.5,-14.0,0.011576743276870825
59312,9.5,-13.0,0.005767263730794685
59313,9.5,-12.0,0.002474990709532242
59314,9.5,-11.0,0.007408288736746682
59315,9.5,-10.0,0.015460639104736105
59316,9.5,-9.0,0.008358875973579781
59317,9.5,-8.0,0.009772182612432581
59318,9.5,-7.0,0.019339070336561657
59319,9.5,-6.0,0.010002455749909508
59320,9.5,-5.0,0.004701731615659584
59321,9.5,-4.0,0.012921985480498617
59322,9.5,-3.0,0.026332851349583058
59323,9.5,-2.0,0.013544782525667341
59324,9.5,-1.0,0.005418845337219431
59325,9.5,0.0,0.0006368211955645004
59326,9.5,1.0,0.006094734082529484
59327,9.5,2.0,0.020066393880650582
59328,9.5,3.0,0.04173451021899657
59329,9.5,4.0,0.020466066959541493
59330,9.5,5.0,0.008464416867840554
59331,9.5,6.0,0.02986971578477136
59332,9.5,7.0,0.06473921156932937
59333,9.5,8.0,0.032388231184117544
59334,9.5,9.0,0.04286348935616196
59335,9.5,10.0,0.08284196280812746
59336,9.5,11.0,0.03699538000547811
59337,9.5,12.0,0.008691174539673255
59338,9.5,13.0,0.021857565183617703
59339,9.5,14.0,0.04570013391387937
59340,9.5,15.0,0.022391407863701418
59341,9.5,16.0,0.01804901651503564
59342,9.5,17.0,0.03421076584846188
59343,9.5,18.0,0.01656300696215052
59344,9.5,19.0,0.005738616022568126
59345,9.5,20.0,0.012566546639249266
59346,9.5,21.0,0.024589001314891196
59347,9.5,22.0,0.012531298779532875
59348,9.5,23.0,0.010656500798630656
59349,9.5,24.0,0.01956588404740765
59350,9.5,25.0,0.009602987497573292
59351,9.5,26.0,0.003476009907468813
59352,9.5,27.0,0.0074920080441735915
59353,9.5,28.0,0.014594300012859308
59354,9.5,29.0,0.007327537082194122
59355,9.5,30.0,0.00628915662327369
59356,9.5,31.0,0.011786643503512223
59357,9.5,32.0,0.005581022381162072
59358,9.5,33.0,0.001771907142027061
59359,9.5,34.0,0.004363749031064611
59360,9.5,35.0,0.00893935194681609
59361,9.5,36.0,0.004277796163103622
59362,9.5,37.0,0.003681566192473321
59363,9.5,38.0,0.0073287698864490155
59364,9.5,39.0,0.003424732461843636
59365,9.5,40.0,0.002954425324623528
59366,9.5,41.0,0.006057730700651467
59367,9.5,42.0,0.0026392984811729496
59368,9.5,43.0,0.0005604929141254383
59369,9.5,44.0,0.0020982747971368737
59370,9.5,45.0,0.00477016456145913
59371,9.5,46.0,0.00202321622870684
59372,9.5,47.0,0.0002567693114372054
59373,9.5,48.0,0.00010834141083351724
59374,9.5,49.0,8.687228159822915e-05
59375,9.5,50.0,7.019601550415463e-05
59376,9.5,51.0,5.642286730647825e-05
59377,9.5,52.0,4.596880385163325e-05
59378,9.5,53.0,0.00011270632404826323
59379,9.5,54.0,0.0011663273337581405
59380,9.5,55.0,0.002816891477668002
59381,9.5,56.0,0.0011554251287814198
59382,9.5,57.0,9.043675926139883e-05
59383,9.5,58.0,1.1393556069393559e-05
59384,9.5,59.0,8.114681255880295e-06
59385,9.5,60.0,6.215719441157957e-06
59386,9.5,61.0,4.736776048130586e-06
59387,9.5,62.0,3.590545565121024e-06
59388,9.5,63.0,2.7072236812076805e-06
59389,9.5,64.0,2.030364193141126e-06
59390,9.5,65.0,1.5146415232697603e-06
59391,9.5,66.0,1.1239108894809755e-06
59392,9.5,67.0,8.295451088954485e-07
59393,9.5,68.0,6.090237687576781e-07
59394,9.5,69.0,4.4474859562849055e-07
59395,9.5,70.0,3.2305839853075163e-07
59396,9.5,71.0,2.3341759703517942e-07
59397,9.5,72.0,1.6775375850968397e-07
59398,9.5,73.0,1.1992149451936841e-07
59399,9.5,74.0,8.527228736166926e-08
59400,9.6,-75.0,3.2601239634206426e-11
59401,9.6,-74.0,5.1030811281330576e-11
59402,9.6,-73.0,7.945421458959972e-11
59403,9.6,-72.0,1.2305167018857404e-10
59404,9.6,-71.0,1.895589062615712e-10
59405,9.6,-70.0,2.904604348747429e-10
59406,9.6,-69.0,4.4270648114160587e-10
59407,9.6,-68.0,6.711674476917715e-10
59408,9.6,-67.0,1.0121199774806148e-09
59409,9.6,-66.0,1.5181658493622264e-09
59410,9.6,-65.0,2.265126949265602e-09
59411,9.6,-64.0,3.361646057028988e-09
59412,9.6,-63.0,4.962465871138337e-09
59413,9.6,-62.0,7.286671502607313e-09
59414,9.6,-61.0,1.0642580919971757e-08
59415,9.6,-60.0,1.546147221401183e-08
59416,9.6,-59.0,2.2342966971261366e-08
59417,9.6,-58.0,3.2115668171103615e-08
59418,9.6,-57.0,4.591760252741432e-08
59419,9.6,-56.0,6.53021645565905e-08
59420,9.6,-55.0,9.237662440458588e-08
59421,9.6,-54.0,1.299818608333454e-07
59422,9.6,-53.0,1.81923824587853e-07
59423,9.6,-52.0,2.532693242311416e-07
59424,9.6,-51.0,3.507210391609801e-07
59425,9.6,-50.0,4.830891643872743e-07
59426,9.6,-49.0,6.618797130555466e-07
59427,9.6,-48.0,9.020221465089277e-07
59428,9.6,-47.0,1.2227615291066877e-06
59429,9.6,-46.0,1.6487426320430674e-06
59430,9.6,-45.0,2.211315103495013e-06
59431,9.6,-44.0,2.9500896964004833e-06
59432,9.6,-43.0,3.914775763666034e-06
59433,9.6,-42.0,5.168947966477364e-06
59434,9.6,-41.0,7.659004309005395e-06
59435,9.6,-40.0,8.698102736767907e-05
59436,9.6,-39.0,0.0011685506363113569
59437,9.6,-38.0,0.002856408089391249
59438,9.6,-37.0,0.001177294180029368
59439,9.6,-36.0,0.0001968643891415148
59440,9.6,-35.0,0.0014285845246242474
59441,9.6,-34.0,0.0034706217424941847
59442,9.6,-33.0,0.0015554283528974745
59443,9.6,-32.0,0.0017721607114466545
59444,9.6,-31.0,0.004048469735208194
59445,9.6,-30.0,0.0018386731334853967
59446,9.6,-29.0,0.0021049758500654575
59447,9.6,-28.0,0.004758975428050339
59448,9.6,-27.0,0.002056623576557001
59449,9.6,-26.0,0.0004960804535639923
59450,9.6,-25.0,0.002572625439104316
59451,9.6,-24.0,0.005996493289923081
59452,9.6,-23.0,0.0028685042440598036
59453,9.6,-22.0,0.003319538865351768
59454,9.6,-21.0,0.007217693440360262
59455,9.6,-20.0,0.003339163472404497
59456,9.6,-19.0,0.0011242510619058764
59457,9.6,-18.0,0.004256941253394577
59458,9.6,-17.0,0.009392252981686599
59459,9.6,-16.0,0.004813746175162736
59460,9.6,-15.0,0.005606866680094845
59461,9.6,-14.0,0.01156409212713759
59462,9.6,-13.0,0.005755895730084223
59463,9.6,-12.0,0.0024642023812108554
59464,9.6,-11.0,0.007393380049725189
59465,9.6,-10.0,0.015439259262477039
59466,9.6,-9.0,0.008343400772307753
59467,9.6,-8.0,0.009753301743815012
59468,9.6,-7.0,0.019308591898950647
59469,9.6,-6.0,0.009985274486861418
59470,9.6,-5.0,0.004692508063451347
59471,9.6,-4.0,0.012897107902447916
59472,9.6,-3.0,0.026282059249609503
59473,9.6,-2.0,0.013523869133224843
59474,9.6,-1.0,0.005418173567134398
59475,9.6,0.0,0.0006406417908952823
59476,9.6,1.0,0.006097847097326078
59477,9.6,2.0,0.020015151277299137
59478,9.6,3.0,0.04159682497978653
59479,9.6,4.0,0.02042150604842689
59480,9.6,5.0,0.008466956064149272
59481,9.6,6.0,0.029684355435751972
59482,9.6,7.0,0.06425302664483597
59483,9.6,8.0,0.03229586048627621
59484,9.6,9.0,0.04415390010335223
59485,9.6,10.0,0.08408137293207876
59486,9.6,11.0,0.03746257819219183
59487,9.6,12.0,0.008663947529382938
59488,9.6,13.0,0.021784611689045007
59489,9.6,14.0,0.04560896151297462
59490,9.6,15.0,0.022323669444458277
59491,9.6,16.0,0.017964742907203235
59492,9.6,17.0,0.03407754247786791
59493,9.6,18.0,0.016488085016384216
59494,9.6,19.0,0.005699855425946831
59495,9.6,20.0,0.0124979261692033
59496,9.6,21.0,0.024467503724564903
59497,9.6,22.0,0.012467598035500668
59498,9.6,23.0,0.010599172516939809
59499,9.6,24.0,0.019462358743749276
59500,9.6,25.0,0.009554096092226865
59501,9.6,26.0,0.0034608116766975975
59502,9.6,27.0,0.007453162632725401
59503,9.6,28.0,0.014513308217701205
59504,9.6,29.0,0.0072905908237556605
59505,9.6,30.0,0.006257184788043344
59506,9.6,31.0,0.011719297959681121
59507,9.6,32.0,0.005553307882022661
59508,9.6,33.0,0.0017682658910451489
59509,9.6,34.0,0.0043419032186152035
59510,9.6,35.0,0.00888581426160921
59511,9.6,36.0,0.004255512419161264
59512,9.6,37.0,0.003662165610437803
59513,9.6,38.0,0.007282918468202955
59514,9.6,39.0,0.003405912763192107
59515,9.6,40.0,0.002937904020378303
59516,9.6,41.0,0.006017965755894074
59517,9.6,42.0,0.0026239656331086703
59518,9.6,43.0,0.0005598182822111688
59519,9.6,44.0,0.0020854910537087402
59520,9.6,45.0,0.0047367873571211245
59521,9.6,46.0,0.002010205913273798
59522,9.6,47.0,0.00025676232721272366
59523,9.6,48.0,0.00010915854372992336
59524,9.6,49.0,8.759137947795725e-05
59525,9.6,50.0,7.081482623463673e-05
59526,9.6,51.0,5.695056835976819e-05
59527,9.6,52.0,4.6408060983750093e-05
59528,9.6,53.0,0.00011246296870814031
59529,9.6,54.0,0.0011574933577321932
59530,9.6,55.0,0.0027946897391486693
59531,9.6,56.0,0.0011464904144677746
59532,9.6,57.0,8.999047340527102e-05
59533,9.6,58.0,1.1524888755240506e-05
59534,9.6,59.0,8.225529642237293e-06
59535,9.6,60.0,6.304011953154086e-06
59536,9.6,61.0,4.806620855656954e-06
59537,9.6,62.0,3.645430695600266e-06
59538,9.6,63.0,2.750071170437583e-06
59539,9.6,64.0,2.063598140941802e-06
59540,9.6,65.0,1.5402543007515602e-06
59541,9.6,66.0,1.1435254636899834e-06
59542,9.6,67.0,8.444721995974241e-07
59543,9.6,68.0,6.203131411500798e-07
59544,9.6,69.0,4.532342423474155e-07
59545,9.6,70.0,3.2939769329022977e-07
59546,9.6,71.0,2.3812473010007906e-07
59547,9.6,72.0,1.7122790990520348e-07
59548,9.6,73.0,1.2247028196300827e-07
59549,9.6,74.0,8.713105798207257e-08
59550,9.7,-75.0,3.133717368219402e-11
59551,9.7,-74.0,4.907830695760152e-11
59552,9.7,-73.0,7.645491820967808e-11
59553,9.7,-72.0,1.184697279315801e-10
59554,9.7,-71.0,1.8259776679789215e-10
59555,9.7,-70.0,2.799430178079837e-10
59556,9.7,-69.0,4.2690370701716404e-10
59557,9.7,-68.0,6.475544911792282e-10
59558,9.7,-67.0,9.770320753391092e-10
59559,9.7,-66.0,1.466315520482846e-09
59560,9.7,-65.0,2.1889313929744145e-09
59561,9.7,-64.0,3.2502964764865634e-09
59562,9.7,-63.0,4.800648559245112e-09
59563,9.7,-62.0,7.0528226110074455e-09
59564,9.7,-61.0,1.0306521639768366e-08
59565,9.7,-60.0,1.4981227231183743e-08
59566,9.7,-59.0,2.1660515031456218e-08
59567,9.7,-58.0,3.115130788487057e-08
59568,9.7,-57.0,4.4562537732906515e-08
59569,9.7,-56.0,6.340882041719972e-08
59570,9.7,-55.0,8.974609714970932e-08
59571,9.7,-54.0,1.2634778050366952e-07
59572,9.7,-53.0,1.76931772133648e-07
59573,9.7,-52.0,2.464507939642217e-07
59574,9.7,-51.0,3.414607787409246e-07
59575,9.7,-50.0,4.705845632745483e-07
59576,9.7,-49.0,6.450907553800816e-07
59577,9.7,-48.0,8.796103073703987e-07
59578,9.7,-47.0,1.1930158897110657e-06
59579,9.7,-46.0,1.6094914378036468e-06
59580,9.7,-45.0,2.159821013117905e-06
59581,9.7,-44.0,2.8829270954876806e-06
59582,9.7,-43.0,3.827688773490965e-06
59583,9.7,-42.0,5.056689715773001e-06
59584,9.7,-41.0,7.515967073292695e-06
59585,9.7,-40.0,8.687089591360482e-05
59586,9.7,-39.0,0.001169400921036186
59587,9.7,-38.0,0.0028587719904727723
59588,9.7,-37.0,0.0011780100596925675
59589,9.7,-36.0,0.000196555256601807
59590,9.7,-35.0,0.0014290951192696632
59591,9.7,-34.0,0.003472558510993735
59592,9.7,-33.0,0.001555720902065374
59593,9.7,-32.0,0.0017722183666047952
59594,9.7,-31.0,0.004049703747182271
59595,9.7,-30.0,0.0018382544155706023
59596,9.7,-29.0,0.002104152386413325
59597,9.7,-28.0,0.004759007298508232
59598,9.7,-27.0,0.0020550317421671087
59599,9.7,-26.0,0.0004933202445874781
59600,9.7,-25.0,0.002569803453015607
59601,9.7,-24.0,0.005993831587214752
59602,9.7,-23.0,0.0028645994626975584
59603,9.7,-22.0,0.003314583155759621
59604,9.7,-21.0,0.007211950794267946
59605,9.7,-20.0,0.0033328348847860506
59606,9.7,-19.0,0.0011172454130494276
59607,9.7,-18.0,0.0042480419609941525
59608,9.7,-17.0,0.00938066821812069
59609,9.7,-16.0,0.00480317667444294
59610,9.7,-15.0,0.005594241400525429
59611,9.7,-14.0,0.011546632608532168
59612,9.7,-13.0,0.005742109236929709
59613,9.7,-12.0,0.00245234299362273
59614,9.7,-11.0,0.007375359807400578
59615,9.7,-10.0,0.015411444634997131
59616,9.7,-9.0,0.008324380200051834
59617,9.7,-8.0,0.009730299115290076
59618,9.7,-7.0,0.019270083966493278
59619,9.7,-6.0,0.009963819845478446
59620,9.7,-5.0,0.00468113860947691
59621,9.7,-4.0,0.012866809826615573
59622,9.7,-3.0,0.026220511927558223
59623,9.7,-2.0,0.013497220585256191
59624,9.7,-1.0,0.005414951843766497
59625,9.7,0.0,0.000644210910786533
59626,9.7,1.0,0.006098178384061457
59627,9.7,2.0,0.019956296658378458
59628,9.7,3.0,0.04144405558504816
59629,9.7,4.0,0.0203691734484052
59630,9.7,5.0,0.008466208043554975
59631,9.7,6.0,0.029493336419775307
59632,9.7,7.0,0.06375710657429329
59633,9.7,8.0,0.03220781441843236
59634,9.7,9.0,0.045589436050678424
59635,9.7,10.0,0.0855237623278504
59636,9.7,11.0,0.038010055351712195
59637,9.7,12.0,0.008637630464700844
59638,9.7,13.0,0.021695934636235394
59639,9.7,14.0,0.045484835184631686
59640,9.7,15.0,0.02223959443623515
59641,9.7,16.0,0.017866714118609697
59642,9.7,17.0,0.03391818522962779
59643,9.7,18.0,0.016400402470443123
59644,9.7,19.0,0.005656523595734238
59645,9.7,20.0,0.01241944528479557
59646,9.7,21.0,0.02432687365564078
59647,9.7,22.0,0.012394027873703627
59648,9.7,23.0,0.010533410926716655
59649,9.7,24.0,0.019343545112595315
59650,9.7,25.0,0.0094975790558036
59651,9.7,26.0,0.003442705627650807
59652,9.7,27.0,0.0074083433874362345
59653,9.7,28.0,0.014420913730204654
59654,9.7,29.0,0.007247823140954576
59655,9.7,30.0,0.00622021282696439
59656,9.7,31.0,0.011642773647808493
59657,9.7,32.0,0.005521168573377105
59658,9.7,33.0,0.00176312523605034
59659,9.7,34.0,0.0043166073924371775
59660,9.7,35.0,0.00882536727727085
59661,9.7,36.0,0.004229876436067104
59662,9.7,37.0,0.0036398867919113943
59663,9.7,38.0,0.007231441905013265
59664,9.7,39.0,0.0033844357372886107
59665,9.7,40.0,0.0029190975592602976
59666,9.7,41.0,0.005973584349696694
59667,9.7,42.0,0.002606603918498004
59668,9.7,43.0,0.0005586908333837747
59669,9.7,44.0,0.002071105761551002
59670,9.7,45.0,0.0046998062304668235
59671,9.7,46.0,0.0019956600922402803
59672,9.7,47.0,0.0002565507203810706
59673,9.7,48.0,0.00010988548028371493
59674,9.7,49.0,8.82387264591795e-05
59675,9.7,50.0,7.137623725099769e-05
59676,9.7,51.0,5.7432629465394225e-05
59677,9.7,52.0,4.6810613323221265e-05
59678,9.7,53.0,0.00011213407114776931
59679,9.7,54.0,0.001147789814294753
59680,9.7,55.0,0.0027703896683856605
59681,9.7,56.0,0.0011366950249525204
59682,9.7,57.0,8.947685019523884e-05
59683,9.7,58.0,1.1647882731894652e-05
59684,9.7,59.0,8.330557090422443e-06
59685,9.7,60.0,6.387933340027234e-06
59686,9.7,61.0,4.873204134840114e-06
59687,9.7,62.0,3.697898384694701e-06
59688,9.7,63.0,2.7911388986427626e-06
59689,9.7,64.0,2.095530726531904e-06
59690,9.7,65.0,1.5649221032286966e-06
59691,9.7,66.0,1.1624586769977969e-06
59692,9.7,67.0,8.589115245824217e-07
59693,9.7,68.0,6.312558908101455e-07
59694,9.7,69.0,4.6147541111382826e-07
59695,9.7,70.0,3.355658788836241e-07
59696,9.7,71.0,2.4271305169707803e-07
59697,9.7,72.0,1.7462023757841212e-07
59698,9.7,73.0,1.2496319664728474e-07
59699,9.7,74.0,8.89520139271445e-08
59700,9.8,-75.0,3.0102724669235554e-11
59701,9.8,-74.0,4.717011592645281e-11
59702,9.8,-73.0,7.352147109818145e-11
59703,9.8,-72.0,1.1398495722650026e-10
59704,9.8,-71.0,1.7577900445980893e-10
59705,9.8,-70.0,2.696327045956461e-10
59706,9.8,-69.0,4.113999581850127e-10
59707,9.8,-68.0,6.24369997855458e-10
59708,9.8,-67.0,9.425532975925273e-10
59709,9.8,-66.0,1.415324146909927e-09
59710,9.8,-65.0,2.1139369197559467e-09
59711,9.8,-64.0,3.1406116695578527e-09
59712,9.8,-63.0,4.6411175227252656e-09
59713,9.8,-62.0,6.822083045307656e-09
59714,9.8,-61.0,9.974647323968263e-09
59715,9.8,-60.0,1.450655235132494e-08
59716,9.8,-59.0,2.0985387135901622e-08
59717,9.8,-58.0,3.019644937116361e-08
59718,9.8,-57.0,4.321961530092252e-08
59719,9.8,-56.0,6.153072649477934e-08
59720,9.8,-55.0,8.713433592187943e-08
59721,9.8,-54.0,1.227362234892014e-07
59722,9.8,-53.0,1.7196590481193332e-07
59723,9.8,-52.0,2.396614176077595e-07
59724,9.8,-51.0,3.3223096390649165e-07
59725,9.8,-50.0,4.581084790693702e-07
59726,9.8,-49.0,6.283228300192351e-07
59727,9.8,-48.0,8.572030221744627e-07
59728,9.8,-47.0,1.1632443855991563e-06
59729,9.8,-46.0,1.5701630394082676e-06
59730,9.8,-45.0,2.1081677737530477e-06
59731,9.8,-44.0,2.8154795630479824e-06
59732,9.8,-43.0,3.7401294031822006e-06
59733,9.8,-42.0,4.943685309363616e-06
59734,9.8,-41.0,7.371281928001313e-06
59735,9.8,-40.0,8.671322933290452e-05
59736,9.8,-39.0,0.001169569639620522
59737,9.8,-38.0,0.002859464616055399
59738,9.8,-37.0,0.0011780413260141396
59739,9.8,-36.0,0.0001961382650339814
59740,9.8,-35.0,0.0014287769954959434
59741,9.8,-34.0,0.0034724707413917913
59742,9.8,-33.0,0.0015551139891674267
59743,9.8,-32.0,0.0017712522226938307
59744,9.8,-31.0,0.004048582638254924
59745,9.8,-30.0,0.0018367778165004395
59746,9.8,-29.0,0.0021021186396469704
59747,9.8,-28.0,0.004756278640406277
59748,9.8,-27.0,0.0020522634374734064
59749,9.8,-26.0,0.0004902993664420623
59750,9.8,-25.0,0.0025655107839479465
59751,9.8,-24.0,0.005987702532546654
59752,9.8,-23.0,0.0028590556246209002
59753,9.8,-22.0,0.003307729195032234
59754,9.8,-21.0,0.007202039997104603
59755,9.8,-20.0,0.003324596942878357
59756,9.8,-19.0,0.00110961908568251
59757,9.8,-18.0,0.004236701494948729
59758,9.8,-17.0,0.009363658593559374
59759,9.8,-16.0,0.004789832515233414
59760,9.8,-15.0,0.005578381494463285
59761,9.8,-14.0,0.011522486231033637
59762,9.8,-13.0,0.005724978205711157
59763,9.8,-12.0,0.0024390265597234602
59764,9.8,-11.0,0.007353038608538696
59765,9.8,-10.0,0.01537469393822301
59766,9.8,-9.0,0.00830046991808068
59767,9.8,-8.0,0.00970160368775876
59768,9.8,-7.0,0.019220422871106195
59769,9.8,-6.0,0.009936480079993931
59770,9.8,-5.0,0.0046668689432614275
59771,9.8,-4.0,0.01282901071134916
59772,9.8,-3.0,0.026143966034631805
59773,9.8,-2.0,0.013462646655522046
59774,9.8,-1.0,0.005408292164302984
59775,9.8,0.0,0.0006474172947083361
59776,9.8,1.0,0.006094719065174308
59777,9.8,2.0,0.019886590896137597
59778,9.8,3.0,0.04126950779744193
59779,9.8,4.0,0.020305751232123612
59780,9.8,5.0,0.008460743983506037
59781,9.8,6.0,0.029291637261907765
59782,9.8,7.0,0.0632406520825029
59783,9.8,8.0,0.03212382184845506
59784,9.8,9.0,0.04723967335571262
59785,9.8,10.0,0.08727612039037197
59786,9.8,11.0,0.03868014554766942
59787,9.8,12.0,0.008612698521088194
59788,9.8,13.0,0.02158270032756026
59789,9.8,14.0,0.04530897778930012
59790,9.8,15.0,0.02213006167175181
59791,9.8,16.0,0.01774765969908625
59792,9.8,17.0,0.03371880797631887
59793,9.8,18.0,0.01629327682334554
59794,9.8,19.0,0.0056063546418022685
59795,9.8,20.0,0.01232607420777401
59796,9.8,21.0,0.02415721656622554
59797,9.8,22.0,0.012305554538793466
59798,9.8,23.0,0.010454946767076855
59799,9.8,24.0,0.019201593514060734
59800,9.8,25.0,0.009429578495786316
59801,9.8,26.0,0.0034202881569135005
59802,9.8,27.0,0.007354542683778142
59803,9.8,28.0,0.014311273856308836
59804,9.8,29.0,0.007196287743269422
59805,9.8,30.0,0.006175712725100079
59806,9.8,31.0,0.011552358013284235
59807,9.8,32.0,0.005482358175908317
59808,9.8,33.0,0.0017557535774148055
59809,9.8,34.0,0.004286105474336026
59810,9.8,35.0,0.008754444922264142
59811,9.8,36.0,0.0041991695450054175
59812,9.8,37.0,0.0036132512756529072
59813,9.8,38.0,0.007171423326490404
59814,9.8,39.0,0.0033589287151169246
59815,9.8,40.0,0.0028968227173455773
59816,9.8,41.0,0.005922182042278295
59817,9.8,42.0,0.0025861583489559005
59818,9.8,43.0,0.0005568769336331543
59819,9.8,44.0,0.0020542822750215513
59820,9.8,45.0,0.004657335186777108
59821,9.8,46.0,0.0019787745625908576
59822,9.8,47.0,0.0002560262925911216
59823,9.8,48.0,0.0001104735017017965
59824,9.8,49.0,8.877501568293664e-05
59825,9.8,50.0,7.184834393770763e-05
59826,9.8,51.0,5.784329167727866e-05
59827,9.8,52.0,4.715543935680652e-05
59828,9.8,53.0,0.00011167302209823236
59829,9.8,54.0,0.0011367579592438766
59830,9.8,55.0,0.0027428865493871577
59831,9.8,56.0,0.0011255851899988067
59832,9.8,57.0,8.885942962468583e-05
59833,9.8,58.0,1.1757246654966996e-05
59834,9.8,59.0,8.425931384768662e-06
59835,9.8,60.0,6.464536326936329e-06
59836,9.8,61.0,4.934271007382579e-06
59837,9.8,62.0,3.7462327562281285e-06
59838,9.8,63.0,2.8291281668231704e-06
59839,9.8,64.0,2.125184284657801e-06
59840,9.8,65.0,1.5879128982060065e-06
59841,9.8,66.0,1.1801653638097182e-06
59842,9.8,67.0,8.724592675754637e-07
59843,9.8,68.0,6.4155451162338e-07
59844,9.8,69.0,4.6925409812199407e-07
59845,9.8,70.0,3.414040685323769e-07
59846,9.8,71.0,2.470673846692102e-07
59847,9.8,72.0,1.7784769924951072e-07
59848,9.8,73.0,1.273406880062951e-07
59849,9.8,74.0,9.069268095395689e-08
59850,9.9,-75.0,2.8886537258644253e-11
59851,9.9,-74.0,4.5288507734259754e-11
59852,9.9,-73.0,7.062633088994556e-11
59853,9.9,-72.0,1.095547939381601e-10
59854,9.9,-71.0,1.6903717866012076e-10
59855,9.9,-70.0,2.594294005792805e-10
59856,9.9,-69.0,3.960429225266016e-10
59857,9.9,-68.0,6.013833900139707e-10
59858,9.9,-67.0,9.083363809452872e-10
59859,9.9,-66.0,1.3646714230083148e-09
59860,9.9,-65.0,2.039367969288452e-09
59861,9.9,-64.0,3.0314415528702056e-09
59862,9.9,-63.0,4.482176085248277e-09
59863,9.9,-62.0,6.5919626652069166e-09
59864,9.9,-61.0,9.643322147837943e-09
59865,9.9,-60.0,1.4032166339340812e-08
59866,9.9,-59.0,2.030995159678457e-08
59867,9.9,-58.0,2.9240121350172752e-08
59868,9.9,-57.0,4.187314444840222e-08
59869,9.9,-56.0,5.964555829762448e-08
59870,9.9,-55.0,8.450974217124325e-08
59871,9.9,-54.0,1.191026959091509e-07
59872,9.9,-53.0,1.6696389509329867e-07
59873,9.9,-52.0,2.3281433813938988e-07
59874,9.9,-51.0,3.2291118141504553e-07
59875,9.9,-50.0,4.454948434736405e-07
59876,9.9,-49.0,6.113480910541078e-07
59877,9.9,-48.0,8.344893079053057e-07
59878,9.9,-47.0,1.1330247646436926e-06
59879,9.9,-46.0,1.5301870813424643e-06
59880,9.9,-45.0,2.0555889828485063e-06
59881,9.9,-44.0,2.7467226163778633e-06
59882,9.9,-43.0,3.6507353058881497e-06
59883,9.9,-42.0,4.82813187768974e-06
59884,9.9,-41.0,7.2222207570917615e-06
59885,9.9,-40.0,8.647308479355865e-05
59886,9.9,-39.0,0.001168581200119851
59887,9.9,-38.0,0.002857322673790718
59888,9.9,-37.0,0.0011769092210536713
59889,9.9,-36.0,0.00019553453460589802
59890,9.9,-35.0,0.0014270502580898308
59891,9.9,-34.0,0.0034689477265615123
59892,9.9,-33.0,0.0015529769941572758
59893,9.9,-32.0,0.0017685446124502187
59894,9.9,-31.0,0.00404346383761561
59895,9.9,-30.0,0.001833500142147808
59896,9.9,-29.0,0.0020980248136396977
59897,9.9,-28.0,0.004748862823394415
59898,9.9,-27.0,0.0020474907345666617
59899,9.9,-26.0,0.0004868250656120817
59900,9.9,-25.0,0.0025587143172426602
59901,9.9,-24.0,0.005975686610516347
59902,9.9,-23.0,0.0028507231622694855
59903,9.9,-22.0,0.003297648005667801
59904,9.9,-21.0,0.007185056492335145
59905,9.9,-20.0,0.003313117007190039
59906,9.9,-19.0,0.00110093819389991
59907,9.9,-18.0,0.004221223523965449
59908,9.9,-17.0,0.009337456983025011
59909,9.9,-16.0,0.004771797270897294
59910,9.9,-15.0,0.005557055649951095
59911,9.9,-14.0,0.011487024418798966
59912,9.9,-13.0,0.00570221489196191
59913,9.9,-12.0,0.0024232924837745673
59914,9.9,-11.0,0.007323478432447249
59915,9.9,-10.0,0.015322840538859994
59916,9.9,-9.0,0.008268350629049728
59917,9.9,-8.0,0.009663336699544408
59918,9.9,-7.0,0.0191519060915941
59919,9.9,-6.0,0.009899278203813162
59920,9.9,-5.0,0.004647835634812098
59921,9.9,-4.0,0.012778578229525666
59922,9.9,-3.0,0.026041957645497025
59923,9.9,-2.0,0.01341475021341759
59924,9.9,-1.0,0.005396012599506362
59925,9.9,0.0,0.0006499910137803573
59926,9.9,1.0,0.0060849982605075585
59927,9.9,2.0,0.01979807268610209
59928,9.9,3.0,0.04105671249272024
59929,9.9,4.0,0.020223092822743535
59930,9.9,5.0,0.008447106768506255
59931,9.9,6.0,0.02906738878169691
59932,9.9,7.0,0.06267824062979938
59933,9.9,8.0,0.03204357373258375
59934,9.9,9.0,0.04927386207144771
59935,9.9,10.0,0.08960309038455613
59936,9.9,11.0,0.03957753409498071
59937,9.9,12.0,0.008590281331708178
59938,9.9,13.0,0.02142303500557194
59939,9.9,14.0,0.04503495549979267
59940,9.9,15.0,0.021972496963192773
59941,9.9,16.0,0.017589594603710852
59942,9.9,17.0,0.03344510638741337
59943,9.9,18.0,0.01615018485217886
59944,9.9,19.0,0.005543728245750605
59945,9.9,20.0,0.012205368120193242
59946,9.9,21.0,0.02393407374554627
59947,9.9,22.0,0.0121897309260261
59948,9.9,23.0,0.010353220200494659
59949,9.9,24.0,0.01901709468746402
59950,9.9,25.0,0.009340556705361883
59951,9.9,26.0,0.0033900913447258477
59952,9.9,27.0,0.007284324911364522
59953,9.9,28.0,0.014169939204040813
59954,9.9,29.0,0.007128702938184569
59955,9.9,30.0,0.006117436573315818
59956,9.9,31.0,0.011436395206191637
59957,9.9,32.0,0.005431326469132913
59958,9.9,33.0,0.0017443502224999319
59959,9.9,34.0,0.004246058670958002
59960,9.9,35.0,0.008664224640188576
59961,9.9,36.0,0.0041591444350093975
59962,9.9,37.0,0.0035786052296872387
59963,9.9,38.0,0.007095644033651867
59964,9.9,39.0,0.0033259983498418154
59965,9.9,40.0,0.0028681541763636736
59966,9.9,41.0,0.005857805937729327
59967,9.9,42.0,0.002560019869593575
59968,9.9,43.0,0.0005538024979850005
59969,9.9,44.0,0.002032950758407786
59970,9.9,45.0,0.004604702146061271
59971,9.9,46.0,0.0019575587649843075
59972,9.9,47.0,0.0002549235864445634
59973,9.9,48.0,0.00011080418105181424
59974,9.9,49.0,8.910477224665606e-05
59975,9.9,50.0,7.215369094374624e-05
59976,9.9,51.0,5.8120049983859736e-05
59977,9.9,52.0,4.739153443188677e-05
59978,9.9,53.0,0.00011096512439207316
59979,9.9,54.0,0.0011232604762286102
59980,9.9,55.0,0.002709440365252008
59981,9.9,56.0,0.0011120356612973619
59982,9.9,57.0,8.804814223065668e-05
59983,9.9,58.0,1.1840153876750135e-05
59984,9.9,59.0,8.502379970261538e-06
59985,9.9,60.0,6.52669114703003e-06
59986,9.9,61.0,4.984367667133796e-06
59987,9.9,62.0,3.7862842729913904e-06
59988,9.9,63.0,2.8608986476785313e-06
59989,9.9,64.0,2.150194936705305e-06
59990,9.9,65.0,1.6074567798685536e-06
59991,9.9,66.0,1.1953274203857716e-06
59992,9.9,67.0,8.841390388385422e-07
59993,9.9,68.0,6.504896031051688e-07
59994,9.9,69.0,4.7604308336638456e-07
59995,9.9,70.0,3.4652794806117043e-07
59996,9.9,71.0,2.5090908223837616e-07
59997,9.9,72.0,1.807093419238445e-07
59998,9.9,73.0,1.2945860840893425e-07
59999,9.9,74.0,9.22502117744545e-08
60000,10.0,-75.0,2.4701505750769166e-11
60001,10.0,-74.0,3.874782622852996e-11
60002,10.0,-73.0,6.045849981360627e-11
60003,10.0,-72.0,9.383254535144022e-11
60004,10.0,-71.0,1.4485574889763182e-10
60005,10.0,-70.0,2.2243549040920142e-10
60006,10.0,-69.0,3.3974927246357604e-10
60007,10.0,-68.0,5.161775320710887e-10
60008,10.0,-67.0,7.80055972184918e-10
60009,10.0,-66.0,1.172569365484592e-09
60010,10.0,-65.0,1.7532240900331764e-09
60011,10.0,-64.0,2.6074886334242944e-09
60012,10.0,-63.0,3.857389799692783e-09
60013,10.0,-62.0,5.676109193653588e-09
60014,10.0,-61.0,8.307953681065939e-09
60015,10.0,-60.0,1.2095491044730507e-08
60016,10.0,-59.0,1.7516166178927418e-08
60017,10.0,-58.0,2.5231363888771766e-08
60018,10.0,-57.0,3.6151682921393906e-08
60019,10.0,-56.0,5.1523153794748326e-08
60020,10.0,-55.0,7.304029078458084e-08
60021,10.0,-54.0,1.0299323358126267e-07
60022,10.0,-53.0,1.4445781862829138e-07
60023,10.0,-52.0,2.0153922727352075e-07
60024,10.0,-51.0,2.7968187822574964e-07
60025,10.0,-50.0,3.860604387772548e-07
60026,10.0,-49.0,5.300691737291126e-07
60027,10.0,-48.0,7.239292557754276e-07
60028,10.0,-47.0,9.834360153293553e-07
60029,10.0,-46.0,1.328870261336571e-06
60030,10.0,-45.0,1.7860995638612726e-06
60031,10.0,-44.0,2.3878965141030393e-06
60032,10.0,-43.0,3.175501626327413e-06
60033,10.0,-42.0,4.2019008007804925e-06
60034,10.0,-41.0,6.306134382886337e-06
60035,10.0,-40.0,7.68520503732226e-05
60036,10.0,-39.0,0.0010405342946780926
60037,10.0,-38.0,0.0025444724457971604
60038,10.0,-37.0,0.001047830053755941
60039,10.0,-36.0,0.00017372508882567135
60040,10.0,-35.0,0.0012702234498767424
60041,10.0,-34.0,0.003088315071650976
60042,10.0,-33.0,0.0013820845103256591
60043,10.0,-32.0,0.0015736878841617653
60044,10.0,-31.0,0.003598897402944698
60045,10.0,-30.0,0.0016310719646748832
60046,10.0,-29.0,0.0018660871589178856
60047,10.0,-28.0,0.0042254982655167694
60048,10.0,-27.0,0.0018204535560685676
60049,10.0,-26.0,0.0004307829551989033
60050,10.0,-25.0,0.0022742507492485814
60051,10.0,-24.0,0.005314738360951205
60052,10.0,-23.0,0.0025331203220204856
60053,10.0,-22.0,0.0029298579820281035
60054,10.0,-21.0,0.006388094118200135
60055,10.0,-20.0,0.0029424002182567265
60056,10.0,-19.0,0.0009734427304119893
60057,10.0,-18.0,0.0037481320339869508
60058,10.0,-17.0,0.008298077716325732
60059,10.0,-16.0,0.004236509399343431
60060,10.0,-15.0,0.004933389910318406
60061,10.0,-14.0,0.010205492829299148
60062,10.0,-13.0,0.005061454311659345
60063,10.0,-12.0,0.0021455754168180213
60064,10.0,-11.0,0.006500241804414009
60065,10.0,-10.0,0.013609317303350093
60066,10.0,-9.0,0.007339984297092114
60067,10.0,-8.0,0.00857771315005629
60068,10.0,-7.0,0.017006907666134153
60069,10.0,-6.0,0.008788875756400798
60070,10.0,-5.0,0.00412497705007396
60071,10.0,-4.0,0.011343144897235662
60072,10.0,-3.0,0.023117566326632772
60073,10.0,-2.0,0.011912289733667985
60074,10.0,-1.0,0.004797639131991454
60075,10.0,0.0,0.0005815563639477455
60076,10.0,1.0,0.005413956993098934
60077,10.0,2.0,0.017565548292406516
60078,10.0,3.0,0.036401637444907174
60079,10.0,4.0,0.017949524735420594
60080,10.0,5.0,0.007515888277369038
60081,10.0,6.0,0.025709977857190223
60082,10.0,7.0,0.05537183258802819
60083,10.0,8.0,0.028612181078397997
60084,10.0,9.0,0.047524913543453666
60085,10.0,10.0,0.10491298746601407
60086,10.0,11.0,0.045933755493082394
60087,10.0,12.0,0.009474993389231528
60088,10.0,13.0,0.02322628979775557
60089,10.0,14.0,0.048889905451905705
60090,10.0,15.0,0.023827214115793277
60091,10.0,16.0,0.019038991487353288
60092,10.0,17.0,0.0362300249133423
60093,10.0,18.0,0.01748302585114596
60094,10.0,19.0,0.005986435640271111
60095,10.0,20.0,0.013198820172829763
60096,10.0,21.0,0.025897037686050582
60097,10.0,22.0,0.013186994717561797
60098,10.0,23.0,0.011196554679002125
60099,10.0,24.0,0.020568909294329633
60100,10.0,25.0,0.010104360615584309
60101,10.0,26.0,0.0036694453126239605
60102,10.0,27.0,0.007879096614579527
60103,10.0,28.0,0.015322029631051073
60104,10.0,29.0,0.007712017042058911
60105,10.0,30.0,0.006617695662049612
60106,10.0,31.0,0.012364211068901529
60107,10.0,32.0,0.005876258385942756
60108,10.0,33.0,0.0018925521382388707
60109,10.0,34.0,0.0045937388991711585
60110,10.0,35.0,0.009364626369845265
60111,10.0,36.0,0.0044988738657143305
60112,10.0,37.0,0.003870696434976412
60113,10.0,38.0,0.007667233470603492
60114,10.0,39.0,0.0035967012809667463
60115,10.0,40.0,0.003101306626752571
60116,10.0,41.0,0.006327746861324737
60117,10.0,42.0,0.002767541261992657
60118,10.0,43.0,0.0006014683474263633
60119,10.0,44.0,0.0021971358244267723
60120,10.0,45.0,0.004971947453630754
60121,10.0,46.0,0.002114932301141462
60122,10.0,47.0,0.000277206704889645
60123,10.0,48.0,0.00012136369457291609
60124,10.0,49.0,9.766619704186377e-05
60125,10.0,50.0,7.912859304039296e-05
60126,10.0,51.0,6.377229778412388e-05
60127,10.0,52.0,5.201224723016609e-05
60128,10.0,53.0,0.00012042221703838636
60129,10.0,54.0,0.0012121441044646369
60130,10.0,55.0,0.0029228771326610327
60131,10.0,56.0,0.001199829270601464
60132,10.0,57.0,9.528296811340243e-05
60133,10.0,58.0,1.3021356835560674e-05
60134,10.0,59.0,9.369064827450153e-06
60135,10.0,60.0,7.19584575462079e-06
60136,10.0,61.0,5.49832293588559e-06
60137,10.0,62.0,4.178926960033883e-06
60138,10.0,63.0,3.159260406292574e-06
60139,10.0,64.0,2.3757031654069522e-06
60140,10.0,65.0,1.7769902114711486e-06
60141,10.0,66.0,1.3220990774315368e-06
60142,10.0,67.0,9.784284591406003e-07
60143,10.0,68.0,7.202450099258209e-07
60144,10.0,69.0,5.273725820924495e-07
60145,10.0,70.0,3.8409702549260415e-07
60146,10.0,71.0,2.782597868643239e-07
60147,10.0,72.0,2.005146275253181e-07
60148,10.0,73.0,1.4372349812818097e-07
60149,10.0,74.0,1.0246973328850587e-07
60150,10.1,-75.0,2.1977726980719322e-11
60151,10.1,-74.0,3.44935647460907e-11
60152,10.1,-73.0,5.3849229230823226e-11
60153,10.1,-72.0,8.361939315201312e-11
60154,10.1,-71.0,1.291578000454045e-10
60155,10.1,-70.0,1.9843595894906898e-10
60156,10.1,-69.0,3.0325377594461397e-10
60157,10.1,-68.0,4.609758436667172e-10
60158,10.1,-67.0,6.970055341656448e-10
60159,10.1,-66.0,1.0482874656642292e-09
60160,10.1,-65.0,1.5682332871790453e-09
60161,10.1,-64.0,2.3336034143053737e-09
60162,10.1,-63.0,3.454057351569916e-09
60163,10.1,-62.0,5.085318366971974e-09
60164,10.1,-61.0,7.447197319759623e-09
60165,10.1,-60.0,1.0848100184099598e-08
60166,10.1,-59.0,1.5718121019424912e-08
60167,10.1,-58.0,2.2653415285038827e-08
60168,10.1,-57.0,3.2475277168454786e-08
60169,10.1,-56.0,4.630822907075068e-08
60170,10.1,-55.0,6.568249080209546e-08
60171,10.1,-54.0,9.266744705237888e-08
60172,10.1,-53.0,1.3004418611687004e-07
60173,10.1,-52.0,1.8152684468507575e-07
60174,10.1,-51.0,2.520443553733743e-07
60175,10.1,-50.0,3.48096232617848e-07
60176,10.1,-49.0,4.781982051555267e-07
60177,10.1,-48.0,6.534357406239372e-07
60178,10.1,-47.0,8.881457098998392e-07
60179,10.1,-46.0,1.2007484698138766e-06
60180,10.1,-45.0,1.6147543267330724e-06
60181,10.1,-44.0,2.1599694611025843e-06
60182,10.1,-43.0,2.873927094151477e-06
60183,10.1,-42.0,3.804906343572546e-06
60184,10.1,-41.0,5.729465762508557e-06
60185,10.1,-40.0,7.107253918648702e-05
60186,10.1,-39.0,0.0009640769616137874
60187,10.1,-38.0,0.002357725506012182
60188,10.1,-37.0,0.0009707273872743999
60189,10.1,-36.0,0.00016060999143482972
60190,10.1,-35.0,0.0011764680106021578
60191,10.1,-34.0,0.0028609037525475617
60192,10.1,-33.0,0.0012798646975030338
60193,10.1,-32.0,0.0014570728148959836
60194,10.1,-31.0,0.0033330653729038845
60195,10.1,-30.0,0.0015098237648284159
60196,10.1,-29.0,0.0017270871268541142
60197,10.1,-28.0,0.003912238456646323
60198,10.1,-27.0,0.0016842215056238406
60199,10.1,-26.0,0.00039665361365259094
60200,10.1,-25.0,0.002103374613244236
60201,10.1,-24.0,0.0049185328586550565
60202,10.1,-23.0,0.002342168257190986
60203,10.1,-22.0,0.0027086315450450603
60204,10.1,-21.0,0.005909789754059377
60205,10.1,-20.0,0.0027191120683840286
60206,10.1,-19.0,0.0008955908654356893
60207,10.1,-18.0,0.0034629854020533845
60208,10.1,-17.0,0.007673356613625136
60209,10.1,-16.0,0.003913741240515992
60210,10.1,-15.0,0.004557256792822622
60211,10.1,-14.0,0.009434495338200552
60212,10.1,-13.0,0.004674791800054594
60213,10.1,-12.0,0.0019766218993308732
60214,10.1,-11.0,0.006003387140666037
60215,10.1,-10.0,0.012577397956923779
60216,10.1,-9.0,0.0067799203929330846
60217,10.1,-8.0,0.00792263961632256
60218,10.1,-7.0,0.015714338732961
60219,10.1,-6.0,0.008119234626679956
60220,10.1,-5.0,0.003809176249292541
60221,10.1,-4.0,0.010477051133939376
60222,10.1,-3.0,0.021353544149032268
60223,10.1,-2.0,0.011006809871117207
60224,10.1,-1.0,0.004438304887512699
60225,10.1,0.0,0.0005414156616175053
60226,10.1,1.0,0.005011983977296556
60227,10.1,2.0,0.016216956379897916
60228,10.1,3.0,0.03358397874906839
60229,10.1,4.0,0.01657783410406544
60230,10.1,5.0,0.0069585269986323
60231,10.1,6.0,0.023665735561680994
60232,10.1,7.0,0.05090378814822327
60233,10.1,8.0,0.026155336995902348
60234,10.1,9.0,0.04100208887131677
60235,10.1,10.0,0.09000786470944194
60236,10.1,11.0,0.047509813994133406
60237,10.1,12.0,0.01035679990507523
60238,10.1,13.0,0.026222889193064786
60239,10.1,14.0,0.05528315350960605
60240,10.1,15.0,0.02691313917021084
60241,10.1,16.0,0.02146369679365596
60242,10.1,17.0,0.040877030754324806
60243,10.1,18.0,0.01971172852971402
60244,10.1,19.0,0.006732531342000576
60245,10.1,20.0,0.014865383285509523
60246,10.1,21.0,0.029184074300383573
60247,10.1,22.0,0.014857815075208766
60248,10.1,23.0,0.012610933488786056
60249,10.1,24.0,0.02317059029012018
60250,10.1,25.0,0.011384108549227865
60251,10.1,26.0,0.004136454160950372
60252,10.1,27.0,0.008875962925008444
60253,10.1,28.0,0.017255267742729508
60254,10.1,29.0,0.008689191191400542
60255,10.1,30.0,0.007455854977912948
60256,10.1,31.0,0.013921975241271983
60257,10.1,32.0,0.00662141399460157
60258,10.1,33.0,0.002138476242981697
60259,10.1,34.0,0.005176094423209362
60260,10.1,35.0,0.010541667328629623
60261,10.1,36.0,0.0050682876310732755
60262,10.1,37.0,0.004360361727612537
60263,10.1,38.0,0.008628680880239057
60264,10.1,39.0,0.004050850525774678
60265,10.1,40.0,0.003492584896475887
60266,10.1,41.0,0.007119058486203788
60267,10.1,42.0,0.003116060273994161
60268,10.1,43.0,0.0006803479171509546
60269,10.1,44.0,0.0024731400106627354
60270,10.1,45.0,0.005591275980714719
60271,10.1,46.0,0.0023797962386146424
60272,10.1,47.0,0.0003139524482292995
60273,10.1,48.0,0.00013843773249477167
60274,10.1,49.0,0.00011148569940270981
60275,10.1,50.0,9.037325080292813e-05
60276,10.1,51.0,7.287351609414746e-05
60277,10.1,52.0,5.944902601341443e-05
60278,10.1,53.0,0.00013611530771039194
60279,10.1,54.0,0.001362347303688759
60280,10.1,55.0,0.0032839702901431107
60281,10.1,56.0,0.001348276873038537
60282,10.1,57.0,0.00010739581587508724
60283,10.1,58.0,1.4914217002677868e-05
60284,10.1,59.0,1.0751859650686659e-05
60285,10.1,60.0,8.262323557943223e-06
60286,10.1,61.0,6.316579791049528e-06
60287,10.1,62.0,4.803390694725735e-06
60288,10.1,63.0,3.6332890150973775e-06
60289,10.1,64.0,2.733619644207063e-06
60290,10.1,65.0,2.0457960470691955e-06
60291,10.1,66.0,1.5229045739002025e-06
60292,10.1,67.0,1.1276365767036963e-06
60293,10.1,68.0,8.305231173421172e-07
60294,10.1,69.0,6.08443707271699e-07
60295,10.1,70.0,4.4337907172333e-07
60296,10.1,71.0,3.213779552514452e-07
60297,10.1,72.0,2.3170909673422677e-07
60298,10.1,73.0,1.6617136704128036e-07
60299,10.1,74.0,1.185374031333838e-07
60300,10.2,-75.0,2.1373295393946853e-11
60301,10.2,-74.0,3.356279978608787e-11
60302,10.2,-73.0,5.2424100066537465e-11
60303,10.2,-72.0,8.144977579740457e-11
60304,10.2,-71.0,1.2587367442341348e-10
60305,10.2,-70.0,1.9349334588029606e-10
60306,10.2,-69.0,2.958579656125775e-10
60307,10.2,-68.0,4.499731566319556e-10
60308,10.2,-67.0,6.807318240648033e-10
60309,10.2,-66.0,1.0243576379883573e-09
60310,10.2,-65.0,1.5332510618498112e-09
60311,10.2,-64.0,2.2827641677051634e-09
60312,10.2,-63.0,3.3806088864511613e-09
60313,10.2,-62.0,4.979834624572646e-09
60314,10.2,-61.0,7.296608136924939e-09
60315,10.2,-60.0,1.0634406034147908e-08
60316,10.2,-59.0,1.5416705187713328e-08
60317,10.2,-58.0,2.2230847217034438e-08
60318,10.2,-57.0,3.188648014313124e-08
60319,10.2,-56.0,4.549286361206588e-08
60320,10.2,-55.0,6.456038355794663e-08
60321,10.2,-54.0,9.11328751057994e-08
60322,10.2,-53.0,1.2795881153657016e-07
60323,10.2,-52.0,1.787110872767112e-07
60324,10.2,-51.0,2.482669979755022e-07
60325,10.2,-50.0,3.430620792084776e-07
60326,10.2,-49.0,4.71533665351828e-07
60327,10.2,-48.0,6.446723043571786e-07
60328,10.2,-47.0,8.767014142416948e-07
60329,10.2,-46.0,1.185907658707705e-06
60330,10.2,-45.0,1.5956462774803071e-06
60331,10.2,-44.0,2.1355468131919127e-06
60332,10.2,-43.0,2.842945485816165e-06
60333,10.2,-42.0,3.7659245853866137e-06
60334,10.2,-41.0,5.690128040295269e-06
60335,10.2,-40.0,7.184852363314096e-05
60336,10.2,-39.0,0.0009763887109672447
60337,10.2,-38.0,0.002388051584473506
60338,10.2,-37.0,0.0009830151020506802
60339,10.2,-36.0,0.00016231227524273376
60340,10.2,-35.0,0.001191069726572801
60341,10.2,-34.0,0.0028969475900347172
60342,10.2,-33.0,0.0012955415016019556
60343,10.2,-32.0,0.0014746939951124063
60344,10.2,-31.0,0.0033742293849787115
60345,10.2,-30.0,0.0015277007176123685
60346,10.2,-29.0,0.0017472519222253907
60347,10.2,-28.0,0.003959403300390688
60348,10.2,-27.0,0.0017032512308402855
60349,10.2,-26.0,0.0003992361057062452
60350,10.2,-25.0,0.0021264472376391107
60351,10.2,-24.0,0.004975615753100892
60352,10.2,-23.0,0.002367226683661005
60353,10.2,-22.0,0.0027372368489851826
60354,10.2,-21.0,0.005976271681587379
60355,10.2,-20.0,0.002746697836814538
60356,10.2,-19.0,0.0009006557978373755
60357,10.2,-18.0,0.0034973871931397063
60358,10.2,-17.0,0.0077562224031422775
60359,10.2,-16.0,0.003952135495387519
60360,10.2,-15.0,0.0046016857321375835
60361,10.2,-14.0,0.009533658953320857
60362,10.2,-13.0,0.004719570504588913
60363,10.2,-12.0,0.001990413659013446
60364,10.2,-11.0,0.006060604408051776
60365,10.2,-10.0,0.012705759997502716
60366,10.2,-9.0,0.0068455016927293135
60367,10.2,-8.0,0.00799871529799072
60368,10.2,-7.0,0.015871655295156762
60369,10.2,-6.0,0.008198734008789522
60370,10.2,-5.0,0.003844831576614433
60371,10.2,-4.0,0.010577844582486989
60372,10.2,-3.0,0.021560313283549466
60373,10.2,-2.0,0.011116782677279603
60374,10.2,-1.0,0.00448786273276028
60375,10.2,0.0,0.0005509628584101879
60376,10.2,1.0,0.0050715751167365155
60377,10.2,2.0,0.016366028124936743
60378,10.2,3.0,0.03387000861287267
60379,10.2,4.0,0.016736687899615944
60380,10.2,5.0,0.007042318720243909
60381,10.2,6.0,0.023815283372074912
60382,10.2,7.0,0.051161852124606375
60383,10.2,8.0,0.026247015063322006
60384,10.2,9.0,0.04011824613745212
60385,10.2,10.0,0.08769883817307227
60386,10.2,11.0,0.0454870290864463
60387,10.2,12.0,0.010217621207150057
60388,10.2,13.0,0.02638970079285307
60389,10.2,14.0,0.05571846650573589
60390,10.2,15.0,0.027094494057862545
60391,10.2,16.0,0.021565761971737245
60392,10.2,17.0,0.04110472963818276
60393,10.2,18.0,0.01980746530933955
60394,10.2,19.0,0.0067477486212724445
60395,10.2,20.0,0.014921092591573447
60396,10.2,21.0,0.029311015270845748
60397,10.2,22.0,0.01491929108031299
60398,10.2,23.0,0.01265874303220541
60399,10.2,24.0,0.023262067628145824
60400,10.2,25.0,0.011430624287148779
60401,10.2,26.0,0.004155481433399405
60402,10.2,27.0,0.008911134962073493
60403,10.2,28.0,0.017318519906563114
60404,10.2,29.0,0.008725115299458438
60405,10.2,30.0,0.007486312884530799
60406,10.2,31.0,0.01397072812459131
60407,10.2,32.0,0.006649392795131033
60408,10.2,33.0,0.0021534256238543636
60409,10.2,34.0,0.005197806678542513
60410,10.2,35.0,0.010575789411267607
60411,10.2,36.0,0.005088652633677918
60412,10.2,37.0,0.0043776445911556635
60413,10.2,38.0,0.008654371174346113
60414,10.2,39.0,0.004066062776589547
60415,10.2,40.0,0.003505385541102773
60416,10.2,41.0,0.007138088387353628
60417,10.2,42.0,0.0031268359433926467
60418,10.2,43.0,0.0006858609560299213
60419,10.2,44.0,0.002481011594778722
60420,10.2,45.0,0.005603782977187971
60421,10.2,46.0,0.0023865540869547047
60422,10.2,47.0,0.0003168959715889037
60423,10.2,48.0,0.0001407277498621531
60424,10.2,49.0,0.00011341021693458717
60425,10.2,50.0,9.198234869956418e-05
60426,10.2,51.0,7.421052719415211e-05
60427,10.2,52.0,6.055425247135939e-05
60428,10.2,53.0,0.00013712416684937183
60429,10.2,54.0,0.0013646077283218513
60430,10.2,55.0,0.003288305481432395
60431,10.2,56.0,0.001350281157908911
60432,10.2,57.0,0.0001078855155116803
60433,10.2,58.0,1.5223560832168544e-05
60434,10.2,59.0,1.099585735743356e-05
60435,10.2,60.0,8.454358902263853e-06
60436,10.2,61.0,6.466836168623572e-06
60437,10.2,62.0,4.920272701172193e-06
60438,10.2,63.0,3.7236820942034654e-06
60439,10.2,64.0,2.8031228174055034e-06
60440,10.2,65.0,2.0989290782077007e-06
60441,10.2,66.0,1.5632898545209767e-06
60442,10.2,67.0,1.1581568017144713e-06
60443,10.2,68.0,8.534563661541621e-07
60444,10.2,69.0,6.255778886146456e-07
60445,10.2,70.0,4.5610786919025564e-07
60446,10.2,71.0,3.307804607943506e-07
60447,10.2,72.0,2.3861527302665185e-07
60448,10.2,73.0,1.7121536491319208e-07
60449,10.2,74.0,1.2220060077203011e-07
60450,10.3,-75.0,2.0736254250702747e-11
60451,10.3,-74.0,3.257979839824271e-11
60452,10.3,-73.0,5.091580136685352e-11
60453,10.3,-72.0,7.914853524614434e-11
60454,10.3,-71.0,1.2238249084638684e-10
60455,10.3,-70.0,1.8822694860017718e-10
60456,10.3,-69.0,2.8795884515939846e-10
60457,10.3,-68.0,4.3819271418760985e-10
60458,10.3,-67.0,6.632633334042592e-10
60459,10.3,-66.0,9.986031558980567e-10
60460,10.3,-65.0,1.4954985196356899e-09
60461,10.3,-64.0,2.227743316021212e-09
60462,10.3,-63.0,3.3008851984170942e-09
60463,10.3,-62.0,4.864988309333443e-09
60464,10.3,-61.0,7.132130687782304e-09
60465,10.3,-60.0,1.0400228860334993e-08
60466,10.3,-59.0,1.508525354576254e-08
60467,10.3,-58.0,2.176448767691273e-08
60468,10.3,-57.0,3.1234201209516354e-08
60469,10.3,-56.0,4.4585997195341364e-08
60470,10.3,-55.0,6.330714051816239e-08
60471,10.3,-54.0,8.941143244475476e-08
60472,10.3,-53.0,1.256086541480307e-07
60473,10.3,-52.0,1.7552227664313385e-07
60474,10.3,-51.0,2.439670182067595e-07
60475,10.3,-50.0,3.3729990318750377e-07
60476,10.3,-49.0,4.638606979695893e-07
60477,10.3,-48.0,6.345199051787123e-07
60478,10.3,-47.0,8.633547896227663e-07
60479,10.3,-46.0,1.16847605638777e-06
60480,10.3,-45.0,1.5730296296342623e-06
60481,10.3,-44.0,2.1063992726229573e-06
60482,10.3,-43.0,2.805636705100017e-06
60483,10.3,-42.0,3.7185145025528478e-06
60484,10.3,-41.0,5.638041867353901e-06
60485,10.3,-40.0,7.246763058003793e-05
60486,10.3,-39.0,0.0009865753120164788
60487,10.3,-38.0,0.002413180798521448
60488,10.3,-37.0,0.0009931624158137187
60489,10.3,-36.0,0.00016365888181674062
60490,10.3,-35.0,0.0012030731086972155
60491,10.3,-34.0,0.0029266749583786488
60492,10.3,-33.0,0.0013083896797110705
60493,10.3,-32.0,0.001489091121190306
60494,10.3,-31.0,0.0034080228474500252
60495,10.3,-30.0,0.0015422326999742601
60496,10.3,-29.0,0.0017635853257445477
60497,10.3,-28.0,0.003997899910539625
60498,10.3,-27.0,0.0017185368054191289
60499,10.3,-26.0,0.0004009171531166149
60500,10.3,-25.0,0.0021448308033181537
60501,10.3,-24.0,0.0050217650906162195
60502,10.3,-23.0,0.002387051842090803
60503,10.3,-22.0,0.002759781343326705
60504,10.3,-21.0,0.00602957853775287
60505,10.3,-20.0,0.0027681771136628436
60506,10.3,-19.0,0.0009036472401316187
60507,10.3,-18.0,0.003523991449354738
60508,10.3,-17.0,0.007821911059396254
60509,10.3,-16.0,0.0039816963568024685
60510,10.3,-15.0,0.004635820488707406
60511,10.3,-14.0,0.009611641420192062
60512,10.3,-13.0,0.004753754511741513
60513,10.3,-12.0,0.001999603260504719
60514,10.3,-11.0,0.0061042043484122255
60515,10.3,-10.0,0.01280579744246847
60516,10.3,-9.0,0.0068956939033775165
60517,10.3,-8.0,0.00805681307616174
60518,10.3,-7.0,0.015993533208373722
60519,10.3,-6.0,0.00825979340194379
60520,10.3,-5.0,0.003871694089672079
60521,10.3,-4.0,0.01065487862184656
60522,10.3,-3.0,0.021718911885015783
60523,10.3,-2.0,0.011201826811038738
60524,10.3,-1.0,0.004527261678682953
60525,10.3,0.0,0.0005593801843663056
60526,10.3,1.0,0.005119822854716669
60527,10.3,2.0,0.016478732329890243
60528,10.3,3.0,0.034080868094803395
60529,10.3,4.0,0.01685847809489632
60530,10.3,5.0,0.007110742414906681
60531,10.3,6.0,0.02391368679342819
60532,10.3,7.0,0.05131053690677923
60533,10.3,8.0,0.026303450114344
60534,10.3,9.0,0.03945885994853022
60535,10.3,10.0,0.08596416270650298
60536,10.3,11.0,0.04384746868344349
60537,10.3,12.0,0.010097427893632075
60538,10.3,13.0,0.026535168851886764
60539,10.3,14.0,0.05610977557995356
60540,10.3,15.0,0.027253577796696873
60541,10.3,16.0,0.02164829790997585
60542,10.3,17.0,0.041295698735169105
60543,10.3,18.0,0.019885109969332578
60544,10.3,19.0,0.0067562909218491585
60545,10.3,20.0,0.014962601912609525
60546,10.3,21.0,0.02941056491987534
60547,10.3,22.0,0.01496662889018892
60548,10.3,23.0,0.012694418646968452
60549,10.3,24.0,0.023331532870127642
60550,10.3,25.0,0.011466211321264871
60551,10.3,26.0,0.004170403607742949
60552,10.3,27.0,0.008937731897281486
60553,10.3,28.0,0.017365280488640996
60554,10.3,29.0,0.008752693172966517
60555,10.3,30.0,0.00750959631685417
60556,10.3,31.0,0.014006164673316881
60557,10.3,32.0,0.006671029280442391
60558,10.3,33.0,0.00216631882173762
60559,10.3,34.0,0.005214567650595681
60560,10.3,35.0,0.010599836599157031
60561,10.3,36.0,0.005104188276914928
60562,10.3,37.0,0.004390775780394274
60563,10.3,38.0,0.00867182041121617
60564,10.3,39.0,0.004077426824635448
60565,10.3,40.0,0.0035148709798254684
60566,10.3,41.0,0.007150319481221136
60567,10.3,42.0,0.003134657420643658
60568,10.3,43.0,0.0006907579349776245
60569,10.3,44.0,0.002486539908871485
60570,10.3,45.0,0.005610944216799548
60571,10.3,46.0,0.002391053387659547
60572,10.3,47.0,0.00031956576664405196
60573,10.3,48.0,0.00014291007189612254
60574,10.3,49.0,0.0001152501799315376
60575,10.3,50.0,9.352452130902704e-05
60576,10.3,51.0,7.549491874593807e-05
60577,10.3,52.0,6.161742559378676e-05
60578,10.3,53.0,0.00013801486791225733
60579,10.3,54.0,0.0013655655188953436
60580,10.3,55.0,0.0032894831761455423
60581,10.3,56.0,0.0013509931091893756
60582,10.3,57.0,0.00010827819854944126
60583,10.3,58.0,1.5523926644614208e-05
60584,10.3,59.0,1.1233912956757564e-05
60585,10.3,60.0,8.642026061387668e-06
60586,10.3,61.0,6.613907850560237e-06
60587,10.3,62.0,5.0348535671135385e-06
60588,10.3,63.0,3.8124280482572916e-06
60589,10.3,64.0,2.8714587078426857e-06
60590,10.3,65.0,2.151243654630356e-06
60591,10.3,66.0,1.6031078352382118e-06
60592,10.3,67.0,1.1882887313076263e-06
60593,10.3,68.0,8.761275320141944e-07
60594,10.3,69.0,6.425379525155342e-07
60595,10.3,70.0,4.687230915693471e-07
60596,10.3,71.0,3.4011048561768417e-07
60597,10.3,72.0,2.4547643128147627e-07
60598,10.3,73.0,1.762323725018333e-07
60599,10.3,74.0,1.2584839534632309e-07
60600,10.4,-75.0,2.0091670848607647e-11
60601,10.4,-74.0,3.158388337831073e-11
60602,10.4,-73.0,4.9385687909909474e-11
60603,10.4,-72.0,7.681088965739759e-11
60604,10.4,-71.0,1.188312295083142e-10
60605,10.4,-70.0,1.8286243291088003e-10
60606,10.4,-69.0,2.79901034870095e-10
60607,10.4,-68.0,4.26157977334418e-10
60608,10.4,-67.0,6.453909164928076e-10
60609,10.4,-66.0,9.722124601920026e-10
60610,10.4,-65.0,1.456752007453169e-09
60611,10.4,-64.0,2.1711817317891776e-09
60612,10.4,-63.0,3.218791428895206e-09
60613,10.4,-62.0,4.746523177757014e-09
60614,10.4,-61.0,6.962167799971767e-09
60615,10.4,-60.0,1.0157795815100847e-08
60616,10.4,-59.0,1.4741462940358112e-08
60617,10.4,-58.0,2.1279813026336427e-08
60618,10.4,-57.0,3.055491997285126e-08
60619,10.4,-56.0,4.363958565525746e-08
60620,10.4,-55.0,6.199636379174467e-08
60621,10.4,-54.0,8.76068284870362e-08
60622,10.4,-53.0,1.2313906508090777e-07
60623,10.4,-52.0,1.7216303692381604e-07
60624,10.4,-51.0,2.394253710886847e-07
60625,10.4,-50.0,3.311971901418595e-07
60626,10.4,-49.0,4.557108574533092e-07
60627,10.4,-48.0,6.237038364850248e-07
60628,10.4,-47.0,8.490901956912618e-07
60629,10.4,-46.0,1.1497824895792703e-06
60630,10.4,-45.0,1.5486886416747931e-06
60631,10.4,-44.0,2.0749098307916528e-06
60632,10.4,-43.0,2.7651664027045727e-06
60633,10.4,-42.0,3.6668603742348323e-06
60634,10.4,-41.0,5.579436428939704e-06
60635,10.4,-40.0,7.300239380330595e-05
60636,10.4,-39.0,0.0009956139562655169
60637,10.4,-38.0,0.0024355021320893984
60638,10.4,-37.0,0.0010021536742112764
60639,10.4,-36.0,0.00016481392213289027
60640,10.4,-35.0,0.001213672196318131
60641,10.4,-34.0,0.0029529874650469023
60642,10.4,-33.0,0.0013197090019430322
60643,10.4,-32.0,0.0015017447559647532
60644,10.4,-31.0,0.003437829310868379
60645,10.4,-30.0,0.0015549553232040586
60646,10.4,-29.0,0.0017778449645306131
60647,10.4,-28.0,0.0040317040521984935
60648,10.4,-27.0,0.0017317946345171494
60649,10.4,-26.0,0.0004021081842190058
60650,10.4,-25.0,0.0021606714191838984
60651,10.4,-24.0,0.005061987456218889
60652,10.4,-23.0,0.0024040358510624966
60653,10.4,-22.0,0.002779032756510195
60654,10.4,-21.0,0.006075733638999178
60655,10.4,-20.0,0.0027863325260195837
60656,10.4,-19.0,0.0009054967716761421
60657,10.4,-18.0,0.0035463445757964672
60658,10.4,-17.0,0.007878255845964695
60659,10.4,-16.0,0.004006433471573042
60660,10.4,-15.0,0.004664330859721778
60661,10.4,-14.0,0.009678083453580988
60662,10.4,-13.0,0.004782136675336323
60663,10.4,-12.0,0.0020062358672503773
60664,10.4,-11.0,0.006140342558511456
60665,10.4,-10.0,0.01289037569771729
60666,10.4,-9.0,0.006937444693669999
60667,10.4,-8.0,0.008105053441995812
60668,10.4,-7.0,0.01609605679962336
60669,10.4,-6.0,0.008310728193909349
60670,10.4,-5.0,0.0038936690454921246
60671,10.4,-4.0,0.01071888943698267
60672,10.4,-3.0,0.021851219922399696
60673,10.4,-2.0,0.01127320521536986
60674,10.4,-1.0,0.004561020584033469
60675,10.4,0.0,0.0005672074098409743
60676,10.4,1.0,0.005161816280338357
60677,10.4,2.0,0.016571705832650056
60678,10.4,3.0,0.0342510989408616
60679,10.4,4.0,0.01696018772248639
60680,10.4,5.0,0.007170853257169441
60681,10.4,6.0,0.02398536199959809
60682,10.4,7.0,0.05140245215368893
60683,10.4,8.0,0.026341766129026254
60684,10.4,9.0,0.03892037928317874
60685,10.4,10.0,0.08453874765611434
60686,10.4,11.0,0.04242215790919347
60687,10.4,12.0,0.009987744989783068
60688,10.4,13.0,0.026669734730478074
60689,10.4,14.0,0.05647931370713324
60690,10.4,15.0,0.027401234819366332
60691,10.4,16.0,0.021719928959932272
60692,10.4,17.0,0.04146630018217598
60693,10.4,18.0,0.01995257056710209
60694,10.4,19.0,0.006760880448155267
60695,10.4,20.0,0.014995885213574232
60696,10.4,21.0,0.02949442512545024
60697,10.4,22.0,0.015005789123387762
60698,10.4,23.0,0.012723023712185758
60699,10.4,24.0,0.023388284756781775
60700,10.4,25.0,0.0114954341470744
60701,10.4,26.0,0.004182873721342035
60702,10.4,27.0,0.00895931267821371
60703,10.4,28.0,0.017402479039934828
60704,10.4,29.0,0.008775406400334886
60705,10.4,30.0,0.007528692790606906
60706,10.4,31.0,0.01403387871355942
60707,10.4,32.0,0.006688975076300332
60708,10.4,33.0,0.002178001309784169
60709,10.4,34.0,0.00522845021139085
60710,10.4,35.0,0.010618048942311093
60711,10.4,36.0,0.005116926055975878
60712,10.4,37.0,0.004401503394969071
60713,10.4,38.0,0.008684503058472062
60714,10.4,39.0,0.004086568317657177
60715,10.4,40.0,0.003522443369271755
60716,10.4,41.0,0.007158622157221496
60717,10.4,42.0,0.0031407769382278024
60718,10.4,43.0,0.0006953069060101729
60719,10.4,44.0,0.002490720041881926
60720,10.4,45.0,0.00561501834630791
60721,10.4,46.0,0.0023942531294700122
60722,10.4,47.0,0.00032208499105814943
60723,10.4,48.0,0.00014503741298059592
60724,10.4,49.0,0.00011704793868787102
60725,10.4,50.0,9.50340453944173e-05
60726,10.4,51.0,7.675428922192575e-05
60727,10.4,52.0,6.266105561027847e-05
60728,10.4,53.0,0.00013884133232435484
60729,10.4,54.0,0.001365772414826134
60730,10.4,55.0,0.003288835055628509
60731,10.4,56.0,0.0013509591393989192
60732,10.4,57.0,0.00010861690933265393
60733,10.4,58.0,1.5820947094922183e-05
60734,10.4,59.0,1.1470062162740743e-05
60735,10.4,60.0,8.828424072377873e-06
60736,10.4,61.0,6.7601626343906e-06
60737,10.4,62.0,5.148932966896102e-06
60738,10.4,63.0,3.900887620214378e-06
60739,10.4,64.0,2.9396508260823106e-06
60740,10.4,65.0,2.2035056266243493e-06
60741,10.4,66.0,1.6429285910344916e-06
60742,10.4,67.0,1.2184545068022747e-06
60743,10.4,68.0,8.988475879554116e-07
60744,10.4,69.0,6.595517902903959e-07
60745,10.4,70.0,4.813908788500073e-07
60746,10.4,71.0,3.4948852307515144e-07
60747,10.4,72.0,2.523795066979532e-07
60748,10.4,73.0,1.8128478813866601e-07
60749,10.4,74.0,1.2952534182580613e-07
60750,10.5,-75.0,1.9449732758499756e-11
60751,10.5,-74.0,3.059105820556435e-11
60752,10.5,-73.0,4.7858763058873e-11
60753,10.5,-72.0,7.447569192841075e-11
60754,10.5,-71.0,1.1527993723535077e-10
60755,10.5,-70.0,1.7749209825201053e-10
60756,10.5,-69.0,2.718256425742645e-10
60757,10.5,-68.0,4.140835051391696e-10
60758,10.5,-67.0,6.274390526366422e-10
60759,10.5,-66.0,9.45673609688654e-10
60760,10.5,-65.0,1.4177416600119117e-09
60761,10.5,-64.0,2.114165790935655e-09
60762,10.5,-63.0,3.1359352749185798e-09
60763,10.5,-62.0,4.626805562784816e-09
60764,10.5,-61.0,6.790183615360466e-09
60765,10.5,-60.0,9.912150773076555e-09
60766,10.5,-59.0,1.4392637733705031e-08
60767,10.5,-58.0,2.0787344103151957e-08
60768,10.5,-57.0,2.986370836651287e-08
60769,10.5,-56.0,4.2675104270977185e-08
60770,10.5,-55.0,6.065848748019847e-08
60771,10.5,-54.0,8.576196098788345e-08
60772,10.5,-53.0,1.206101840920083e-07
60773,10.5,-52.0,1.6871722571185148e-07
60774,10.5,-51.0,2.347583559893593e-07
60775,10.5,-50.0,3.2491436327072757e-07
60776,10.5,-49.0,4.473042399685252e-07
60777,10.5,-48.0,6.125244387830001e-07
60778,10.5,-47.0,8.343152680733417e-07
60779,10.5,-46.0,1.130377243480895e-06
60780,10.5,-45.0,1.5233621728562261e-06
60781,10.5,-44.0,2.0420652090771204e-06
60782,10.5,-43.0,2.7228452298638564e-06
60783,10.5,-42.0,3.6126943183427304e-06
60784,10.5,-41.0,5.516881944810542e-06
60785,10.5,-40.0,7.348212265429464e-05
60786,10.5,-39.0,0.0010038985615760559
60787,10.5,-38.0,0.00245597849828495
60788,10.5,-37.0,0.0010103857415399901
60789,10.5,-36.0,0.00016584374619628658
60790,10.5,-35.0,0.0012233485567194147
60791,10.5,-34.0,0.002977055056412363
60792,10.5,-33.0,0.0013300238012333603
60793,10.5,-32.0,0.0015132522897714673
60794,10.5,-31.0,0.003465013508181948
60795,10.5,-30.0,0.0015664884172514033
60796,10.5,-29.0,0.0017907404403943803
60797,10.5,-28.0,0.004062419978283879
60798,10.5,-27.0,0.0017437180598281596
60799,10.5,-26.0,0.0004029765225707737
60800,10.5,-25.0,0.002174836396641921
60801,10.5,-24.0,0.005098304309154059
60802,10.5,-23.0,0.0024191458240308767
60803,10.5,-22.0,0.002796110253155441
60804,10.5,-21.0,0.006117170146634358
60805,10.5,-20.0,0.0028022899314094525
60806,10.5,-19.0,0.000906583696667438
60807,10.5,-18.0,0.003565881811269811
60808,10.5,-17.0,0.007928422941688315
60809,10.5,-16.0,0.004027969795820902
60810,10.5,-15.0,0.004689107084910494
60811,10.5,-14.0,0.009736883164995281
60812,10.5,-13.0,0.004806657416119282
60813,10.5,-12.0,0.0020111423563434726
60814,10.5,-11.0,0.006171511091213157
60815,10.5,-10.0,0.01296469839334684
60816,10.5,-9.0,0.0069735660155029675
60817,10.5,-8.0,0.008146723130882827
60818,10.5,-7.0,0.016185732682785788
60819,10.5,-6.0,0.008354902782176666
60820,10.5,-5.0,0.003912336812544461
60821,10.5,-4.0,0.010774221206585213
60822,10.5,-3.0,0.021966090681067665
60823,10.5,-2.0,0.011335472456601157
60824,10.5,-1.0,0.004590962732758726
60825,10.5,0.0,0.0005746609557099769
60826,10.5,1.0,0.005199606067565335
60827,10.5,2.0,0.01665167786618049
60828,10.5,3.0,0.03439468559068299
60829,10.5,4.0,0.017048682241712118
60830,10.5,5.0,0.007225488553398418
60831,10.5,6.0,0.024040150878023393
60832,10.5,7.0,0.05145881820637959
60833,10.5,8.0,0.026368856015679464
60834,10.5,9.0,0.03846095611176848
60835,10.5,10.0,0.08331549286710546
60836,10.5,11.0,0.04114166701535305
60837,10.5,12.0,0.009885102572028672
60838,10.5,13.0,0.026797747641856492
60839,10.5,14.0,0.05683634752675424
60840,10.5,15.0,0.027541976556932822
60841,10.5,16.0,0.021784197021986695
60842,10.5,17.0,0.04162323695109802
60843,10.5,18.0,0.020013088632792834
60844,10.5,19.0,0.006762634777051609
60845,10.5,20.0,0.015023386827552098
60846,10.5,21.0,0.029567378910326403
60847,10.5,22.0,0.01503920829466301
60848,10.5,23.0,0.012746627759940152
60849,10.5,24.0,0.023436123046205265
60850,10.5,25.0,0.011520156830431436
60851,10.5,26.0,0.004193565330402091
60852,10.5,27.0,0.008977330146466398
60853,10.5,28.0,0.017432946898605414
60854,10.5,29.0,0.008794675653756676
60855,10.5,30.0,0.00754482120640226
60856,10.5,31.0,0.01405615601245035
60857,10.5,32.0,0.0067043116768209406
60858,10.5,33.0,0.0021888154190712376
60859,10.5,34.0,0.005240299699138555
60860,10.5,35.0,0.010632159744122542
60861,10.5,36.0,0.0051276948560267915
60862,10.5,37.0,0.004410540733709127
60863,10.5,38.0,0.008693840223192797
60864,10.5,39.0,0.004094150972181291
60865,10.5,40.0,0.003528675285291938
60866,10.5,41.0,0.007164171242086402
60867,10.5,42.0,0.0031457061444975045
60868,10.5,43.0,0.000699616257902197
60869,10.5,44.0,0.002493958842371913
60870,10.5,45.0,0.005616930714995676
60871,10.5,46.0,0.0023965457287876872
60872,10.5,47.0,0.0003245033657352397
60873,10.5,48.0,0.00014713073491431645
60874,10.5,49.0,0.0001188203213046746
60875,10.5,50.0,9.652453782530685e-05
60876,10.5,51.0,7.799960111156182e-05
60877,10.5,52.0,6.369408922692544e-05
60878,10.5,53.0,0.00013962546456900533
60879,10.5,54.0,0.0013654547666143776
60880,10.5,55.0,0.003286907742619777
60881,10.5,56.0,0.0013504034853470159
60882,10.5,57.0,0.00010891923598369789
60883,10.5,58.0,1.6116870346379297e-05
60884,10.5,59.0,1.1705913640322632e-05
60885,10.5,60.0,9.01478954761007e-06
60886,10.5,61.0,6.906546501824891e-06
60887,10.5,62.0,5.263230900554887e-06
60888,10.5,63.0,3.989606047715427e-06
60889,10.5,64.0,3.0081099863999445e-06
60890,10.5,65.0,2.2560229684058215e-06
60891,10.5,66.0,1.682981839879328e-06
60892,10.5,67.0,1.2488246146558476e-06
60893,10.5,68.0,9.217424269591413e-07
60894,10.5,69.0,6.767118998965206e-07
60895,10.5,70.0,4.941788523919099e-07
60896,10.5,71.0,3.58963761124169e-07
60897,10.5,72.0,2.593600999861885e-07
60898,10.5,73.0,1.8639824988676054e-07
60899,10.5,74.0,1.3324981151420597e-07
60900,10.6,-75.0,1.8815717814825147e-11
60901,10.6,-74.0,2.960963421626243e-11
60902,10.6,-73.0,4.634804298097658e-11
60903,10.6,-72.0,7.21632139555216e-11
60904,10.6,-71.0,1.1176001234508061e-10
60905,10.6,-70.0,1.7216430846852757e-10
60906,10.6,-69.0,2.6380675481780655e-10
60907,10.6,-68.0,4.020821637106657e-10
60908,10.6,-67.0,6.095787413913026e-10
60909,10.6,-66.0,9.192442573480769e-10
60910,10.6,-65.0,1.37885356457646e-09
60911,10.6,-64.0,2.057270863736759e-09
60912,10.6,-63.0,3.053169487724976e-09
60913,10.6,-62.0,4.507092395987321e-09
60914,10.6,-61.0,6.618020672437469e-09
60915,10.6,-60.0,9.665979934907102e-09
60916,10.6,-59.0,1.4042672666392903e-08
60917,10.6,-58.0,2.029269704919261e-08
60918,10.6,-57.0,2.916862051342016e-08
60919,10.6,-56.0,4.170404040397038e-08
60920,10.6,-55.0,5.93098062449762e-08
60921,10.6,-54.0,8.389981759720989e-08
60922,10.6,-53.0,1.1805426410799027e-07
60923,10.6,-52.0,1.6522984897843866e-07
60924,10.6,-51.0,2.3002843244082112e-07
60925,10.6,-50.0,3.185376322502792e-07
60926,10.6,-49.0,4.387591886640617e-07
60927,10.6,-48.0,6.011432822381549e-07
60928,10.6,-47.0,8.192493939731554e-07
60929,10.6,-46.0,1.1105565928412912e-06
60930,10.6,-45.0,1.4974481583924387e-06
60931,10.6,-44.0,2.0083969838804847e-06
60932,10.6,-43.0,2.6793794323970387e-06
60933,10.6,-42.0,3.5569498431181775e-06
60934,10.6,-41.0,5.451760088135891e-06
60935,10.6,-40.0,7.392228466521921e-05
60936,10.6,-39.0,0.0010116365571728085
60937,10.6,-38.0,0.0024751168919781436
60938,10.6,-37.0,0.0010180676305584816
60939,10.6,-36.0,0.00016678339061799828
60940,10.6,-35.0,0.0012323558954050928
60941,10.6,-34.0,0.0029994939487630132
60942,10.6,-33.0,0.001339610378723141
60943,10.6,-32.0,0.001523928587545928
60944,10.6,-31.0,0.0034902944938624203
60945,10.6,-30.0,0.001577158796206966
60946,10.6,-29.0,0.0018026459847093471
60947,10.6,-28.0,0.004090893288460713
60948,10.6,-27.0,0.0017546729438778965
60949,10.6,-26.0,0.0004036110610666385
60950,10.6,-25.0,0.002187783608671235
60951,10.6,-24.0,0.005131781832002214
60952,10.6,-23.0,0.0024328925330682535
60953,10.6,-22.0,0.002811605012942378
60954,10.6,-21.0,0.006155172023694314
60955,10.6,-20.0,0.0028166444137091343
60956,10.6,-19.0,0.000907109795886081
60957,10.6,-18.0,0.003583361951579323
60958,10.6,-17.0,0.007974084116107163
60959,10.6,-16.0,0.00404716350720489
60960,10.6,-15.0,0.0047111487018212305
60961,10.6,-14.0,0.009790099497380508
60962,10.6,-13.0,0.0048283430117558295
60963,10.6,-12.0,0.00201476375043776
60964,10.6,-11.0,0.00619902788037395
60965,10.6,-10.0,0.013031514814424128
60966,10.6,-9.0,0.007005544549814426
60967,10.6,-8.0,0.008183559826270474
60968,10.6,-7.0,0.01626599893860797
60969,10.6,-6.0,0.008394095217281843
60970,10.6,-5.0,0.003928532744549958
60971,10.6,-4.0,0.010823169713558399
60972,10.6,-3.0,0.022068202800021405
60973,10.6,-2.0,0.011391033955113029
60974,10.6,-1.0,0.004618048824448882
60975,10.6,0.0,0.0005818542271674061
60976,10.6,1.0,0.005234271051994953
60977,10.6,2.0,0.01672220123870203
60978,10.6,3.0,0.034519017901566085
60979,10.6,4.0,0.017127584292375216
60980,10.6,5.0,0.007276136698824088
60981,10.6,6.0,0.024083215924692262
60982,10.6,7.0,0.051490768587920344
60983,10.6,8.0,0.02638832640287341
60984,10.6,9.0,0.03805852639280771
60985,10.6,10.0,0.0822379482899822
60986,10.6,11.0,0.039968805092070604
60987,10.6,12.0,0.009787649507894463
60988,10.6,13.0,0.026921590980971587
60989,10.6,14.0,0.05718596636425196
60990,10.6,15.0,0.02767827118594959
60991,10.6,16.0,0.021842997162704825
60992,10.6,17.0,0.0417700832578874
60993,10.6,18.0,0.0200683933979392
60994,10.6,19.0,0.006762150545115285
60995,10.6,20.0,0.015046406108263603
60996,10.6,21.0,0.02963196564403034
60997,10.6,22.0,0.015068180051760773
60998,10.6,23.0,0.012766329194555484
60999,10.6,24.0,0.02347706377157152
61000,10.6,25.0,0.011541367670643548
61001,10.6,26.0,0.00420283456856862
61002,10.6,27.0,0.008992554073479047
61003,10.6,28.0,0.017458185777365177
61004,10.6,29.0,0.008811253243792186
61005,10.6,30.0,0.007558626879081734
61006,10.6,31.0,0.014074208922061238
61007,10.6,32.0,0.006717611393507538
61008,10.6,33.0,0.0021989406849432396
61009,10.6,34.0,0.00525056335214012
61010,10.6,35.0,0.010643088718660208
61011,10.6,36.0,0.005136933474251326
61012,10.6,37.0,0.004418265420789767
61013,10.6,38.0,0.008700586428374742
61014,10.6,39.0,0.004100526408597072
61015,10.6,40.0,0.003533870126122015
61016,10.6,41.0,0.007167590995642924
61017,10.6,42.0,0.0031497163448490633
61018,10.6,43.0,0.0007037427344246272
61019,10.6,44.0,0.0024964722130932718
61020,10.6,45.0,0.00561717359104691
61021,10.6,46.0,0.0023981396429290165
61022,10.6,47.0,0.00032684687442492824
61023,10.6,48.0,0.00014920078774693563
61024,10.6,49.0,0.00012057595139873629
61025,10.6,50.0,9.800297605284703e-05
61026,10.6,51.0,7.92364722555217e-05
61027,10.6,52.0,6.472111598082632e-05
61028,10.6,53.0,0.0001403788037425022
61029,10.6,54.0,0.0013647331843104843
61030,10.6,55.0,0.003283992686914903
61031,10.6,56.0,0.001349445675796581
61032,10.6,57.0,0.00010919450934412945
61033,10.6,58.0,1.641285851470531e-05
61034,10.6,59.0,1.1942298266784076e-05
61035,10.6,60.0,9.201762456206001e-06
61036,10.6,61.0,7.0535500997115145e-06
61037,10.6,62.0,5.3781217246412775e-06
61038,10.6,63.0,4.078867588798791e-06
61039,10.6,64.0,3.077050999083872e-06
61040,10.6,65.0,2.3089572333803394e-06
61041,10.6,66.0,1.7233885020570916e-06
61042,10.6,67.0,1.2794891304450234e-06
61043,10.6,68.0,9.448788283745928e-07
61044,10.6,69.0,6.940675540469723e-07
61045,10.6,70.0,5.071231949288891e-07
61046,10.6,71.0,3.685626438072683e-07
61047,10.6,72.0,2.664374458877866e-07
61048,10.6,73.0,1.915866821588528e-07
61049,10.6,74.0,1.370318366751197e-07
61050,10.7,-75.0,1.8192691640309636e-11
61051,10.7,-74.0,2.8644457323237382e-11
61052,10.7,-73.0,4.4861144256367876e-11
61053,10.7,-72.0,6.988535928666424e-11
61054,10.7,-71.0,1.0828995302023354e-10
61055,10.7,-70.0,1.66907647492557e-10
61056,10.7,-69.0,2.5588829126269975e-10
61057,10.7,-68.0,3.902210563339111e-10
61058,10.7,-67.0,5.919119310237499e-10
61059,10.7,-66.0,8.93078420833698e-10
61060,10.7,-65.0,1.3403190975303937e-09
61061,10.7,-64.0,2.0008425937013305e-09
61062,10.7,-63.0,2.9710075213799484e-09
61063,10.7,-62.0,4.3881421526311035e-09
61064,10.7,-61.0,6.44679313897915e-09
61065,10.7,-60.0,9.420910840760221e-09
61066,10.7,-59.0,1.369393195523559e-08
61067,10.7,-58.0,1.9799287093029552e-08
61068,10.7,-57.0,2.8474562458011988e-08
61069,10.7,-56.0,4.073340254774457e-08
61070,10.7,-55.0,5.796027646837021e-08
61071,10.7,-54.0,8.203446410971865e-08
61072,10.7,-53.0,1.1549106640014435e-07
61073,10.7,-52.0,1.6172851602398257e-07
61074,10.7,-51.0,2.2527396125698921e-07
61075,10.7,-50.0,3.1212000173970437e-07
61076,10.7,-49.0,4.301485378482398e-07
61077,10.7,-48.0,5.896598972037859e-07
61078,10.7,-47.0,8.040278349948197e-07
61079,10.7,-46.0,1.0905033454944334e-06
61080,10.7,-45.0,1.4711923056570527e-06
61081,10.7,-44.0,1.9742335880130362e-06
61082,10.7,-43.0,2.6352056083249483e-06
61083,10.7,-42.0,3.5002043222217496e-06
61084,10.7,-41.0,5.384923819278857e-06
61085,10.7,-40.0,7.433227454488179e-05
61086,10.7,-39.0,0.001018953680878695
61087,10.7,-38.0,0.002493224608415126
61088,10.7,-37.0,0.0010253260580288664
61089,10.7,-36.0,0.0001676541508193435
61090,10.7,-35.0,0.0012408480754197303
61091,10.7,-34.0,0.003020677767471764
61092,10.7,-33.0,0.0013486363412266189
61093,10.7,-32.0,0.001533964689885445
61094,10.7,-31.0,0.003514108395847675
61095,10.7,-30.0,0.0015871648269931502
61096,10.7,-29.0,0.001813788797719835
61097,10.7,-28.0,0.004117637079355448
61098,10.7,-27.0,0.001764881536749528
61099,10.7,-26.0,0.0004040661726555321
61100,10.7,-25.0,0.00219979133205573
61101,10.7,-24.0,0.005163067391082147
61102,10.7,-23.0,0.0024455865427027786
61103,10.7,-22.0,0.0028258765553254134
61104,10.7,-21.0,0.006190519270220564
61105,10.7,-20.0,0.0028297581065140896
61106,10.7,-19.0,0.0009071986885669638
61107,10.7,-18.0,0.0035992468715068697
61108,10.7,-17.0,0.008016255587409916
61109,10.7,-16.0,0.004064537067981229
61110,10.7,-15.0,0.004731064241947296
61111,10.7,-14.0,0.009838984453859933
61112,10.7,-13.0,0.004847818411224988
61113,10.7,-12.0,0.002017369631874492
61114,10.7,-11.0,0.006223695384890589
61115,10.7,-10.0,0.013092497182422426
61116,10.7,-9.0,0.007034285219843962
61117,10.7,-8.0,0.008216621178203922
61118,10.7,-7.0,0.01633894687277618
61119,10.7,-6.0,0.008429387266260996
61120,10.7,-5.0,0.003942765172546129
61121,10.7,-4.0,0.010867131509396192
61122,10.7,-3.0,0.02216040220084868
61123,10.7,-2.0,0.01144135194141472
61124,10.7,-1.0,0.004642861444062427
61125,10.7,0.0,0.0005888556552141739
61126,10.7,1.0,0.005266464245845836
61127,10.7,2.0,0.01678543375974198
61128,10.7,3.0,0.0346285879409328
61129,10.7,4.0,0.017199092735584055
61130,10.7,5.0,0.007323695215631323
61131,10.7,6.0,0.024117663524692867
61132,10.7,7.0,0.051505001641838924
61133,10.7,8.0,0.026402339738399477
61134,10.7,9.0,0.03769971333069901
61135,10.7,10.0,0.08127190168584389
61136,10.7,11.0,0.03888066855273119
61137,10.7,12.0,0.009694251206391257
61138,10.7,13.0,0.027042782616323053
61139,10.7,14.0,0.05753142423483116
61140,10.7,15.0,0.02781168725554777
61141,10.7,16.0,0.02189749386631898
61142,10.7,17.0,0.041909025265904565
61143,10.7,18.0,0.020119542883583173
61144,10.7,19.0,0.006759792809033815
61145,10.7,20.0,0.015065733655773916
61146,10.7,21.0,0.029689727989013943
61147,10.7,22.0,0.015093490345872105
61148,10.7,23.0,0.012782794930945186
61149,10.7,24.0,0.02351233036915121
61150,10.7,25.0,0.011559665915656542
61151,10.7,26.0,0.00421089667483798
61152,10.7,27.0,0.009005450767904967
61153,10.7,28.0,0.017479106463817357
61154,10.7,29.0,0.008825594562791122
61155,10.7,30.0,0.007570500302686174
61156,10.7,31.0,0.014088772675021788
61157,10.7,32.0,0.0067292203347182646
61158,10.7,33.0,0.00220848447018147
61159,10.7,34.0,0.005259511543140769
61160,10.7,35.0,0.010651393869696673
61161,10.7,36.0,0.005144907368880908
61162,10.7,37.0,0.0044249059118610995
61163,10.7,38.0,0.008705199782581212
61164,10.7,39.0,0.004105907530879148
61165,10.7,40.0,0.003538211639733126
61166,10.7,41.0,0.007169260798903327
61167,10.7,42.0,0.003152971993758648
61168,10.7,43.0,0.0007077201806142231
61169,10.7,44.0,0.0024983911490780715
61170,10.7,45.0,0.005616046561826874
61171,10.7,46.0,0.002399161510552011
61172,10.7,47.0,0.0003291309806151857
61173,10.7,48.0,0.00015125381351212944
61174,10.7,49.0,0.00012231983168062803
61175,10.7,50.0,9.947340784045837e-05
61176,10.7,51.0,8.046816253907966e-05
61177,10.7,52.0,6.57448031280996e-05
61178,10.7,53.0,0.00014110828854392931
61179,10.7,54.0,0.0013636812144644324
61180,10.7,55.0,0.0032802677461630215
61181,10.7,56.0,0.0013481586315231323
61182,10.7,57.0,0.00010944839002425957
61183,10.7,58.0,1.670959485017503e-05
61184,10.7,59.0,1.2179704305278647e-05
61185,10.7,60.0,9.389720008996534e-06
61186,10.7,61.0,7.201463597731739e-06
61187,10.7,62.0,5.49382765410611e-06
61188,10.7,63.0,4.168841658565044e-06
61189,10.7,64.0,3.146602449559727e-06
61190,10.7,65.0,2.3624055830540386e-06
61191,10.7,66.0,1.7642216680022783e-06
61192,10.7,67.0,1.3105027923661882e-06
61193,10.7,68.0,9.682976037202368e-07
61194,10.7,69.0,7.116490452295614e-07
61195,10.7,70.0,5.202462907626889e-07
61196,10.7,71.0,3.78301637728355e-07
61197,10.7,72.0,2.736236033905423e-07
61198,10.7,73.0,1.968588763440319e-07
61199,10.7,74.0,1.4087779754220213e-07
61200,10.8,-75.0,1.758254155800264e-11
61201,10.8,-74.0,2.7698527523792918e-11
61202,10.8,-73.0,4.340280717594375e-11
61203,10.8,-72.0,6.7649573690714e-11
61204,10.8,-71.0,1.0488138564623667e-10
61205,10.8,-70.0,1.6174016294647182e-10
61206,10.8,-69.0,2.4809810313249913e-10
61207,10.8,-68.0,3.785429123205081e-10
61208,10.8,-67.0,5.745037952761871e-10
61209,10.8,-66.0,8.672749308533399e-10
61210,10.8,-65.0,1.3022872603401742e-09
61211,10.8,-64.0,1.9451043252327975e-09
61212,10.8,-63.0,2.889782228241152e-09
61213,10.8,-62.0,4.2704480360789855e-09
61214,10.8,-61.0,6.277227628938538e-09
61215,10.8,-60.0,9.178007854067066e-09
61216,10.8,-59.0,1.3347965806867959e-08
61217,10.8,-58.0,1.930935918818215e-08
61218,10.8,-57.0,2.7784766768397474e-08
61219,10.8,-56.0,3.9767818931147426e-08
61220,10.8,-55.0,5.6616487048974494e-08
61221,10.8,-54.0,8.017522760210946e-08
61222,10.8,-53.0,1.1293371951663857e-07
61223,10.8,-52.0,1.5823160195379909e-07
61224,10.8,-51.0,2.2052051583170963e-07
61225,10.8,-50.0,3.056968629628668e-07
61226,10.8,-49.0,4.215209904023646e-07
61227,10.8,-48.0,5.781409288475946e-07
61228,10.8,-47.0,7.887412772121261e-07
61229,10.8,-46.0,1.070340209580571e-06
61230,10.8,-45.0,1.4447597233063585e-06
61231,10.8,-44.0,1.93979594034637e-06
61232,10.8,-43.0,2.5906177020044125e-06
61233,10.8,-42.0,3.442846799479227e-06
61234,10.8,-41.0,5.316947187081142e-06
61235,10.8,-40.0,7.47183275517563e-05
61236,10.8,-39.0,0.001025933236829734
61237,10.8,-38.0,0.0025105052193177724
61238,10.8,-37.0,0.0010322449889579126
61239,10.8,-36.0,0.00016847017161373764
61240,10.8,-35.0,0.0012489270833421868
61241,10.8,-34.0,0.0030408541117071365
61242,10.8,-33.0,0.0013572128124501948
61243,10.8,-32.0,0.001543487284732031
61244,10.8,-31.0,0.0035367443340192
61245,10.8,-30.0,0.001596638108156284
61246,10.8,-29.0,0.0018243196422179184
61247,10.8,-28.0,0.004142991641917016
61248,10.8,-27.0,0.0017744914069164391
61249,10.8,-26.0,0.0004043782134783729
61250,10.8,-25.0,0.002211044428406902
61251,10.8,-24.0,0.005192590618213017
61252,10.8,-23.0,0.0024574342620890515
61253,10.8,-22.0,0.0028391638710022447
61254,10.8,-21.0,0.00622372982054199
61255,10.8,-20.0,0.0028418719095297876
61256,10.8,-19.0,0.00090693318781572
61257,10.8,-18.0,0.0036138439011234318
61258,10.8,-17.0,0.008055612578456581
61259,10.8,-16.0,0.0040804381946587
61260,10.8,-15.0,0.00474925870481134
61261,10.8,-14.0,0.009884370218526946
61262,10.8,-13.0,0.00486549964392342
61263,10.8,-12.0,0.002019140193063267
61264,10.8,-11.0,0.006246047718783837
61265,10.8,-10.0,0.013148757259424906
61266,10.8,-9.0,0.00706039014155406
61267,10.8,-8.0,0.008246610854713557
61268,10.8,-7.0,0.01640596689457032
61269,10.8,-6.0,0.008461498322635359
61270,10.8,-5.0,0.003955372233903306
61271,10.8,-4.0,0.010907035074456436
61272,10.8,-3.0,0.022244580772235612
61273,10.8,-2.0,0.01148739783534851
61274,10.8,-1.0,0.004665786661815581
61275,10.8,0.0,0.0005957103868137591
61276,10.8,1.0,0.005296617442681518
61277,10.8,2.0,0.016842806843070945
61278,10.8,3.0,0.034726378003613605
61279,10.8,4.0,0.01726466524157288
61280,10.8,5.0,0.007368754810395199
61281,10.8,6.0,0.024145529952396556
61282,10.8,7.0,0.05150590615320768
61283,10.8,8.0,0.026412306966211996
61284,10.8,9.0,0.03737566182865183
61285,10.8,10.0,0.08039471403725651
61286,10.8,11.0,0.03786185662582765
61287,10.8,12.0,0.009604148955513753
61288,10.8,13.0,0.027162391024261608
61289,10.8,14.0,0.057875025190724995
61290,10.8,15.0,0.02794332610466832
61291,10.8,16.0,0.021948467220840425
61292,10.8,17.0,0.04204151838335716
61293,10.8,18.0,0.020167241611698493
61294,10.8,19.0,0.006755804486422858
61295,10.8,20.0,0.015081891759086011
61296,10.8,21.0,0.029741683001791187
61297,10.8,22.0,0.0151156574228426
61298,10.8,23.0,0.012796464326271696
61299,10.8,24.0,0.023542728208350936
61300,10.8,25.0,0.011575445663153074
61301,10.8,26.0,0.004217892666847417
61302,10.8,27.0,0.00901632651576564
61303,10.8,28.0,0.017496308006347397
61304,10.8,29.0,0.008837998428301623
61305,10.8,30.0,0.007580697593491585
61306,10.8,31.0,0.014100330771840999
61307,10.8,32.0,0.006739365319929812
61308,10.8,33.0,0.002217516147078661
61309,10.8,34.0,0.005267321367343888
61310,10.8,35.0,0.010657442319161443
61311,10.8,36.0,0.005151790561930843
61312,10.8,37.0,0.004430611971418728
61313,10.8,38.0,0.00870798194077279
61314,10.8,39.0,0.004110434052146967
61315,10.8,40.0,0.0035418204380056385
61316,10.8,41.0,0.007169430755237777
61317,10.8,42.0,0.003155581154656733
61318,10.8,43.0,0.0007115703798405968
61319,10.8,44.0,0.002499801826519163
61320,10.8,45.0,0.005613747468403062
61321,10.8,46.0,0.0023996947745949593
61322,10.8,47.0,0.00033136560668783286
61323,10.8,48.0,0.00015329368583627873
61324,10.8,49.0,0.000124055062643962
61325,10.8,50.0,0.00010093834185577471
61326,10.8,51.0,8.169669310448366e-05
61327,10.8,52.0,6.67668079586754e-05
61328,10.8,53.0,0.0001418184316869881
61329,10.8,54.0,0.0013623475429391236
61330,10.8,55.0,0.0032758507686812773
61331,10.8,56.0,0.0013465906519317904
61332,10.8,57.0,0.00010968460133557946
61333,10.8,58.0,1.7007510966347367e-05
61334,10.8,59.0,1.2418440068686629e-05
61335,10.8,60.0,9.578901421786312e-06
61336,10.8,61.0,7.350471891216252e-06
61337,10.8,62.0,5.610491022530104e-06
61338,10.8,63.0,4.25963738428291e-06
61339,10.8,64.0,3.2168476676449996e-06
61340,10.8,65.0,2.416431390273084e-06
61341,10.8,66.0,1.8055293368887076e-06
61342,10.8,67.0,1.3419018065447697e-06
61343,10.8,68.0,9.920259509369956e-07
61344,10.8,69.0,7.294767195719592e-07
61345,10.8,70.0,5.335632965584709e-07
61346,10.8,71.0,3.8819198594884095e-07
61347,10.8,72.0,2.8092687685364056e-07
61348,10.8,73.0,2.0222093973538126e-07
61349,10.8,74.0,1.4479216601534883e-07
61350,10.9,-75.0,1.6986457081114695e-11
61351,10.9,-74.0,2.6773751306721917e-11
61352,10.9,-73.0,4.1976067684151764e-11
61353,10.9,-72.0,6.546066086158513e-11
61354,10.9,-71.0,1.0154186294799703e-10
61355,10.9,-70.0,1.5667365536108585e-10
61356,10.9,-69.0,2.40454513137709e-10
61357,10.9,-68.0,3.670760056690931e-10
61358,10.9,-67.0,5.57397696375294e-10
61359,10.9,-66.0,8.418998839675513e-10
61360,10.9,-65.0,1.2648581921698204e-09
61361,10.9,-64.0,1.890206858085217e-09
61362,10.9,-63.0,2.809719334328377e-09
61363,10.9,-62.0,4.154345906706508e-09
61364,10.9,-61.0,6.109820898267443e-09
61365,10.9,-60.0,8.93800134800007e-09
61366,10.9,-59.0,1.3005841735206238e-08
61367,10.9,-58.0,1.882446442905324e-08
61368,10.9,-57.0,2.7101473956475114e-08
61369,10.9,-56.0,3.881050697956111e-08
61370,10.9,-55.0,5.528303133437364e-08
61371,10.9,-54.0,7.832862761046113e-08
61372,10.9,-53.0,1.1039142323220071e-07
61373,10.9,-52.0,1.5475201352117313e-07
61374,10.9,-51.0,2.1578609904576843e-07
61375,10.9,-50.0,2.9929318242459224e-07
61376,10.9,-49.0,4.1291097097562126e-07
61377,10.9,-48.0,5.666335706895345e-07
61378,10.9,-47.0,7.734540487814689e-07
61379,10.9,-46.0,1.0501543678050077e-06
61380,10.9,-45.0,1.418267894202582e-06
61381,10.9,-44.0,1.9052414529126939e-06
61382,10.9,-43.0,2.545825426156841e-06
61383,10.9,-42.0,3.3851551606996663e-06
61384,10.9,-41.0,5.248240014822541e-06
61385,10.9,-40.0,7.508484460593506e-05
61386,10.9,-39.0,0.0010326339327644569
61387,10.9,-38.0,0.002527102178689184
61388,10.9,-37.0,0.0010388836051772542
61389,10.9,-36.0,0.00016924144528836926
61390,10.9,-35.0,0.0012566648273662116
61391,10.9,-34.0,0.003060197521612174
61392,10.9,-33.0,0.001365418162345591
61393,10.9,-32.0,0.0015525857385993009
61394,10.9,-31.0,0.0035584061895752367
61395,10.9,-30.0,0.001605671507950846
61396,10.9,-29.0,0.0018343449367646254
61397,10.9,-28.0,0.004167197048096764
61398,10.9,-27.0,0.001783606784520016
61399,10.9,-26.0,0.00040457304526732074
61400,10.9,-25.0,0.0022216735374313303
61401,10.9,-24.0,0.005220654828119619
61402,10.9,-23.0,0.0024685816331213046
61403,10.9,-22.0,0.002851635971885368
61404,10.9,-21.0,0.00625516953562869
61405,10.9,-20.0,0.0028531563146170533
61406,10.9,-19.0,0.0009063723326241678
61407,10.9,-18.0,0.0036273706068041343
61408,10.9,-17.0,0.008092632378246426
61409,10.9,-16.0,0.004095113102377773
61410,10.9,-15.0,0.004766018864706017
61411,10.9,-14.0,0.009926845244443878
61412,10.9,-13.0,0.004881681377583361
61413,10.9,-12.0,0.0020202036183086113
61414,10.9,-11.0,0.006266463112859796
61415,10.9,-10.0,0.013201081367410265
61416,10.9,-9.0,0.007084285555154273
61417,10.9,-8.0,0.008274026912269123
61418,10.9,-7.0,0.016468042375869487
61419,10.9,-6.0,0.008490937336022552
61420,10.9,-5.0,0.003966593236280332
61421,10.9,-4.0,0.010943537018740627
61422,10.9,-3.0,0.022322076223435842
61423,10.9,-2.0,0.011529858063090728
61424,10.9,-1.0,0.004687096593205572
61425,10.9,0.0,0.0006024501171164646
61426,10.9,1.0,0.005325034208326631
61427,10.9,2.0,0.016895329859100583
61428,10.9,3.0,0.034814492689846
61429,10.9,4.0,0.01732532894984358
61430,10.9,5.0,0.007411728470878449
61431,10.9,6.0,0.02416823072142374
61432,10.9,7.0,0.05149653062902649
61433,10.9,8.0,0.026419203307808132
61434,10.9,9.0,0.037080142138371686
61435,10.9,10.0,0.07959046495663424
61436,10.9,11.0,0.03690136268781199
61437,10.9,12.0,0.009516803983198222
61438,10.9,13.0,0.027281226433222536
61439,10.9,14.0,0.058218529949368415
61440,10.9,15.0,0.028074020419456752
61441,10.9,16.0,0.02199647143250646
61442,10.9,17.0,0.04216858799296138
61443,10.9,18.0,0.020211986018114712
61444,10.9,19.0,0.006750356509336454
61445,10.9,20.0,0.01509524449151341
61446,10.9,21.0,0.0297885377735465
61447,10.9,22.0,0.015135041686887092
61448,10.9,23.0,0.012807642553776338
61449,10.9,24.0,0.02356881606598854
61450,10.9,25.0,0.011588980048513425
61451,10.9,26.0,0.004223919851353509
61452,10.9,27.0,0.009025393250443332
61453,10.9,28.0,0.017510205557861095
61454,10.9,29.0,0.00884867132956766
61455,10.9,30.0,0.00758939562820272
61456,10.9,31.0,0.014109218200207583
61457,10.9,32.0,0.0067482028209112695
61458,10.9,33.0,0.002226082717845543
61459,10.9,34.0,0.005274114906770048
61460,10.9,35.0,0.010661488553638895
61461,10.9,36.0,0.005157703136444349
61462,10.9,37.0,0.0044354869404030235
61463,10.9,38.0,0.008709142222507887
61464,10.9,39.0,0.004114202499045917
61465,10.9,40.0,0.0035447798762620586
61466,10.9,41.0,0.007168274658886305
61467,10.9,42.0,0.00315761860995536
61468,10.9,43.0,0.0007153080031881545
61469,10.9,44.0,0.0025007639661097174
61470,10.9,45.0,0.0056104140827280095
61471,10.9,46.0,0.002399797377727744
61472,10.9,47.0,0.0003335574062126133
61473,10.9,48.0,0.00015532288195158913
61474,10.9,49.0,0.00012578362299523816
61475,10.9,50.0,0.00010239937889607204
61476,10.9,51.0,8.292335421187438e-05
61477,10.9,52.0,6.778819170949113e-05
61478,10.9,53.0,0.00014251231343071088
61479,10.9,54.0,0.0013607661744672566
61480,10.9,55.0,0.0032708241649573038
61481,10.9,56.0,0.0013447754965019306
61482,10.9,57.0,0.00010990572245693072
61483,10.9,58.0,1.730688978702718e-05
61484,10.9,59.0,1.2658707518048986e-05
61485,10.9,60.0,9.769464344336828e-06
61486,10.9,61.0,7.500697644256092e-06
61487,10.9,62.0,5.728206940224108e-06
61488,10.9,63.0,4.351328252393428e-06
61489,10.9,64.0,3.2878432297537235e-06
61490,10.9,65.0,2.4710780548041444e-06
61491,10.9,66.0,1.8473446779043007e-06
61492,10.9,67.0,1.3737114279261066e-06
61493,10.9,68.0,1.0160830252987363e-06
61494,10.9,69.0,7.475650489506034e-07
61495,10.9,70.0,5.470851020840237e-07
61496,10.9,71.0,3.9824184924477323e-07
61497,10.9,72.0,2.8835335638002023e-07
61498,10.9,73.0,2.0767739775740728e-07
61499,10.9,74.0,1.4877829018376343e-07
61500,11.0,-75.0,1.5817734324634906e-11
61501,11.0,-74.0,2.494491824891743e-11
61502,11.0,-73.0,3.9129653363898315e-11
61503,11.0,-72.0,6.10542673195393e-11
61504,11.0,-71.0,9.475718591797303e-11
61505,11.0,-70.0,1.462831800860812e-10
61506,11.0,-69.0,2.2462740449507256e-10
61507,11.0,-68.0,3.4309721489222083e-10
61508,11.0,-67.0,5.212640261430349e-10
61509,11.0,-66.0,7.877427656460451e-10
61510,11.0,-65.0,1.1841240472673345e-09
61511,11.0,-64.0,1.7705006342193707e-09
61512,11.0,-63.0,2.6331832339299842e-09
61513,11.0,-62.0,3.8954011216319575e-09
61514,11.0,-61.0,5.732042460739808e-09
61515,11.0,-60.0,8.389821555049505e-09
61516,11.0,-59.0,1.2214681903831726e-08
61517,11.0,-58.0,1.7688773217972402e-08
61518,11.0,-57.0,2.5479997691820902e-08
61519,11.0,-56.0,3.650792725487494e-08
61520,11.0,-55.0,5.203087100454905e-08
61521,11.0,-54.0,7.376004122508979e-08
61522,11.0,-53.0,1.0400814500129229e-07
61523,11.0,-52.0,1.4588132854967608e-07
61524,11.0,-51.0,2.0352522631667588e-07
61525,11.0,-50.0,2.824379071639292e-07
61526,11.0,-49.0,3.898647386765053e-07
61527,11.0,-48.0,5.352925582090151e-07
61528,11.0,-47.0,7.310629678012796e-07
61529,11.0,-46.0,9.931269475209218e-07
61530,11.0,-45.0,1.3419651565745588e-06
61531,11.0,-44.0,1.8037000681264449e-06
61532,11.0,-43.0,2.4114276491080955e-06
61533,11.0,-42.0,3.208188685312412e-06
61534,11.0,-41.0,4.993650335302328e-06
61535,11.0,-40.0,7.273384132205115e-05
61536,11.0,-39.0,0.0010018902499412314
61537,11.0,-38.0,0.0024520553393384617
61538,11.0,-37.0,0.0010078552129913847
61539,11.0,-36.0,0.00016388875607789728
61540,11.0,-35.0,0.0012188480374077876
61541,11.0,-34.0,0.002968587529257856
61542,11.0,-33.0,0.0013241337379779553
61543,11.0,-32.0,0.0015054169230388533
61544,11.0,-31.0,0.0034510762314056095
61545,11.0,-30.0,0.001556526377105234
61546,11.0,-29.0,0.0017779140284579144
61547,11.0,-28.0,0.0040403765570029455
61548,11.0,-27.0,0.00172812456263869
61549,11.0,-26.0,0.0003901792065812974
61550,11.0,-25.0,0.0021518582451414163
61551,11.0,-24.0,0.005059578391945623
61552,11.0,-23.0,0.0023903619223002524
61553,11.0,-22.0,0.002760882597492719
61554,11.0,-21.0,0.00606004713471312
61555,11.0,-20.0,0.002761190812984459
61556,11.0,-19.0,0.0008731332311175117
61557,11.0,-18.0,0.0035096448513677386
61558,11.0,-17.0,0.007836626630970886
61559,11.0,-16.0,0.003961615372319682
61560,11.0,-15.0,0.00461033578284215
61561,11.0,-14.0,0.00960994499226796
61562,11.0,-13.0,0.004721241702012174
61563,11.0,-12.0,0.0019482982875303361
61564,11.0,-11.0,0.006060156117800897
61565,11.0,-10.0,0.012775584076386527
61566,11.0,-9.0,0.0068518201793376695
61567,11.0,-8.0,0.008002053151285394
61568,11.0,-7.0,0.015934129685403413
61569,11.0,-6.0,0.008213059510475174
61570,11.0,-5.0,0.0038342082791959406
61571,11.0,-4.0,0.010584046452603054
61572,11.0,-3.0,0.021591982018862827
61573,11.0,-2.0,0.011154960413343294
61574,11.0,-1.0,0.0045384405447046
61575,11.0,0.0,0.0005872871112467491
61576,11.0,1.0,0.005160291696904506
61577,11.0,2.0,0.016337013128538067
61578,11.0,3.0,0.03364495801956093
61579,11.0,4.0,0.016759419113985125
61580,11.0,5.0,0.0071860384458469085
61581,11.0,6.0,0.023320694332352978
61582,11.0,7.0,0.04963568354790065
61583,11.0,8.0,0.025477531076441122
61584,11.0,9.0,0.03549050227265264
61585,11.0,10.0,0.07602401880054846
61586,11.0,11.0,0.03580873560254914
61587,11.0,12.0,0.00979945892987052
61588,11.0,13.0,0.028467961974839265
61589,11.0,14.0,0.060846107847472276
61590,11.0,15.0,0.02930381767478177
61591,11.0,16.0,0.022901088140654544
61592,11.0,17.0,0.043939444051239854
61593,11.0,18.0,0.02104362520698923
61594,11.0,19.0,0.007006431377203113
61595,11.0,20.0,0.01569487316163561
61596,11.0,21.0,0.030993574924586022
61597,11.0,22.0,0.015742508118982507
61598,11.0,23.0,0.013316124818611188
61599,11.0,24.0,0.02451054757160928
61600,11.0,25.0,0.012052638990128107
61601,11.0,26.0,0.004393891530097541
61602,11.0,27.0,0.009384891885668867
61603,11.0,28.0,0.018204050864868
61604,11.0,29.0,0.009203027068450621
61605,11.0,30.0,0.00789283292759098
61606,11.0,31.0,0.014665889351579815
61607,11.0,32.0,0.007019180143724444
61608,11.0,33.0,0.0023213043564559747
61609,11.0,34.0,0.005485787179411952
61610,11.0,35.0,0.011079375574658643
61611,11.0,36.0,0.005363968569617778
61612,11.0,37.0,0.0046126556482201635
61613,11.0,38.0,0.009048292081378145
61614,11.0,39.0,0.0042777691478030205
61615,11.0,40.0,0.003685413685045361
61616,11.0,41.0,0.007445237519860911
61617,11.0,42.0,0.003282277767065234
61618,11.0,43.0,0.0007469668282167339
61619,11.0,44.0,0.002598819234836828
61620,11.0,45.0,0.005824667493188117
61621,11.0,46.0,0.0024930413942246946
61622,11.0,47.0,0.00034879660223824003
61623,11.0,48.0,0.0001634760486141251
61624,11.0,49.0,0.00013247685227721462
61625,11.0,50.0,0.00010790579508240293
61626,11.0,51.0,8.742900534591178e-05
61627,11.0,52.0,7.149176007382614e-05
61628,11.0,53.0,0.0001487735749910017
61629,11.0,54.0,0.0014119326382583323
61630,11.0,55.0,0.0033925236405534173
61631,11.0,56.0,0.0013950761415028707
61632,11.0,57.0,0.00011440571350473724
61633,11.0,58.0,1.8294256672799e-05
61634,11.0,59.0,1.3403493466204826e-05
61635,11.0,60.0,1.0349803178229392e-05
61636,11.0,61.0,7.950499008639762e-06
61637,11.0,62.0,6.074951525800013e-06
61638,11.0,63.0,4.617185823425232e-06
61639,11.0,64.0,3.4905832286488287e-06
61640,11.0,65.0,2.6248515661768083e-06
61641,11.0,66.0,1.9633494653621478e-06
61642,11.0,67.0,1.4607522878148062e-06
61643,11.0,68.0,1.0810397152151096e-06
61644,11.0,69.0,7.957796537308469e-07
61645,11.0,70.0,5.826800116364497e-07
61646,11.0,71.0,4.24378640231097e-07
61647,11.0,72.0,3.0744187573186614e-07
61648,11.0,73.0,2.215433063208606e-07
61649,11.0,74.0,1.5879629014744478e-07
61650,11.1,-75.0,1.479227011570872e-11
61651,11.1,-74.0,2.334017059931457e-11
61652,11.1,-73.0,3.6631890388780755e-11
61653,11.1,-72.0,5.718745154999986e-11
61654,11.1,-71.0,8.880312797093745e-11
61655,11.1,-70.0,1.3716455254615392e-10
61656,11.1,-69.0,2.1073740423534298e-10
61657,11.1,-68.0,3.220530890952922e-10
61658,11.1,-67.0,4.895526658777338e-10
61659,11.1,-66.0,7.40214312897979e-10
61660,11.1,-65.0,1.1132729197696776e-09
61661,11.1,-64.0,1.6654512313486204e-09
61662,11.1,-63.0,2.4782681961975903e-09
61663,11.1,-62.0,3.6681813326821062e-09
61664,11.1,-61.0,5.400567508235962e-09
61665,11.1,-60.0,7.908864100570367e-09
61666,11.1,-59.0,1.1520595792161093e-08
61667,11.1,-58.0,1.6692519040567424e-08
61668,11.1,-57.0,2.4057746184297225e-08
61669,11.1,-56.0,3.448848509387352e-08
61670,11.1,-55.0,4.917896958187091e-08
61671,11.1,-54.0,6.975428087052531e-08
61672,11.1,-53.0,9.841208898003531e-08
61673,11.1,-52.0,1.3810588747778772e-07
61674,11.1,-51.0,1.9278005987706907e-07
61675,11.1,-50.0,2.67669093267455e-07
61676,11.1,-49.0,3.6967542009266257e-07
61677,11.1,-48.0,5.078426762880242e-07
61678,11.1,-47.0,6.939435399862716e-07
61679,11.1,-46.0,9.432036536033592e-07
61680,11.1,-45.0,1.2751852890386819e-06
61681,11.1,-44.0,1.7148562039861746e-06
61682,11.1,-43.0,2.2938707427074747e-06
61683,11.1,-42.0,3.053447338689328e-06
61684,11.1,-41.0,4.7720515543322815e-06
61685,11.1,-40.0,7.076335820906689e-05
61686,11.1,-39.0,0.0009762681290981065
61687,11.1,-38.0,0.0023895288180116165
61688,11.1,-37.0,0.000981985951897658
61689,11.1,-36.0,0.00015939656244315871
61690,11.1,-35.0,0.0011872881124547516
61691,11.1,-34.0,0.0028921813887623367
61692,11.1,-33.0,0.001289659922668304
61693,11.1,-32.0,0.001466004784303667
61694,11.1,-31.0,0.0033614720383954443
61695,11.1,-30.0,0.0015154254299403905
61696,11.1,-29.0,0.0017306885574435594
61697,11.1,-28.0,0.003934379226689617
61698,11.1,-27.0,0.001681629922640064
61699,11.1,-26.0,0.00037793596744128125
61700,11.1,-25.0,0.002093275920526413
61701,11.1,-24.0,0.004924712543122098
61702,11.1,-23.0,0.0023246586629690476
61703,11.1,-22.0,0.002684607560433393
61704,11.1,-21.0,0.0058964449612492606
61705,11.1,-20.0,0.00268377358346029
61706,11.1,-19.0,0.0008447455296518808
61707,11.1,-18.0,0.003410451959670158
61708,11.1,-17.0,0.007621586535676524
61709,11.1,-16.0,0.003849061592249008
61710,11.1,-15.0,0.0044790412054710555
61711,11.1,-14.0,0.009343438777540129
61712,11.1,-13.0,0.004585816801288581
61713,11.1,-12.0,0.0018870189091003623
61714,11.1,-11.0,0.00588597067565346
61715,11.1,-10.0,0.012417302449399818
61716,11.1,-9.0,0.006655599934756262
61717,11.1,-8.0,0.007772447555749949
61718,11.1,-7.0,0.015484233258525394
61719,11.1,-6.0,0.007978551559726493
61720,11.1,-5.0,0.0037221188695189967
61721,11.1,-4.0,0.010280577374862319
61722,11.1,-3.0,0.02097619396863964
61723,11.1,-2.0,0.010838834363924325
61724,11.1,-1.0,0.004413283966380634
61725,11.1,0.0,0.0005749791103683893
61726,11.1,1.0,0.0050220703407557726
61727,11.1,2.0,0.015865757154651217
61728,11.1,3.0,0.032656348711184835
61729,11.1,4.0,0.016282419496729324
61730,11.1,5.0,0.006997328318786537
61731,11.1,6.0,0.02260234554928691
61732,11.1,7.0,0.048054267139390164
61733,11.1,8.0,0.02467974920427584
61734,11.1,9.0,0.03414117647668357
61735,11.1,10.0,0.07299094315942292
61736,11.1,11.0,0.03304770755729282
61737,11.1,12.0,0.010055246299358216
61738,11.1,13.0,0.02959832429753942
61739,11.1,14.0,0.06336184021728225
61740,11.1,15.0,0.030476038733171777
61741,11.1,16.0,0.023753786960107014
61742,11.1,17.0,0.04561356247980141
61743,11.1,18.0,0.021827314119069675
61744,11.1,19.0,0.007244463445815653
61745,11.1,20.0,0.0162565135137324
61746,11.1,21.0,0.03212562630218404
61747,11.1,22.0,0.01631235033881713
61748,11.1,23.0,0.013792229020899546
61749,11.1,24.0,0.025393409312729088
61750,11.1,25.0,0.012487255100861343
61751,11.1,26.0,0.004553180881724596
61752,11.1,27.0,0.009721593095958343
61753,11.1,28.0,0.018853639932358068
61754,11.1,29.0,0.009535208629864395
61755,11.1,30.0,0.00817720095227451
61756,11.1,31.0,0.015186721783839794
61757,11.1,32.0,0.00727331031986455
61758,11.1,33.0,0.0024113344532912056
61759,11.1,34.0,0.0056842900000808215
61760,11.1,35.0,0.011470006546267073
61761,11.1,36.0,0.005557329696106659
61762,11.1,37.0,0.004778715894159874
61763,11.1,38.0,0.009365038414175613
61764,11.1,39.0,0.004430992821580752
61765,11.1,40.0,0.0038171196830011273
61766,11.1,41.0,0.007703619113157036
61767,11.1,42.0,0.003398949136226211
61768,11.1,43.0,0.0007770710046854918
61769,11.1,44.0,0.0026905064737738674
61770,11.1,45.0,0.00602420752314862
61771,11.1,46.0,0.002580115375655809
61772,11.1,47.0,0.0003633544542220913
61773,11.1,48.0,0.00017139521732025358
61774,11.1,49.0,0.00013898904687441172
61775,11.1,50.0,0.00011327051844825188
61776,11.1,51.0,9.182456720326509e-05
61777,11.1,52.0,7.510775271256358e-05
61778,11.1,53.0,0.0001547287857377943
61779,11.1,54.0,0.0014594786647835916
61780,11.1,55.0,0.003505416015802568
61781,11.1,56.0,0.001441777973184631
61782,11.1,57.0,0.00011864415962522378
61783,11.1,58.0,1.926398392168891e-05
61784,11.1,59.0,1.4137458772669546e-05
61785,11.1,60.0,1.0922400628145118e-05
61786,11.1,61.0,8.394827737642364e-06
61787,11.1,62.0,6.417880217193585e-06
61788,11.1,63.0,4.880423763340526e-06
61789,11.1,64.0,3.6915568970551535e-06
61790,11.1,65.0,2.777459323925426e-06
61791,11.1,66.0,2.0786049433846234e-06
61792,11.1,67.0,1.5473277407818487e-06
61793,11.1,68.0,1.1457207408507317e-06
61794,11.1,69.0,8.438424053930837e-07
61795,11.1,70.0,6.182014573339546e-07
61796,11.1,71.0,4.504896426981059e-07
61797,11.1,72.0,3.265319665845956e-07
61798,11.1,73.0,2.354250681972597e-07
61799,11.1,74.0,1.6883629503332561e-07
61800,11.2,-75.0,1.4284106083180565e-11
61801,11.2,-74.0,2.255036903814747e-11
61802,11.2,-73.0,3.541117582383142e-11
61803,11.2,-72.0,5.5311208739855724e-11
61804,11.2,-71.0,8.593539126521523e-11
61805,11.2,-70.0,1.328058101531452e-10
61806,11.2,-69.0,2.0414944329372502e-10
61807,11.2,-68.0,3.1215150422375504e-10
61808,11.2,-67.0,4.747541524263259e-10
61809,11.2,-66.0,7.182211991988885e-10
61810,11.2,-65.0,1.0807712305433535e-09
61811,11.2,-64.0,1.6176905168604385e-09
61812,11.2,-63.0,2.408480931929191e-09
61813,11.2,-62.0,3.5667863358452787e-09
61814,11.2,-61.0,5.25408489721531e-09
61815,11.2,-60.0,7.698448142021509e-09
61816,11.2,-59.0,1.1220065794788681e-08
61817,11.2,-58.0,1.6265736515002593e-08
61818,11.2,-57.0,2.3455148096478262e-08
61819,11.2,-56.0,3.364253762940151e-08
61820,11.2,-55.0,4.799825408976176e-08
61821,11.2,-54.0,6.811586363459702e-08
61822,11.2,-53.0,9.615175981356622e-08
61823,11.2,-52.0,1.3500578028082785e-07
61824,11.2,-51.0,1.8855309370962785e-07
61825,11.2,-50.0,2.619395989785526e-07
61826,11.2,-49.0,3.6195525053831037e-07
61827,11.2,-48.0,4.97502045033519e-07
61828,11.2,-47.0,6.80175803682782e-07
61829,11.2,-46.0,9.249832589229582e-07
61830,11.2,-45.0,1.2512181606116757e-06
61831,11.2,-44.0,1.6835219721043773e-06
61832,11.2,-43.0,2.2531564203446363e-06
61833,11.2,-42.0,3.000881059462966e-06
61834,11.2,-41.0,4.709274352268696e-06
61835,11.2,-40.0,7.109620767956393e-05
61836,11.2,-39.0,0.0009823626802052466
61837,11.2,-38.0,0.0024046252730670907
61838,11.2,-37.0,0.0009880225331800401
61839,11.2,-36.0,0.00016009382269798177
61840,11.2,-35.0,0.001194311738885107
61841,11.2,-34.0,0.0029097457928159054
61842,11.2,-33.0,0.0012971025120791706
61843,11.2,-32.0,0.0014742459485967826
61844,11.2,-31.0,0.0033811073135600234
61845,11.2,-30.0,0.0015235949663291502
61846,11.2,-29.0,0.0017397389102574831
61847,11.2,-28.0,0.0039562684147619025
61848,11.2,-27.0,0.001689833245350301
61849,11.2,-26.0,0.00037804024749950923
61850,11.2,-25.0,0.002102796758677795
61851,11.2,-24.0,0.004949977724471532
61852,11.2,-23.0,0.0023346012024657923
61853,11.2,-22.0,0.0026956985070750276
61854,11.2,-21.0,0.0059246190854758095
61855,11.2,-20.0,0.0026937208067661766
61856,11.2,-19.0,0.0008439595096279853
61857,11.2,-18.0,0.0034222906096050562
61858,11.2,-17.0,0.007654505232434846
61859,11.2,-16.0,0.0038618218377312716
61860,11.2,-15.0,0.004493574318297427
61861,11.2,-14.0,0.009380962713723512
61862,11.2,-13.0,0.004599700068844741
61863,11.2,-12.0,0.0018872796741929245
61864,11.2,-11.0,0.005903424272206318
61865,11.2,-10.0,0.012463144103478697
61866,11.2,-9.0,0.006676032944985893
61867,11.2,-8.0,0.007795871440336846
61868,11.2,-7.0,0.015538341061295887
61869,11.2,-6.0,0.008003713211904184
61870,11.2,-5.0,0.0037311258735690353
61871,11.2,-4.0,0.01031177860070183
61872,11.2,-3.0,0.02104338821172143
61873,11.2,-2.0,0.01087542264505749
61874,11.2,-1.0,0.004431473603744967
61875,11.2,0.0,0.0005813055756942869
61876,11.2,1.0,0.005046920943707928
61877,11.2,2.0,0.015911434927574682
61878,11.2,3.0,0.03273265275123688
61879,11.2,4.0,0.016335770930222704
61880,11.2,5.0,0.007035995683751286
61881,11.2,6.0,0.02262339695587032
61882,11.2,7.0,0.048047257051987514
61883,11.2,8.0,0.02469122311541217
61884,11.2,9.0,0.03393739967273128
61885,11.2,10.0,0.07241851505169049
61886,11.2,11.0,0.03285244501676487
61887,11.2,12.0,0.009950265817104877
61888,11.2,13.0,0.029674599374187843
61889,11.2,14.0,0.06362607322865889
61890,11.2,15.0,0.03056301759647986
61891,11.2,16.0,0.023755787228452487
61892,11.2,17.0,0.045655517809132025
61893,11.2,18.0,0.02182901321569305
61894,11.2,19.0,0.007221712930792108
61895,11.2,20.0,0.01623432909989269
61896,11.2,21.0,0.03210512484806409
61897,11.2,22.0,0.016296593528267896
61898,11.2,23.0,0.013772864670074166
61899,11.2,24.0,0.025364542327769263
61900,11.2,25.0,0.012473403337120213
61901,11.2,26.0,0.004548807475473751
61902,11.2,27.0,0.009709028999447106
61903,11.2,28.0,0.018825994772382643
61904,11.2,29.0,0.009524928377956036
61905,11.2,30.0,0.008167847116410401
61906,11.2,31.0,0.015161947906933064
61907,11.2,32.0,0.007266251513517681
61908,11.2,33.0,0.002414918436001087
61909,11.2,34.0,0.005678668109283768
61910,11.2,35.0,0.01144848771122042
61911,11.2,36.0,0.005551128098335814
61912,11.2,37.0,0.004773170207261011
61913,11.2,38.0,0.009345216633002855
61914,11.2,39.0,0.004425087564736057
61915,11.2,40.0,0.0038117373416461384
61916,11.2,41.0,0.007685082184225705
61917,11.2,42.0,0.0033935385811983184
61918,11.2,43.0,0.0007793924146053321
61919,11.2,44.0,0.002685540692935991
61920,11.2,45.0,0.006007121770177675
61921,11.2,46.0,0.0025744747608055056
61922,11.2,47.0,0.0003649473206481022
61923,11.2,48.0,0.00017324243405751987
61924,11.2,49.0,0.00014058241123038505
61925,11.2,50.0,0.00011463014443350642
61926,11.2,51.0,9.297626110423198e-05
61927,11.2,52.0,7.60721159864067e-05
61928,11.2,53.0,0.0001551576983095157
61929,11.2,54.0,0.0014545210906610631
61930,11.2,55.0,0.0034921462940283236
61931,11.2,56.0,0.0014366018018698754
61932,11.2,57.0,0.00011863190592758869
61933,11.2,58.0,1.9556807266115988e-05
61934,11.2,59.0,1.4375883932927137e-05
61935,11.2,60.0,1.1112555565804966e-05
61936,11.2,61.0,8.545530370008518e-06
61937,11.2,62.0,6.5365747138938394e-06
61938,11.2,63.0,4.973333062021146e-06
61939,11.2,64.0,3.763838387889821e-06
61940,11.2,65.0,2.8333517736501525e-06
61941,11.2,66.0,2.121563989126263e-06
61942,11.2,67.0,1.5801484168060774e-06
61943,11.2,68.0,1.170646397627316e-06
61944,11.2,69.0,8.626600638976204e-07
61945,11.2,70.0,6.323241383705e-07
61946,11.2,71.0,4.6102654943322614e-07
61947,11.2,72.0,3.343476066981438e-07
61948,11.2,73.0,2.411885069223767e-07
61949,11.2,74.0,1.7306175628150286e-07
61950,11.3,-75.0,1.3789676565755252e-11
61951,11.3,-74.0,2.1781413304794138e-11
61952,11.3,-73.0,3.422190168578519e-11
61953,11.3,-72.0,5.348208504333199e-11
61954,11.3,-71.0,8.313781929091226e-11
61955,11.3,-70.0,1.2855087433667046e-10
61956,11.3,-69.0,1.9771405736992056e-10
61957,11.3,-68.0,3.024726908417182e-10
61958,11.3,-67.0,4.6027872244797534e-10
61959,11.3,-66.0,6.966934635412296e-10
61960,11.3,-65.0,1.0489352514256624e-09
61961,11.3,-64.0,1.5708753837153993e-09
61962,11.3,-63.0,2.3400271484232115e-09
61963,11.3,-62.0,3.467258064506203e-09
61964,11.3,-61.0,5.110195882411705e-09
61965,11.3,-60.0,7.491607904505095e-09
61966,11.3,-59.0,1.0924426395076996e-08
61967,11.3,-58.0,1.5845588037035655e-08
61968,11.3,-57.0,2.2861472266230013e-08
61969,11.3,-56.0,3.280848303480464e-08
61970,11.3,-55.0,4.683324291730319e-08
61971,11.3,-54.0,6.64979786657488e-08
61972,11.3,-53.0,9.391799216518979e-08
61973,11.3,-52.0,1.319396443340041e-07
61974,11.3,-51.0,1.8436903818504005e-07
61975,11.3,-50.0,2.562635658327529e-07
61976,11.3,-49.0,3.5430066154523e-07
61977,11.3,-48.0,4.87240436781561e-07
61978,11.3,-47.0,6.665012946756254e-07
61979,11.3,-46.0,9.068700293742669e-07
61980,11.3,-45.0,1.2273701707759219e-06
61981,11.3,-44.0,1.6523142555043975e-06
61982,11.3,-43.0,2.212567485812581e-06
61983,11.3,-42.0,2.948424686694183e-06
61984,11.3,-41.0,4.646442105166982e-06
61985,11.3,-40.0,7.141762930095256e-05
61986,11.3,-39.0,0.000988287821277738
61987,11.3,-38.0,0.002419305678987932
61988,11.3,-37.0,0.0009938890939546585
61989,11.3,-36.0,0.00016076480761993293
61990,11.3,-35.0,0.0012011281909249357
61991,11.3,-34.0,0.002926803005302629
61992,11.3,-33.0,0.0013043201118922798
61993,11.3,-32.0,0.0014822297034495953
61994,11.3,-31.0,0.003400149205746851
61995,11.3,-30.0,0.001531497926160255
61996,11.3,-29.0,0.0017484824517955304
61997,11.3,-28.0,0.0039774570810914315
61998,11.3,-27.0,0.0016977368704017715
61999,11.3,-26.0,0.00037807575436125506
62000,11.3,-25.0,0.002111938193234224
62001,11.3,-24.0,0.004974351653776615
62002,11.3,-23.0,0.002344117074209656
62003,11.3,-22.0,0.002706291504149136
62004,11.3,-21.0,0.005951708397467696
62005,11.3,-20.0,0.0027031595266295764
62006,11.3,-19.0,0.0008429910164293691
62007,11.3,-18.0,0.003433469260809565
62008,11.3,-17.0,0.007685984082839294
62009,11.3,-16.0,0.0038738213379293424
62010,11.3,-15.0,0.004507215508490121
62011,11.3,-14.0,0.00941668434180753
62012,11.3,-13.0,0.004612642963350414
62013,11.3,-12.0,0.0018870815712650417
62014,11.3,-11.0,0.0059196586945239145
62015,11.3,-10.0,0.012506533286371975
62016,11.3,-9.0,0.006695066337857201
62017,11.3,-8.0,0.007817666778405372
62018,11.3,-7.0,0.015589359340231146
62019,11.3,-6.0,0.008027170116934986
62020,11.3,-5.0,0.003739209437365223
62021,11.3,-4.0,0.010340820675266841
62022,11.3,-3.0,0.021106414616539778
62023,11.3,-2.0,0.010909723805623783
62024,11.3,-1.0,0.004448571906387633
62025,11.3,0.0,0.0005875743440877966
62026,11.3,1.0,0.005070611681516666
62027,11.3,2.0,0.015954126225169778
62028,11.3,3.0,0.03280314242879266
62029,11.3,4.0,0.01638610577592282
62030,11.3,5.0,0.007073329849784036
62031,11.3,6.0,0.022641637238602238
62032,11.3,7.0,0.0480349444117766
62033,11.3,8.0,0.024700915086581635
62034,11.3,9.0,0.03374698335637736
62035,11.3,10.0,0.07188066585252774
62036,11.3,11.0,0.03267077967511692
62037,11.3,12.0,0.009848117520110177
62038,11.3,13.0,0.029754262993171195
62039,11.3,14.0,0.06389908517529339
62040,11.3,15.0,0.030653274307177215
62041,11.3,16.0,0.023757603272039456
62042,11.3,17.0,0.045697126144006076
62043,11.3,18.0,0.021830236888655086
62044,11.3,19.0,0.007198381758067232
62045,11.3,20.0,0.016211177972894647
62046,11.3,21.0,0.03208306822525013
62047,11.3,22.0,0.016279862502466616
62048,11.3,23.0,0.013752547277495331
62049,11.3,24.0,0.02533418192884514
62050,11.3,25.0,0.012458676027427194
62051,11.3,26.0,0.0045439444416796185
62052,11.3,27.0,0.009695720144524118
62053,11.3,28.0,0.018797147655395627
62054,11.3,29.0,0.009513952141779063
62055,11.3,30.0,0.008157881208938723
62056,11.3,31.0,0.015136204899703671
62057,11.3,32.0,0.007258668801411822
62058,11.3,33.0,0.0024182587081443534
62059,11.3,34.0,0.005672641970079457
62060,11.3,35.0,0.011426266249966928
62061,11.3,36.0,0.005544560526576142
62062,11.3,37.0,0.004767314454486316
62063,11.3,38.0,0.009324847285870594
62064,11.3,39.0,0.004418913095375449
62065,11.3,40.0,0.00380612861819565
62066,11.3,41.0,0.00766611616160514
62067,11.3,42.0,0.0033879373624262866
62068,11.3,43.0,0.0007816695694216163
62069,11.3,44.0,0.0026804322779015594
62070,11.3,45.0,0.005989718137152695
62071,11.3,46.0,0.0025687020203842667
62072,11.3,47.0,0.000366527642767259
62073,11.3,48.0,0.0001750880689059058
62074,11.3,49.0,0.00014217621395442312
62075,11.3,50.0,0.00011599154521743013
62076,11.3,51.0,9.413059666134131e-05
62077,11.3,52.0,7.703956827546434e-05
62078,11.3,53.0,0.00015558508512332136
62079,11.3,54.0,0.0014494944066859
62080,11.3,55.0,0.003478701795012871
62081,11.3,56.0,0.0014313561884886211
62082,11.3,57.0,0.00011861754785071582
62083,11.3,58.0,1.9852069265514845e-05
62084,11.3,59.0,1.461649815607866e-05
62085,11.3,60.0,1.130460343993314e-05
62086,11.3,61.0,8.697847687396504e-06
62087,11.3,62.0,6.656629650199067e-06
62088,11.3,63.0,5.067375641855647e-06
62089,11.3,64.0,3.837054001779394e-06
62090,11.3,65.0,2.8900065749197564e-06
62091,11.3,66.0,2.1651393729450566e-06
62092,11.3,67.0,1.6134629313978734e-06
62093,11.3,68.0,1.1959643497580246e-06
62094,11.3,69.0,8.81786780034017e-07
62095,11.3,70.0,6.466883547144865e-07
62096,11.3,71.0,4.717507560712384e-07
62097,11.3,72.0,3.4230739134421445e-07
62098,11.3,73.0,2.470620588949004e-07
62099,11.3,74.0,1.7737072584500104e-07
62100,11.4,-75.0,1.3309065834099992e-11
62101,11.4,-74.0,2.1033470584425227e-11
62102,11.4,-73.0,3.3064382100687904e-11
62103,11.4,-72.0,5.170064858078596e-11
62104,11.4,-71.0,8.041141029763411e-11
62105,11.4,-70.0,1.2440145915228452e-10
62106,11.4,-69.0,1.9143413370690225e-10
62107,11.4,-68.0,2.9302143300333393e-10
62108,11.4,-67.0,4.4613418904395446e-10
62109,11.4,-66.0,6.756437013025944e-10
62110,11.4,-65.0,1.017785048209531e-09
62111,11.4,-64.0,1.5250374510137875e-09
62112,11.4,-63.0,2.272956163433956e-09
62113,11.4,-62.0,3.369672704037909e-09
62114,11.4,-61.0,4.969017081253017e-09
62115,11.4,-60.0,7.288520338998429e-09
62116,11.4,-59.0,1.0633943841177726e-08
62117,11.4,-58.0,1.543247097087022e-08
62118,11.4,-57.0,2.227730708432016e-08
62119,11.4,-56.0,3.198718589912453e-08
62120,11.4,-55.0,4.568519702083278e-08
62121,11.4,-54.0,6.490245156715545e-08
62122,11.4,-53.0,9.171341019179395e-08
62123,11.4,-52.0,1.2891122508869822e-07
62124,11.4,-51.0,1.8023320211386734e-07
62125,11.4,-50.0,2.5064846711382067e-07
62126,11.4,-49.0,3.4672210235695003e-07
62127,11.4,-48.0,4.770723643380625e-07
62128,11.4,-47.0,6.529400365430561e-07
62129,11.4,-46.0,8.888914112304236e-07
62130,11.4,-45.0,1.2036786962757124e-06
62131,11.4,-44.0,1.6212836271800147e-06
62132,11.4,-43.0,2.1721719307804796e-06
62133,11.4,-42.0,2.8961690766688536e-06
62134,11.4,-41.0,4.5836893208487415e-06
62135,11.4,-40.0,7.172902650676035e-05
62136,11.4,-39.0,0.0009940621911646173
62137,11.4,-38.0,0.0024336155699572785
62138,11.4,-37.0,0.0009996044345940407
62139,11.4,-36.0,0.0001614127191068236
62140,11.4,-35.0,0.00120776034785303
62141,11.4,-34.0,0.0029434085170190532
62142,11.4,-33.0,0.0013113376861774166
62143,11.4,-32.0,0.0014899845468678747
62144,11.4,-31.0,0.0034186626431294003
62145,11.4,-30.0,0.0015391639823862187
62146,11.4,-29.0,0.0017569532266641357
62147,11.4,-28.0,0.00399802184470451
62148,11.4,-27.0,0.0017053742479561274
62149,11.4,-26.0,0.00037805106730335366
62150,11.4,-25.0,0.002120742264192434
62151,11.4,-24.0,0.004997931478188094
62152,11.4,-23.0,0.002353253371541462
62153,11.4,-22.0,0.0027164411459799165
62154,11.4,-21.0,0.0059778304172640965
62155,11.4,-20.0,0.0027121450409696097
62156,11.4,-19.0,0.00084185990932031
62157,11.4,-18.0,0.0034440585864428013
62158,11.4,-17.0,0.007716176940858227
62159,11.4,-16.0,0.0038851401920809527
62160,11.4,-15.0,0.004520058061791997
62161,11.4,-14.0,0.009450793709129846
62162,11.4,-13.0,0.004624741510553593
62163,11.4,-12.0,0.001886467361718444
62164,11.4,-11.0,0.0059347970537275445
62165,11.4,-10.0,0.012547724205825447
62166,11.4,-9.0,0.006712838630450625
62167,11.4,-8.0,0.007837995245996578
62168,11.4,-7.0,0.01563760585308681
62169,11.4,-6.0,0.00804908711834101
62170,11.4,-5.0,0.003746447339396642
62171,11.4,-4.0,0.010367915625449845
62172,11.4,-3.0,0.021165704472080646
62173,11.4,-2.0,0.010941958567898254
62174,11.4,-1.0,0.0044646653900442985
62175,11.4,0.0,0.000593795332406858
62176,11.4,1.0,0.005093237562570431
62177,11.4,2.0,0.015994151011620477
62178,11.4,3.0,0.03286848712056203
62179,11.4,4.0,0.016433748289320302
62180,11.4,5.0,0.007109456116550042
62181,11.4,6.0,0.02265748414033708
62182,11.4,7.0,0.04801822598142769
62183,11.4,8.0,0.024709133314694175
62184,11.4,9.0,0.03356840693682646
62185,11.4,10.0,0.07137347742872517
62186,11.4,11.0,0.032501167804669384
62187,11.4,12.0,0.009748522753010623
62188,11.4,13.0,0.029837545429547932
62189,11.4,14.0,0.06418145264520365
62190,11.4,15.0,0.03074703987171602
62191,11.4,16.0,0.023759228455095233
62192,11.4,17.0,0.04573833817631711
62193,11.4,18.0,0.02183096114882669
62194,11.4,19.0,0.007174460302344845
62195,11.4,20.0,0.016187026374156983
62196,11.4,21.0,0.032059383522600925
62197,11.4,22.0,0.01626212108684468
62198,11.4,23.0,0.013731244856682045
62199,11.4,24.0,0.0253022661084321
62200,11.4,25.0,0.012443042557602741
62201,11.4,26.0,0.00453858025026993
62202,11.4,27.0,0.00968164162028866
62203,11.4,28.0,0.018767050596181025
62204,11.4,29.0,0.009502254525212948
62205,11.4,30.0,0.008147281102791108
62206,11.4,31.0,0.015109453482662174
62207,11.4,32.0,0.007250541906616192
62208,11.4,33.0,0.002421346709702297
62209,11.4,34.0,0.0056661953723347765
62210,11.4,35.0,0.011403312426620555
62211,11.4,36.0,0.005537611270837198
62212,11.4,37.0,0.0047611350561152024
62213,11.4,38.0,0.009303906421082399
62214,11.4,39.0,0.0044124570350082
62215,11.4,40.0,0.0038002828664495353
62216,11.4,41.0,0.00764670182750225
62217,11.4,42.0,0.003382136205669182
62218,11.4,43.0,0.0007838993306376119
62219,11.4,44.0,0.002675174053708813
62220,11.4,45.0,0.005971982245629495
62221,11.4,46.0,0.0025627905567691405
62222,11.4,47.0,0.0003680938711754529
62223,11.4,48.0,0.00017693112315849693
62224,11.4,49.0,0.0001437696380221927
62225,11.4,50.0,0.00011735405557916238
62226,11.4,51.0,9.528703700364639e-05
62227,11.4,52.0,7.800967794057461e-05
62228,11.4,53.0,0.00015601040397360575
62229,11.4,54.0,0.0014443953544667609
62230,11.4,55.0,0.003465074965102607
62231,11.4,56.0,0.0014260379821548791
62232,11.4,57.0,0.00011860076213826895
62233,11.4,58.0,2.0149676527144913e-05
62234,11.4,59.0,1.4859233830767972e-05
62235,11.4,60.0,1.149849479337777e-05
62236,11.4,61.0,8.851744071248955e-06
62237,11.4,62.0,6.77801982693244e-06
62238,11.4,63.0,5.162534043156919e-06
62239,11.4,64.0,3.911191943527291e-06
62240,11.4,65.0,2.9474160106987693e-06
62241,11.4,66.0,2.209326259415948e-06
62242,11.4,67.0,1.6472684410969032e-06
62243,11.4,68.0,1.221673094570634e-06
62244,11.4,69.0,9.012219235059485e-07
62245,11.4,70.0,6.612940180986375e-07
62246,11.4,71.0,4.826624887343457e-07
62247,11.4,72.0,3.5041170853613657e-07
62248,11.4,73.0,2.5304617548920293e-07
62249,11.4,74.0,1.8176365788590349e-07
62250,11.5,-75.0,1.2842265249345264e-11
62251,11.5,-74.0,2.0306561471354662e-11
62252,11.5,-73.0,3.1938701247892964e-11
62253,11.5,-72.0,4.996710885774479e-11
62254,11.5,-71.0,7.775660648113701e-11
62255,11.5,-70.0,1.203584214215252e-10
62256,11.5,-69.0,1.8531124558814684e-10
62257,11.5,-68.0,2.838005122724654e-10
62258,11.5,-67.0,4.3232533093329483e-10
62259,11.5,-66.0,6.550799360637223e-10
62260,11.5,-65.0,9.873338377149891e-10
62261,11.5,-64.0,1.480198135727647e-09
62262,11.5,-63.0,2.207302183908337e-09
62263,11.5,-62.0,3.2740841851667446e-09
62264,11.5,-61.0,4.830632520420433e-09
62265,11.5,-60.0,7.089314938111171e-09
62266,11.5,-59.0,1.034881566168832e-08
62267,11.5,-58.0,1.5026683734083527e-08
62268,11.5,-57.0,2.170309927124248e-08
62269,11.5,-56.0,3.11793091060434e-08
62270,11.5,-55.0,4.455509178121538e-08
62271,11.5,-54.0,6.3330705880149e-08
62272,11.5,-53.0,8.954007514284775e-08
62273,11.5,-52.0,1.259234842836311e-07
62274,11.5,-51.0,1.7614980924079283e-07
62275,11.5,-50.0,2.4510028214803066e-07
62276,11.5,-49.0,3.392279766825965e-07
62277,11.5,-48.0,4.6700955525206205e-07
62278,11.5,-47.0,6.395082813370966e-07
62279,11.5,-46.0,8.710697719081602e-07
62280,11.5,-45.0,1.1801743121912068e-06
62281,11.5,-44.0,1.5904716013719301e-06
62282,11.5,-43.0,2.1320257483526536e-06
62283,11.5,-42.0,2.8441892760789226e-06
62284,11.5,-41.0,4.5211274606708415e-06
62285,11.5,-40.0,7.203156666337253e-05
62286,11.5,-39.0,0.0009997012969294942
62287,11.5,-38.0,0.0024475928296810766
62288,11.5,-37.0,0.001005184197822881
62289,11.5,-36.0,0.00016204022373787094
62290,11.5,-35.0,0.0012142272519904942
62291,11.5,-34.0,0.0029596085091922156
62292,11.5,-33.0,0.001318176016953583
62293,11.5,-32.0,0.001497534208132269
62294,11.5,-31.0,0.003436701678834716
62295,11.5,-30.0,0.0015466178524535569
62296,11.5,-29.0,0.0017651796014397222
62297,11.5,-28.0,0.0040180265198497475
62298,11.5,-27.0,0.0017127732680574576
62299,11.5,-26.0,0.0003779733856792443
62300,11.5,-25.0,0.002129244045199439
62301,11.5,-24.0,0.005020798171473358
62302,11.5,-23.0,0.0023620494098025597
62303,11.5,-22.0,0.002726193020994077
62304,11.5,-21.0,0.006003083163450487
62305,11.5,-20.0,0.002720723570841447
62306,11.5,-19.0,0.0008405829199587206
62307,11.5,-18.0,0.003454117680861278
62308,11.5,-17.0,0.007745212233092116
62309,11.5,-16.0,0.0038958454050099793
62310,11.5,-15.0,0.004532180010732334
62311,11.5,-14.0,0.009483449521631677
62312,11.5,-13.0,0.004636076076246142
62313,11.5,-12.0,0.0018854730352347317
62314,11.5,-11.0,0.00594894234928538
62315,11.5,-10.0,0.012586929183396536
62316,11.5,-9.0,0.0067294656756913705
62317,11.5,-8.0,0.007856992014423551
62318,11.5,-7.0,0.015683345938256894
62319,11.5,-6.0,0.008069601973228167
62320,11.5,-5.0,0.003752904662430436
62321,11.5,-4.0,0.010393240454503228
62322,11.5,-3.0,0.02122161760778895
62323,11.5,-2.0,0.010972311013580939
62324,11.5,-1.0,0.004479826069074715
62325,11.5,0.0,0.000599976779486207
62326,11.5,1.0,0.005114877318739287
62327,11.5,2.0,0.01603177485700682
62328,11.5,3.0,0.03292924267074927
62329,11.5,4.0,0.016478967317928358
62330,11.5,5.0,0.007144477380183225
62331,11.5,6.0,0.02267127726656286
62332,11.5,7.0,0.04799782967286235
62333,11.5,8.0,0.024716126485625205
62334,11.5,9.0,0.033400410561658045
62335,11.5,10.0,0.07089370592270465
62336,11.5,11.0,0.03234233075299499
62337,11.5,12.0,0.009651248650093485
62338,11.5,13.0,0.02992469547322632
62339,11.5,14.0,0.06447379913991144
62340,11.5,15.0,0.030844562960336823
62341,11.5,16.0,0.023760650236768672
62342,11.5,17.0,0.045779089468872984
62343,11.5,18.0,0.02183115483845305
62344,11.5,19.0,0.007149936618121697
62345,11.5,20.0,0.016161834678909102
62346,11.5,21.0,0.032033985834204776
62347,11.5,22.0,0.016243327147333533
62348,11.5,23.0,0.013708920439579575
62349,11.5,24.0,0.025268723462938035
62350,11.5,25.0,0.012426467759200656
62351,11.5,26.0,0.004532701785621817
62352,11.5,27.0,0.00966676500281572
62353,11.5,28.0,0.018735648705478277
62354,11.5,29.0,0.009489806640147955
62355,11.5,30.0,0.008136021686400813
62356,11.5,31.0,0.015081648834568665
62357,11.5,32.0,0.007241847867565958
62358,11.5,33.0,0.002424172950384425
62359,11.5,34.0,0.005659310002391326
62360,11.5,35.0,0.01137959233212022
62361,11.5,36.0,0.0055302625558290635
62362,11.5,37.0,0.004754616655329671
62363,11.5,38.0,0.009282366691588882
62364,11.5,39.0,0.004405705356176744
62365,11.5,40.0,0.0037941880197444417
62366,11.5,41.0,0.007626817187446812
62367,11.5,42.0,0.003376124573556095
62368,11.5,43.0,0.0007860782214594514
62369,11.5,44.0,0.0026697578497147448
62370,11.5,45.0,0.00595389757050005
62371,11.5,46.0,0.002556732827097911
62372,11.5,47.0,0.00036964428640898884
62373,11.5,48.0,0.0001787705001036378
62374,11.5,49.0,0.00014536178469920434
62375,11.5,50.0,0.00011871694214433207
62376,11.5,51.0,9.644498874483367e-05
62377,11.5,52.0,7.898196639096636e-05
62378,11.5,53.0,0.00015643304195032867
62379,11.5,54.0,0.0014392201627518868
62380,11.5,55.0,0.003451257042357463
62381,11.5,56.0,0.0014206435299581462
62382,11.5,57.0,0.00011858117680126088
62383,11.5,58.0,2.0449522413714857e-05
62384,11.5,59.0,1.510401317014942e-05
62385,11.5,60.0,1.1694172181653807e-05
62386,11.5,61.0,9.007177672350907e-06
62387,11.5,62.0,6.900715215426268e-06
62388,11.5,63.0,5.258787086761492e-06
62389,11.5,64.0,3.986237571826752e-06
62390,11.5,65.0,3.0055702003061588e-06
62391,11.5,66.0,2.254118179090164e-06
62392,11.5,67.0,1.681560876585983e-06
62393,11.5,68.0,1.2477702159123773e-06
62394,11.5,69.0,9.209641879291102e-07
62395,11.5,70.0,6.761405433036344e-07
62396,11.5,71.0,4.937616108073859e-07
62397,11.5,72.0,3.586606833867199e-07
62398,11.5,73.0,2.5914111890564097e-07
62399,11.5,74.0,1.8624087143813043e-07
62400,11.6,-75.0,1.2389195355039374e-11
62401,11.6,-74.0,1.9600594529034243e-11
62402,11.6,-73.0,3.084476713233339e-11
62403,11.6,-72.0,4.828139997766094e-11
62404,11.6,-71.0,7.517342205991563e-11
62405,11.6,-70.0,1.1642195679666358e-10
62406,11.6,-69.0,1.793459508626535e-10
62407,11.6,-68.0,2.7481115980226175e-10
62408,11.6,-67.0,4.1885457338438316e-10
62409,11.6,-66.0,6.350066397209613e-10
62410,11.6,-65.0,9.575895078117327e-10
62411,11.6,-64.0,1.4363709054396168e-09
62412,11.6,-63.0,2.143087626703706e-09
62413,11.6,-62.0,3.1805290526925652e-09
62414,11.6,-61.0,4.695100735887703e-09
62415,11.6,-60.0,6.8940840345196696e-09
62416,11.6,-59.0,1.0069185523212817e-08
62417,11.6,-58.0,1.4628447117816071e-08
62418,11.6,-57.0,2.1139184307300914e-08
62419,11.6,-56.0,3.038535703401928e-08
62420,11.6,-55.0,4.344367800502546e-08
62421,11.6,-54.0,6.178384876113558e-08
62422,11.6,-53.0,8.739960505185357e-08
62423,11.6,-52.0,1.229787662621651e-07
62424,11.6,-51.0,1.721222281176114e-07
62425,11.6,-50.0,2.396238123251096e-07
62426,11.6,-49.0,3.3182507483488025e-07
62427,11.6,-48.0,4.570615395877327e-07
62428,11.6,-47.0,6.26219304783529e-07
62429,11.6,-46.0,8.534234700720649e-07
62430,11.6,-45.0,1.1568822243218899e-06
62431,11.6,-44.0,1.5599125406838104e-06
62432,11.6,-43.0,2.092175458763499e-06
62433,11.6,-42.0,2.7925478501449215e-06
62434,11.6,-41.0,4.4588498259573744e-06
62435,11.6,-40.0,7.232623380644144e-05
62436,11.6,-39.0,0.001005218218134367
62437,11.6,-38.0,0.002461269412426016
62438,11.6,-37.0,0.0010106415785107435
62439,11.6,-36.0,0.00016264957220273504
62440,11.6,-35.0,0.0012205449705244736
62441,11.6,-34.0,0.0029754419459926125
62442,11.6,-33.0,0.0013248526429523225
62443,11.6,-32.0,0.001504898717758337
62444,11.6,-31.0,0.0034543119333744327
62445,11.6,-30.0,0.0015538804091559378
62446,11.6,-29.0,0.0017731855368849367
62447,11.6,-28.0,0.0040375249891418455
62448,11.6,-27.0,0.0017199575047996281
62449,11.6,-26.0,0.00037784883271660706
62450,11.6,-25.0,0.002137473200985834
62451,11.6,-24.0,0.0050430201581013155
62452,11.6,-23.0,0.0023705384638788543
62453,11.6,-22.0,0.0027355857230071503
62454,11.6,-21.0,0.006027549518743443
62455,11.6,-20.0,0.002728934285340725
62456,11.6,-19.0,0.000839174341018536
62457,11.6,-18.0,0.003463696641993817
62458,11.6,-17.0,0.007773198644988953
62459,11.6,-16.0,0.0039059938075694128
62460,11.6,-15.0,0.004543647536622153
62461,11.6,-14.0,0.009514786148984008
62462,11.6,-13.0,0.004646714859176281
62463,11.6,-12.0,0.001884129312255963
62464,11.6,-11.0,0.005962181956022345
62465,11.6,-10.0,0.012624328012920419
62466,11.6,-9.0,0.006745045723425094
62467,11.6,-8.0,0.007874771668252378
62468,11.6,-7.0,0.01572680422431193
62469,11.6,-6.0,0.008088831407095308
62470,11.6,-5.0,0.0037586366375760016
62471,11.6,-4.0,0.010416944968378057
62472,11.6,-3.0,0.02127445834858709
62473,11.6,-2.0,0.011000936782693628
62474,11.6,-1.0,0.004494114725938382
62475,11.6,0.0,0.0006061256282620803
62476,11.6,1.0,0.005135597081393704
62477,11.6,2.0,0.016067221107972804
62478,11.6,3.0,0.032985876737516774
62479,11.6,4.0,0.01652198870869146
62480,11.6,5.0,0.0071784792258230935
62481,11.6,6.0,0.02268329602240214
62482,11.6,7.0,0.047974353357913516
62483,11.6,8.0,0.02472209751749978
62484,11.6,9.0,0.0332419363958989
62485,11.6,10.0,0.07043862978607593
62486,11.6,11.0,0.03219319524540812
62487,11.6,12.0,0.009556098193159569
62488,11.6,13.0,0.030015983807113938
62489,11.6,14.0,0.06477680367430688
62490,11.6,15.0,0.030946113368919476
62491,11.6,16.0,0.023761850064879905
62492,11.6,17.0,0.04581929965992204
62493,11.6,18.0,0.02183077928040932
62494,11.6,19.0,0.00712479636101675
62495,11.6,20.0,0.016135557142813707
62496,11.6,21.0,0.03200677770297153
62497,11.6,22.0,0.01622343232398512
62498,11.6,23.0,0.013685531866686683
62499,11.6,24.0,0.02523347278470506
62500,11.6,25.0,0.01240891171308707
62501,11.6,26.0,0.004526294279611272
62502,11.6,27.0,0.00965105820865612
62503,11.6,28.0,0.018702879904084705
62504,11.6,29.0,0.009476575957943514
62505,11.6,30.0,0.008124074738283327
62506,11.6,31.0,0.015052740368049052
62507,11.6,32.0,0.007232560923522593
62508,11.6,33.0,0.0024267269628237584
62509,11.6,34.0,0.0056519653538962215
62510,11.6,35.0,0.011355067719880681
62511,11.6,36.0,0.005522494454129613
62512,11.6,37.0,0.004747742043901871
62513,11.6,38.0,0.009260197224486755
62514,11.6,39.0,0.0043986423143505295
62515,11.6,40.0,0.003787830532705433
62516,11.6,41.0,0.007606437366620386
62517,11.6,42.0,0.003369890614476584
62518,11.6,43.0,0.0007882024081647337
62519,11.6,44.0,0.002664174460175562
62520,11.6,45.0,0.005935445363382812
62521,11.6,46.0,0.0025505203069740873
62522,11.6,47.0,0.00037117698885561086
62523,11.6,48.0,0.00018060499790332503
62524,11.6,49.0,0.00014695166749140282
62525,11.6,50.0,0.00012007939826207631
62526,11.6,51.0,9.760379767012226e-05
62527,11.6,52.0,7.995590446308597e-05
62528,11.6,53.0,0.00015685231143763382
62529,11.6,54.0,0.0014339645301709775
62530,11.6,55.0,0.003437238018227522
62531,11.6,56.0,0.0014151686605192425
62532,11.6,57.0,0.00011855836876225233
62533,11.6,58.0,2.07514859345104e-05
62534,11.6,59.0,1.5350747329953855e-05
62535,11.6,60.0,1.1891569468535453e-05
62536,11.6,61.0,9.164099851487056e-06
62537,11.6,62.0,7.02468051596621e-06
62538,11.6,63.0,5.356109527496474e-06
62539,11.6,64.0,4.062173128894542e-06
62540,11.6,65.0,3.0644568897117997e-06
62541,11.6,66.0,2.299506866798411e-06
62542,11.6,67.0,1.7163348187440944e-06
62543,11.6,68.0,1.2742522896991275e-06
62544,11.6,69.0,9.410115192817477e-07
62545,11.6,70.0,6.912267942773498e-07
62546,11.6,71.0,5.050475826026875e-07
62547,11.6,72.0,3.670541480923936e-07
62548,11.6,73.0,2.653469399665895e-07
62549,11.6,74.0,1.9080253408003984e-07
62550,11.7,-75.0,1.1949722237705309e-11
62551,11.7,-74.0,1.891539188886815e-11
62552,11.7,-73.0,2.9782351420307626e-11
62553,11.7,-72.0,4.6643242295827896e-11
62554,11.7,-71.0,7.266153817902598e-11
62555,11.7,-70.0,1.1259174505361847e-10
62556,11.7,-69.0,1.735380131753304e-10
62557,11.7,-68.0,2.660533913674591e-10
62558,11.7,-67.0,4.0572249284374706e-10
62559,11.7,-66.0,6.154254884529207e-10
62560,11.7,-65.0,9.285557437873109e-10
62561,11.7,-64.0,1.3935629475380913e-09
62562,11.7,-63.0,2.0803255788683244e-09
62563,11.7,-62.0,3.0890300722274027e-09
62564,11.7,-61.0,4.562460031871683e-09
62565,11.7,-60.0,6.702890427718018e-09
62566,11.7,-59.0,9.795154231506172e-09
62567,11.7,-58.0,1.4237920069993946e-08
62568,11.7,-57.0,2.0585808955012275e-08
62569,11.7,-56.0,2.9605707522901903e-08
62570,11.7,-55.0,4.2351527052238625e-08
62571,11.7,-54.0,6.026273434752208e-08
62572,11.7,-53.0,8.529326323491775e-08
62573,11.7,-52.0,1.200789209102894e-07
62574,11.7,-51.0,1.6815314196941207e-07
62575,11.7,-50.0,2.3422291455169895e-07
62576,11.7,-49.0,3.24518892860223e-07
62577,11.7,-48.0,4.472360838456233e-07
62578,11.7,-47.0,6.130839931374491e-07
62579,11.7,-46.0,8.359676450947853e-07
62580,11.7,-45.0,1.1338233255405147e-06
62581,11.7,-44.0,1.5296350620341632e-06
62582,11.7,-43.0,2.0526599706707994e-06
62583,11.7,-42.0,2.741297334330147e-06
62584,11.7,-41.0,4.396935151163481e-06
62585,11.7,-40.0,7.26138670128074e-05
62586,11.7,-39.0,0.0010106241186345149
62587,11.7,-38.0,0.0024746725935972384
62588,11.7,-37.0,0.0010159878395078418
62589,11.7,-36.0,0.000163242686211558
62590,11.7,-35.0,0.0012267272219139195
62591,11.7,-34.0,0.0029909420952607467
62592,11.7,-33.0,0.0013313825420117836
62593,11.7,-32.0,0.0015120951853194566
62594,11.7,-31.0,0.003471532369911342
62595,11.7,-30.0,0.0015609694883000614
62596,11.7,-29.0,0.0017809915130101756
62597,11.7,-28.0,0.004056563292211962
62598,11.7,-27.0,0.0017269471211757727
62599,11.7,-26.0,0.00037768267703703934
62600,11.7,-25.0,0.0021454551202163426
62601,11.7,-24.0,0.005064655948386885
62602,11.7,-23.0,0.0023787490322129397
62603,11.7,-22.0,0.0027446523144570184
62604,11.7,-21.0,0.006051300404827208
62605,11.7,-20.0,0.002736810775009303
62606,11.7,-19.0,0.0008376465283203985
62607,11.7,-18.0,0.00347283845052501
62608,11.7,-17.0,0.0078002292569227345
62609,11.7,-16.0,0.0039156341818765185
62610,11.7,-15.0,0.0045545174452764035
62611,11.7,-14.0,0.009544918720643893
62612,11.7,-13.0,0.0046567164330041586
62613,11.7,-12.0,0.0018824627384946445
62614,11.7,-11.0,0.005974590889586987
62615,11.7,-10.0,0.012660074769464692
62616,11.7,-9.0,0.006759663103280567
62617,11.7,-8.0,0.007891432511975062
62618,11.7,-7.0,0.015768173150392615
62619,11.7,-6.0,0.008106875519478885
62620,11.7,-5.0,0.0037636907134894148
62621,11.7,-4.0,0.010439157471255688
62622,11.7,-3.0,0.02132448712692692
62623,11.7,-2.0,0.011027969039058151
62624,11.7,-1.0,0.004507583287724621
62625,11.7,0.0,0.000612247802830497
62626,11.7,1.0,0.005155453052858256
62627,11.7,2.0,0.01610067974764842
62628,11.7,3.0,0.03303878725210546
62629,11.7,4.0,0.01656300433869684
62630,11.7,5.0,0.007211533625768082
62631,11.7,6.0,0.022693772640227056
62632,11.7,7.0,0.0479482930597533
62633,11.7,8.0,0.024727213537346332
62634,11.7,9.0,0.03309208591259923
62635,11.7,10.0,0.07000593926379109
62636,11.7,11.0,0.03205284996779255
62637,11.7,12.0,0.009462902935249144
62638,11.7,13.0,0.030111706798794345
62639,11.7,14.0,0.06509121042083481
62640,11.7,15.0,0.031051985851356243
62641,11.7,16.0,0.023762803021404117
62642,11.7,17.0,0.04585887108325429
62643,11.7,18.0,0.02182978765193188
62644,11.7,19.0,0.007099022623265835
62645,11.7,20.0,0.016108141447938436
62646,11.7,21.0,0.03197764816124894
62647,11.7,22.0,0.016202381562138178
62648,11.7,23.0,0.013661031408081498
62649,11.7,24.0,0.0251964223398699
62650,11.7,25.0,0.012390329399381615
62651,11.7,26.0,0.004519341189623679
62652,11.7,27.0,0.009634485229577666
62653,11.7,28.0,0.018668674405729856
62654,11.7,29.0,0.009462526043853068
62655,11.7,30.0,0.008111408701489357
62656,11.7,31.0,0.01502267131952843
62657,11.7,32.0,0.007222652310642026
62658,11.7,33.0,0.002428997225544005
62659,11.7,34.0,0.005644138568793395
62660,11.7,35.0,0.011329695701597323
62661,11.7,36.0,0.0055142847310187555
62662,11.7,37.0,0.004740492029143607
62663,11.7,38.0,0.009237363376600275
62664,11.7,39.0,0.004391250325376655
62665,11.7,40.0,0.0037811952761207606
62666,11.7,41.0,0.0075855344127519165
62667,11.7,42.0,0.003363421069767698
62668,11.7,43.0,0.0007902676713137771
62669,11.7,44.0,0.002658413571886923
62670,11.7,45.0,0.005916604503302176
62671,11.7,46.0,0.0025441434227057858
62672,11.7,47.0,0.00037268988376930356
62673,11.7,48.0,0.00018243329993717259
62674,11.7,49.0,0.00014853820401084864
62675,11.7,50.0,0.00012144053716140458
62676,11.7,51.0,9.876274301027374e-05
62677,11.7,52.0,8.093090763250469e-05
62678,11.7,53.0,0.00015726744404247577
62679,11.7,54.0,0.0014286235904555856
62680,11.7,55.0,0.003423006557453389
62681,11.7,56.0,0.0014096086502947303
62682,11.7,57.0,0.00011853185997859411
62683,11.7,58.0,2.1055430315512157e-05
62684,11.7,59.0,1.559933528346308e-05
62685,11.7,60.0,1.2090610931011864e-05
62686,11.7,61.0,9.32245447134675e-06
62687,11.7,62.0,7.149874600757871e-06
62688,11.7,63.0,5.454471618459011e-06
62689,11.7,64.0,4.138977401574935e-06
62690,11.7,65.0,3.1240611894458316e-06
62691,11.7,66.0,2.3454820601127816e-06
62692,11.7,67.0,1.7515833445551664e-06
62693,11.7,68.0,1.3011147667746977e-06
62694,11.7,69.0,9.613610273643093e-07
62695,11.7,70.0,7.06551017596433e-07
62696,11.7,71.0,5.165194116442252e-07
62697,11.7,72.0,3.7559160500123353e-07
62698,11.7,73.0,2.7166345083991084e-07
62699,11.7,74.0,1.954486419059252e-07
62700,11.8,-75.0,1.1523669891967877e-11
62701,11.8,-74.0,1.8250708603565595e-11
62702,11.8,-73.0,2.875111956465139e-11
62703,11.8,-72.0,4.505218905536206e-11
62704,11.8,-71.0,7.02203747115678e-11
62705,11.8,-70.0,1.0886706003526712e-10
62706,11.8,-69.0,1.678865693956366e-10
62707,11.8,-68.0,2.5752626094648505e-10
62708,11.8,-67.0,3.9292819891343923e-10
62709,11.8,-66.0,5.963359349749941e-10
62710,11.8,-65.0,9.002328810067602e-10
62711,11.8,-64.0,1.351776432786903e-09
62712,11.8,-63.0,2.019021659994392e-09
62713,11.8,-62.0,2.9995989602189814e-09
62714,11.8,-61.0,4.4327324611198186e-09
62715,11.8,-60.0,6.515773155779338e-09
62716,11.8,-59.0,9.526788055824329e-09
62717,11.8,-58.0,1.3855211636376093e-08
62718,11.8,-57.0,2.0043148295855798e-08
62719,11.8,-56.0,2.8840636049982997e-08
62720,11.8,-55.0,4.127906495869418e-08
62721,11.8,-54.0,5.876801165972957e-08
62722,11.8,-53.0,8.322202517557269e-08
62723,11.8,-52.0,1.1722539654552197e-07
62724,11.8,-51.0,1.6424467700574131e-07
62725,11.8,-50.0,2.2890067754287182e-07
62726,11.8,-49.0,3.1731387345534564e-07
62727,11.8,-48.0,4.3753951843318433e-07
62728,11.8,-47.0,6.001112859244017e-07
62729,11.8,-46.0,8.187148124470542e-07
62730,11.8,-45.0,1.1110149921894129e-06
62731,11.8,-44.0,1.499663096238923e-06
62732,11.8,-43.0,2.0135119833888354e-06
62733,11.8,-42.0,2.690482080679467e-06
62734,11.8,-41.0,4.335450304877816e-06
62735,11.8,-40.0,7.289518893509806e-05
62736,11.8,-39.0,0.0010159286266625124
62737,11.8,-38.0,0.0024878258984166396
62738,11.8,-37.0,0.0010212326947589417
62739,11.8,-36.0,0.00016382122313266166
62740,11.8,-35.0,0.0012327858411870693
62741,11.8,-34.0,0.0030061376579644038
62742,11.8,-33.0,0.001337778638012804
62743,11.8,-32.0,0.0015191383773208562
62744,11.8,-31.0,0.003488396612946199
62745,11.8,-30.0,0.00156790048883872
62746,11.8,-29.0,0.001788615216492283
62747,11.8,-28.0,0.004075181177423167
62748,11.8,-27.0,0.001733759541615922
62749,11.8,-26.0,0.0003774794977405711
62750,11.8,-25.0,0.002153211757618783
62751,11.8,-24.0,0.0050857560966571826
62752,11.8,-23.0,0.002386705776547718
62753,11.8,-22.0,0.0027534214143209775
62754,11.8,-21.0,0.0060743971419605965
62755,11.8,-20.0,0.002744382147511244
62756,11.8,-19.0,0.0008360102750286765
62757,11.8,-18.0,0.0034815803674210456
62758,11.8,-17.0,0.007826384618826142
62759,11.8,-16.0,0.0039248088418479266
62760,11.8,-15.0,0.0045648390082465495
62761,11.8,-14.0,0.009573946914560634
62762,11.8,-13.0,0.004666131636835264
62763,11.8,-12.0,0.0018804964997480615
62764,11.8,-11.0,0.0059862342351260445
62765,11.8,-10.0,0.012694302872168944
62766,11.8,-9.0,0.006773390963480871
62767,11.8,-8.0,0.007907059772922227
62768,11.8,-7.0,0.015807619302248024
62769,11.8,-6.0,0.008123821060007856
62770,11.8,-5.0,0.003768108094835408
62771,11.8,-4.0,0.010459989001440195
62772,11.8,-3.0,0.02137192911973824
62773,11.8,-2.0,0.011053522906068931
62774,11.8,-1.0,0.004520276591479881
62775,11.8,0.0,0.0006183484137369686
62776,11.8,1.0,0.005174493490394099
62777,11.8,2.0,0.016132313986951065
62778,11.8,3.0,0.033088316157078704
62779,11.8,4.0,0.016602178832393427
62780,11.8,5.0,0.007243701683604654
62781,11.8,6.0,0.0227029018438634
62782,11.8,7.0,0.0479200638668873
62783,11.8,8.0,0.024731613277334807
62784,11.8,9.0,0.032950088151797736
62785,11.8,10.0,0.06959365427080925
62786,11.8,11.0,0.031920513302991164
62787,11.8,12.0,0.009371517560848041
62788,11.8,13.0,0.0302121908745483
62789,11.8,14.0,0.06541783982898486
62790,11.8,15.0,0.031162504499915374
62791,11.8,16.0,0.023763477231984045
62792,11.8,17.0,0.045897686799894026
62793,11.8,18.0,0.02182812408271608
62794,11.8,19.0,0.007072595685737421
62795,11.8,20.0,0.016079528050544023
62796,11.8,21.0,0.031946471370991325
62797,11.8,22.0,0.0161801124430553
62798,11.8,23.0,0.01363536521767067
62799,11.8,24.0,0.025157468835562385
62800,11.8,25.0,0.012370670195569738
62801,11.8,26.0,0.0045118240222833585
62802,11.8,27.0,0.00961700575019562
62803,11.8,28.0,0.018632953971994427
62804,11.8,29.0,0.009447616175831772
62805,11.8,30.0,0.008097988359213808
62806,11.8,31.0,0.014991378156358816
62807,11.8,32.0,0.007212089969669624
62808,11.8,33.0,0.002430971055591466
62809,11.8,34.0,0.005635804209283476
62810,11.8,35.0,0.011303428305609396
62811,11.8,36.0,0.005505608621805738
62812,11.8,37.0,0.004732845242844833
62813,11.8,38.0,0.009213826378284785
62814,11.8,39.0,0.004383509789211028
62815,11.8,40.0,0.0037742653855850432
62816,11.8,41.0,0.007564077007515996
62817,11.8,42.0,0.003356701139815195
62818,11.8,43.0,0.0007922693666395948
62819,11.8,44.0,0.0026524636594247937
62820,11.8,45.0,0.005897351276379858
62821,11.8,46.0,0.0025375914526680286
62822,11.8,47.0,0.000374180661260406
62823,11.8,48.0,0.0001842539624526275
62824,11.8,49.0,0.0001501202056172284
62825,11.8,50.0,0.00012279938326658935
62826,11.8,51.0,9.992103019956916e-05
62827,11.8,52.0,8.190632997155756e-05
62828,11.8,53.0,0.00015767758241577658
62829,11.8,54.0,0.0014231918606187883
62830,11.8,55.0,0.0034085498774718576
62831,11.8,56.0,0.001403958173130005
62832,11.8,57.0,0.00011850111204615952
62833,11.8,58.0,2.1361201220168672e-05
62834,11.8,59.0,1.5849662430078703e-05
62835,11.8,60.0,1.2291210154815631e-05
62836,11.8,61.0,9.482177024628744e-06
62837,11.8,62.0,7.276249829441067e-06
62838,11.8,63.0,5.553838576637576e-06
62839,11.8,64.0,4.216625306469076e-06
62840,11.8,65.0,3.1843652543047175e-06
62841,11.8,66.0,2.3920312534507066e-06
62842,11.8,67.0,1.7872978393861358e-06
62843,11.8,68.0,1.3283518304048773e-06
62844,11.8,69.0,9.8200887822736e-07
62845,11.8,70.0,7.221107617227346e-07
62846,11.8,71.0,5.281755924043902e-07
62847,11.8,72.0,3.842721818904143e-07
62848,11.8,73.0,2.7809019203821234e-07
62849,11.8,74.0,2.0017899531363816e-07
62850,11.9,-75.0,1.1110829729088992e-11
62851,11.9,-74.0,1.7606247536181762e-11
62852,11.9,-73.0,2.7750653990254123e-11
62853,11.9,-72.0,4.350766229317774e-11
62854,11.9,-71.0,6.784914555799072e-11
62855,11.9,-70.0,1.0524685435052243e-10
62856,11.9,-69.0,1.6239025863447992e-10
62857,11.9,-68.0,2.4922805616724645e-10
62858,11.9,-67.0,3.8046962880730424e-10
62859,11.9,-66.0,5.777356497366142e-10
62860,11.9,-65.0,8.726185623660791e-10
62861,11.9,-64.0,1.3110094896874068e-09
62862,11.9,-63.0,1.959175458373621e-09
62863,11.9,-62.0,2.9122384892362136e-09
62864,11.9,-61.0,4.305926894297279e-09
62865,11.9,-60.0,6.3327519460328756e-09
62866,11.9,-59.0,9.264125147472413e-09
62867,11.9,-58.0,1.3480390166883359e-08
62868,11.9,-57.0,1.9511318863686827e-08
62869,11.9,-56.0,2.809033436428475e-08
62870,11.9,-55.0,4.022659873238395e-08
62871,11.9,-54.0,5.730016150958318e-08
62872,11.9,-53.0,8.118663004849988e-08
62873,11.9,-52.0,1.1441931145597013e-07
62874,11.9,-51.0,1.6039850121574175e-07
62875,11.9,-50.0,2.236595575242534e-07
62876,11.9,-49.0,3.102135913625834e-07
62877,11.9,-48.0,4.2797698959157446e-07
62878,11.9,-47.0,5.873085164393693e-07
62879,11.9,-46.0,8.0167532144466e-07
62880,11.9,-45.0,1.0884716961569083e-06
62881,11.9,-44.0,1.470016702075662e-06
62882,11.9,-43.0,1.974759063817168e-06
62883,11.9,-42.0,2.6401396752934664e-06
62884,11.9,-41.0,4.274452359622086e-06
62885,11.9,-40.0,7.317082742769723e-05
62886,11.9,-39.0,0.0010211401224939046
62887,11.9,-38.0,0.002500749804742036
62888,11.9,-37.0,0.0010263845992849036
62889,11.9,-36.0,0.00016438662498717693
62890,11.9,-35.0,0.001238731132176728
62891,11.9,-34.0,0.0030210536230952925
62892,11.9,-33.0,0.0013440521846742276
62893,11.9,-32.0,0.0015260411547365234
62894,11.9,-31.0,0.003504933946583525
62895,11.9,-30.0,0.0015746868273291386
62896,11.9,-29.0,0.001796072061273279
62897,11.9,-28.0,0.00409341327673037
62898,11.9,-27.0,0.0017404099614231245
62899,11.9,-26.0,0.00037724330979459604
62900,11.9,-25.0,0.002160762271979699
62901,11.9,-24.0,0.005106364684191553
62902,11.9,-23.0,0.00239443023396015
62903,11.9,-22.0,0.0027619180224637604
62904,11.9,-21.0,0.006096893236234876
62905,11.9,-20.0,0.002751673858007774
62906,11.9,-19.0,0.000834275095851166
62907,11.9,-18.0,0.003489954993138462
62908,11.9,-17.0,0.007851735079497275
62909,11.9,-16.0,0.003933554831126529
62910,11.9,-15.0,0.004574655358366284
62911,11.9,-14.0,0.009601957827797575
62912,11.9,-13.0,0.004675005008156577
62913,11.9,-12.0,0.0018782510400792032
62914,11.9,-11.0,0.005997168988136982
62915,11.9,-10.0,0.012727128920748815
62916,11.9,-9.0,0.006786293346532042
62917,11.9,-8.0,0.007921728028839272
62918,11.9,-7.0,0.015845288214033963
62919,11.9,-6.0,0.00813974391105117
62920,11.9,-5.0,0.003771924907964365
62921,11.9,-4.0,0.01047953654191228
62922,11.9,-3.0,0.021416980795407596
62923,11.9,-2.0,0.011077698828066059
62924,11.9,-1.0,0.0045322337205333605
62925,11.9,0.0,0.0006244319129941908
62926,11.9,1.0,0.005192760207738499
62927,11.9,2.0,0.016162265261773234
62928,11.9,3.0,0.033134759826261066
62929,11.9,4.0,0.016639654653390956
62930,11.9,5.0,0.007275035709033521
62931,11.9,6.0,0.02271084815056514
62932,11.9,7.0,0.0478900157346205
62933,11.9,8.0,0.024735412658885708
62934,11.9,9.0,0.032815275683769844
62935,11.9,10.0,0.0692000622101309
62936,11.9,11.0,0.031795508902546545
62937,11.9,12.0,0.009281815743538828
62938,11.9,13.0,0.030317797668502827
62939,11.9,14.0,0.06575760171129666
62940,11.9,15.0,0.031278027870663645
62941,11.9,16.0,0.02376383302906742
62942,11.9,17.0,0.04593560798630619
62943,11.9,18.0,0.021825722453084034
62944,11.9,19.0,0.007045492681171664
62945,11.9,20.0,0.016049649315626604
62946,11.9,21.0,0.031913104831037646
62947,11.9,22.0,0.01615655429831545
62948,11.9,23.0,0.013608472608183035
62949,11.9,24.0,0.025116496052516875
62950,11.9,25.0,0.012349877211169565
62951,11.9,26.0,0.004503722098824184
62952,11.9,27.0,0.009598574639732915
62953,11.9,28.0,0.018595630922299166
62954,11.9,29.0,0.009431800838906646
62955,11.9,30.0,0.0080837744040777
62956,11.9,31.0,0.014958789787734903
62957,11.9,32.0,0.007200838158466362
62958,11.9,33.0,0.002432634468112417
62959,11.9,34.0,0.005626933955453038
62960,11.9,35.0,0.011276211887942646
62961,11.9,36.0,0.005496438536499646
62962,11.9,37.0,0.004724777887789849
62963,11.9,38.0,0.009189542857572112
62964,11.9,39.0,0.0043753988558889075
62965,11.9,40.0,0.0037670220604518055
62966,11.9,41.0,0.007542030080138052
62967,11.9,42.0,0.003349714306032798
62968,11.9,43.0,0.000794202374588923
62969,11.9,44.0,0.00264631184563808
62970,11.9,45.0,0.005877659079838186
62971,11.9,46.0,0.002530852395612083
62972,11.9,47.0,0.0003756467707213764
62973,11.9,48.0,0.00018606539915753457
62974,11.9,49.0,0.00015169636452855507
62975,11.9,50.0,0.0001241548614137966
62976,11.9,51.0,0.00010107778190226189
62977,11.9,52.0,8.288145667288322e-05
62978,11.9,53.0,0.00015808176975395474
62979,11.9,54.0,0.0014176631710225932
62980,11.9,55.0,0.0033938535848947265
62981,11.9,56.0,0.0013982112320303915
62982,11.9,57.0,0.00011846551915417805
62983,11.9,58.0,2.16686245676792e-05
62984,11.9,59.0,1.6101598895595704e-05
62985,11.9,60.0,1.2493268687243999e-05
62986,11.9,61.0,9.643193572051067e-06
62987,11.9,62.0,7.403751216490689e-06
62988,11.9,63.0,5.6541699337308955e-06
62989,11.9,64.0,4.2950873865451084e-06
62990,11.9,65.0,3.245347895159471e-06
62991,11.9,66.0,2.4391394003704044e-06
62992,11.9,67.0,1.8234677699398246e-06
62993,11.9,68.0,1.3559562240777647e-06
62994,11.9,69.0,1.0029501642958578e-06
62995,11.9,70.0,7.379027795946206e-07
62996,11.9,71.0,5.40014033654057e-07
62997,11.9,72.0,3.9309457808538824e-07
62998,11.9,73.0,2.846263926824042e-07
62999,11.9,74.0,2.0499316986433166e-07
63000,12.0,-75.0,1.0610515425583942e-11
63001,12.0,-74.0,1.6822408768092633e-11
63002,12.0,-73.0,2.6529312154168334e-11
63003,12.0,-72.0,4.1615000627244496e-11
63004,12.0,-71.0,6.493217175143038e-11
63005,12.0,-70.0,1.0077575476430224e-10
63006,12.0,-69.0,1.5557445844010694e-10
63007,12.0,-68.0,2.388947709816221e-10
63008,12.0,-67.0,3.6488927413087507e-10
63009,12.0,-66.0,5.54372474838128e-10
63010,12.0,-65.0,8.377767976016019e-10
63011,12.0,-64.0,1.2593345131758697e-09
63012,12.0,-63.0,1.8829552186003708e-09
63013,12.0,-62.0,2.800431706168557e-09
63014,12.0,-61.0,4.1428202445985785e-09
63015,12.0,-60.0,6.096117141154111e-09
63016,12.0,-59.0,8.922706930953273e-09
63017,12.0,-58.0,1.2990505956245661e-08
63018,12.0,-57.0,1.881228800355953e-08
63019,12.0,-56.0,2.7098377541611756e-08
63020,12.0,-55.0,3.882675375327317e-08
63021,12.0,-54.0,5.5335648117141156e-08
63022,12.0,-53.0,7.844496176088508e-08
63023,12.0,-52.0,1.1061429497509112e-07
63024,12.0,-51.0,1.5514708302269555e-07
63025,12.0,-50.0,2.1645227321749895e-07
63026,12.0,-49.0,3.003771481049882e-07
63027,12.0,-48.0,4.1462726985289425e-07
63028,12.0,-47.0,5.692920389164468e-07
63029,12.0,-46.0,7.77496942808965e-07
63030,12.0,-45.0,1.0562060992379605e-06
63031,12.0,-44.0,1.4272010108064676e-06
63032,12.0,-43.0,1.9182637742692764e-06
63033,12.0,-42.0,2.5660089558283364e-06
63034,12.0,-41.0,4.174469392916111e-06
63035,12.0,-40.0,7.275256433379875e-05
63036,12.0,-39.0,0.0010166411476468802
63037,12.0,-38.0,0.002489889834503523
63038,12.0,-37.0,0.0010217775326594558
63039,12.0,-36.0,0.0001633932686742533
63040,12.0,-35.0,0.0012328999468919164
63041,12.0,-34.0,0.003007241569735812
63042,12.0,-33.0,0.0013375501182388097
63043,12.0,-32.0,0.001518439340707118
63044,12.0,-31.0,0.0034881468686604154
63045,12.0,-30.0,0.001566509723610191
63046,12.0,-29.0,0.0017864626721260375
63047,12.0,-28.0,0.004072732369448655
63048,12.0,-27.0,0.0017305283667752795
63049,12.0,-26.0,0.0003734421843833163
63050,12.0,-25.0,0.002147789820068657
63051,12.0,-24.0,0.005078441504529556
63052,12.0,-23.0,0.0023794148124694787
63053,12.0,-22.0,0.0027441842326787645
63054,12.0,-21.0,0.006061450392822267
63055,12.0,-20.0,0.0027328358649713045
63056,12.0,-19.0,0.0008246423381467919
63057,12.0,-18.0,0.0034651852533644357
63058,12.0,-17.0,0.007802474479521635
63059,12.0,-16.0,0.003904935780515
63060,12.0,-15.0,0.004541013581760422
63061,12.0,-14.0,0.009538722564232383
63062,12.0,-13.0,0.004639452951969506
63063,12.0,-12.0,0.001858152910803005
63064,12.0,-11.0,0.005951104781225261
63065,12.0,-10.0,0.01263899888706649
63066,12.0,-9.0,0.006734667896335207
63067,12.0,-8.0,0.00786108014192862
63068,12.0,-7.0,0.01573236557871441
63069,12.0,-6.0,0.008078232227352362
63070,12.0,-5.0,0.0037397677231018685
63071,12.0,-4.0,0.010399431312076999
63072,12.0,-3.0,0.02125855456894563
63073,12.0,-2.0,0.010996478572553937
63074,12.0,-1.0,0.00450087802351284
63075,12.0,0.0,0.0006245890623057445
63076,12.0,1.0,0.005161425145740211
63077,12.0,2.0,0.01603881337251034
63078,12.0,3.0,0.0328672144384411
63079,12.0,4.0,0.016519164702456457
63080,12.0,5.0,0.00723706558772682
63081,12.0,6.0,0.02250469355730778
63082,12.0,7.0,0.047409606262670635
63083,12.0,8.0,0.024506697650828066
63084,12.0,9.0,0.0323805111907197
63085,12.0,10.0,0.06817820886730891
63086,12.0,11.0,0.0313801625388583
63087,12.0,12.0,0.0093784774641717
63088,12.0,13.0,0.03070819623193863
63089,12.0,14.0,0.0667182591564611
63090,12.0,15.0,0.03168712368853403
63091,12.0,16.0,0.02398191786057581
63092,12.0,17.0,0.04639438978654841
63093,12.0,18.0,0.022022784140830705
63094,12.0,19.0,0.007082093027830193
63095,12.0,20.0,0.016165439924757868
63096,12.0,21.0,0.03216994656485986
63097,12.0,22.0,0.01627967749137023
63098,12.0,23.0,0.013704920214625129
63099,12.0,24.0,0.0253034877181205
63100,12.0,25.0,0.012441027452882726
63101,12.0,26.0,0.004536265899497981
63102,12.0,27.0,0.009667055298724041
63103,12.0,28.0,0.01872691289279047
63104,12.0,29.0,0.00950143691157629
63105,12.0,30.0,0.00814277479421698
63106,12.0,31.0,0.015061801374534079
63107,12.0,32.0,0.007254833763139816
63108,12.0,33.0,0.0024563101390219578
63109,12.0,34.0,0.005669051627694641
63110,12.0,35.0,0.011351216448836427
63111,12.0,36.0,0.0055370990902983705
63112,12.0,37.0,0.004759547624166619
63113,12.0,38.0,0.00924857246604257
63114,12.0,39.0,0.0044069709388070135
63115,12.0,40.0,0.0037939471671465633
63116,12.0,41.0,0.0075883643059908605
63117,12.0,42.0,0.003373117863644236
63118,12.0,43.0,0.0008033670056500874
63119,12.0,44.0,0.0026641721999696353
63120,12.0,45.0,0.005911256102389353
63121,12.0,46.0,0.0025470763876934595
63122,12.0,47.0,0.0003805461461913178
63123,12.0,48.0,0.00018959002917454272
63124,12.0,49.0,0.00015467185252096522
63125,12.0,50.0,0.00012665763163185103
63126,12.0,51.0,0.00010317027666296239
63127,12.0,52.0,8.46250911838684e-05
63128,12.0,53.0,0.00015993340069747047
63129,12.0,54.0,0.0014249896962329148
63130,12.0,55.0,0.003409911835834034
63131,12.0,56.0,0.0014051396723031829
63132,12.0,57.0,0.00011951125673952534
63133,12.0,58.0,2.2179205691597478e-05
63134,12.0,59.0,1.650509789283083e-05
63135,12.0,60.0,1.2813200022861753e-05
63136,12.0,61.0,9.89541015244431e-06
63137,12.0,62.0,7.601444369504369e-06
63138,12.0,63.0,5.8082399634032656e-06
63139,12.0,64.0,4.41447526028544e-06
63140,12.0,65.0,3.337334449191908e-06
63141,12.0,66.0,2.509611426514563e-06
63142,12.0,67.0,1.8771515753520546e-06
63143,12.0,68.0,1.39662016703934e-06
63144,12.0,69.0,1.033578300875678e-06
63145,12.0,70.0,7.608421511238371e-07
63146,12.0,71.0,5.570983266434248e-07
63147,12.0,72.0,4.057469376235709e-07
63148,12.0,73.0,2.9394410498021655e-07
63149,12.0,74.0,2.1181678239446655e-07
63150,12.1,-75.0,1.0222536071760833e-11
63151,12.1,-74.0,1.6215925542525973e-11
63152,12.1,-73.0,2.5586503330980124e-11
63153,12.1,-72.0,4.015746078052071e-11
63154,12.1,-71.0,6.269135494739299e-11
63155,12.1,-70.0,9.73498252706247e-11
63156,12.1,-69.0,1.5036570815457669e-10
63157,12.1,-68.0,2.3101944660113391e-10
63158,12.1,-67.0,3.530485092997188e-10
63159,12.1,-66.0,5.366687815271874e-10
63160,12.1,-65.0,8.114549078385699e-10
63161,12.1,-64.0,1.220417869217003e-09
63162,12.1,-63.0,1.8257395890558674e-09
63163,12.1,-62.0,2.7167846604743284e-09
63164,12.1,-61.0,4.0212188461924135e-09
63165,12.1,-60.0,5.920335412746317e-09
63166,12.1,-59.0,8.670038498324238e-09
63167,12.1,-58.0,1.2629374809268189e-08
63168,12.1,-57.0,1.8299060506715845e-08
63169,12.1,-56.0,2.637314068726097e-08
63170,12.1,-55.0,3.780776729887174e-08
63171,12.1,-54.0,5.391211103905399e-08
63172,12.1,-53.0,7.646765614884718e-08
63173,12.1,-52.0,1.0788358344605812e-07
63174,12.1,-51.0,1.5139764017329652e-07
63175,12.1,-50.0,2.1133382993935913e-07
63176,12.1,-49.0,2.9343042362720746e-07
63177,12.1,-48.0,4.05254165874013e-07
63178,12.1,-47.0,5.567190810867073e-07
63179,12.1,-46.0,7.607308876265156e-07
63180,12.1,-45.0,1.033980592473634e-06
63181,12.1,-44.0,1.397913203194978e-06
63182,12.1,-43.0,1.8798994543847072e-06
63183,12.1,-42.0,2.514639746833765e-06
63184,12.1,-41.0,3.3458298336361708e-06
63185,12.1,-40.0,4.428116804537392e-06
63186,12.1,-39.0,5.829371750944327e-06
63187,12.1,-38.0,7.635009249840293e-06
63188,12.1,-37.0,1.0865066879652476e-05
63189,12.1,-36.0,9.529785976801402e-05
63190,12.1,-35.0,0.0012372813589157162
63191,12.1,-34.0,0.003020203190112851
63192,12.1,-33.0,0.0013429625247975985
63193,12.1,-32.0,0.0015243643338103093
63194,12.1,-31.0,0.0035024221020824565
63195,12.1,-30.0,0.0015722913884768446
63196,12.1,-29.0,0.0017927731140692006
63197,12.1,-28.0,0.004088326875096731
63198,12.1,-27.0,0.0017360738682298757
63199,12.1,-26.0,0.00037298973502582157
63200,12.1,-25.0,0.0021539666746538707
63201,12.1,-24.0,0.005095763585285314
63202,12.1,-23.0,0.0023856167991844015
63203,12.1,-22.0,0.0027509203447191586
63204,12.1,-21.0,0.006080019220487338
63205,12.1,-20.0,0.0027383709088775556
63206,12.1,-19.0,0.0008223917782064171
63207,12.1,-18.0,0.00347131675425235
63208,12.1,-17.0,0.007822746113168005
63209,12.1,-16.0,0.003911132369925533
63210,12.1,-15.0,0.004547855568465926
63211,12.1,-14.0,0.009560490744424631
63212,12.1,-13.0,0.004645249293614401
63213,12.1,-12.0,0.0018546158106236591
63214,12.1,-11.0,0.0059580696697636715
63215,12.1,-10.0,0.01266349113823193
63216,12.1,-9.0,0.006743024632802264
63217,12.1,-8.0,0.007870454711487599
63218,12.1,-7.0,0.01575962970180408
63219,12.1,-6.0,0.008088631183567693
63220,12.1,-5.0,0.003740813246594188
63221,12.1,-4.0,0.010411939235102195
63222,12.1,-3.0,0.02128962484109005
63223,12.1,-2.0,0.011013130581322379
63224,12.1,-1.0,0.004509389221843998
63225,12.1,0.0,0.0006303169404904359
63226,12.1,1.0,0.0051758266960975595
63227,12.1,2.0,0.016058473910534315
63228,12.1,3.0,0.03289345285204424
63229,12.1,4.0,0.01654603658832034
63230,12.1,5.0,0.007263402761301132
63231,12.1,6.0,0.02250077034928166
63232,12.1,7.0,0.04735635067184063
63233,12.1,8.0,0.024498824758498187
63234,12.1,9.0,0.032245426175883316
63235,12.1,10.0,0.06779141895558918
63236,12.1,11.0,0.031255497008236814
63237,12.1,12.0,0.00956889307644454
63238,12.1,13.0,0.03111272962363575
63239,12.1,14.0,0.06771405458807234
63240,12.1,15.0,0.0321105978521523
63241,12.1,16.0,0.0242042424464334
63242,12.1,17.0,0.046861621740030536
63243,12.1,18.0,0.022223153596871513
63244,12.1,19.0,0.007118811019222234
63245,12.1,20.0,0.01628234562797034
63246,12.1,21.0,0.03242981365826023
63247,12.1,22.0,0.016404023908623132
63248,12.1,23.0,0.013802118059914366
63249,12.1,24.0,0.02549227010419623
63250,12.1,25.0,0.01253290075882478
63251,12.1,26.0,0.004568886458991288
63252,12.1,27.0,0.009735980647520516
63253,12.1,28.0,0.018859275195605842
63254,12.1,29.0,0.009571581097733001
63255,12.1,30.0,0.008202179563990433
63256,12.1,31.0,0.015165626678553144
63257,12.1,32.0,0.007309232486008294
63258,12.1,33.0,0.0024801399095378753
63259,12.1,34.0,0.005711485020687944
63260,12.1,35.0,0.011426813049199238
63261,12.1,36.0,0.00557808927438651
63262,12.1,37.0,0.004794601293379721
63263,12.1,38.0,0.00930807379585002
63264,12.1,39.0,0.004438814128195974
63265,12.1,40.0,0.00382110649855428
63266,12.1,41.0,0.007635071195063171
63267,12.1,42.0,0.0033967321347144978
63268,12.1,43.0,0.0008126405659434173
63269,12.1,44.0,0.0026821968382330784
63270,12.1,45.0,0.005945119331353203
63271,12.1,46.0,0.002563448377480158
63272,12.1,47.0,0.0003855151786935799
63273,12.1,48.0,0.00019317186397682843
63274,12.1,49.0,0.00015769754203414174
63275,12.1,50.0,0.0001292041658902458
63276,12.1,51.0,0.00010530063986915481
63277,12.1,52.0,8.640128108744611e-05
63278,12.1,53.0,0.00016181519732307308
63279,12.1,54.0,0.0014323756194292861
63280,12.1,55.0,0.0034260780195617575
63281,12.1,56.0,0.0014121205198452437
63282,12.1,57.0,0.00012057310900999176
63283,12.1,58.0,2.2701096273256577e-05
63284,12.1,59.0,1.6917833607894072e-05
63285,12.1,60.0,1.3140644061753406e-05
63286,12.1,61.0,1.0153697845841823e-05
63287,12.1,62.0,7.804012320859165e-06
63288,12.1,63.0,5.9661994092363455e-06
63289,12.1,64.0,4.536946840431657e-06
63290,12.1,65.0,3.431750645543168e-06
63291,12.1,66.0,2.5819858920377265e-06
63292,12.1,67.0,1.9323158372500707e-06
63293,12.1,68.0,1.4384291293277678e-06
63294,12.1,69.0,1.0650866292114343e-06
63295,12.1,70.0,7.844540393660224e-07
63296,12.1,71.0,5.746933636520434e-07
63297,12.1,72.0,4.1878485561823334e-07
63298,12.1,73.0,3.035511352977053e-07
63299,12.1,74.0,2.18856204114716e-07
63300,12.2,-75.0,9.850144428333488e-12
63301,12.2,-74.0,1.5633530941803583e-11
63302,12.2,-73.0,2.4680710858209287e-11
63303,12.2,-72.0,3.8756482884104134e-11
63304,12.2,-71.0,6.053647937278206e-11
63305,12.2,-70.0,9.405373990624938e-11
63306,12.2,-69.0,1.4535202484425866e-10
63307,12.2,-68.0,2.2343551776351513e-10
63308,12.2,-67.0,3.416405738934414e-10
63309,12.2,-66.0,5.196043552523143e-10
63310,12.2,-65.0,7.860718252405294e-10
63311,12.2,-64.0,1.1828720940126514e-09
63312,12.2,-63.0,1.7705143466680733e-09
63313,12.2,-62.0,2.6360110288172067e-09
63314,12.2,-61.0,3.903741978638628e-09
63315,12.2,-60.0,5.750440267886108e-09
63316,12.2,-59.0,8.425723425134698e-09
63317,12.2,-58.0,1.2280029618265297e-08
63318,12.2,-57.0,1.7802366743687457e-08
63319,12.2,-56.0,2.5670964733498402e-08
63320,12.2,-55.0,3.682076077615694e-08
63321,12.2,-54.0,5.2532667154328306e-08
63322,12.2,-53.0,7.455079481753836e-08
63323,12.2,-52.0,1.0523525262279108e-07
63324,12.2,-51.0,1.4775982697495467e-07
63325,12.2,-50.0,2.063657751851348e-07
63326,12.2,-49.0,2.86685131128836e-07
63327,12.2,-48.0,3.9614929880015026e-07
63328,12.2,-47.0,5.44501249805214e-07
63329,12.2,-46.0,7.444322669419138e-07
63330,12.2,-45.0,1.012366774288369e-06
63331,12.2,-44.0,1.3694212094869613e-06
63332,12.2,-43.0,1.8425649241540333e-06
63333,12.2,-42.0,2.4660124912211894e-06
63334,12.2,-41.0,3.282877249843091e-06
63335,12.2,-40.0,4.34711507683225e-06
63336,12.2,-39.0,5.7257853736075205e-06
63337,12.2,-38.0,7.503368158602514e-06
63338,12.2,-37.0,1.0703091341032801e-05
63339,12.2,-36.0,9.547282778597416e-05
63340,12.2,-35.0,0.0012427023381365058
63341,12.2,-34.0,0.003033834992749049
63342,12.2,-33.0,0.0013486745977967912
63343,12.2,-32.0,0.0015306285123346647
63344,12.2,-31.0,0.0035174714141888055
63345,12.2,-30.0,0.0015784236299913417
63346,12.2,-29.0,0.001799481853260152
63347,12.2,-28.0,0.004104822526788786
63348,12.2,-27.0,0.0017420056501221354
63349,12.2,-26.0,0.00037262484100925036
63350,12.2,-25.0,0.002160618892856163
63351,12.2,-24.0,0.005114201769868792
63352,12.2,-23.0,0.002392342501567435
63353,12.2,-22.0,0.0027582564365729785
63354,12.2,-21.0,0.006099909237506084
63355,12.2,-20.0,0.0027444970057919614
63356,12.2,-19.0,0.0008203109185884084
63357,12.2,-18.0,0.0034781862228398046
63358,12.2,-17.0,0.007844691756087844
63359,12.2,-16.0,0.003918146988382378
63360,12.2,-15.0,0.004555642409181714
63361,12.2,-14.0,0.009584276113497941
63362,12.2,-13.0,0.004651987162735347
63363,12.2,-12.0,0.0018514026186228706
63364,12.2,-11.0,0.005966228549000757
63365,12.2,-10.0,0.012690606723123245
63366,12.2,-9.0,0.006752707962165879
63367,12.2,-8.0,0.00788138174052738
63368,12.2,-7.0,0.015790129081695907
63369,12.2,-6.0,0.008100586569842442
63370,12.2,-5.0,0.003742457306733461
63371,12.2,-4.0,0.010426480922576765
63372,12.2,-3.0,0.02132507781283936
63373,12.2,-2.0,0.0110319067073513
63374,12.2,-1.0,0.004518594082446732
63375,12.2,0.0,0.0006362217314362058
63376,12.2,1.0,0.005191083972999739
63377,12.2,2.0,0.016081540888949475
63378,12.2,3.0,0.0329270508038071
63379,12.2,4.0,0.016576441085944634
63380,12.2,5.0,0.007291168824690913
63381,12.2,6.0,0.02250270550851935
63382,12.2,7.0,0.04731611959261712
63383,12.2,8.0,0.024497869261846706
63384,12.2,9.0,0.03212555779013398
63385,12.2,10.0,0.06743952797303211
63386,12.2,11.0,0.031145875451361608
63387,12.2,12.0,0.009661137120191884
63388,12.2,13.0,0.031233195197189055
63389,12.2,14.0,0.0680951514687012
63390,12.2,15.0,0.03224060105929587
63391,12.2,16.0,0.024199087831084688
63392,12.2,17.0,0.04688824062475231
63393,12.2,18.0,0.022214058968956778
63394,12.2,19.0,0.0070877290288767145
63395,12.2,20.0,0.016244710013812905
63396,12.2,21.0,0.03238243305387272
63397,12.2,22.0,0.01637271097966189
63398,12.2,23.0,0.013768131285351154
63399,12.2,24.0,0.02543907683857698
63400,12.2,25.0,0.012505659483182736
63401,12.2,26.0,0.004557901998425622
63402,12.2,27.0,0.009712276888602074
63403,12.2,28.0,0.0188124415694655
63404,12.2,29.0,0.009550708713329454
63405,12.2,30.0,0.008183564236196364
63406,12.2,31.0,0.015125320258395839
63407,12.2,32.0,0.00729413385801633
63408,12.2,33.0,0.0024803530881544484
63409,12.2,34.0,0.005699613725394981
63410,12.2,35.0,0.011393814362246334
63411,12.2,36.0,0.005566069060189225
63412,12.2,37.0,0.004784092520860484
63413,12.2,38.0,0.009279124616928588
63414,12.2,39.0,0.004428490186039906
63415,12.2,40.0,0.0038119699488667735
63416,12.2,41.0,0.007609231216436932
63417,12.2,42.0,0.003388089299233866
63418,12.2,43.0,0.0008142209245612756
63419,12.2,44.0,0.0026747538689555045
63420,12.2,45.0,0.005922493285058837
63421,12.2,46.0,0.0025554795072751093
63422,12.2,47.0,0.00038684733872819356
63423,12.2,48.0,0.0001949433902050908
63424,12.2,49.0,0.000159247956389399
63425,12.2,50.0,0.00013054401770644838
63426,12.2,51.0,0.00010644928089234973
63427,12.2,52.0,8.737319528023269e-05
63428,12.2,53.0,0.00016217344799400536
63429,12.2,54.0,0.0014261541385058693
63430,12.2,55.0,0.003409676697516798
63431,12.2,56.0,0.0014056830603732897
63432,12.2,57.0,0.00012049658200855019
63433,12.2,58.0,2.301396546388049e-05
63434,12.2,59.0,1.7175394502422805e-05
63435,12.2,60.0,1.334784030144219e-05
63436,12.2,61.0,1.0319293750330532e-05
63437,12.2,62.0,7.935514242308522e-06
63438,12.2,63.0,6.069966344073132e-06
63439,12.2,64.0,4.618315497896535e-06
63440,12.2,65.0,3.495159672918677e-06
63441,12.2,66.0,2.631095131586322e-06
63442,12.2,67.0,1.970117771838735e-06
63443,12.2,68.0,1.467350734669367e-06
63444,12.2,69.0,1.0870807028801393e-06
63445,12.2,70.0,8.01079737236761e-07
63446,12.2,71.0,5.871861649949026e-07
63447,12.2,72.0,4.281165229911116e-07
63448,12.2,73.0,3.104804593704662e-07
63449,12.2,74.0,2.23971450442424e-07
63450,12.3,-75.0,9.489874502232647e-12
63451,12.3,-74.0,1.506976005995429e-11
63452,12.3,-73.0,2.3803362660809892e-11
63453,12.3,-72.0,3.7398690588642e-11
63454,12.3,-71.0,5.844677975338294e-11
63455,12.3,-70.0,9.085542961415125e-11
63456,12.3,-69.0,1.4048413844323252e-10
63457,12.3,-68.0,2.1606767866071085e-10
63458,12.3,-67.0,3.3055096353695936e-10
63459,12.3,-66.0,5.030059896559575e-10
63460,12.3,-65.0,7.613669023229785e-10
63461,12.3,-64.0,1.146306984216552e-09
63462,12.3,-63.0,1.7166983579199822e-09
63463,12.3,-62.0,2.557249801499277e-09
63464,12.3,-61.0,3.78912056775918e-09
63465,12.3,-60.0,5.584570851977269e-09
63466,12.3,-59.0,8.18704724841133e-09
63467,12.3,-58.0,1.1938531247010806e-08
63468,12.3,-57.0,1.7316519976981137e-08
63469,12.3,-56.0,2.4983682541543125e-08
63470,12.3,-55.0,3.585406553286394e-08
63471,12.3,-54.0,5.118073148618903e-08
63472,12.3,-53.0,7.267092728290608e-08
63473,12.3,-52.0,1.0263631641345613e-07
63474,12.3,-51.0,1.4418748496587757e-07
63475,12.3,-50.0,2.0148385313350044e-07
63476,12.3,-49.0,2.800522862732116e-07
63477,12.3,-48.0,3.871900789775532e-07
63478,12.3,-47.0,5.324705361139342e-07
63479,12.3,-46.0,7.283720210924659e-07
63480,12.3,-45.0,9.91053973098419e-07
63481,12.3,-44.0,1.3413058595058673e-06
63482,12.3,-43.0,1.8056971282127707e-06
63483,12.3,-42.0,2.4179577076943828e-06
63484,12.3,-41.0,3.2206191688009376e-06
63485,12.3,-40.0,4.266945960690434e-06
63486,12.3,-39.0,5.623184301489093e-06
63487,12.3,-38.0,7.372876223968438e-06
63488,12.3,-37.0,1.054236632259879e-05
63489,12.3,-36.0,9.564318363500592e-05
63490,12.3,-35.0,0.001248034660204968
63491,12.3,-34.0,0.0030472467516232385
63492,12.3,-33.0,0.0013542911043172268
63493,12.3,-32.0,0.0015367832546032399
63494,12.3,-31.0,0.0035322640735463927
63495,12.3,-30.0,0.001584443729103798
63496,12.3,-29.0,0.0018060612844298172
63497,12.3,-28.0,0.004121016167868732
63498,12.3,-27.0,0.0017478128185310473
63499,12.3,-26.0,0.0003722377705048701
63500,12.3,-25.0,0.0021671126224633874
63501,12.3,-24.0,0.005132256461057954
63502,12.3,-23.0,0.002398889954395309
63503,12.3,-22.0,0.0027653830555384525
63504,12.3,-21.0,0.00611933125199194
63505,12.3,-20.0,0.0027504084892880664
63506,12.3,-19.0,0.0008181580307583354
63507,12.3,-18.0,0.0034847723496374567
63508,12.3,-17.0,0.007866009442573407
63509,12.3,-16.0,0.003924828988532584
63510,12.3,-15.0,0.004563036064883932
63511,12.3,-14.0,0.009607265304230544
63512,12.3,-13.0,0.00465829993072855
63513,12.3,-12.0,0.001847968077906917
63514,12.3,-11.0,0.005973828293022732
63515,12.3,-10.0,0.01271661874803554
63516,12.3,-9.0,0.006761733626934934
63517,12.3,-8.0,0.007891544869726593
63518,12.3,-7.0,0.01581922483191648
63519,12.3,-6.0,0.008111717524684144
63520,12.3,-5.0,0.0037435986960489887
63521,12.3,-4.0,0.010439990534360793
63522,12.3,-3.0,0.021358644351919708
63523,12.3,-2.0,0.011049563490438442
63524,12.3,-1.0,0.004527163845884058
63525,12.3,0.0,0.0006421183514033461
63526,12.3,1.0,0.0052056705682688685
63527,12.3,2.0,0.016103277657647706
63528,12.3,3.0,0.03295830569971215
63529,12.3,4.0,0.01660549712242344
63530,12.3,5.0,0.0073182178400485855
63531,12.3,6.0,0.022503822004873456
63532,12.3,7.0,0.04727484704188923
63533,12.3,8.0,0.02449652273567708
63534,12.3,9.0,0.03201077232810073
63535,12.3,10.0,0.06710101979680103
63536,12.3,11.0,0.031041460451542387
63537,12.3,12.0,0.00975508725506991
63538,12.3,13.0,0.03136089814043145
63539,12.3,14.0,0.06849466218083639
63540,12.3,15.0,0.03237769922494363
63541,12.3,16.0,0.024193406384163153
63542,12.3,17.0,0.04691319293496316
63543,12.3,18.0,0.02220386308572894
63544,12.3,19.0,0.007055852188543374
63545,12.3,20.0,0.01620545702754015
63546,12.3,21.0,0.03233211895099494
63547,12.3,22.0,0.016339740183955793
63548,12.3,23.0,0.013732604362817598
63549,12.3,24.0,0.025383265488647715
63550,12.3,25.0,0.012476989923544906
63551,12.3,26.0,0.004546224141720063
63552,12.3,27.0,0.009687389266332395
63553,12.3,28.0,0.018763557794486137
63554,12.3,29.0,0.009528696836619097
63555,12.3,30.0,0.008163953680421856
63556,12.3,31.0,0.015083357704354294
63557,12.3,32.0,0.007278162517722739
63558,12.3,33.0,0.0024801821251460463
63559,12.3,34.0,0.005687061801363711
63560,12.3,35.0,0.01135959614682006
63561,12.3,36.0,0.005553414367138071
63562,12.3,37.0,0.004773042213352648
63563,12.3,38.0,0.009249211369809088
63564,12.3,39.0,0.004417685148911402
63565,12.3,40.0,0.0038024249073771612
63566,12.3,41.0,0.0075826267962459636
63567,12.3,42.0,0.003379096282665891
63568,12.3,43.0,0.0008157057205686459
63569,12.3,44.0,0.002667044375888831
63570,12.3,45.0,0.005899296626188999
63571,12.3,46.0,0.0025472636018256476
63572,12.3,47.0,0.00038814133090620516
63573,12.3,48.0,0.00019669705824137645
63574,12.3,49.0,0.00016078538734825133
63575,12.3,50.0,0.00013187461211779634
63576,12.3,51.0,0.00010759156350916863
63577,12.3,52.0,8.834087179973822e-05
63578,12.3,53.0,0.00016252071586139236
63579,12.3,54.0,0.0014198055130923897
63580,12.3,55.0,0.0033929658464048242
63581,12.3,56.0,0.0013991198959914777
63582,12.3,57.0,0.00012041209588160144
63583,12.3,58.0,2.3327496543895186e-05
63584,12.3,59.0,1.7433816808678695e-05
63585,12.3,60.0,1.3555923667631267e-05
63586,12.3,61.0,1.0485749483093592e-05
63587,12.3,62.0,8.067815669753988e-06
63588,12.3,63.0,6.174454063806546e-06
63589,12.3,64.0,4.7003182945222485e-06
63590,12.3,65.0,3.559115486261648e-06
63591,12.3,66.0,2.680667812187403e-06
63592,12.3,67.0,2.0083066510374926e-06
63593,12.3,68.0,1.4965911094772866e-06
63594,12.3,69.0,1.109334201777375e-06
63595,12.3,70.0,8.179142078648022e-07
63596,12.3,71.0,5.998452294343612e-07
63597,12.3,72.0,4.375793045420157e-07
63598,12.3,73.0,3.1751222084183343e-07
63599,12.3,74.0,2.2916602150315075e-07
63600,12.4,-75.0,9.141440106462755e-12
63601,12.4,-74.0,1.4524188469082215e-11
63602,12.4,-73.0,2.2953834231127122e-11
63603,12.4,-72.0,3.6083172420238824e-11
63604,12.4,-71.0,5.642093692535277e-11
63605,12.4,-70.0,8.775300180987606e-11
63606,12.4,-69.0,1.3575935840118995e-10
63607,12.4,-68.0,2.0891214094460562e-10
63608,12.4,-67.0,3.1977439825390784e-10
63609,12.4,-66.0,4.868664055724638e-10
63610,12.4,-65.0,7.373302212183979e-10
63611,12.4,-64.0,1.1107091996895816e-09
63612,12.4,-63.0,1.6642739345522851e-09
63613,12.4,-62.0,2.4804779021449077e-09
63614,12.4,-61.0,3.6773250686890233e-09
63615,12.4,-60.0,5.422690179298231e-09
63616,12.4,-59.0,7.953964942687564e-09
63617,12.4,-58.0,1.1604826848416127e-08
63618,12.4,-57.0,1.6841461280495404e-08
63619,12.4,-56.0,2.431123346367959e-08
63620,12.4,-55.0,3.490762780691218e-08
63621,12.4,-54.0,4.98562724122703e-08
63622,12.4,-53.0,7.082806940901964e-08
63623,12.4,-52.0,1.0008687847609102e-07
63624,12.4,-51.0,1.4068086763620301e-07
63625,12.4,-50.0,1.9668856015280335e-07
63626,12.4,-49.0,2.735327649007657e-07
63627,12.4,-48.0,3.7837795858865405e-07
63628,12.4,-47.0,5.206292477179895e-07
63629,12.4,-46.0,7.125537034660014e-07
63630,12.4,-45.0,9.700475259638828e-07
63631,12.4,-44.0,1.3135750066044994e-06
63632,12.4,-43.0,1.7693074221896346e-06
63633,12.4,-42.0,2.3704915663262806e-06
63634,12.4,-41.0,3.1590783025798184e-06
63635,12.4,-40.0,4.187640961029978e-06
63636,12.4,-39.0,5.521611735405951e-06
63637,12.4,-38.0,7.243592057170067e-06
63638,12.4,-37.0,1.038297446263417e-05
63639,12.4,-36.0,9.58093842006228e-05
63640,12.4,-35.0,0.0012532836800294414
63641,12.4,-34.0,0.0030604514642226716
63642,12.4,-33.0,0.0013598179044584935
63643,12.4,-32.0,0.0015428352706051108
63644,12.4,-31.0,0.0035468153508404964
63645,12.4,-30.0,0.0015903587052375713
63646,12.4,-29.0,0.0018125194910704418
63647,12.4,-28.0,0.004136925922739332
63648,12.4,-27.0,0.0017535033825940695
63649,12.4,-26.0,0.00037183072924404527
63650,12.4,-25.0,0.0021734580177772216
63651,12.4,-24.0,0.005149950879291935
63652,12.4,-23.0,0.0024052706381364444
63653,12.4,-22.0,0.0027723135607354665
63654,12.4,-21.0,0.006138313613959904
63655,12.4,-20.0,0.002756119079897121
63656,12.4,-19.0,0.0008159385561332169
63657,12.4,-18.0,0.003491092780994752
63658,12.4,-17.0,0.007886736736869192
63659,12.4,-16.0,0.003931198521445978
63660,12.4,-15.0,0.004570060004219495
63661,12.4,-14.0,0.009629505038351605
63662,12.4,-13.0,0.004664211981155723
63663,12.4,-12.0,0.0018443239525731997
63664,12.4,-11.0,0.005980900052436281
63665,12.4,-10.0,0.012741589937160937
63666,12.4,-9.0,0.006770136604457783
63667,12.4,-8.0,0.007900984695980518
63668,12.4,-7.0,0.015846995142990747
63669,12.4,-6.0,0.008122065294266175
63670,12.4,-5.0,0.00374425750536091
63671,12.4,-4.0,0.010452520282263872
63672,12.4,-3.0,0.021390429237406795
63673,12.4,-2.0,0.011066154625467738
63674,12.4,-1.0,0.0045351194304096435
63675,12.4,0.0,0.000648009065958741
63676,12.4,1.0,0.005219607899040833
63677,12.4,2.0,0.016123756491323235
63678,12.4,3.0,0.03298736908147112
63679,12.4,4.0,0.016633276688067945
63680,12.4,5.0,0.007344574282230363
63681,12.4,6.0,0.02250419128117666
63682,12.4,7.0,0.047232683298748204
63683,12.4,8.0,0.02449482962500439
63684,12.4,9.0,0.031900705225310244
63685,12.4,10.0,0.06677496766127855
63686,12.4,11.0,0.030941884044156497
63687,12.4,12.0,0.009850874257775895
63688,12.4,13.0,0.03149650650009809
63689,12.4,14.0,0.06891427657313977
63690,12.4,15.0,0.032522551979944164
63691,12.4,16.0,0.024187089825047886
63692,12.4,17.0,0.046936146625304334
63693,12.4,18.0,0.02219240976756258
63694,12.4,19.0,0.007023130695601936
63695,12.4,20.0,0.016164450670708964
63696,12.4,21.0,0.03227858824097172
63697,12.4,22.0,0.016304971190752773
63698,12.4,23.0,0.013695418972509458
63699,12.4,24.0,0.02532461114446688
63700,12.4,25.0,0.012446782426175952
63701,12.4,26.0,0.004533813748302964
63702,12.4,27.0,0.009661232134880427
63703,12.4,28.0,0.0187124568591624
63704,12.4,29.0,0.009505459671361717
63705,12.4,30.0,0.00814327421205852
63706,12.4,31.0,0.015039604438754123
63707,12.4,32.0,0.007261251805037303
63708,12.4,33.0,0.0024796021313308702
63709,12.4,34.0,0.005673776747485506
63710,12.4,35.0,0.011324057125989058
63711,12.4,36.0,0.005540073916791782
63712,12.4,37.0,0.004761406212778953
63713,12.4,38.0,0.009218252036109055
63714,12.4,39.0,0.0044063583135940665
63715,12.4,40.0,0.003792436351265447
63716,12.4,41.0,0.007555191346221213
63717,12.4,42.0,0.0033697221658072936
63718,12.4,43.0,0.0008170858997792205
63719,12.4,44.0,0.002659044156255947
63720,12.4,45.0,0.005875478468395853
63721,12.4,46.0,0.002538777929937742
63722,12.4,47.0,0.00038939262250793166
63723,12.4,48.0,0.00019843012125632088
63724,12.4,49.0,0.00016230755838827414
63725,12.4,50.0,0.0001331940650095688
63726,12.4,51.0,0.0001087259386050383
63727,12.4,52.0,8.930303701265822e-05
63728,12.4,53.0,0.00016285522352059518
63729,12.4,54.0,0.0014133177946281626
63730,12.4,55.0,0.00337591749248015
63731,12.4,56.0,0.0013924193789365507
63732,12.4,57.0,0.00012031848404970369
63733,12.4,58.0,2.364135516244352e-05
63734,12.4,59.0,1.7692846711352872e-05
63735,12.4,60.0,1.3764697931537212e-05
63736,12.4,61.0,1.0652914411898986e-05
63737,12.4,62.0,8.200801811229648e-06
63738,12.4,63.0,6.279575734006534e-06
63739,12.4,64.0,4.782890037378754e-06
63740,12.4,65.0,3.6235695153950807e-06
63741,12.4,66.0,2.730668031578011e-06
63742,12.4,67.0,2.046856149934083e-06
63743,12.4,68.0,1.5261311111844865e-06
63744,12.4,69.0,1.131833325283498e-06
63745,12.4,70.0,8.349475903442289e-07
63746,12.4,71.0,6.126635765500946e-07
63747,12.4,72.0,4.471683071696052e-07
63748,12.4,73.0,3.2464302525228166e-07
63749,12.4,74.0,2.3443758852271005e-07
63750,12.5,-75.0,8.804549638736447e-12
63751,12.5,-74.0,1.3996382195870385e-11
63752,12.5,-73.0,2.2131484587698124e-11
63753,12.5,-72.0,3.4808988977082766e-11
63754,12.5,-71.0,5.445758510799424e-11
63755,12.5,-70.0,8.474448716275901e-11
63756,12.5,-69.0,1.311748693863168e-10
63757,12.5,-68.0,2.0196491569715373e-10
63758,12.5,-67.0,3.093052790941024e-10
63759,12.5,-66.0,4.711778216079937e-10
63760,12.5,-65.0,7.139510807457931e-10
63761,12.5,-64.0,1.0760641895540191e-09
63762,12.5,-63.0,1.6132215330403027e-09
63763,12.5,-62.0,2.405669435097172e-09
63764,12.5,-61.0,3.5683216868133866e-09
63765,12.5,-60.0,5.264754908177283e-09
63766,12.5,-59.0,7.726422048925981e-09
63767,12.5,-58.0,1.127884967825156e-08
63768,12.5,-57.0,1.637711140481423e-08
63769,12.5,-56.0,2.365352734407293e-08
63770,12.5,-55.0,3.398135129420521e-08
63771,12.5,-54.0,4.8559197402792103e-08
63772,12.5,-53.0,6.902215045573932e-08
63773,12.5,-52.0,9.758692015882045e-08
63774,12.5,-51.0,1.3724005689410862e-07
63775,12.5,-50.0,1.9198015350052776e-07
63776,12.5,-49.0,2.671271118180963e-07
63777,12.5,-48.0,3.6971393449636885e-07
63778,12.5,-47.0,5.089790700876978e-07
63779,12.5,-46.0,6.969800225450527e-07
63780,12.5,-45.0,9.493516299640226e-07
63781,12.5,-44.0,1.2862349757196244e-06
63782,12.5,-43.0,1.7334051253386174e-06
63783,12.5,-42.0,2.323627540924889e-06
63784,12.5,-41.0,3.0982738153447043e-06
63785,12.5,-40.0,4.109226942948101e-06
63786,12.5,-39.0,5.4211048455142584e-06
63787,12.5,-38.0,7.115566477899693e-06
63788,12.5,-37.0,1.022498795157977e-05
63789,12.5,-36.0,9.597183391060778e-05
63790,12.5,-35.0,0.0012584541484393626
63791,12.5,-34.0,0.003073460663246318
63792,12.5,-33.0,0.001365260198735202
63793,12.5,-32.0,0.0015487905177498157
63794,12.5,-31.0,0.0035611388035931696
63795,12.5,-30.0,0.001596174794393633
63796,12.5,-29.0,0.0018188636584824315
63797,12.5,-28.0,0.004152567895757313
63798,12.5,-27.0,0.001759084469727689
63799,12.5,-26.0,0.0003714056975189312
63800,12.5,-25.0,0.0021796641271449014
63801,12.5,-24.0,0.005167305688541442
63802,12.5,-23.0,0.002411494796942033
63803,12.5,-22.0,0.0027790598797632995
63804,12.5,-21.0,0.006156881587332995
63805,12.5,-20.0,0.00276164105322793
63806,12.5,-19.0,0.0008136574276390163
63807,12.5,-18.0,0.0034971633213813588
63808,12.5,-17.0,0.007906907176843187
63809,12.5,-16.0,0.003937273657356998
63810,12.5,-15.0,0.004576735273860487
63811,12.5,-14.0,0.009651037076602358
63812,12.5,-13.0,0.004669745215145086
63813,12.5,-12.0,0.0018404809308925976
63814,12.5,-11.0,0.005987471796151615
63815,12.5,-10.0,0.012765576393967106
63816,12.5,-9.0,0.006777948297377319
63817,12.5,-8.0,0.007909737637767523
63818,12.5,-7.0,0.0158735099310851
63819,12.5,-6.0,0.008131666870804065
63820,12.5,-5.0,0.003744451859356651
63821,12.5,-4.0,0.01046411688240912
63822,12.5,-3.0,0.021420525988218305
63823,12.5,-2.0,0.011081728076947645
63824,12.5,-1.0,0.004542479542802331
63825,12.5,0.0,0.0006538958782808608
63826,12.5,1.0,0.005232914906659424
63827,12.5,2.0,0.016143041223037318
63828,12.5,3.0,0.033014374789580865
63829,12.5,4.0,0.016659843176631727
63830,12.5,5.0,0.007370259278495444
63831,12.5,6.0,0.02250387383637509
63832,12.5,7.0,0.04718975525458984
63833,12.5,8.0,0.024492825924932703
63834,12.5,9.0,0.03179502681071816
63835,12.5,10.0,0.06646053552058356
63836,12.5,11.0,0.030846813945695706
63837,12.5,12.0,0.00994864832357083
63838,12.5,13.0,0.031640792448122686
63839,12.5,14.0,0.06935594877530041
63840,12.5,15.0,0.032675921421205636
63841,12.5,16.0,0.024180008368159926
63842,12.5,17.0,0.046956707549555526
63843,12.5,18.0,0.022179514024626572
63844,12.5,19.0,0.0069895063464660125
63845,12.5,20.0,0.016121533767752046
63846,12.5,21.0,0.03222151426215498
63847,12.5,22.0,0.016268242074168035
63848,12.5,23.0,0.013656438977978308
63849,12.5,24.0,0.02526285536419522
63850,12.5,25.0,0.01241491102110947
63851,12.5,26.0,0.004520625923055189
63852,12.5,27.0,0.009633707330108274
63853,12.5,28.0,0.018658947323838226
63854,12.5,29.0,0.009480898984650666
63855,12.5,30.0,0.008121441535633253
63856,12.5,31.0,0.01499390635666264
63857,12.5,32.0,0.0072433255233885245
63858,12.5,33.0,0.0024785848233598966
63859,12.5,34.0,0.005659698610816729
63860,12.5,35.0,0.01128708139717862
63861,12.5,36.0,0.005525989142415358
63862,12.5,37.0,0.004749134100102277
63863,12.5,38.0,0.009186152747645046
63864,12.5,39.0,0.004394463187210081
63865,12.5,40.0,0.003781964279198849
63866,12.5,41.0,0.007526848627108367
63867,12.5,42.0,0.0033599316145552726
63868,12.5,43.0,0.0008183511955065318
63869,12.5,44.0,0.002650725539372537
63870,12.5,45.0,0.0058509805008656966
63871,12.5,46.0,0.0025299964776982105
63872,12.5,47.0,0.0003905960714957901
63873,12.5,48.0,0.00020013947497732828
63874,12.5,49.0,0.0001638118948341071
63875,12.5,50.0,0.00013450024346268793
63876,12.5,51.0,0.00010985065056934053
63877,12.5,52.0,9.025824559881379e-05
63878,12.5,53.0,0.00016317494232748816
63879,12.5,54.0,0.0014066772714826472
63880,12.5,55.0,0.0033584995200392803
63881,12.5,56.0,0.0013855681377290755
63882,12.5,57.0,0.00012021440849932308
63883,12.5,58.0,2.3955157735008594e-05
63884,12.5,59.0,1.7952192293821207e-05
63885,12.5,60.0,1.3973936785396608e-05
63886,12.5,61.0,1.0820614290604542e-05
63887,12.5,62.0,8.334339440685976e-06
63888,12.5,63.0,6.3852302109694525e-06
63889,12.5,64.0,4.865954488946594e-06
63890,12.5,65.0,3.6884647137488654e-06
63891,12.5,66.0,2.7810534191127202e-06
63892,12.5,67.0,2.0857350357028e-06
63893,12.5,68.0,1.5559478946122315e-06
63894,12.5,69.0,1.154561495478181e-06
63895,12.5,70.0,8.521679525102168e-07
63896,12.5,71.0,6.25632690117756e-07
63897,12.5,72.0,4.568775055803414e-07
63898,12.5,73.0,3.3186864832913825e-07
63899,12.5,74.0,2.3978321807017416e-07
63900,12.6,-75.0,8.478908112755326e-12
63901,12.6,-74.0,1.3485900928177866e-11
63902,12.6,-73.0,2.1335661306238306e-11
63903,12.6,-72.0,3.357518077476816e-11
63904,12.6,-71.0,5.25553240636906e-11
63905,12.6,-70.0,8.182785832977939e-11
63906,12.6,-69.0,1.2672775997399865e-10
63907,12.6,-68.0,1.952218571014626e-10
63908,12.6,-67.0,2.991377542160953e-10
63909,12.6,-66.0,4.559320535436052e-10
63910,12.6,-65.0,6.912181450531985e-10
63911,12.6,-64.0,1.0423564131595365e-09
63912,12.6,-63.0,1.5635200811485024e-09
63913,12.6,-62.0,2.3327961651984264e-09
63914,12.6,-61.0,3.4620730785681457e-09
63915,12.6,-60.0,5.110716358689247e-09
63916,12.6,-59.0,7.504356143859478e-09
63917,12.6,-58.0,1.0960521204329603e-08
63918,12.6,-57.0,1.5923373787443974e-08
63919,12.6,-56.0,2.3010448790348125e-08
63920,12.6,-55.0,3.3075103175398606e-08
63921,12.6,-54.0,4.728936147520867e-08
63922,12.6,-53.0,6.725302487181188e-08
63923,12.6,-52.0,9.513631685626327e-08
63924,12.6,-51.0,1.3386498562285608e-07
63925,12.6,-50.0,1.873586822559197e-07
63926,12.6,-49.0,2.6083558297708703e-07
63927,12.6,-48.0,3.6119860543551655e-07
63928,12.6,-47.0,4.975211435707497e-07
63929,12.6,-46.0,6.816529452970477e-07
63930,12.6,-45.0,9.289694800471616e-07
63931,12.6,-44.0,1.2592907461443012e-06
63932,12.6,-43.0,1.6979977615277739e-06
63933,12.6,-42.0,2.277376725022422e-06
63934,12.6,-41.0,3.038221735398186e-06
63935,12.6,-40.0,4.031726666056075e-06
63936,12.6,-39.0,5.321695460425387e-06
63937,12.6,-38.0,6.988843398255902e-06
63938,12.6,-37.0,1.0068469704429645e-05
63939,12.6,-36.0,9.613089018024259e-05
63940,12.6,-35.0,0.0012635502734582012
63941,12.6,-34.0,0.0030862845649785656
63942,12.6,-33.0,0.001370622595043894
63943,12.6,-32.0,0.0015546542773878516
63944,12.6,-31.0,0.00357524645007029
63945,12.6,-30.0,0.0016018975289258958
63946,12.6,-29.0,0.0018251001653786817
63947,12.6,-28.0,0.004167956376798091
63948,12.6,-27.0,0.0017645624157496644
63949,12.6,-26.0,0.0003709644538196542
63950,12.6,-25.0,0.0021857390063446044
63951,12.6,-24.0,0.005184339257467416
63952,12.6,-23.0,0.002417571565650153
63953,12.6,-22.0,0.002785632656015757
63954,12.6,-21.0,0.006175057666276363
63955,12.6,-20.0,0.002766985389177341
63956,12.6,-19.0,0.0008113191237421875
63957,12.6,-18.0,0.00350299812425174
63958,12.6,-17.0,0.007926550688839164
63959,12.6,-16.0,0.003943070601854899
63960,12.6,-15.0,0.004583080750579701
63961,12.6,-14.0,0.009671898732038347
63962,12.6,-13.0,0.004674919310782311
63963,12.6,-12.0,0.0018364487409258789
63964,12.6,-11.0,0.005993568644890988
63965,12.6,-10.0,0.012788628290168344
63966,12.6,-9.0,0.00678519690901747
63967,12.6,-8.0,0.007917836374657752
63968,12.6,-7.0,0.0158988317027692
63969,12.6,-6.0,0.008140555441009846
63970,12.6,-5.0,0.003744198128447682
63971,12.6,-4.0,0.010474822136594624
63972,12.6,-3.0,0.02144901804752167
63973,12.6,-2.0,0.011096326684933953
63974,12.6,-1.0,0.004549260915868505
63975,12.6,0.0,0.000659780553823223
63976,12.6,1.0,0.005245608320947207
63977,12.6,2.0,0.016161188150581485
63978,12.6,3.0,0.03303944086685745
63979,12.6,4.0,0.016685252304409242
63980,12.6,5.0,0.007395290966342071
63981,12.6,6.0,0.02250292050563284
63982,12.6,7.0,0.04714616919634533
63983,12.6,8.0,0.024490540089157613
63984,12.6,9.0,0.03169343710063545
63985,12.6,10.0,0.0661569647330297
63986,12.6,11.0,0.030755948320691222
63987,12.6,12.0,0.01004858334284302
63988,12.6,13.0,0.03179465645392104
63989,12.6,14.0,0.06982195865718949
63990,12.6,15.0,0.03283869591013528
63991,12.6,16.0,0.024172005441046578
63992,12.6,17.0,0.04697440435930726
63993,12.6,18.0,0.02216495507735852
63994,12.6,19.0,0.006954910552126598
63995,12.6,20.0,0.0160765230955334
63996,12.6,21.0,0.03216051683121639
63997,12.6,22.0,0.016229364354202806
63998,12.6,23.0,0.0136155063375976
63999,12.6,24.0,0.02519769851498994
64000,12.6,25.0,0.01238122968318552
64001,12.6,26.0,0.004506608683574815
64002,12.6,27.0,0.009604701297889833
64003,12.6,28.0,0.018602807736942516
64004,12.6,29.0,0.009454901260752432
64005,12.6,30.0,0.008098358315189753
64006,12.6,31.0,0.014946085361354446
64007,12.6,32.0,0.007224295760657849
64008,12.6,33.0,0.0024770977501964012
64009,12.6,34.0,0.005644758285014982
64010,12.6,35.0,0.011248535088663907
64011,12.6,36.0,0.005511092527169467
64012,12.6,37.0,0.004736167768201091
64013,12.6,38.0,0.009152805077381025
64014,12.6,39.0,0.004381946168556862
64015,12.6,40.0,0.0037709625777115497
64016,12.6,41.0,0.007497510541309292
64017,12.6,42.0,0.0033496838749517786
64018,12.6,43.0,0.0008194898586639133
64019,12.6,44.0,0.0026420565971443967
64020,12.6,45.0,0.005825735287884671
64021,12.6,46.0,0.0025208892001632424
64022,12.6,47.0,0.00039174579252231154
64023,12.6,48.0,0.00020182158094348207
64024,12.6,49.0,0.00016529546008438323
64025,12.6,50.0,0.00013579071270605015
64026,12.6,51.0,0.00011096369340095615
64027,12.6,52.0,9.120484413558531e-05
64028,12.6,53.0,0.00016347753713771097
64029,12.6,54.0,0.0013998680645070124
64030,12.6,55.0,0.003340674717825794
64031,12.6,56.0,0.0013785506810890071
64032,12.6,57.0,0.00012009832149645401
64033,12.6,58.0,2.4268461105992804e-05
64034,12.6,59.0,1.821151556718627e-05
64035,12.6,60.0,1.4183377554756793e-05
64036,12.6,61.0,1.0988646325227473e-05
64037,12.6,62.0,8.46827304691974e-06
64038,12.6,63.0,6.491299051823833e-06
64039,12.6,64.0,4.949422058167477e-06
64040,12.6,65.0,3.7537337847613834e-06
64041,12.6,66.0,2.8317737806478916e-06
64042,12.6,67.0,2.124906137750211e-06
64043,12.6,68.0,1.5860141334831006e-06
64044,12.6,69.0,1.1774987718100634e-06
64045,12.6,70.0,8.695608531925859e-07
64046,12.6,71.0,6.38742192486832e-07
64047,12.6,72.0,4.6669950136854224e-07
64048,12.6,73.0,3.391838586914634e-07
64049,12.6,74.0,2.451992422850513e-07
64050,12.7,-75.0,8.164218817461075e-12
64051,12.7,-74.0,1.299230063989345e-11
64052,12.7,-73.0,2.0565704645932336e-11
64053,12.7,-72.0,3.238077469237462e-11
64054,12.7,-71.0,5.0712729105505967e-11
64055,12.7,-70.0,7.900104539670743e-11
64056,12.7,-69.0,1.2241504632560832e-10
64057,12.7,-68.0,1.8867869853154362e-10
64058,12.7,-67.0,2.892657735593557e-10
64059,12.7,-66.0,4.4112059665791995e-10
64060,12.7,-65.0,6.691195668301193e-10
64061,12.7,-64.0,1.0095695233918063e-09
64062,12.7,-63.0,1.515147249021559e-09
64063,12.7,-62.0,2.2618279163204914e-09
64064,12.7,-61.0,3.358538933851989e-09
64065,12.7,-60.0,4.960521358775752e-09
64066,12.7,-59.0,7.287698062001105e-09
64067,12.7,-58.0,1.0649752861058181e-08
64068,12.7,-57.0,1.548013705728245e-08
64069,12.7,-56.0,2.2381860727692503e-08
64070,12.7,-55.0,3.2188719130274936e-08
64071,12.7,-54.0,4.604657422789831e-08
64072,12.7,-53.0,6.552048210414214e-08
64073,12.7,-52.0,9.27348516109459e-08
64074,12.7,-51.0,1.3055545643210296e-07
64075,12.7,-50.0,1.8282401302315218e-07
64076,12.7,-49.0,2.5465818050613606e-07
64077,12.7,-48.0,3.5283221948554927e-07
64078,12.7,-47.0,4.862561273597218e-07
64079,12.7,-46.0,6.665737828796336e-07
64080,12.7,-45.0,9.08903383212098e-07
64081,12.7,-44.0,1.2327461027893244e-06
64082,12.7,-43.0,1.6630912584959417e-06
64083,12.7,-42.0,2.2317480928845096e-06
64084,12.7,-41.0,2.9789352951681392e-06
64085,12.7,-40.0,3.955159224873341e-06
64086,12.7,-39.0,5.223410634485362e-06
64087,12.7,-38.0,6.8634605494740246e-06
64088,12.7,-37.0,9.913474319455269e-06
64089,12.7,-36.0,9.628686753557847e-05
64090,12.7,-35.0,0.001268575765484613
64091,12.7,-34.0,0.0030989321785185615
64092,12.7,-33.0,0.0013759091581129256
64093,12.7,-32.0,0.0015604312113951144
64094,12.7,-31.0,0.0035891488975984456
64095,12.7,-30.0,0.0016075317966607237
64096,12.7,-29.0,0.0018312346518698632
64097,12.7,-28.0,0.004183103993331196
64098,12.7,-27.0,0.001769942831974933
64099,12.7,-26.0,0.000370508593053842
64100,12.7,-25.0,0.0021916898032386927
64101,12.7,-24.0,0.005201067853387768
64102,12.7,-23.0,0.0024235090648172947
64103,12.7,-22.0,0.002792041359040937
64104,12.7,-21.0,0.006192861810865833
64105,12.7,-20.0,0.002772161884084595
64106,12.7,-19.0,0.0008089277103635337
64107,12.7,-18.0,0.0035086098357677052
64108,12.7,-17.0,0.00794569389793395
64109,12.7,-16.0,0.003948603858856641
64110,12.7,-15.0,0.004589113331381588
64111,12.7,-14.0,0.009692123254867636
64112,12.7,-13.0,0.0046797519190624305
64113,12.7,-12.0,0.0018322362395899348
64114,12.7,-11.0,0.00599921312326714
64115,12.7,-10.0,0.012810790383639083
64116,12.7,-9.0,0.006791907726883863
64117,12.7,-8.0,0.007925310179417297
64118,12.7,-7.0,0.015923016206151972
64119,12.7,-6.0,0.008148760724598457
64120,12.7,-5.0,0.003743511089525577
64121,12.7,-4.0,0.010484673371609217
64122,12.7,-3.0,0.021475979676727285
64123,12.7,-2.0,0.011109988621762282
64124,12.7,-1.0,0.004555478486393087
64125,12.7,0.0,0.0006656646374079671
64126,12.7,1.0,0.005257702856926664
64127,12.7,2.0,0.01617824672172822
64128,12.7,3.0,0.03306267100284616
64129,12.7,4.0,0.016709552803127404
64130,12.7,5.0,0.0074196847571582
64131,12.7,6.0,0.02250137342194589
64132,12.7,7.0,0.04710201290625592
64133,12.7,8.0,0.0244879936741512
64134,12.7,9.0,0.03159566134390371
64135,12.7,10.0,0.06586356273564913
64136,12.7,11.0,0.030669011331346283
64137,12.7,12.0,0.010150882510045945
64138,12.7,13.0,0.031959159211251226
64139,12.7,14.0,0.07031499300095788
64140,12.7,15.0,0.03301192150021897
64141,12.7,16.0,0.02416289068598222
64142,12.7,17.0,0.0469886685112934
64143,12.7,18.0,0.022148467116718733
64144,12.7,19.0,0.0069192617131403405
64145,12.7,20.0,0.016029202957265613
64146,12.7,21.0,0.03209514909802124
64147,12.7,22.0,0.01618811645502756
64148,12.7,23.0,0.013572435709102722
64149,12.7,24.0,0.025128789669498025
64150,12.7,25.0,0.012345567398445549
64151,12.7,26.0,0.0044917011999897
64152,12.7,27.0,0.009574081303607462
64153,12.7,28.0,0.01854377926636241
64154,12.7,29.0,0.009427333944955955
64155,12.7,30.0,0.008073910967441679
64156,12.7,31.0,0.014895933471770068
64157,12.7,32.0,0.0072040600134395515
64158,12.7,33.0,0.00247510327269835
64159,12.7,34.0,0.005628875264669545
64160,12.7,35.0,0.011208261946075743
64161,12.7,36.0,0.005495305411058813
64162,12.7,37.0,0.004722439538490234
64163,12.7,38.0,0.009118082463137389
64164,12.7,39.0,0.00436874480790937
64165,12.7,40.0,0.003759377525181296
64166,12.7,41.0,0.007467074218606864
64167,12.7,42.0,0.003338931446964057
64168,12.7,43.0,0.0008204883023168665
64169,12.7,44.0,0.0026330001021215767
64170,12.7,45.0,0.005799664023453101
64171,12.7,46.0,0.002511421033657275
64172,12.7,47.0,0.0003928349806716604
64173,12.7,48.0,0.0002034723657909311
64174,12.7,49.0,0.00016675487195708281
64175,12.7,50.0,0.0001370626665587374
64176,12.7,51.0,0.00011206275317567401
64177,12.7,52.0,9.214092338413339e-05
64178,12.7,53.0,0.0001637602936326145
64179,12.7,54.0,0.001392871592883357
64180,12.7,55.0,0.0033223995191780835
64181,12.7,56.0,0.0013713488747512427
64182,12.7,57.0,0.00011996841517013845
64183,12.7,58.0,2.4580749034451372e-05
64184,12.7,59.0,1.847042205725648e-05
64185,12.7,60.0,1.439271298780009e-05
64186,12.7,61.0,1.115677273371529e-05
64187,12.7,62.0,8.602419808837692e-06
64188,12.7,63.0,6.5976426149904195e-06
64189,12.7,64.0,5.033186790211178e-06
64190,12.7,65.0,3.819296870495963e-06
64191,12.7,66.0,2.8827693332049085e-06
64192,12.7,67.0,2.1643250066029588e-06
64193,12.7,68.0,1.616297007015993e-06
64194,12.7,69.0,1.2006210894043023e-06
64195,12.7,70.0,8.871087727688852e-07
64196,12.7,71.0,6.519794211306805e-07
64197,12.7,72.0,4.7662520981451867e-07
64198,12.7,73.0,3.465821874311086e-07
64199,12.7,74.0,2.506810902679002e-07
64200,12.8,-75.0,7.860184666683457e-12
64201,12.8,-74.0,1.251513573125195e-11
64202,12.8,-73.0,1.9820950921577115e-11
64203,12.8,-72.0,3.1224789251197396e-11
64204,12.8,-71.0,4.892835930773047e-11
64205,12.8,-70.0,7.626194856789402e-11
64206,12.8,-69.0,1.1823369167780398e-10
64207,12.8,-68.0,1.8233108229741527e-10
64208,12.8,-67.0,2.796831339600866e-10
64209,12.8,-66.0,4.267346937337768e-10
64210,12.8,-65.0,6.476430891895852e-10
64211,12.8,-64.0,9.776865183710692e-10
64212,12.8,-63.0,1.4680796736834213e-09
64213,12.8,-62.0,2.192732901588906e-09
64214,12.8,-61.0,3.257676458836158e-09
64215,12.8,-60.0,4.814112945903508e-09
64216,12.8,-59.0,7.076372909246956e-09
64217,12.8,-58.0,1.0346447504940703e-08
64218,12.8,-57.0,1.504727711224441e-08
64219,12.8,-56.0,2.176760734695174e-08
64220,12.8,-55.0,3.132200749630615e-08
64221,12.8,-54.0,4.4830605671662706e-08
64222,12.8,-53.0,6.382425472721646e-08
64223,12.8,-52.0,9.038222637980286e-08
64224,12.8,-51.0,1.273111571808925e-07
64225,12.8,-50.0,1.7837585119435134e-07
64226,12.8,-49.0,2.48594681666586e-07
64227,12.8,-48.0,3.4461471327558096e-07
64228,12.8,-47.0,4.751842522662554e-07
64229,12.8,-46.0,6.517432612708664e-07
64230,12.8,-45.0,8.89154852492188e-07
64231,12.8,-44.0,1.2066037605257952e-06
64232,12.8,-43.0,1.6286901114186668e-06
64233,12.8,-42.0,2.1867487134438365e-06
64234,12.8,-41.0,2.9204252094254578e-06
64235,12.8,-40.0,3.879540408589971e-06
64236,12.8,-39.0,5.1262731103462845e-06
64237,12.8,-38.0,6.739450073363876e-06
64238,12.8,-37.0,9.76004885180851e-06
64239,12.8,-36.0,9.64400405081756e-05
64240,12.8,-35.0,0.0012735338672870992
64241,12.8,-34.0,0.003111411378035985
64242,12.8,-33.0,0.0013811234424338625
64243,12.8,-32.0,0.0015661253999738488
64244,12.8,-31.0,0.003602855427876639
64245,12.8,-30.0,0.001613081880579445
64246,12.8,-29.0,0.0018372720652449985
64247,12.8,-28.0,0.0041980218121189196
64248,12.8,-27.0,0.0017752306507057907
64249,12.8,-26.0,0.0003700395398040466
64250,12.8,-25.0,0.002197522815518182
64251,12.8,-24.0,0.005217505773117551
64252,12.8,-23.0,0.0024293144658519656
64253,12.8,-22.0,0.0027982943603732688
64254,12.8,-21.0,0.006210311607124135
64255,12.8,-20.0,0.0027771792283467996
64256,12.8,-19.0,0.0008064868717754243
64257,12.8,-18.0,0.00351400969464341
64258,12.8,-17.0,0.007964360340386258
64259,12.8,-16.0,0.003953886344096155
64260,12.8,-15.0,0.004594848066060388
64261,12.8,-14.0,0.009711740097374704
64262,12.8,-13.0,0.004684258800961313
64263,12.8,-12.0,0.0018278514774866192
64264,12.8,-11.0,0.006004425336317053
64265,12.8,-10.0,0.012832102376964591
64266,12.8,-9.0,0.006798103320884866
64267,12.8,-8.0,0.00793218515046022
64268,12.8,-7.0,0.015946112883230806
64269,12.8,-6.0,0.008156309210726194
64270,12.8,-5.0,0.003742404039533079
64271,12.8,-4.0,0.010493703746759682
64272,12.8,-3.0,0.021501476579678328
64273,12.8,-2.0,0.011122747710123096
64274,12.8,-1.0,0.004561145517606607
64275,12.8,0.0,0.0006715494629463889
64276,12.8,1.0,0.0052692113482939425
64277,12.8,2.0,0.01619426001443292
64278,12.8,3.0,0.033084155553508375
64279,12.8,4.0,0.01673278690260438
64280,12.8,5.0,0.007443453511306764
64281,12.8,6.0,0.022499266685065654
64282,12.8,7.0,0.04705735713669189
64283,12.8,8.0,0.0244852017306209
64284,12.8,9.0,0.031501446117097355
64285,12.8,10.0,0.06557969320692791
64286,12.8,11.0,0.030585749273006845
64287,12.8,12.0,0.01025578582019423
64288,12.8,13.0,0.032135564604047505
64289,12.8,14.0,0.07083825474131963
64290,12.8,15.0,0.03319684422635503
64291,12.8,16.0,0.024152430516917893
64292,12.8,17.0,0.04699880731109947
64293,12.8,18.0,0.022129726845821877
64294,12.8,19.0,0.006882461681482293
64295,12.8,20.0,0.015979316542054645
64296,12.8,21.0,0.03202487988103435
64297,12.8,22.0,0.016144234910640702
64298,12.8,23.0,0.013527007193333124
64299,12.8,24.0,0.025055713022913515
64300,12.8,25.0,0.01230772152974057
64301,12.8,26.0,0.0044758314258629825
64302,12.8,27.0,0.009541690333219513
64303,12.8,28.0,0.018481555789452674
64304,12.8,29.0,0.009398040391736036
64305,12.8,30.0,0.008047965348180997
64306,12.8,31.0,0.014843204896503499
64307,12.8,32.0,0.007182497319360676
64308,12.8,33.0,0.002472557191813325
64309,12.8,34.0,0.005611954624904456
64310,12.8,35.0,0.011166077395114975
64311,12.8,36.0,0.005478535041492865
64312,12.8,37.0,0.004707869627911489
64313,12.8,38.0,0.00908183539616394
64314,12.8,39.0,0.004354785466626746
64315,12.8,40.0,0.0037471457797959014
64316,12.8,41.0,0.007435418095005114
64317,12.8,42.0,0.0033276183008241816
64318,12.8,43.0,0.0008213306246100286
64319,12.8,44.0,0.0026235121260841147
64320,12.8,45.0,0.005772673509601439
64321,12.8,46.0,0.002501550567156914
64322,12.8,47.0,0.0003938556751523521
64323,12.8,48.0,0.00020508708654067467
64324,12.8,49.0,0.00016818619084297095
64325,12.8,50.0,0.00013831283446655236
64326,12.8,51.0,0.0001131451311840341
64327,12.8,52.0,9.306425456558826e-05
64328,12.8,53.0,0.00016402002090587164
64329,12.8,54.0,0.0013856658551822693
64330,12.8,55.0,0.003303622305739719
64331,12.8,56.0,0.0013639412371786116
64332,12.8,57.0,0.00011982255384652018
64333,12.8,58.0,2.489141418418068e-05
64334,12.8,59.0,1.872844693734245e-05
64335,12.8,60.0,1.460158032544712e-05
64336,12.8,61.0,1.1324712176267129e-05
64337,12.8,62.0,8.736562911962347e-06
64338,12.8,63.0,6.704094875381086e-06
64339,12.8,64.0,5.117122365655479e-06
64340,12.8,65.0,3.8850584808291305e-06
64341,12.8,66.0,2.933968360507178e-06
64342,12.8,67.0,2.2039381335044305e-06
64343,12.8,68.0,1.6467568550664655e-06
64344,12.8,69.0,1.2238992486057203e-06
64345,12.8,70.0,9.04790358003484e-07
64346,12.8,71.0,6.653288672875036e-07
64347,12.8,72.0,4.866434448158087e-07
64348,12.8,73.0,3.540556228483606e-07
64349,12.8,74.0,2.562230647707615e-07
64350,12.9,-75.0,7.566509284534221e-12
64351,12.9,-74.0,1.2053960755034457e-11
64352,12.9,-73.0,1.910073523032541e-11
64353,12.9,-72.0,3.010623889314975e-11
64354,12.9,-71.0,4.720076417445533e-11
64355,12.9,-70.0,7.3608448492145e-11
64356,12.9,-69.0,1.1418062222757545e-10
64357,12.9,-68.0,1.761745839246528e-10
64358,12.9,-67.0,2.7038351602385986e-10
64359,12.9,-66.0,4.127653906997461e-10
64360,12.9,-65.0,6.267761291019692e-10
64361,12.9,-64.0,9.46689865774565e-10
64362,12.9,-63.0,1.4222931431301372e-09
64363,12.9,-62.0,2.1254779942882444e-09
64364,12.9,-61.0,3.159440772154865e-09
64365,12.9,-60.0,4.671430942913255e-09
64366,12.9,-59.0,6.8703008947206e-09
64367,12.9,-58.0,1.0050500608879041e-08
64368,12.9,-57.0,1.4624658823521326e-08
64369,12.9,-56.0,2.1167516521840196e-08
64370,12.9,-55.0,3.047475267633742e-08
64371,12.9,-54.0,4.364119100477228e-08
64372,12.9,-53.0,6.21640250939462e-08
64373,12.9,-52.0,8.807807124215183e-08
64374,12.9,-51.0,1.2413167364967022e-07
64375,12.9,-50.0,1.7401375828476724e-07
64376,12.9,-49.0,2.4264466242583425e-07
64377,12.9,-48.0,3.3654574384963344e-07
64378,12.9,-47.0,4.643053635399032e-07
64379,12.9,-46.0,6.371615784663928e-07
64380,12.9,-45.0,8.697246829077175e-07
64381,12.9,-44.0,1.1808654644478056e-06
64382,12.9,-43.0,1.594797514483048e-06
64383,12.9,-42.0,2.1423839219512036e-06
64384,12.9,-41.0,2.8626998979039964e-06
64385,12.9,-40.0,3.8048829880982722e-06
64386,12.9,-39.0,5.030301686880785e-06
64387,12.9,-38.0,6.616838991163192e-06
64388,12.9,-37.0,9.608233417587505e-06
64389,12.9,-36.0,9.65906452866245e-05
64390,12.9,-35.0,0.0012784273683240591
64391,12.9,-34.0,0.0031237289368240967
64392,12.9,-33.0,0.001386268508160297
64393,12.9,-32.0,0.0015717403601061327
64394,12.9,-31.0,0.003616374037925656
64395,12.9,-30.0,0.0016185514785119761
64396,12.9,-29.0,0.0018432166829431284
64397,12.9,-28.0,0.004212719389049715
64398,12.9,-27.0,0.0017804301485820147
64399,12.9,-26.0,0.0003695585566572489
64400,12.9,-25.0,0.00220324352093799
64401,12.9,-24.0,0.005233665409016397
64402,12.9,-23.0,0.0024349940256417845
64403,12.9,-22.0,0.0028043989741726267
64404,12.9,-21.0,0.006227422349623304
64405,12.9,-20.0,0.002782045048936453
64406,12.9,-19.0,0.0008039999306630561
64407,12.9,-18.0,0.003519207587481671
64408,12.9,-17.0,0.007982570576279971
64409,12.9,-16.0,0.0039589294484795624
64410,12.9,-15.0,0.00460029823146152
64411,12.9,-14.0,0.009730775056755297
64412,12.9,-13.0,0.004688453904989088
64413,12.9,-12.0,0.0018233017397520518
64414,12.9,-11.0,0.006009223069716518
64415,12.9,-10.0,0.01285259911413581
64416,12.9,-9.0,0.0068038036553505574
64417,12.9,-8.0,0.007938484343611527
64418,12.9,-7.0,0.015968165120646808
64419,12.9,-6.0,0.008163224291221882
64420,12.9,-5.0,0.0037408888616384953
64421,12.9,-4.0,0.010501942428244782
64422,12.9,-3.0,0.021525566253803835
64423,12.9,-2.0,0.011134633600728467
64424,12.9,-1.0,0.004566273665268926
64425,12.9,0.0,0.000677436155260046
64426,12.9,1.0,0.005280144816223472
64427,12.9,2.0,0.016209265010018237
64428,12.9,3.0,0.03310397213351083
64429,12.9,4.0,0.01675499060056091
64430,12.9,5.0,0.007466607622149392
64431,12.9,6.0,0.02249662673788051
64432,12.9,7.0,0.047012256464325324
64433,12.9,8.0,0.024482172929641333
64434,12.9,9.0,0.03141055578754746
64435,12.9,10.0,0.06530476727542471
64436,12.9,11.0,0.03050592712214424
64437,12.9,12.0,0.010363580306772055
64438,12.9,13.0,0.03232539878589951
64439,12.9,14.0,0.07139561318426745
64440,12.9,15.0,0.033394968250529206
64441,12.9,16.0,0.0241403351073939
64442,12.9,17.0,0.04700396679412464
64443,12.9,18.0,0.022108336322897968
64444,12.9,19.0,0.006844390887652207
64445,12.9,20.0,0.015926554052131815
64446,12.9,21.0,0.03194906940862095
64447,12.9,22.0,0.016097402282843887
64448,12.9,23.0,0.01347895636110459
64449,12.9,24.0,0.024977969231148416
64450,12.9,25.0,0.01226744869930355
64451,12.9,26.0,0.0044589128396334944
64452,12.9,27.0,0.009507340083647507
64453,12.9,28.0,0.018415770272395614
64454,12.9,29.0,0.009366832921087458
64455,12.9,30.0,0.008020360822599668
64456,12.9,31.0,0.014787605138410284
64457,12.9,32.0,0.007159462941098174
64458,12.9,33.0,0.0024694068639480606
64459,12.9,34.0,0.005593882869800449
64460,12.9,35.0,0.011121760378950261
64461,12.9,36.0,0.005460670519474094
64462,12.9,37.0,0.004692362667411059
64463,12.9,38.0,0.0090438848058221
64464,12.9,39.0,0.004339980100421146
64465,12.9,40.0,0.0037341916140889255
64466,12.9,41.0,0.007402396520913835
64467,12.9,42.0,0.003315677425443131
64468,12.9,43.0,0.0008219979543737867
64469,12.9,44.0,0.0026135401137263297
64470,12.9,45.0,0.005744652000689057
64471,12.9,46.0,0.0024912282158148133
64472,12.9,47.0,0.00039479843550488977
64473,12.9,48.0,0.00020666014643725593
64474,12.9,49.0,0.0001695847668648929
64475,12.9,50.0,0.00013953735451204097
64476,12.9,51.0,0.00011420763897500053
64477,12.9,52.0,9.397220237219025e-05
64478,12.9,53.0,0.00016425291800677014
64479,12.9,54.0,0.0013782244404364542
64480,12.9,55.0,0.0032842810733800638
64481,12.9,56.0,0.0013563019706538258
64482,12.9,57.0,0.00011965818122823993
64483,12.9,58.0,2.5199733589507795e-05
64484,12.9,59.0,1.89850361505242e-05
64485,12.9,60.0,1.4809546428063379e-05
64486,12.9,61.0,1.1492128098346886e-05
64487,12.9,62.0,8.870442460678197e-06
64488,12.9,63.0,6.8104563771909304e-06
64489,12.9,64.0,5.201076664641224e-06
64490,12.9,65.0,3.950903322782557e-06
64491,12.9,66.0,2.985284030014757e-06
64492,12.9,67.0,2.2436805341473987e-06
64493,12.9,68.0,1.677345353626716e-06
64494,12.9,69.0,1.2472975446410666e-06
64495,12.9,70.0,9.225793982946709e-07
64496,12.9,71.0,6.787714152041859e-07
64497,12.9,72.0,4.96740356574959e-07
64498,12.9,73.0,3.6159419703323813e-07
64499,12.9,74.0,2.6181803986648954e-07
64500,13.0,-75.0,7.021670154754718e-12
64501,13.0,-74.0,1.119195660517471e-11
64502,13.0,-73.0,1.7744252882667265e-11
64503,13.0,-72.0,2.798308079159553e-11
64504,13.0,-71.0,4.389544357302571e-11
64505,13.0,-70.0,6.849036256707252e-11
64506,13.0,-69.0,1.0629812303521789e-10
64507,13.0,-68.0,1.6409971786449844e-10
64508,13.0,-67.0,2.519858652278733e-10
64509,13.0,-66.0,3.8488468825176817e-10
64510,13.0,-65.0,5.847512993130753e-10
64511,13.0,-64.0,8.83685776561919e-10
64512,13.0,-63.0,1.3283442563854035e-09
64513,13.0,-62.0,1.9861384909963337e-09
64514,13.0,-61.0,2.9538913873704646e-09
64515,13.0,-60.0,4.36984091166663e-09
64516,13.0,-59.0,6.430175704692846e-09
64517,13.0,-58.0,9.411658601535354e-09
64518,13.0,-57.0,1.3702367237599459e-08
64519,13.0,-56.0,1.9843174674834402e-08
64520,13.0,-55.0,2.8583330154262396e-08
64521,13.0,-54.0,4.09544047293558e-08
64522,13.0,-53.0,5.8367963063601886e-08
64523,13.0,-52.0,8.274363428241262e-08
64524,13.0,-51.0,1.1667580127994424e-07
64525,13.0,-50.0,1.6364892288103766e-07
64526,13.0,-49.0,2.283135504520834e-07
64527,13.0,-48.0,3.1683738931958164e-07
64528,13.0,-47.0,4.373482555170284e-07
64529,13.0,-46.0,6.004884343187932e-07
64530,13.0,-45.0,8.201026713172181e-07
64531,13.0,-44.0,1.1140846937830588e-06
64532,13.0,-43.0,1.5054095997112248e-06
64533,13.0,-42.0,2.0233814449067424e-06
64534,13.0,-41.0,2.7051266327518487e-06
64535,13.0,-40.0,3.5973639420251585e-06
64536,13.0,-39.0,4.758481369054522e-06
64537,13.0,-38.0,6.262659383490771e-06
64538,13.0,-37.0,9.11881374372798e-06
64539,13.0,-36.0,9.326898711072232e-05
64540,13.0,-35.0,0.0012372298496570605
64541,13.0,-34.0,0.003023410363435345
64542,13.0,-33.0,0.0013414411842572855
64543,13.0,-32.0,0.0015207041746553831
64544,13.0,-31.0,0.00349951858749823
64545,13.0,-30.0,0.0015656950345728506
64546,13.0,-29.0,0.0017827483923363743
64547,13.0,-28.0,0.004075580638864128
64548,13.0,-27.0,0.0017214998611007725
64549,13.0,-26.0,0.0003558288217687747
64550,13.0,-25.0,0.002129627876658292
64551,13.0,-24.0,0.00506126271879141
64552,13.0,-23.0,0.0023530137463164988
64553,13.0,-22.0,0.002709557591325693
64554,13.0,-21.0,0.006020235769999303
64555,13.0,-20.0,0.002686808385948193
64556,13.0,-19.0,0.0007727222160065303
64557,13.0,-18.0,0.0033978033313302384
64558,13.0,-17.0,0.007713380728884595
64559,13.0,-16.0,0.0038215689398686044
64560,13.0,-15.0,0.0044402831650404845
64561,13.0,-14.0,0.009399557850544872
64562,13.0,-13.0,0.0045240411484864145
64563,13.0,-12.0,0.0017533630678327992
64564,13.0,-11.0,0.0057979213189835255
64565,13.0,-10.0,0.012410598213341556
64566,13.0,-9.0,0.006564795541816825
64567,13.0,-8.0,0.0076592790784006425
64568,13.0,-7.0,0.01541569891376863
64569,13.0,-6.0,0.007876496413233708
64570,13.0,-5.0,0.0036048640221003434
64571,13.0,-4.0,0.010132456117705106
64572,13.0,-3.0,0.020775389711174645
64573,13.0,-2.0,0.010745891610691626
64574,13.0,-1.0,0.004406921944809791
64575,13.0,0.0,0.0006588156560743086
64576,13.0,1.0,0.005100748933829764
64577,13.0,2.0,0.0156413850568549
64578,13.0,3.0,0.031934137700937726
64579,13.0,4.0,0.01617445430204594
64580,13.0,5.0,0.007220529129442426
64581,13.0,6.0,0.021686661967302737
64582,13.0,7.0,0.04528211564298204
64583,13.0,8.0,0.023600883987652137
64584,13.0,9.0,0.03019926376817429
64585,13.0,10.0,0.06270540175159206
64586,13.0,11.0,0.029337866559290528
64587,13.0,12.0,0.010098904118668038
64588,13.0,13.0,0.03586864828809127
64589,13.0,14.0,0.07423967944438568
64590,13.0,15.0,0.03465751421211325
64591,13.0,16.0,0.024879554777439864
64592,13.0,17.0,0.04847069773128763
64593,13.0,18.0,0.02277334057012402
64594,13.0,19.0,0.007017376868533795
64595,13.0,20.0,0.016366075642862493
64596,13.0,21.0,0.032861944433173584
64597,13.0,22.0,0.016548286886489214
64598,13.0,23.0,0.013847233179749098
64599,13.0,24.0,0.025672265956848933
64600,13.0,25.0,0.01260614672847123
64601,13.0,26.0,0.004579500087625514
64602,13.0,27.0,0.009766516212957554
64603,13.0,28.0,0.01891880806462962
64604,13.0,29.0,0.009624910561404349
64605,13.0,30.0,0.00824040884795116
64606,13.0,31.0,0.01518866512058985
64607,13.0,32.0,0.007357556396974967
64608,13.0,33.0,0.002542573780420526
64609,13.0,34.0,0.005748580274709134
64610,13.0,35.0,0.011420847599343652
64611,13.0,36.0,0.005611484221798696
64612,13.0,37.0,0.004821799488072359
64613,13.0,38.0,0.00928515292205007
64614,13.0,39.0,0.004459240694545682
64615,13.0,40.0,0.0038365890492537843
64616,13.0,41.0,0.007597884446251856
64617,13.0,42.0,0.003406160694675597
64618,13.0,43.0,0.000848148155963475
64619,13.0,44.0,0.0026842965499466525
64620,13.0,45.0,0.005893922269192078
64621,13.0,46.0,0.002557841153191301
64622,13.0,47.0,0.0004080056726095756
64623,13.0,48.0,0.00021468517457080998
64624,13.0,49.0,0.00017628259219957783
64625,13.0,50.0,0.00014512578158847893
64626,13.0,51.0,0.00011884489243486525
64627,13.0,52.0,9.782355024445813e-05
64628,13.0,53.0,0.0001695892900276876
64629,13.0,54.0,0.0014133079296765431
64630,13.0,55.0,0.0033662242460475427
64631,13.0,56.0,0.0013905018579860986
64632,13.0,57.0,0.00012320257482058722
64633,13.0,58.0,2.6301194195589152e-05
64634,13.0,59.0,1.9840252465066817e-05
64635,13.0,60.0,1.548494747503412e-05
64636,13.0,61.0,1.2022639552086592e-05
64637,13.0,62.0,9.28487456438632e-06
64638,13.0,63.0,7.13244386962479e-06
64639,13.0,64.0,5.4498781424334045e-06
64640,13.0,65.0,4.14210714139399e-06
64641,13.0,66.0,3.1314246971958665e-06
64642,13.0,67.0,2.354771246632331e-06
64643,13.0,68.0,1.7613334512700312e-06
64644,13.0,69.0,1.3104502860741961e-06
64645,13.0,70.0,9.69807691474114e-07
64646,13.0,71.0,7.138990529623753e-07
64647,13.0,72.0,5.227259914690663e-07
64648,13.0,73.0,3.807128115654371e-07
64649,13.0,74.0,2.7580808694587473e-07
64650,13.1,-75.0,6.4771534921787364e-12
64651,13.1,-74.0,1.0329544506455188e-11
64652,13.1,-73.0,1.638567214916495e-11
64653,13.1,-72.0,2.5854340162420966e-11
64654,13.1,-71.0,4.057782486525056e-11
64655,13.1,-70.0,6.334760147121996e-11
64656,13.1,-69.0,9.836887302422039e-11
64657,13.1,-68.0,1.5193972060592705e-10
64658,13.1,-67.0,2.3343773392154106e-10
64659,13.1,-66.0,3.5674418404091156e-10
64660,13.1,-65.0,5.422865740062176e-10
64661,13.1,-64.0,8.199491326476884e-10
64662,13.1,-63.0,1.2331930753831808e-09
64663,13.1,-62.0,1.8448512394538625e-09
64664,13.1,-61.0,2.745223677160422e-09
64665,13.1,-60.0,4.063312543027897e-09
64666,13.1,-59.0,5.982308862478975e-09
64667,13.1,-58.0,8.760795551362026e-09
64668,13.1,-57.0,1.2761577779257352e-08
64669,13.1,-56.0,1.8490613151524823e-08
64670,13.1,-55.0,2.664921195598595e-08
64671,13.1,-54.0,3.8203535038847436e-08
64672,13.1,-53.0,5.447645735907278e-08
64673,13.1,-52.0,7.726811154776123e-08
64674,13.1,-51.0,1.0901289747466515e-07
64675,13.1,-50.0,1.5298245478071254e-07
64676,13.1,-49.0,2.1354605029065194e-07
64677,13.1,-48.0,2.9650202250478824e-07
64678,13.1,-47.0,4.094963239489882e-07
64679,13.1,-46.0,5.625467579971503e-07
64680,13.1,-45.0,7.686941387157867e-07
64681,13.1,-44.0,1.0448041927943605e-06
64682,13.1,-43.0,1.4125464118882393e-06
64683,13.1,-42.0,1.8995780445686238e-06
64684,13.1,-41.0,2.540962731779961e-06
64685,13.1,-40.0,3.380853629199526e-06
64686,13.1,-39.0,4.474470374940914e-06
64687,13.1,-38.0,5.892044386433238e-06
64688,13.1,-37.0,8.603075710205617e-06
64689,13.1,-36.0,8.95324892203104e-05
64690,13.1,-35.0,0.0011902832741802068
64691,13.1,-34.0,0.0029090123238189507
64692,13.1,-33.0,0.0012903935069960573
64693,13.1,-32.0,0.0014626323336347949
64694,13.1,-31.0,0.003366422132114467
64695,13.1,-30.0,0.0015056194651319173
64696,13.1,-29.0,0.0017140808120313044
64697,13.1,-28.0,0.003919606048947261
64698,13.1,-27.0,0.0016546943580834053
64699,13.1,-26.0,0.0003405953402521898
64700,13.1,-25.0,0.0020463217048347186
64701,13.1,-24.0,0.004865624346211439
64702,13.1,-23.0,0.002260373974566145
64703,13.1,-22.0,0.002602471808473599
64704,13.1,-21.0,0.005785565253192656
64705,13.1,-20.0,0.002579517159786586
64706,13.1,-19.0,0.000738272290262206
64707,13.1,-18.0,0.0032612187336677196
64708,13.1,-17.0,0.00740924218924813
64709,13.1,-16.0,0.003667185881019997
64710,13.1,-15.0,0.004260515274523627
64711,13.1,-14.0,0.0090259707835313
64712,13.1,-13.0,0.00433958822367553
64713,13.1,-12.0,0.001676091927318976
64714,13.1,-11.0,0.005560967601384694
64715,13.1,-10.0,0.011912968044075602
64716,13.1,-9.0,0.006296699935606711
64717,13.1,-8.0,0.007346164841470018
64718,13.1,-7.0,0.014794365169328468
64719,13.1,-6.0,0.007554829207021437
64720,13.1,-5.0,0.0034531053622666166
64721,13.1,-4.0,0.00971809109696585
64722,13.1,-3.0,0.019932827646587045
64723,13.1,-2.0,0.010309284348162289
64724,13.1,-1.0,0.004227767302843295
64725,13.1,0.0,0.000636915032068664
64726,13.1,1.0,0.00489809010329723
64727,13.1,2.0,0.015004219983863292
64728,13.1,3.0,0.03062400309523165
64729,13.1,4.0,0.015521770683200585
64730,13.1,5.0,0.006941097517503198
64731,13.1,6.0,0.02078310469266584
64732,13.1,7.0,0.04336012196991229
64733,13.1,8.0,0.022618013303655583
64734,13.1,9.0,0.028867292160141545
64735,13.1,10.0,0.05986357807225992
64736,13.1,11.0,0.028052096641954728
64737,13.1,12.0,0.009785714938904283
64738,13.1,13.0,0.03794406365388787
64739,13.1,14.0,0.07772424812904143
64740,13.1,15.0,0.036210696467136226
64741,13.1,16.0,0.025799732598452536
64742,13.1,17.0,0.05028905317459897
64743,13.1,18.0,0.023601540240471956
64744,13.1,19.0,0.007237940164851883
64745,13.1,20.0,0.016919101861302657
64746,13.1,21.0,0.03400505852169913
64747,13.1,22.0,0.017114336590040115
64748,13.1,23.0,0.014311087574829481
64749,13.1,24.0,0.026544752348730674
64750,13.1,25.0,0.013032047330760486
64751,13.1,26.0,0.004731420442631949
64752,13.1,27.0,0.010092942838144117
64753,13.1,28.0,0.019552430045907922
64754,13.1,29.0,0.009949462805807843
64755,13.1,30.0,0.008517284600063667
64756,13.1,31.0,0.01569435554516278
64757,13.1,32.0,0.0076065096549931275
64758,13.1,33.0,0.0026335376773390425
64759,13.1,34.0,0.0059430077310811125
64760,13.1,35.0,0.011798465585952307
64761,13.1,36.0,0.005801098119794726
64762,13.1,37.0,0.004984568749630863
64763,13.1,38.0,0.009590168224718537
64764,13.1,39.0,0.004609318694961116
64765,13.1,40.0,0.0039654919863683115
64766,13.1,41.0,0.007845432662947712
64767,13.1,42.0,0.003520161072772626
64768,13.1,43.0,0.0008803822271223739
64769,13.1,44.0,0.0027735596014657744
64770,13.1,45.0,0.006083444292260198
64771,13.1,46.0,0.0026420433492876797
64772,13.1,47.0,0.00042418926215135596
64773,13.1,48.0,0.00022434932865274956
64774,13.1,49.0,0.00018433534331217775
64775,13.1,50.0,0.00015183617377377863
64776,13.1,51.0,0.00012440633188760082
64777,13.1,52.0,0.00010243902285599704
64778,13.1,53.0,0.00017615829184886695
64779,13.1,54.0,0.001458006986840382
64780,13.1,55.0,0.003470955920328374
64781,13.1,56.0,0.0014341406557248431
64782,13.1,57.0,0.00012762073374029804
64783,13.1,58.0,2.7614582162422443e-05
64784,13.1,59.0,2.0857371233417237e-05
64785,13.1,60.0,1.628749548172729e-05
64786,13.1,61.0,1.2652483746282195e-05
64787,13.1,62.0,9.77649970354699e-06
64788,13.1,63.0,7.5141022807596916e-06
64789,13.1,64.0,5.744561995191011e-06
64790,13.1,65.0,4.36840450780065e-06
64791,13.1,66.0,3.3042650744861406e-06
64792,13.1,67.0,2.4860680996610845e-06
64793,13.1,68.0,1.8605325367080311e-06
64794,13.1,69.0,1.3849931492936215e-06
64795,13.1,70.0,1.0255198916553225e-06
64796,13.1,71.0,7.553124782486818e-07
64797,13.1,72.0,5.533441692567527e-07
64798,13.1,73.0,4.0322748214243554e-07
64799,13.1,74.0,2.9227456137800787e-07
64800,13.2,-75.0,6.2195863503737225e-12
64801,13.2,-74.0,9.924071244137253e-12
64802,13.2,-73.0,1.5750862943451472e-11
64803,13.2,-72.0,2.4865943306199852e-11
64804,13.2,-71.0,3.904735611872733e-11
64805,13.2,-70.0,6.099081475766506e-11
64806,13.2,-69.0,9.47596273738183e-11
64807,13.2,-68.0,1.4644291365767107e-10
64808,13.2,-67.0,2.251124349382734e-10
64809,13.2,-66.0,3.442046377973842e-10
64810,13.2,-65.0,5.235040641084687e-10
64811,13.2,-64.0,7.919714125466738e-10
64812,13.2,-63.0,1.1917497270311026e-09
64813,13.2,-62.0,1.783802323198403e-09
64814,13.2,-61.0,2.6557946881535637e-09
64815,13.2,-60.0,3.933040149472563e-09
64816,13.2,-59.0,5.793598187200646e-09
64817,13.2,-58.0,8.488959747017624e-09
64818,13.2,-57.0,1.2372193087974731e-08
64819,13.2,-56.0,1.7935976184311092e-08
64820,13.2,-55.0,2.586362918579815e-08
64821,13.2,-54.0,3.7097106125147317e-08
64822,13.2,-53.0,5.292693272440742e-08
64823,13.2,-52.0,7.511030974816693e-08
64824,13.2,-51.0,1.0602505902545963e-07
64825,13.2,-50.0,1.4886878670559102e-07
64826,13.2,-49.0,2.0791458137384708e-07
64827,13.2,-48.0,2.888367461672588e-07
64828,13.2,-47.0,3.991224588848846e-07
64829,13.2,-46.0,5.485878136005105e-07
64830,13.2,-45.0,7.500193430987153e-07
64831,13.2,-44.0,1.0199647392312375e-06
64832,13.2,-43.0,1.3796989216817498e-06
64833,13.2,-42.0,1.8563936511077823e-06
64834,13.2,-41.0,2.4845202859580776e-06
64835,13.2,-40.0,3.3075157375096783e-06
64836,13.2,-39.0,4.379741338806076e-06
64837,13.2,-38.0,5.770412529105024e-06
64838,13.2,-37.0,8.449380590968573e-06
64839,13.2,-36.0,8.947459139159884e-05
64840,13.2,-35.0,0.0011920939727842587
64841,13.2,-34.0,0.0029137571551066514
64842,13.2,-33.0,0.001292211378742924
64843,13.2,-32.0,0.0014644909914177113
64844,13.2,-31.0,0.003371232980916296
64845,13.2,-30.0,0.001507249878399613
64846,13.2,-29.0,0.0017156737874261128
64847,13.2,-28.0,0.003924243386830779
64848,13.2,-27.0,0.0016557391911114587
64849,13.2,-26.0,0.0003393991505672677
64850,13.2,-25.0,0.002046952115615978
64851,13.2,-24.0,0.0048694472063744105
64852,13.2,-23.0,0.0022604767026913612
64853,13.2,-22.0,0.0026021802863688986
64854,13.2,-21.0,0.005788150874482099
64855,13.2,-20.0,0.0025781251940672862
64856,13.2,-19.0,0.000734294695355803
64857,13.2,-18.0,0.0032585518607500356
64858,13.2,-17.0,0.007409083425887474
64859,13.2,-16.0,0.003663415150871259
64860,13.2,-15.0,0.004255739780082912
64861,13.2,-14.0,0.00902280537213602
64862,13.2,-13.0,0.004333415132426088
64863,13.2,-12.0,0.0016679048010422
64864,13.2,-11.0,0.005552482200803743
64865,13.2,-10.0,0.01190439719761679
64866,13.2,-9.0,0.006287266323813777
64867,13.2,-8.0,0.0073348393596650175
64868,13.2,-7.0,0.01478049610291277
64869,13.2,-6.0,0.007543469294461836
64870,13.2,-5.0,0.0034432797748902796
64871,13.2,-4.0,0.009702931704110587
64872,13.2,-3.0,0.01990895166818734
64873,13.2,-2.0,0.010296004947654981
64874,13.2,-1.0,0.0042220535210545996
64875,13.2,0.0,0.0006409966712446969
64876,13.2,1.0,0.004896196960468334
64877,13.2,2.0,0.014983469931704275
64878,13.2,3.0,0.03057277259720995
64879,13.2,4.0,0.01550648893604587
64880,13.2,5.0,0.0069460043510737686
64881,13.2,6.0,0.02073502102340196
64882,13.2,7.0,0.04322513630366729
64883,13.2,8.0,0.0225663944538447
64884,13.2,9.0,0.02873002988708091
64885,13.2,10.0,0.059504412510409915
64886,13.2,11.0,0.027927108713133524
64887,13.2,12.0,0.009874539827447008
64888,13.2,13.0,0.038927802236780724
64889,13.2,14.0,0.07850708502065884
64890,13.2,15.0,0.03649809935918885
64891,13.2,16.0,0.025792158768388914
64892,13.2,17.0,0.05029657237865261
64893,13.2,18.0,0.023578604582923452
64894,13.2,19.0,0.007195740013994552
64895,13.2,20.0,0.01685931199610402
64896,13.2,21.0,0.03391788621035645
64897,13.2,22.0,0.017060691182023545
64898,13.2,23.0,0.014256231489883572
64899,13.2,24.0,0.026455751140627794
64900,13.2,25.0,0.012985678736935801
64901,13.2,26.0,0.00471160433213472
64902,13.2,27.0,0.010053397743209236
64903,13.2,28.0,0.019477366047688183
64904,13.2,29.0,0.009913362035963992
64905,13.2,30.0,0.008485363880023047
64906,13.2,31.0,0.015631075778182214
64907,13.2,32.0,0.007579756549188443
64908,13.2,33.0,0.0026291167991460947
64909,13.2,34.0,0.005922018556862601
64910,13.2,35.0,0.011748284799310341
64911,13.2,36.0,0.005780463713701305
64912,13.2,37.0,0.004966680231683889
64913,13.2,38.0,0.00954741630538252
64914,13.2,39.0,0.004592345016625817
64915,13.2,40.0,0.003950674763026771
64916,13.2,41.0,0.007808441100616697
64917,13.2,42.0,0.003506580326323452
64918,13.2,43.0,0.0008808227565896735
64919,13.2,44.0,0.0027622915693881985
64920,13.2,45.0,0.006052272647395505
64921,13.2,46.0,0.0026304615848713503
64922,13.2,47.0,0.0004250841601934317
64923,13.2,48.0,0.00022596659788158351
64924,13.2,49.0,0.00018578205458580777
64925,13.2,50.0,0.0001531094138913777
64926,13.2,51.0,0.00012551638243858343
64927,13.2,52.0,0.00010339148351247963
64928,13.2,53.0,0.00017637872504182116
64929,13.2,54.0,0.0014497989489292524
64930,13.2,55.0,0.003449672547289197
64931,13.2,56.0,0.001425726827337891
64932,13.2,57.0,0.00012742836676330388
64933,13.2,58.0,2.7945004841176587e-05
64934,13.2,59.0,2.113332974071497e-05
64935,13.2,60.0,1.6511816112325785e-05
64936,13.2,61.0,1.2833576766142361e-05
64937,13.2,62.0,9.92171402999592e-06
64938,13.2,63.0,7.629776310113618e-06
64939,13.2,64.0,5.836103874438183e-06
64940,13.2,65.0,4.4403819465934e-06
64941,13.2,66.0,3.36049884836973e-06
64942,13.2,67.0,2.529724815766025e-06
64943,13.2,68.0,1.8942134617524387e-06
64944,13.2,69.0,1.4108169341211146e-06
64945,13.2,70.0,1.0451978713358951e-06
64946,13.2,71.0,7.702158946542348e-07
64947,13.2,72.0,5.645631719011656e-07
64948,13.2,73.0,4.116221337831732e-07
64949,13.2,74.0,2.985183292883664e-07
64950,13.3,-75.0,5.970746554475689e-12
64951,13.3,-74.0,9.532095779719515e-12
64952,13.3,-73.0,1.5136806733859424e-11
64953,13.3,-72.0,2.3909265892700487e-11
64954,13.3,-71.0,3.756508061757411e-11
64955,13.3,-70.0,5.870681456265264e-11
64956,13.3,-69.0,9.125965332691216e-11
64957,13.3,-68.0,1.4110916460035606e-10
64958,13.3,-67.0,2.1702898256568144e-10
64959,13.3,-66.0,3.3202161353889165e-10
64960,13.3,-65.0,5.052439070764487e-10
64961,13.3,-64.0,7.647542899269697e-10
64962,13.3,-63.0,1.1514070037430859e-09
64963,13.3,-62.0,1.724336098304635e-09
64964,13.3,-61.0,2.5686272284027555e-09
64965,13.3,-60.0,3.805978694901423e-09
64966,13.3,-59.0,5.6094170936774026e-09
64967,13.3,-58.0,8.22347213407151e-09
64968,13.3,-57.0,1.1991646811441831e-08
64969,13.3,-56.0,1.7393562681274326e-08
64970,13.3,-55.0,2.509483711929672e-08
64971,13.3,-54.0,3.601358339050676e-08
64972,13.3,-53.0,5.140843901441302e-08
64973,13.3,-52.0,7.299424656234626e-08
64974,13.3,-51.0,1.0309295431678172e-07
64975,13.3,-50.0,1.4482898763395245e-07
64976,13.3,-49.0,2.0238027232958901e-07
64977,13.3,-48.0,2.812982632655091e-07
64978,13.3,-47.0,3.8891272133292125e-07
64979,13.3,-46.0,5.348395438656762e-07
64980,13.3,-45.0,7.316126115985869e-07
64981,13.3,-44.0,9.95463258468084e-07
64982,13.3,-43.0,1.347273445997726e-06
64983,13.3,-42.0,1.8137308318712937e-06
64984,13.3,-41.0,2.4287154119510683e-06
64985,13.3,-40.0,3.2349479837732083e-06
64986,13.3,-39.0,4.285930484714988e-06
64987,13.3,-38.0,5.649859183223362e-06
64988,13.3,-37.0,8.29675950044933e-06
64989,13.3,-36.0,8.940268201623817e-05
64990,13.3,-35.0,0.0011936777957766082
64991,13.3,-34.0,0.002917942492150937
64992,13.3,-33.0,0.0012937848127990647
64993,13.3,-32.0,0.001466072947965269
64994,13.3,-31.0,0.003375399157302507
64995,13.3,-30.0,0.0015085979713804543
64996,13.3,-29.0,0.0017169456968496879
64997,13.3,-28.0,0.0039281339533575295
64998,13.3,-27.0,0.0016564779517315657
64999,13.3,-26.0,0.00033815331595068255
65000,13.3,-25.0,0.0020472048082928575
65001,13.3,-24.0,0.004872349073094075
65002,13.3,-23.0,0.0022601639441242874
65003,13.3,-22.0,0.002601409408283551
65004,13.3,-21.0,0.005789644620626725
65005,13.3,-20.0,0.002576260289730589
65006,13.3,-19.0,0.0007301992308570112
65007,13.3,-18.0,0.0032552824580820753
65008,13.3,-17.0,0.0074075251452510255
65009,13.3,-16.0,0.003658960075168711
65010,13.3,-15.0,0.004250165218860385
65011,13.3,-14.0,0.009017927065325629
65012,13.3,-13.0,0.004326415434921954
65013,13.3,-12.0,0.0016593902590643088
65014,13.3,-11.0,0.005542926110393181
65015,13.3,-10.0,0.01189354474233486
65016,13.3,-9.0,0.0062765952346611345
65017,13.3,-8.0,0.007322072586142111
65018,13.3,-7.0,0.01476377907159229
65019,13.3,-6.0,0.007530586961692594
65020,13.3,-5.0,0.003432674679436711
65021,13.3,-4.0,0.00968583423574064
65022,13.3,-3.0,0.019881258275230844
65023,13.3,-2.0,0.010280621931344108
65024,13.3,-1.0,0.004215310942414103
65025,13.3,0.0,0.0006449751918270663
65026,13.3,1.0,0.004893127049265343
65027,13.3,2.0,0.014959883533097613
65028,13.3,3.0,0.030516157698000573
65029,13.3,4.0,0.015488248830364173
65030,13.3,5.0,0.006949374895872099
65031,13.3,6.0,0.020683806479456182
65032,13.3,7.0,0.04308438682520597
65033,13.3,8.0,0.022511621070953548
65034,13.3,9.0,0.028591681251878623
65035,13.3,10.0,0.05914492452667629
65036,13.3,11.0,0.027801212261061872
65037,13.3,12.0,0.00996613178919912
65038,13.3,13.0,0.039971098189948207
65039,13.3,14.0,0.07936166381390168
65040,13.3,15.0,0.03681360855559431
65041,13.3,16.0,0.02578177164253861
65042,13.3,17.0,0.050294413447274464
65043,13.3,18.0,0.023550795107786664
65044,13.3,19.0,0.007151557006048394
65045,13.3,20.0,0.016794853078546845
65046,13.3,21.0,0.03382151228661147
65047,13.3,22.0,0.017002261537255075
65048,13.3,23.0,0.01419721370227495
65049,13.3,24.0,0.02635920154655251
65050,13.3,25.0,0.012935468157125055
65051,13.3,26.0,0.004690223561287477
65052,13.3,27.0,0.010010793269346605
65053,13.3,28.0,0.019396612912085928
65054,13.3,29.0,0.009874255254111402
65055,13.3,30.0,0.008450848246617505
65056,13.3,31.0,0.01556321709247777
65057,13.3,32.0,0.007550691001336378
65058,13.3,33.0,0.002623784435585249
65059,13.3,34.0,0.005899219537356167
65060,13.3,35.0,0.011694690580898245
65061,13.3,36.0,0.005758093359649272
65062,13.3,37.0,0.004947303035935462
65063,13.3,38.0,0.00950192392509676
65064,13.3,39.0,0.004574016992894813
65065,13.3,40.0,0.0039346981866817425
65066,13.3,41.0,0.007769240967311698
65067,13.3,42.0,0.0034919856548743682
65068,13.3,43.0,0.0008809817253114816
65069,13.3,44.0,0.002750236845371722
65070,13.3,45.0,0.006019422879515313
65071,13.3,46.0,0.0026181421833632226
65072,13.3,47.0,0.0004258486637113054
65073,13.3,48.0,0.00022751187437591383
65074,13.3,49.0,0.00018717096833571517
65075,13.3,50.0,0.00015433630956974867
65076,13.3,51.0,0.00012658956831022188
65077,13.3,52.0,0.00010431458181884376
65078,13.3,53.0,0.00017655136700326317
65079,13.3,54.0,0.0014412023676031803
65080,13.3,55.0,0.0034274647583046837
65081,13.3,56.0,0.001416931784815973
65082,13.3,57.0,0.00012720319462038843
65083,13.3,58.0,2.826936577856003e-05
65084,13.3,59.0,2.1405031910262958e-05
65085,13.3,60.0,1.6733043996502876e-05
65086,13.3,61.0,1.3012454139529876e-05
65087,13.3,62.0,1.0065366517170436e-05
65088,13.3,63.0,7.744369807824131e-06
65089,13.3,64.0,5.926914742339239e-06
65090,13.3,65.0,4.511878379141437e-06
65091,13.3,66.0,3.4164274002562197e-06
65092,13.3,67.0,2.5731974699594404e-06
65093,13.3,68.0,1.9277918621089923e-06
65094,13.3,69.0,1.4365914489525436e-06
65095,13.3,70.0,1.0648600130068856e-06
65096,13.3,71.0,7.851233042576089e-07
65097,13.3,72.0,5.757969039394846e-07
65098,13.3,73.0,4.200363634147334e-07
65099,13.3,74.0,3.0478287523612484e-07
65100,13.4,-75.0,5.730265790692263e-12
65101,13.4,-74.0,9.153051726684864e-12
65102,13.4,-73.0,1.4542637352253049e-11
65103,13.4,-72.0,2.2982990600651946e-11
65104,13.4,-71.0,3.612900590923762e-11
65105,13.4,-70.0,5.649260380546387e-11
65106,13.4,-69.0,8.786446723747821e-11
65107,13.4,-68.0,1.3593180235892448e-10
65108,13.4,-67.0,2.0917750487109695e-10
65109,13.4,-66.0,3.2018058139639246e-10
65110,13.4,-65.0,4.87484831962023e-10
65111,13.4,-64.0,7.382667912125522e-10
65112,13.4,-63.0,1.1121200423198231e-09
65113,13.4,-62.0,1.6663879249792326e-09
65114,13.4,-61.0,2.4836286494050334e-09
65115,13.4,-60.0,3.681996072560795e-09
65116,13.4,-59.0,5.4295781770546956e-09
65117,13.4,-58.0,7.964068210783055e-09
65118,13.4,-57.0,1.1619567506401938e-08
65119,13.4,-56.0,1.6862853604910045e-08
65120,13.4,-55.0,2.4342114025913074e-08
65121,13.4,-54.0,3.495196809818226e-08
65122,13.4,-53.0,4.991960073846389e-08
65123,13.4,-52.0,7.091803648570171e-08
65124,13.4,-51.0,1.0021401061375707e-07
65125,13.4,-50.0,1.4085956298272215e-07
65126,13.4,-49.0,1.9693839746901712e-07
65127,13.4,-48.0,2.738802110960414e-07
65128,13.4,-47.0,3.7885858101842226e-07
65129,13.4,-46.0,5.212905602716592e-07
65130,13.4,-45.0,7.134588018855223e-07
65131,13.4,-44.0,9.712796976280525e-07
65132,13.4,-43.0,1.3152435329999369e-06
65133,13.4,-42.0,1.7715548280254065e-06
65134,13.4,-41.0,2.3735026069815093e-06
65135,13.4,-40.0,3.1630910201946133e-06
65136,13.4,-39.0,4.192960688055169e-06
65137,13.4,-38.0,5.530284437707751e-06
65138,13.4,-37.0,8.145060463901778e-06
65139,13.4,-36.0,8.931453099030153e-05
65140,13.4,-35.0,0.001195003955166468
65141,13.4,-34.0,0.002921492948352569
65142,13.4,-33.0,0.0012950805171120388
65143,13.4,-32.0,0.0014673406016903795
65144,13.4,-31.0,0.003378833854337502
65145,13.4,-30.0,0.0015096252146071674
65146,13.4,-29.0,0.001717852856661583
65147,13.4,-28.0,0.003931177310582063
65148,13.4,-27.0,0.0016568687948946253
65149,13.4,-26.0,0.0003368500970332357
65150,13.4,-25.0,0.002047028506042968
65151,13.4,-24.0,0.004874206590690619
65152,13.4,-23.0,0.0022593795048671695
65153,13.4,-22.0,0.002600094777178109
65154,13.4,-21.0,0.005789901204672213
65155,13.4,-20.0,0.002573859454028021
65156,13.4,-19.0,0.0007259704010918571
65157,13.4,-18.0,0.0032513315795013745
65158,13.4,-17.0,0.0074043838097212185
65159,13.4,-16.0,0.0036537325598714186
65160,13.4,-15.0,0.004243689510728922
65161,13.4,-14.0,0.009011114438293662
65162,13.4,-13.0,0.0043184862858634075
65163,13.4,-12.0,0.0016505131044425303
65164,13.4,-11.0,0.005532167853231269
65165,13.4,-10.0,0.011880121443185088
65166,13.4,-9.0,0.006264537812357631
65167,13.4,-8.0,0.007307690780124071
65168,13.4,-7.0,0.014743856680883771
65169,13.4,-6.0,0.007516003512165947
65170,13.4,-5.0,0.0034212124923170026
65171,13.4,-4.0,0.009666568095555496
65172,13.4,-3.0,0.019849267438966076
65173,13.4,-2.0,0.010262888652425821
65174,13.4,-1.0,0.004207439711780172
65175,13.4,0.0,0.0006488321786288199
65176,13.4,1.0,0.004888760070384603
65177,13.4,2.0,0.014933095244815725
65178,13.4,3.0,0.030453414751800037
65179,13.4,4.0,0.015466667427034078
65180,13.4,5.0,0.006951029428694027
65181,13.4,6.0,0.020628939305089414
65182,13.4,7.0,0.04293679594620576
65183,13.4,8.0,0.022453110908068674
65184,13.4,9.0,0.02845137450930162
65185,13.4,10.0,0.05878327207559073
65186,13.4,11.0,0.027673558880898758
65187,13.4,12.0,0.010061035960087302
65188,13.4,13.0,0.04108520487872979
65189,13.4,14.0,0.08030366396831679
65190,13.4,15.0,0.03716336774113858
65191,13.4,16.0,0.025767657635018402
65192,13.4,17.0,0.05027967579607538
65193,13.4,18.0,0.023516764694487234
65194,13.4,19.0,0.007104997740338423
65195,13.4,20.0,0.016724746219617344
65196,13.4,21.0,0.03371393050664694
65197,13.4,22.0,0.016938049352087536
65198,13.4,23.0,0.014133206734583952
65199,13.4,24.0,0.026253550462465264
65200,13.4,25.0,0.01288065739989322
65201,13.4,26.0,0.004667007603731682
65202,13.4,27.0,0.009964544990588645
65203,13.4,28.0,0.019309033699009225
65204,13.4,29.0,0.00983156233493791
65205,13.4,30.0,0.00841324184873371
65206,13.4,31.0,0.015489868893981526
65207,13.4,32.0,0.007518867707964811
65208,13.4,33.0,0.0026173814186671355
65209,13.4,34.0,0.005874262378832601
65210,13.4,35.0,0.011637000142638338
65211,13.4,36.0,0.005733646853406062
65212,13.4,37.0,0.004926144834559896
65213,13.4,38.0,0.009453137733112968
65214,13.4,39.0,0.004554064579486861
65215,13.4,40.0,0.003917330046328479
65216,13.4,41.0,0.007727381513611856
65217,13.4,42.0,0.003476171315860383
65218,13.4,43.0,0.0008808032218753656
65219,13.4,44.0,0.0027372338550896405
65220,13.4,45.0,0.005984548064304614
65221,13.4,46.0,0.0026049321922614645
65222,13.4,47.0,0.0004264550023644963
65223,13.4,48.0,0.000228969134858024
65224,13.4,49.0,0.0001884887823265737
65225,13.4,50.0,0.00015550581109084847
65226,13.4,51.0,0.00012761676164788766
65227,13.4,52.0,0.000105200761143011
65228,13.4,53.0,0.00017666486638660145
65229,13.4,54.0,0.0014321348639394916
65230,13.4,55.0,0.003404138448182569
65231,13.4,56.0,0.0014076748962869728
65232,13.4,57.0,0.0001269374121879445
65233,13.4,58.0,2.8585558057273598e-05
65234,13.4,59.0,2.16708597305321e-05
65235,13.4,60.0,1.694990844297351e-05
65236,13.4,61.0,1.3188123491771672e-05
65237,13.4,62.0,1.0206686517051649e-05
65238,13.4,63.0,7.85728769044005e-06
65239,13.4,64.0,6.016537681526699e-06
65240,13.4,65.0,4.582544960904196e-06
65241,13.4,66.0,3.471785906322068e-06
65242,13.4,67.0,2.6162861638499897e-06
65243,13.4,68.0,1.9611177054609366e-06
65244,13.4,69.0,1.4622047294799169e-06
65245,13.4,70.0,1.0844232380060893e-06
65246,13.4,71.0,7.999734141594387e-07
65247,13.4,72.0,5.870004042551333e-07
65248,13.4,73.0,4.2843737921668253e-07
65249,13.4,74.0,3.110444203893638e-07
65250,13.5,-75.0,5.497740697876065e-12
65251,13.5,-74.0,8.786315456302932e-12
65252,13.5,-73.0,1.3967395751720433e-11
65253,13.5,-72.0,2.208565038333165e-11
65254,13.5,-71.0,3.4736899718531493e-11
65255,13.5,-70.0,5.434480369582761e-11
65256,13.5,-69.0,8.456898171358056e-11
65257,13.5,-68.0,1.3090320682579703e-10
65258,13.5,-67.0,2.0154664727127202e-10
65259,13.5,-66.0,3.0866470926167874e-10
65260,13.5,-65.0,4.702020144730067e-10
65261,13.5,-64.0,7.12472491290445e-10
65262,13.5,-63.0,1.073835665490031e-09
65263,13.5,-62.0,1.6098805585502829e-09
65264,13.5,-61.0,2.4006873045903138e-09
65265,13.5,-60.0,3.560931708757886e-09
65266,13.5,-59.0,5.25385162460204e-09
65267,13.5,-58.0,7.710420663849042e-09
65268,13.5,-57.0,1.1255491231640208e-08
65269,13.5,-56.0,1.6343194481252852e-08
65270,13.5,-55.0,2.360454099605004e-08
65271,13.5,-54.0,3.391097606954751e-08
65272,13.5,-53.0,4.8458631524854174e-08
65273,13.5,-52.0,6.887920589468802e-08
65274,13.5,-51.0,9.73848180890596e-08
65275,13.5,-50.0,1.369558333577243e-07
65276,13.5,-49.0,1.915825634719428e-07
65277,13.5,-48.0,2.6657389277911215e-07
65278,13.5,-47.0,3.6894825861214644e-07
65279,13.5,-46.0,5.079249767382789e-07
65280,13.5,-45.0,6.955365800743907e-07
65281,13.5,-44.0,9.473855270371722e-07
65282,13.5,-43.0,1.2835711889091719e-06
65283,13.5,-42.0,1.7298152511731567e-06
65284,13.5,-41.0,2.3188153188093637e-06
65285,13.5,-40.0,3.0918573043286692e-06
65286,13.5,-39.0,4.100717263913064e-06
65287,13.5,-38.0,5.411538597061196e-06
65288,13.5,-37.0,7.994056009406001e-06
65289,13.5,-36.0,8.920693658405163e-05
65290,13.5,-35.0,0.0011960284333695443
65291,13.5,-34.0,0.002924300765752012
65292,13.5,-33.0,0.0012960508756907046
65293,13.5,-32.0,0.00146824014340197
65294,13.5,-31.0,0.0033814128965902893
65295,13.5,-30.0,0.001510276431003792
65296,13.5,-29.0,0.001718332667652296
65297,13.5,-28.0,0.003933229643124377
65298,13.5,-27.0,0.0016568516792920206
65299,13.5,-26.0,0.0003354781893512923
65300,13.5,-25.0,0.0020463495220909623
65301,13.5,-24.0,0.004874842822878581
65302,13.5,-23.0,0.0022580425180656395
65303,13.5,-22.0,0.0025981436491549687
65304,13.5,-21.0,0.005788711902978271
65305,13.5,-20.0,0.002570831750343223
65306,13.5,-19.0,0.0007215851936533814
65307,13.5,-18.0,0.003246585087480131
65308,13.5,-17.0,0.007399395140002972
65309,13.5,-16.0,0.003647605059511753
65310,13.5,-15.0,0.004236164805406303
65311,13.5,-14.0,0.009002048146330478
65312,13.5,-13.0,0.004309478427467116
65313,13.5,-12.0,0.0016412210531759936
65314,13.5,-11.0,0.005520016582965207
65315,13.5,-10.0,0.011863709496644734
65316,13.5,-9.0,0.006250877994867087
65317,13.5,-8.0,0.007291441841995894
65318,13.5,-7.0,0.014720212372489262
65319,13.5,-6.0,0.007499459691702921
65320,13.5,-5.0,0.0034087796078641295
65321,13.5,-4.0,0.009644799132251245
65322,13.5,-3.0,0.019812285451335135
65323,13.5,-2.0,0.010242448289663291
65324,13.5,-1.0,0.004198295098589556
65325,13.5,0.0,0.0006525416628778788
65326,13.5,1.0,0.004882923050943656
65327,13.5,2.0,0.014902579207410522
65328,13.5,3.0,0.030383473592227796
65329,13.5,4.0,0.015441195088599511
65330,13.5,5.0,0.006950712381983945
65331,13.5,6.0,0.02056967847868672
65332,13.5,7.0,0.042780832935671004
65333,13.5,8.0,0.02239004367993465
65334,13.5,9.0,0.028307954501102957
65335,13.5,10.0,0.0584170397672944
65336,13.5,11.0,0.027543027618573794
65337,13.5,12.0,0.010160020043197876
65338,13.5,13.0,0.04228586991796645
65339,13.5,14.0,0.08135538483389192
65340,13.5,15.0,0.037556110848955236
65341,13.5,16.0,0.025748493526971308
65342,13.5,17.0,0.050248180911022206
65343,13.5,18.0,0.023474574281953504
65344,13.5,19.0,0.0070554993071411595
65345,13.5,20.0,0.016647601874780434
65346,13.5,21.0,0.03359229729109241
65347,13.5,22.0,0.01686663870162959
65348,13.5,23.0,0.014063037706338039
65349,13.5,24.0,0.02613659917054166
65350,13.5,25.0,0.012820172621417594
65351,13.5,26.0,0.004641572841113945
65352,13.5,27.0,0.009913825512374247
65353,13.5,28.0,0.019213019583958886
65354,13.5,29.0,0.009784462601758304
65355,13.5,30.0,0.008371843329482419
65356,13.5,31.0,0.015409742920274165
65357,13.5,32.0,0.007483657205128281
65358,13.5,33.0,0.0026096834260894144
65359,13.5,34.0,0.0058466549435444454
65360,13.5,35.0,0.011574247622155386
65361,13.5,36.0,0.005706643546503975
65362,13.5,37.0,0.00490279267198568
65363,13.5,38.0,0.009400274884949104
65364,13.5,39.0,0.004532106274209114
65365,13.5,40.0,0.0038982423009065177
65366,13.5,41.0,0.007682224866495993
65367,13.5,42.0,0.0034588466054314326
65368,13.5,43.0,0.0008802088096927938
65369,13.5,44.0,0.0027230542484730316
65370,13.5,45.0,0.005947156961014328
65371,13.5,46.0,0.002590615315437395
65372,13.5,47.0,0.0004268642953058986
65373,13.5,48.0,0.00023031608348655935
65374,13.5,49.0,0.00018971699474385815
65375,13.5,50.0,0.00015660255324179107
65376,13.5,51.0,0.0001285852717863518
65377,13.5,52.0,0.00010603951463466846
65378,13.5,53.0,0.00017670329277643247
65379,13.5,54.0,0.0014224796930275873
65380,13.5,55.0,0.003379418315374436
65381,13.5,56.0,0.0013978418441335783
65382,13.5,57.0,0.00012662001643266456
65383,13.5,58.0,2.889064803656526e-05
65384,13.5,59.0,2.1928560506335424e-05
65385,13.5,60.0,1.716063936510266e-05
65386,13.5,61.0,1.3359201567675623e-05
65387,13.5,62.0,1.0344599066104059e-05
65388,13.5,63.0,7.967699215543748e-06
65389,13.5,64.0,6.104334255291638e-06
65390,13.5,65.0,4.651893775190451e-06
65391,13.5,66.0,3.526203560036276e-06
65392,13.5,67.0,2.658710663700286e-06
65393,13.5,68.0,1.993980389936397e-06
65394,13.5,69.0,1.4874993882308729e-06
65395,13.5,70.0,1.1037705852140525e-06
65396,13.5,71.0,8.146797925677389e-07
65397,13.5,72.0,5.981101597488427e-07
65398,13.5,73.0,4.3677877157742094e-07
65399,13.5,74.0,3.17269243444445e-07
65400,13.6,-75.0,5.2727029158176744e-12
65401,13.6,-74.0,8.431158053345301e-12
65402,13.6,-73.0,1.3409953346018146e-11
65403,13.6,-72.0,2.121550679089541e-11
65404,13.6,-71.0,3.3386097834444075e-11
65405,13.6,-70.0,5.225935201009809e-11
65406,13.6,-69.0,8.136703424197448e-11
65407,13.6,-68.0,1.2601407632662492e-10
65408,13.6,-67.0,1.9412244015404847e-10
65409,13.6,-66.0,2.9745312155518556e-10
65410,13.6,-65.0,4.5336441365953913e-10
65411,13.6,-64.0,6.873254613429074e-10
65412,13.6,-63.0,1.0364862492194515e-09
65413,13.6,-62.0,1.5547149171143154e-09
65414,13.6,-61.0,2.319658724150784e-09
65415,13.6,-60.0,3.44257596962616e-09
65416,13.6,-59.0,5.081934703491441e-09
65417,13.6,-58.0,7.462094398958124e-09
65418,13.6,-57.0,1.0898795622248551e-08
65419,13.6,-56.0,1.5833699263997414e-08
65420,13.6,-55.0,2.2880862494308715e-08
65421,13.6,-54.0,3.288883648626653e-08
65422,13.6,-53.0,4.702304536588482e-08
65423,13.6,-52.0,6.687428082948621e-08
65424,13.6,-51.0,9.460054447596072e-08
65425,13.6,-50.0,1.3311110777308935e-07
65426,13.6,-49.0,1.8630354778698426e-07
65427,13.6,-48.0,2.593666539100686e-07
65428,13.6,-47.0,3.5916446912468453e-07
65429,13.6,-46.0,4.947192893877201e-07
65430,13.6,-45.0,6.778141292369955e-07
65431,13.6,-44.0,9.237378691755184e-07
65432,13.6,-43.0,1.2521988886618e-06
65433,13.6,-42.0,1.6884352691746524e-06
65434,13.6,-41.0,2.2645513856659035e-06
65435,13.6,-40.0,3.02111159972796e-06
65436,13.6,-39.0,4.00902199156042e-06
65437,13.6,-38.0,5.293387749860166e-06
65438,13.6,-37.0,7.843390927612716e-06
65439,13.6,-36.0,8.907505178391584e-05
65440,13.6,-35.0,0.0011966848090233428
65441,13.6,-34.0,0.002926203366595034
65442,13.6,-33.0,0.0012966240154447758
65443,13.6,-32.0,0.0014686903157585893
65444,13.6,-31.0,0.0033829488233617635
65445,13.6,-30.0,0.0015104682498061283
65446,13.6,-29.0,0.001718290494478962
65447,13.6,-28.0,0.003934073669739566
65448,13.6,-27.0,0.0016563357448637869
65449,13.6,-26.0,0.000334020248640244
65450,13.6,-25.0,0.002045056210425254
65451,13.6,-24.0,0.004873990077756047
65452,13.6,-23.0,0.00225603032200144
65453,13.6,-22.0,0.002595415258441687
65454,13.6,-21.0,0.005785760530737032
65455,13.6,-20.0,0.002567038897194059
65456,13.6,-19.0,0.0007170078477154122
65457,13.6,-18.0,0.0032408692109956306
65458,13.6,-17.0,0.007392158056290785
65459,13.6,-16.0,0.0036403831669621317
65460,13.6,-15.0,0.0042273656760323354
65461,13.6,-14.0,0.008990242912214296
65462,13.6,-13.0,0.00429916391983429
65463,13.6,-12.0,0.0016314328094814002
65464,13.6,-11.0,0.00550618079138365
65465,13.6,-10.0,0.011843673181013464
65466,13.6,-9.0,0.006235285755460576
65467,13.6,-8.0,0.007272940790706239
65468,13.6,-7.0,0.014692059770442918
65469,13.6,-6.0,0.007480559611950828
65470,13.6,-5.0,0.0033952012379504103
65471,13.6,-4.0,0.009620017548461597
65472,13.6,-3.0,0.019769256312402245
65473,13.6,-2.0,0.01021875713811236
65474,13.6,-1.0,0.004187656150749204
65475,13.6,0.0,0.0006560649149433483
65476,13.6,1.0,0.004875353587497649
65477,13.6,2.0,0.014867537628166077
65478,13.6,3.0,0.030304710327383865
65479,13.6,4.0,0.015410999456034056
65480,13.6,5.0,0.006948039489980798
65481,13.6,6.0,0.020504910471438494
65482,13.6,7.0,0.0426141970007232
65483,13.6,8.0,0.02232119401716288
65484,13.6,9.0,0.02815977344314584
65485,13.6,10.0,0.05804281043178233
65486,13.6,11.0,0.027408023497841348
65487,13.6,12.0,0.010264232176917283
65488,13.6,13.0,0.04359651539674194
65489,13.6,14.0,0.0825505296325725
65490,13.6,15.0,0.0380050333415914
65491,13.6,16.0,0.02572224933179741
65492,13.6,17.0,0.050193547542966094
65493,13.6,18.0,0.023421264111340444
65494,13.6,19.0,0.007002206101175908
65495,13.6,20.0,0.016561323405856077
65496,13.6,21.0,0.03345232846451122
65497,13.6,22.0,0.01678589476586574
65498,13.6,23.0,0.013984938827529074
65499,13.6,24.0,0.02600503754666692
65500,13.6,25.0,0.012752396404952338
65501,13.6,26.0,0.004613340684093273
65502,13.6,27.0,0.009857388868254182
65503,13.6,28.0,0.01910614903731071
65504,13.6,29.0,0.009731721079297546
65505,13.6,30.0,0.00832559734270835
65506,13.6,31.0,0.015320900358602877
65507,13.6,32.0,0.007444112874516822
65508,13.6,33.0,0.002600354018958016
65509,13.6,34.0,0.005815657366897244
65510,13.6,35.0,0.011504979480422983
65511,13.6,36.0,0.005676360937743663
65512,13.6,37.0,0.004876625862071179
65513,13.6,38.0,0.009342157123675159
65514,13.6,39.0,0.004507568637835882
65515,13.6,40.0,0.0038769418815037568
65516,13.6,41.0,0.007632810696225547
65517,13.6,42.0,0.0034395745057222735
65518,13.6,43.0,0.0008790813797634331
65519,13.6,44.0,0.0027073546683648183
65520,13.6,45.0,0.005906509574407504
65521,13.6,46.0,0.002574866139064981
65522,13.6,47.0,0.0004270186148018981
65523,13.6,48.0,0.00023151970793949703
65524,13.6,49.0,0.00019082822525597987
65525,13.6,50.0,0.00015760380543121768
65526,13.6,51.0,0.0001294763302131154
65527,13.6,52.0,0.00010681530452743816
65528,13.6,53.0,0.0001766428654724582
65529,13.6,54.0,0.0014120608573360868
65530,13.6,55.0,0.0033528889975459153
65531,13.6,56.0,0.0013872602189123188
65532,13.6,57.0,0.00012623451114723527
65533,13.6,58.0,2.9180295762047887e-05
65534,13.6,59.0,2.217480286062237e-05
65535,13.6,60.0,1.7362618304549186e-05
65536,13.6,61.0,1.3523641377140848e-05
65537,13.6,62.0,1.0477512681177666e-05
65538,13.6,63.0,8.074373822853802e-06
65539,13.6,64.0,6.189358190266066e-06
65540,13.6,65.0,4.719201150376113e-06
65541,13.6,66.0,3.579129964481235e-06
65542,13.6,67.0,2.700054658136461e-06
65543,13.6,68.0,2.0260667552414944e-06
65544,13.6,69.0,1.5122411536706652e-06
65545,13.6,70.0,1.122727763602754e-06
65546,13.6,71.0,8.291134864800469e-07
65547,13.6,72.0,6.090312877244666e-07
65548,13.6,73.0,4.449911116599823e-07
65549,13.6,74.0,3.2340682150643133e-07
65550,13.7,-75.0,5.054552098217073e-12
65551,13.7,-74.0,8.086637866630524e-12
65552,13.7,-73.0,1.2868840568617116e-11
65553,13.7,-72.0,2.0370277874969342e-11
65554,13.7,-71.0,3.2073074550397594e-11
65555,13.7,-70.0,5.023082853042549e-11
65556,13.7,-69.0,7.825033349695091e-11
65557,13.7,-68.0,1.2125179042786156e-10
65558,13.7,-67.0,1.8688576853287164e-10
65559,13.7,-66.0,2.8651700919411435e-10
65560,13.7,-65.0,4.3692882325193663e-10
65561,13.7,-64.0,6.62761220321451e-10
65562,13.7,-63.0,9.999760319255108e-10
65563,13.7,-62.0,1.5007494766375083e-09
65564,13.7,-61.0,2.2403347686860925e-09
65565,13.7,-60.0,3.3266242277771836e-09
65566,13.7,-59.0,4.913383724149152e-09
65567,13.7,-58.0,7.218446299198421e-09
65568,13.7,-57.0,1.054855298247283e-08
65569,13.7,-56.0,1.5333036179814213e-08
65570,13.7,-55.0,2.2169175830896544e-08
65571,13.7,-54.0,3.188284400713353e-08
65572,13.7,-53.0,4.56090140533168e-08
65573,13.7,-52.0,6.489787001912012e-08
65574,13.7,-51.0,9.185363344127604e-08
65575,13.7,-50.0,1.2931484582714748e-07
65576,13.7,-49.0,1.81086717504485e-07
65577,13.7,-48.0,2.5223827675022617e-07
65578,13.7,-47.0,3.4947941137452717e-07
65579,13.7,-46.0,4.816354510217643e-07
65580,13.7,-45.0,6.602396278268664e-07
65581,13.7,-44.0,9.002664774334471e-07
65582,13.7,-43.0,1.2210318632612867e-06
65583,13.7,-42.0,1.6472876397986884e-06
65584,13.7,-41.0,2.210540780472703e-06
65585,13.7,-40.0,2.950627794154787e-06
65586,13.7,-39.0,3.917575612686855e-06
65587,13.7,-38.0,5.1754375770132085e-06
65588,13.7,-37.0,7.692466930990789e-06
65589,13.7,-36.0,8.891091352437378e-05
65590,13.7,-35.0,0.0011968642499041783
65591,13.7,-34.0,0.002926934400457545
65592,13.7,-33.0,0.0012966821426379207
65593,13.7,-32.0,0.0014685578964378995
65594,13.7,-31.0,0.0033831343660149565
65595,13.7,-30.0,0.001510063920783055
65596,13.7,-29.0,0.0017175710428466709
65597,13.7,-28.0,0.003933353013406053
65598,13.7,-27.0,0.0016551717720535999
65599,13.7,-26.0,0.0003324474786019762
65600,13.7,-25.0,0.002042965032677822
65601,13.7,-24.0,0.004871208801918621
65602,13.7,-23.0,0.0022531410891619094
65603,13.7,-22.0,0.002591677870013586
65604,13.7,-21.0,0.005780527373342743
65605,13.7,-20.0,0.002562252908313956
65606,13.7,-19.0,0.000712178397228771
65607,13.7,-18.0,0.0032338971693190613
65608,13.7,-17.0,0.007382012314207261
65609,13.7,-16.0,0.003631745747228348
65610,13.7,-15.0,0.00421691964685377
65611,13.7,-14.0,0.008974899039191981
65612,13.7,-13.0,0.00428716564253992
65613,13.7,-12.0,0.0016210119550420041
65614,13.7,-11.0,0.0054901780908819175
65615,13.7,-10.0,0.011818963739050095
65616,13.7,-9.0,0.006217214941886805
65617,13.7,-8.0,0.007251550635847499
65618,13.7,-7.0,0.014658101005834678
65619,13.7,-6.0,0.007458648225745558
65620,13.7,-5.0,0.0033801863821644857
65621,13.7,-4.0,0.009591380380181171
65622,13.7,-3.0,0.019718437097293227
65623,13.7,-2.0,0.01019091702043421
65624,13.7,-1.0,0.004175157191527126
65625,13.7,0.0,0.0006593391215614376
65626,13.7,1.0,0.004865619566082931
65627,13.7,2.0,0.014826656932747246
65628,13.7,3.0,0.03021445092178801
65629,13.7,4.0,0.015374712033121293
65630,13.7,5.0,0.006942382443153344
65631,13.7,6.0,0.020432814394518446
65632,13.7,7.0,0.0424331245262904
65633,13.7,8.0,0.022244566604558168
65634,13.7,9.0,0.028004235207413936
65635,13.7,10.0,0.05765523207623304
65636,13.7,11.0,0.02726603880561855
65637,13.7,12.0,0.01037554583961621
65638,13.7,13.0,0.04505517900881591
65639,13.7,14.0,0.08394471534539732
65640,13.7,15.0,0.038531902852846564
65641,13.7,16.0,0.025685536425092553
65642,13.7,17.0,0.050105163352370474
65643,13.7,18.0,0.023351912791694955
65644,13.7,19.0,0.006943698739695529
65645,13.7,20.0,0.01646245567303067
65646,13.7,21.0,0.03328697437810538
65647,13.7,22.0,0.01669230192218331
65648,13.7,23.0,0.013895998960041582
65649,13.7,24.0,0.025853420526115885
65650,13.7,25.0,0.01267466683000159
65651,13.7,26.0,0.004581357501414106
65652,13.7,27.0,0.009793184465708515
65653,13.7,28.0,0.018984438650646463
65654,13.7,29.0,0.009671306583603271
65655,13.7,30.0,0.008272768144575079
65656,13.7,31.0,0.015220151938100513
65657,13.7,32.0,0.007398678623743628
65658,13.7,33.0,0.0025888414890358038
65659,13.7,34.0,0.005780053719389032
65660,13.7,35.0,0.011426804650210738
65661,13.7,36.0,0.005641611779458164
65662,13.7,37.0,0.004846624534903396
65663,13.7,38.0,0.009276845947299599
65664,13.7,39.0,0.004479509397187131
65665,13.7,40.0,0.003852618588199997
65666,13.7,41.0,0.007577558603128937
65667,13.7,42.0,0.0034176368213245786
65668,13.7,43.0,0.0008772297300430907
65669,13.7,44.0,0.002689570721343025
65670,13.7,45.0,0.005861387439581836
65671,13.7,46.0,0.002557149489827913
65672,13.7,47.0,0.0004268235926141018
65673,13.7,48.0,0.00023252656207137712
65674,13.7,49.0,0.0001917781730988538
65675,13.7,50.0,0.00015847280679160848
65676,13.7,51.0,0.00013025959608150198
65677,13.7,52.0,0.00010750301757091166
65678,13.7,53.0,0.00017644478319987138
65679,13.7,54.0,0.0014005883557987602
65680,13.7,55.0,0.003323865530833681
65681,13.7,56.0,0.0013756458185057044
65682,13.7,57.0,0.00012575386936984506
65683,13.7,58.0,2.9447491039322374e-05
65684,13.7,59.0,2.240420907642191e-05
65685,13.7,60.0,1.755161809912535e-05
65686,13.7,61.0,1.367813789658938e-05
65687,13.7,62.0,1.0602857304858212e-05
65688,13.7,63.0,8.175323804364915e-06
65689,13.7,64.0,6.2700805031173365e-06
65690,13.7,65.0,4.7832973386808196e-06
65691,13.7,66.0,3.6296750583160476e-06
65692,13.7,67.0,2.7396445739640758e-06
65693,13.7,68.0,2.056869827334565e-06
65694,13.7,69.0,1.5360505171819765e-06
65695,13.7,70.0,1.1410122256699933e-06
65696,13.7,71.0,8.430652802630793e-07
65697,13.7,72.0,6.196097144724082e-07
65698,13.7,73.0,4.5296155153389785e-07
65699,13.7,74.0,3.293749514716186e-07
65700,13.8,-75.0,4.842374758567142e-12
65701,13.8,-74.0,7.751309966331755e-12
65702,13.8,-73.0,1.234178335972607e-11
65703,13.8,-72.0,1.9546402652829755e-11
65704,13.8,-71.0,3.0792281655328964e-11
65705,13.8,-70.0,4.825063216972707e-11
65706,13.8,-69.0,7.520561247012268e-11
65707,13.8,-68.0,1.1659598743817472e-10
65708,13.8,-67.0,1.79805538332262e-10
65709,13.8,-66.0,2.758091260716463e-10
65710,13.8,-65.0,4.208238132799281e-10
65711,13.8,-64.0,6.386723142955496e-10
65712,13.8,-63.0,9.641441741082514e-10
65713,13.8,-62.0,1.4477446890306819e-09
65714,13.8,-61.0,2.162360442450164e-09
65715,13.8,-60.0,3.2125530217492486e-09
65716,13.8,-59.0,4.74743065704252e-09
65717,13.8,-58.0,6.978355112879298e-09
65718,13.8,-57.0,1.0203134539714869e-08
65719,13.8,-56.0,1.4838850992989391e-08
65720,13.8,-55.0,2.146609512710298e-08
65721,13.8,-54.0,3.088815328992489e-08
65722,13.8,-53.0,4.420963823055714e-08
65723,13.8,-52.0,6.294019832100375e-08
65724,13.8,-51.0,8.913030441721457e-08
65725,13.8,-50.0,1.2554771717569137e-07
65726,13.8,-49.0,1.7590509278697164e-07
65727,13.8,-48.0,2.4515129291387663e-07
65728,13.8,-47.0,3.3984131096562004e-07
65729,13.8,-46.0,4.686022767438959e-07
65730,13.8,-45.0,6.427156931810383e-07
65731,13.8,-44.0,8.768387973056378e-07
65732,13.8,-43.0,1.189890587942547e-06
65733,13.8,-42.0,1.6061304445194784e-06
65734,13.8,-41.0,2.1564591437941808e-06
65735,13.8,-40.0,2.8799731802615456e-06
65736,13.8,-39.0,3.825803786056033e-06
65737,13.8,-38.0,5.056929302376744e-06
65738,13.8,-37.0,7.540134382610406e-06
65739,13.8,-36.0,8.869955221417507e-05
65740,13.8,-35.0,0.0011963626458043129
65741,13.8,-34.0,0.0029259943969019426
65742,13.8,-33.0,0.0012960042954651358
65743,13.8,-32.0,0.0014675929057356622
65744,13.8,-31.0,0.0033813930827787473
65745,13.8,-30.0,0.0015088067475512242
65746,13.8,-29.0,0.001715882702100287
65747,13.8,-28.0,0.003930398746441207
65748,13.8,-27.0,0.001653079373290533
65749,13.8,-26.0,0.00033070529081147406
65750,13.8,-25.0,0.0020397308338434544
65751,13.8,-24.0,0.004865673176864515
65752,13.8,-23.0,0.0022489949974519603
65753,13.8,-22.0,0.0025864951930079836
65754,13.8,-21.0,0.005772035180328357
65755,13.8,-20.0,0.002556044032550627
65756,13.8,-19.0,0.0007069822766030132
65757,13.8,-18.0,0.0032251279446668312
65758,13.8,-17.0,0.0073677148854901665
65759,13.8,-16.0,0.003621086516854301
65760,13.8,-15.0,0.004204123341094235
65761,13.8,-14.0,0.008954509625751618
65762,13.8,-13.0,0.004272770690046168
65763,13.8,-12.0,0.0016096976843461615
65764,13.8,-11.0,0.0054710963959677065
65765,13.8,-10.0,0.011787603124945594
65766,13.8,-9.0,0.0061956328394274385
65767,13.8,-8.0,0.007226067017510934
65768,13.8,-7.0,0.014615887189412747
65769,13.8,-6.0,0.007432486970456125
65770,13.8,-5.0,0.003363182004924586
65771,13.8,-4.0,0.009557294485053604
65772,13.8,-3.0,0.0196565387702283
65773,13.8,-2.0,0.010157231678792818
65774,13.8,-1.0,0.004160106435619077
65775,13.8,0.0,0.0006622475508857803
65776,13.8,1.0,0.004852906719043089
65777,13.8,2.0,0.014777462314683168
65778,13.8,3.0,0.030107657100242297
65779,13.8,4.0,0.015329757562300412
65780,13.8,5.0,0.006932563883256703
65781,13.8,6.0,0.020349975436139346
65782,13.8,7.0,0.04223055425732646
65783,13.8,8.0,0.022156430392916246
65784,13.8,9.0,0.027836589887760648
65785,13.8,10.0,0.057244549316284817
65786,13.8,11.0,0.027112492916921246
65787,13.8,12.0,0.01049747341893565
65788,13.8,13.0,0.04673288127056228
65789,13.8,14.0,0.08564347383262143
65790,13.8,15.0,0.03917801004960771
65791,13.8,16.0,0.02563187374642149
65792,13.8,17.0,0.04996279124034687
65793,13.8,18.0,0.023257133626646387
65794,13.8,19.0,0.006877270576637714
65795,13.8,20.0,0.01634444890820907
65796,13.8,21.0,0.03308289091762825
65797,13.8,22.0,0.016579199985454866
65798,13.8,23.0,0.013790701494439441
65799,13.8,24.0,0.02567144025205653
65800,13.8,25.0,0.01258194217025956
65801,13.8,26.0,0.004543814313851952
65802,13.8,27.0,0.009717327717463226
65803,13.8,28.0,0.018840345814972372
65804,13.8,29.0,0.009599373576560492
65805,13.8,30.0,0.00821006933231811
65806,13.8,31.0,0.015101458359208897
65807,13.8,32.0,0.007344409615802267
65808,13.8,33.0,0.002574104071280586
65809,13.8,34.0,0.005737543288806774
65810,13.8,35.0,0.011335194931253794
65811,13.8,36.0,0.0056001498870273895
65812,13.8,37.0,0.004810859252384014
65813,13.8,38.0,0.009200669628790951
65814,13.8,39.0,0.004446145856608799
65815,13.8,40.0,0.003823739590350548
65816,13.8,41.0,0.007513474311461162
65817,13.8,42.0,0.0033916746260777035
65818,13.8,43.0,0.0008742943349911173
65819,13.8,44.0,0.0026686342740644864
65820,13.8,45.0,0.005809480794730902
65821,13.8,46.0,0.0025364520549711585
65822,13.8,47.0,0.0004261021895109952
65823,13.8,48.0,0.00023323699866890606
65824,13.8,49.0,0.00019248429971074576
65825,13.8,50.0,0.000159141104190122
65826,13.8,51.0,0.0001308786001129194
65827,13.8,52.0,0.00010805592821961068
65828,13.8,53.0,0.00017603616292302663
65829,13.8,54.0,0.0013875120876105324
65830,13.8,55.0,0.0032910475821024167
65831,13.8,56.0,0.00136245933436207
65832,13.8,57.0,0.00012512712376034387
65833,13.8,58.0,2.9679211028204634e-05
65834,13.8,59.0,2.2606797716555206e-05
65835,13.8,60.0,1.7719794050734085e-05
65836,13.8,61.0,1.3816558386846633e-05
65837,13.8,62.0,1.071586428630198e-05
65838,13.8,63.0,8.266861094250652e-06
65839,13.8,64.0,6.3436641681556435e-06
65840,13.8,65.0,4.8420116956103314e-06
65841,13.8,66.0,3.676186977384328e-06
65842,13.8,67.0,2.7762300959372633e-06
65843,13.8,68.0,2.0854483157279524e-06
65844,13.8,69.0,1.5582226459102723e-06
65845,13.8,70.0,1.1580990354602324e-06
65846,13.8,71.0,8.56146322576193e-07
65847,13.8,72.0,6.295589447802082e-07
65848,13.8,73.0,4.6048014548278475e-07
65849,13.8,74.0,3.3502061202102276e-07
65850,13.9,-75.0,4.634249925926437e-12
65851,13.9,-74.0,7.42211275915003e-12
65852,13.9,-73.0,1.1823927329488804e-11
65853,13.9,-72.0,1.8736223710438708e-11
65854,13.9,-71.0,2.953170232350027e-11
65855,13.9,-70.0,4.630000186967616e-11
65856,13.9,-69.0,7.220373149498066e-11
65857,13.9,-68.0,1.120016405471371e-10
65858,13.9,-67.0,1.7281253191055932e-10
65859,13.9,-66.0,2.6522361483734994e-10
65860,13.9,-65.0,4.048883253351775e-10
65861,13.9,-64.0,6.148149602415719e-10
65862,13.9,-63.0,9.286235789183943e-10
65863,13.9,-62.0,1.3951506154171886e-09
65864,13.9,-61.0,2.084916141310266e-09
65865,13.9,-60.0,3.0991471476444455e-09
65866,13.9,-59.0,4.582283045069844e-09
65867,13.9,-58.0,6.739190558337445e-09
65868,13.9,-57.0,9.85870049184751e-09
65869,13.9,-56.0,1.4345567126196364e-08
65870,13.9,-55.0,2.076356329561293e-08
65871,13.9,-54.0,2.9893183522989506e-08
65872,13.9,-53.0,4.2808358306397437e-08
65873,13.9,-52.0,6.097770933195951e-08
65874,13.9,-51.0,8.639722119999254e-08
65875,13.9,-50.0,1.2176278970449703e-07
65876,13.9,-49.0,1.706929426853304e-07
65877,13.9,-48.0,2.380141194845964e-07
65878,13.9,-47.0,3.3012322664687864e-07
65879,13.9,-46.0,4.5544472798244175e-07
65880,13.9,-45.0,6.250022174481082e-07
65881,13.9,-44.0,8.531271717529455e-07
65882,13.9,-43.0,1.1583302551986768e-06
65883,13.9,-42.0,1.5643629757647262e-06
65884,13.9,-41.0,2.101499442366804e-06
65885,13.9,-40.0,2.8080691688936594e-06
65886,13.9,-39.0,3.7322724890855117e-06
65887,13.9,-38.0,4.935965571569785e-06
65888,13.9,-37.0,7.383525121207827e-06
65889,13.9,-36.0,8.840441459770955e-05
65890,13.9,-35.0,0.001194682734281827
65891,13.9,-34.0,0.0029221666622065066
65892,13.9,-33.0,0.0012940520625489313
65893,13.9,-32.0,0.001465186064461138
65894,13.9,-31.0,0.0033763202726626506
65895,13.9,-30.0,0.0015060708789956963
65896,13.9,-29.0,0.0017125142781399475
65897,13.9,-28.0,0.003923580045599125
65898,13.9,-27.0,0.0016493743487770867
65899,13.9,-26.0,0.00032865948270845125
65900,13.9,-25.0,0.002034510790554663
65901,13.9,-24.0,0.004855368297948761
65902,13.9,-23.0,0.002242664022872806
65903,13.9,-22.0,0.002578800850294019
65904,13.9,-21.0,0.005757897868519905
65905,13.9,-20.0,0.002547360836924723
65906,13.9,-19.0,0.0007011360931996308
65907,13.9,-18.0,0.003213236974054841
65908,13.9,-17.0,0.007346227608015381
65909,13.9,-16.0,0.0036069202138621077
65910,13.9,-15.0,0.004187253278423155
65911,13.9,-14.0,0.008925388804491062
65912,13.9,-13.0,0.004254230708109072
65913,13.9,-12.0,0.0015968445166693389
65914,13.9,-11.0,0.005446698415072906
65915,13.9,-10.0,0.01174474915349579
65916,13.9,-9.0,0.006168006090725854
65917,13.9,-8.0,0.0071935356422534145
65918,13.9,-7.0,0.014559421204280509
65919,13.9,-6.0,0.007399037450990104
65920,13.9,-5.0,0.0033428256548117996
65921,13.9,-4.0,0.009513852734927917
65922,13.9,-3.0,0.019575505099522224
65923,13.9,-2.0,0.010113543453151536
65924,13.9,-1.0,0.004140805671309995
65925,13.9,0.0,0.0006645082087908444
65926,13.9,1.0,0.0048352222936406284
65927,13.9,2.0,0.014713897670848455
65928,13.9,3.0,0.02997199881787176
65929,13.9,4.0,0.015269840156101475
65930,13.9,5.0,0.006915714994712911
65931,13.9,6.0,0.020248059713194228
65932,13.9,7.0,0.041989243021685475
65933,13.9,8.0,0.022047696816071688
65934,13.9,9.0,0.02764541162214588
65935,13.9,10.0,0.0567873381428126
65936,13.9,11.0,0.02693638081679483
65937,13.9,12.0,0.010638595321534284
65938,13.9,13.0,0.04880249589810727
65939,13.9,14.0,0.08790804172711197
65940,13.9,15.0,0.04004553769866691
65941,13.9,16.0,0.02554515056484018
65942,13.9,17.0,0.049716236987151434
65943,13.9,18.0,0.023113629858623124
65944,13.9,19.0,0.006796189244909653
65945,13.9,20.0,0.016191096670860484
65946,13.9,21.0,0.032807109227516146
65947,13.9,22.0,0.016430119147629256
65948,13.9,23.0,0.013655396277150195
65949,13.9,24.0,0.02543361591698286
65950,13.9,25.0,0.012461753001931366
65951,13.9,26.0,0.004496229906388957
65952,13.9,27.0,0.009620207556488746
65953,13.9,28.0,0.01865521698801417
65954,13.9,29.0,0.009506412820276514
65955,13.9,30.0,0.008129373300390886
65956,13.9,31.0,0.014949881650064575
65957,13.9,32.0,0.007274026191478846
65958,13.9,33.0,0.002553571928083662
65959,13.9,34.0,0.005682439248550503
65960,13.9,35.0,0.011218948224765263
65961,13.9,36.0,0.005546423776080644
65962,13.9,37.0,0.004764561445258327
65963,13.9,38.0,0.009104543139415293
65964,13.9,39.0,0.004403071965152562
65965,13.9,40.0,0.0037865163190306953
65966,13.9,41.0,0.007433146885783706
65967,13.9,42.0,0.0033583288104387563
65968,13.9,43.0,0.0008693918914723364
65969,13.9,44.0,0.002641904463535235
65970,13.9,45.0,0.005745069899228996
65971,13.9,46.0,0.0025102673875976914
65972,13.9,47.0,0.0004244204743564958
65973,13.9,48.0,0.0002334083101856756
65974,13.9,49.0,0.00019274572521819528
65975,13.9,50.0,0.00015944220500189467
65976,13.9,51.0,0.00013119608165946463
65977,13.9,52.0,0.00010836050719178243
65978,13.9,53.0,0.00017523819173642248
65979,13.9,54.0,0.0013714689468103502
65980,13.9,55.0,0.0032512104623124765
65981,13.9,56.0,0.0013463638973405501
65982,13.9,57.0,0.00012422874798426843
65983,13.9,58.0,2.9843891925590614e-05
65984,13.9,59.0,2.2758403997092915e-05
65985,13.9,60.0,1.784816149824406e-05
65986,13.9,61.0,1.3924066320585424e-05
65987,13.9,62.0,1.080500072922218e-05
65988,13.9,63.0,8.340068648397735e-06
65989,13.9,64.0,6.403251468512185e-06
65990,13.9,65.0,4.8900983937356926e-06
65991,13.9,66.0,3.7146743334683624e-06
65992,13.9,67.0,2.8067905130613927e-06
65993,13.9,68.0,2.1095283310627925e-06
65994,13.9,69.0,1.5770549731121566e-06
65995,13.9,70.0,1.1727202102260295e-06
65996,13.9,71.0,8.674173300242288e-07
65997,13.9,72.0,6.381869026790549e-07
65998,13.9,73.0,4.670396874371903e-07
65999,13.9,74.0,3.399740700069761e-07
66000,14.0,-75.0,3.952478518155916e-12
66001,14.0,-74.0,6.333576255888736e-12
66002,14.0,-73.0,1.0095192318806355e-11
66003,14.0,-72.0,1.6005391346964016e-11
66004,14.0,-71.0,2.524085753989063e-11
66005,14.0,-70.0,3.9593876247172014e-11
66006,14.0,-69.0,6.177859747773561e-11
66007,14.0,-68.0,9.58813577486984e-11
66008,14.0,-67.0,1.4801864139984433e-10
66009,14.0,-66.0,2.2729231901417733e-10
66010,14.0,-65.0,3.471676209563694e-10
66011,14.0,-64.0,5.274481516938693e-10
66012,14.0,-63.0,7.970883178426203e-10
66013,14.0,-62.0,1.1981721522751678e-09
66014,14.0,-61.0,1.7915053413557117e-09
66015,14.0,-60.0,2.664422557766436e-09
66016,14.0,-59.0,3.941615033198575e-09
66017,14.0,-58.0,5.80004575362425e-09
66018,14.0,-57.0,8.489355969939831e-09
66019,14.0,-56.0,1.2359593354974283e-08
66020,14.0,-55.0,1.7898627704247962e-08
66021,14.0,-54.0,2.578228501045116e-08
66022,14.0,-53.0,3.694104673832635e-08
66023,14.0,-52.0,5.264815020026148e-08
66024,14.0,-51.0,7.46351090078136e-08
66025,14.0,-50.0,1.0524206753332768e-07
66026,14.0,-49.0,1.4761202241310828e-07
66027,14.0,-48.0,2.0593979070090394e-07
66028,14.0,-47.0,2.857886687561695e-07
66029,14.0,-46.0,3.9448998110817306e-07
66030,14.0,-45.0,5.416431142043822e-07
66031,14.0,-44.0,7.397360872795229e-07
66032,14.0,-43.0,1.0049091182124805e-06
66033,14.0,-42.0,1.3578858428235363e-06
66034,14.0,-41.0,1.825098643716461e-06
66035,14.0,-40.0,2.440035694204571e-06
66036,14.0,-39.0,3.2448379858513455e-06
66037,14.0,-38.0,4.2936483540461994e-06
66038,14.0,-37.0,6.443827400341523e-06
66039,14.0,-36.0,7.853009802804058e-05
66040,14.0,-35.0,0.001063255825583656
66041,14.0,-34.0,0.002600944732175538
66042,14.0,-33.0,0.0011515773060670593
66043,14.0,-32.0,0.001303695728923415
66044,14.0,-31.0,0.0030046011758315385
66045,14.0,-30.0,0.0013398443551900176
66046,14.0,-29.0,0.0015232744781314021
66047,14.0,-28.0,0.0034907945888889643
66048,14.0,-27.0,0.0014667067814442155
66049,14.0,-26.0,0.0002911131832876493
66050,14.0,-25.0,0.001808614443861835
66051,14.0,-24.0,0.0043181540994403
66052,14.0,-23.0,0.0019931465508392656
66053,14.0,-22.0,0.002291516980107533
66054,14.0,-21.0,0.005119129230376904
66055,14.0,-20.0,0.00226262249320936
66056,14.0,-19.0,0.0006197179850373887
66057,14.0,-18.0,0.002853233662173286
66058,14.0,-17.0,0.006528195566403451
66059,14.0,-16.0,0.003202079206600823
66060,14.0,-15.0,0.0037168959520951905
66061,14.0,-14.0,0.007928833116944393
66062,14.0,-13.0,0.00377509925411296
66063,14.0,-12.0,0.0014117733440946391
66064,14.0,-11.0,0.004832669165421506
66065,14.0,-10.0,0.010429363970961586
66066,14.0,-9.0,0.005472641405496916
66067,14.0,-8.0,0.0063822801001582954
66068,14.0,-7.0,0.012925822532430289
66069,14.0,-6.0,0.006564581775240083
66070,14.0,-5.0,0.0029611093218097693
66071,14.0,-4.0,0.008440519449215698
66072,14.0,-3.0,0.017374564889309156
66073,14.0,-2.0,0.008974719853437634
66074,14.0,-1.0,0.003673142207470722
66075,14.0,0.0,0.000594254515571981
66076,14.0,1.0,0.004293438897080103
66077,14.0,2.0,0.013057209230009907
66078,14.0,3.0,0.026592210531682644
66079,14.0,4.0,0.01355589174688982
66080,14.0,5.0,0.006148393032156416
66081,14.0,6.0,0.01795601269902656
66082,14.0,7.0,0.037210194217460774
66083,14.0,8.0,0.019554073524473397
66084,14.0,9.0,0.02447183701999554
66085,14.0,10.0,0.05021257593639562
66086,14.0,11.0,0.023854655258799908
66087,14.0,12.0,0.009731330438379683
66088,14.0,13.0,0.04717645011625453
66089,14.0,14.0,0.10478686175085236
66090,14.0,15.0,0.04619049807752798
66091,14.0,16.0,0.027808801669617574
66092,14.0,17.0,0.05381708952227693
66093,14.0,18.0,0.024988087178738745
66094,14.0,19.0,0.007304855439730378
66095,14.0,20.0,0.017445547100320865
66096,14.0,21.0,0.03538668338549415
66097,14.0,22.0,0.01771004417621801
66098,14.0,23.0,0.014706704963492157
66099,14.0,24.0,0.027407117248561954
66100,14.0,25.0,0.013424639371808158
66101,14.0,26.0,0.004838932504053038
66102,14.0,27.0,0.010358772469569726
66103,14.0,28.0,0.02009109701711361
66104,14.0,29.0,0.010239483291478476
66105,14.0,30.0,0.008754938493153905
66106,14.0,31.0,0.016097080518928178
66107,14.0,32.0,0.007835732001028918
66108,14.0,33.0,0.002755135141552423
66109,14.0,34.0,0.006121104756663741
66110,14.0,35.0,0.012077185867322029
66111,14.0,36.0,0.005974682718711497
66112,14.0,37.0,0.0051322955727857895
66113,14.0,38.0,0.00979914070953113
66114,14.0,39.0,0.004742617836835731
66115,14.0,40.0,0.004078326839231352
66116,14.0,41.0,0.007998278420748205
66117,14.0,42.0,0.003616799677028757
66118,14.0,43.0,0.0009402826289891819
66119,14.0,44.0,0.0028447137198818933
66120,14.0,45.0,0.006179394482900511
66121,14.0,46.0,0.002702138301026791
66122,14.0,47.0,0.0004597982807957922
66123,14.0,48.0,0.0002540391665082655
66124,14.0,49.0,0.0002099128469474427
66125,14.0,50.0,0.0001737356867479937
66126,14.0,51.0,0.0001430335468996354
66127,14.0,52.0,0.000118184203760085
66128,14.0,53.0,0.00018974076470373985
66129,14.0,54.0,0.0014744486889960772
66130,14.0,55.0,0.0034933954029107
66131,14.0,56.0,0.0014470878764605696
66132,14.0,57.0,0.00013415434772648087
66133,14.0,58.0,3.2638410521299824e-05
66134,14.0,59.0,2.4917782480156694e-05
66135,14.0,60.0,1.9552087078178996e-05
66136,14.0,61.0,1.5261496044660522e-05
66137,14.0,62.0,1.1849150484727459e-05
66138,14.0,63.0,9.150891987476247e-06
66139,14.0,64.0,7.029521293483133e-06
66140,14.0,65.0,5.371235322618705e-06
66141,14.0,66.0,4.082335715857423e-06
66142,14.0,67.0,3.0862376192853662e-06
66143,14.0,68.0,2.3207914316687886e-06
66144,14.0,69.0,1.7359170611009874e-06
66145,14.0,70.0,1.2915402291829356e-06
66146,14.0,71.0,9.558131746166319e-07
66147,14.0,72.0,7.035973483883101e-07
66148,14.0,73.0,5.151829519945715e-07
66149,14.0,74.0,3.752190503732429e-07
66150,14.1,-75.0,3.494303241568507e-12
66151,14.1,-74.0,5.602365848556983e-12
66152,14.1,-73.0,8.934462869220675e-12
66153,14.1,-72.0,1.4172665533552843e-11
66154,14.1,-71.0,2.2362519668219318e-11
66155,14.1,-70.0,3.5097488504527923e-11
66156,14.1,-69.0,5.479203781397241e-11
66157,14.1,-68.0,8.508342676414731e-11
66158,14.1,-67.0,1.3141913385097313e-10
66159,14.1,-66.0,2.0191023570242186e-10
66160,14.1,-65.0,3.0856323472270414e-10
66161,14.1,-64.0,4.690467480833889e-10
66162,14.1,-63.0,7.092089177516387e-10
66163,14.1,-62.0,1.066641199493909e-09
66164,14.1,-61.0,1.595690389623259e-09
66165,14.1,-60.0,2.37446084829468e-09
66166,14.1,-59.0,3.5145320317884704e-09
66167,14.1,-58.0,5.1743536581527615e-09
66168,14.1,-57.0,7.577585101604716e-09
66169,14.1,-56.0,1.1038032001333057e-08
66170,14.1,-55.0,1.599331863357403e-08
66171,14.1,-54.0,2.3050038127620803e-08
66172,14.1,-53.0,3.304386413788614e-08
66173,14.1,-52.0,4.711900754357145e-08
66174,14.1,-51.0,6.683247970584353e-08
66175,14.1,-50.0,9.42898967272852e-08
66176,14.1,-49.0,1.3232103903771845e-07
66177,14.1,-48.0,1.847050715545351e-07
66178,14.1,-47.0,2.564572241362999e-07
66179,14.1,-46.0,3.541908066825432e-07
66180,14.1,-45.0,4.865706438831937e-07
66181,14.1,-44.0,6.648762910941389e-07
66182,14.1,-43.0,9.036956334612593e-07
66183,14.1,-42.0,1.2217715369907746e-06
66184,14.1,-41.0,1.6430259336003777e-06
66185,14.1,-40.0,2.1977868593523994e-06
66186,14.1,-39.0,2.9242446784588873e-06
66187,14.1,-38.0,3.87152379399922e-06
66188,14.1,-37.0,5.8297789810306875e-06
66189,14.1,-36.0,7.231689916961185e-05
66190,14.1,-35.0,0.0009809578810256502
66191,14.1,-34.0,0.002399848875346053
66192,14.1,-33.0,0.0010623373389074201
66193,14.1,-32.0,0.001202507943530239
66194,14.1,-31.0,0.002771770210826526
66195,14.1,-30.0,0.001235641234522122
66196,14.1,-29.0,0.0014045960671721152
66197,14.1,-28.0,0.0032195406695023705
66198,14.1,-27.0,0.0013520658905192462
66199,14.1,-26.0,0.00026731315434318914
66200,14.1,-25.0,0.001666720669207312
66201,14.1,-24.0,0.003981097237061881
66202,14.1,-23.0,0.0018363079711141872
66203,14.1,-22.0,0.0021108602845644835
66204,14.1,-21.0,0.004717993758168487
66205,14.1,-20.0,0.002083364407395103
66206,14.1,-19.0,0.0005678270556986362
66207,14.1,-18.0,0.0026264112245414284
66208,14.1,-17.0,0.006013829919377122
66209,14.1,-16.0,0.002946846759231831
66210,14.1,-15.0,0.003420274911588882
66211,14.1,-14.0,0.007301636714200882
66212,14.1,-13.0,0.0034726712038198357
66213,14.1,-12.0,0.0012938487207874352
66214,14.1,-11.0,0.004444957768017196
66215,14.1,-10.0,0.009600630628782452
66216,14.1,-9.0,0.0050335493634244685
66217,14.1,-8.0,0.00586995019586432
66218,14.1,-7.0,0.011895958222193756
66219,14.1,-6.0,0.006037563575453095
66220,14.1,-5.0,0.002718970901172363
66221,14.1,-4.0,0.007762564598764816
66222,14.1,-3.0,0.015986077234771766
66223,14.1,-2.0,0.00825581633224201
66224,14.1,-1.0,0.00337749821957673
66225,14.1,0.0,0.0005508949306825526
66226,14.1,1.0,0.0039518497076133675
66227,14.1,2.0,0.0120115648449011
66228,14.1,3.0,0.024458227529807402
66229,14.1,4.0,0.012475211029629002
66230,14.1,5.0,0.005666296224751521
66231,14.1,6.0,0.01650725422432784
66232,14.1,7.0,0.034184554464851524
66233,14.1,8.0,0.01797848832591846
66234,14.1,9.0,0.022458293613014862
66235,14.1,10.0,0.046030647092939074
66236,14.1,11.0,0.021896683433065715
66237,14.1,12.0,0.008780206486731007
66238,14.1,13.0,0.04045256589058266
66239,14.1,14.0,0.09158415249121794
66240,14.1,15.0,0.0478655743156366
66241,14.1,16.0,0.031127741876850707
66242,14.1,17.0,0.060886844641663974
66243,14.1,18.0,0.028236618754876267
66244,14.1,19.0,0.008205681471045972
66245,14.1,20.0,0.019645115027403248
66246,14.1,21.0,0.03989132217989224
66247,14.1,22.0,0.019950768845163745
66248,14.1,23.0,0.016553072228355226
66249,14.1,24.0,0.030865618531485495
66250,14.1,25.0,0.015113920762094247
66251,14.1,26.0,0.005442301398982932
66252,14.1,27.0,0.011656744035307172
66253,14.1,28.0,0.02261297835578008
66254,14.1,29.0,0.011526191845911747
66255,14.1,30.0,0.009853572474242862
66256,14.1,31.0,0.01811364201337386
66257,14.1,32.0,0.008821243361512927
66258,14.1,33.0,0.003106485068434193
66259,14.1,34.0,0.00689080148232974
66260,14.1,35.0,0.013587156536089136
66261,14.1,36.0,0.006726107033899043
66262,14.1,37.0,0.005777601001323648
66263,14.1,38.0,0.011022185107168476
66264,14.1,39.0,0.005338625550205192
66265,14.1,40.0,0.0045906438232942255
66266,14.1,41.0,0.0089943746241267
66267,14.1,42.0,0.0040707705090237975
66268,14.1,43.0,0.00106278331495802
66269,14.1,44.0,0.0032011952022618392
66270,14.1,45.0,0.006946209911401503
66271,14.1,46.0,0.0030398221301299083
66272,14.1,47.0,0.0005205774273471006
66273,14.1,48.0,0.0002889410904470987
66274,14.1,49.0,0.00023890040447203213
66275,14.1,50.0,0.00019783283724380708
66276,14.1,51.0,0.00016295907636385665
66277,14.1,52.0,0.00013470154269426863
66278,14.1,53.0,0.00021471185706130062
66279,14.1,54.0,0.0016566342766230133
66280,14.1,55.0,0.003922843164222748
66281,14.1,56.0,0.0016254728051396962
66282,14.1,57.0,0.00015141123911474784
66283,14.1,58.0,3.730195841475529e-05
66284,14.1,59.0,2.851022162141191e-05
66285,14.1,60.0,2.2382900250940482e-05
66286,14.1,61.0,1.7480414820923598e-05
66287,14.1,62.0,1.3579170156045166e-05
66288,14.1,63.0,1.0492544836844457e-05
66289,14.1,64.0,8.064446118778252e-06
66290,14.1,65.0,6.165302115306777e-06
66291,14.1,66.0,4.688352841348956e-06
66292,14.1,67.0,3.5462742799742956e-06
66293,14.1,68.0,2.6681513623611843e-06
66294,14.1,69.0,1.99680066013139e-06
66295,14.1,70.0,1.4864320726582104e-06
66296,14.1,71.0,1.1006304680156041e-06
66297,14.1,72.0,8.106326685589824e-07
66298,14.1,73.0,5.938719053023106e-07
66299,14.1,74.0,4.327604525260104e-07
66300,14.2,-75.0,3.3903883551051446e-12
66301,14.2,-74.0,5.438657523255068e-12
66302,14.2,-73.0,8.678008744102925e-12
66303,14.2,-72.0,1.3773190758902232e-11
66304,14.2,-71.0,2.1743785199954927e-11
66305,14.2,-70.0,3.4144585371915546e-11
66306,14.2,-69.0,5.333283193524593e-11
66307,14.2,-68.0,8.286164566016461e-11
66308,14.2,-67.0,1.2805559875277362e-10
66309,14.2,-66.0,1.9684740574133864e-10
66310,14.2,-65.0,3.0098643823532475e-10
66311,14.2,-64.0,4.5777309877642375e-10
66312,14.2,-63.0,6.925317920525529e-10
66313,14.2,-62.0,1.0421140978877828e-09
66314,14.2,-61.0,1.5598288018752118e-09
66315,14.2,-60.0,2.3223341468808966e-09
66316,14.2,-59.0,3.439209168131878e-09
66317,14.2,-58.0,5.0661562670711035e-09
66318,14.2,-57.0,7.423089284700207e-09
66319,14.2,-56.0,1.0818745367693934e-08
66320,14.2,-55.0,1.5683942036734616e-08
66321,14.2,-54.0,2.2616202031115504e-08
66322,14.2,-53.0,3.243920800398581e-08
66323,14.2,-52.0,4.628144777298845e-08
66324,14.2,-51.0,6.5679488662673e-08
66325,14.2,-50.0,9.271259412416229e-08
66326,14.2,-49.0,1.3017688013055187e-07
66327,14.2,-48.0,1.8180890793731892e-07
66328,14.2,-47.0,2.5257051740115895e-07
66329,14.2,-46.0,3.490087992079902e-07
66330,14.2,-45.0,4.797073425027998e-07
66331,14.2,-44.0,6.558472080197983e-07
66332,14.2,-43.0,8.918983659004173e-07
66333,14.2,-42.0,1.2064644652422056e-06
66334,14.2,-41.0,1.6233055910725673e-06
66335,14.2,-40.0,2.1725648915910308e-06
66336,14.2,-39.0,2.892225781723639e-06
66337,14.2,-38.0,3.831204021400776e-06
66338,14.2,-37.0,5.788762078495137e-06
66339,14.2,-36.0,7.309396358729253e-05
66340,14.2,-35.0,0.0009933152544444053
66341,14.2,-34.0,0.002430300925615976
66342,14.2,-33.0,0.0010756142277275154
66343,14.2,-32.0,0.0012173757778590362
66344,14.2,-31.0,0.002806412871030679
66345,14.2,-30.0,0.001250709001732092
66346,14.2,-29.0,0.001421512848145528
66347,14.2,-28.0,0.0032590283357471737
66348,14.2,-27.0,0.0013679796818387591
66349,14.2,-26.0,0.00026941290116364063
66350,14.2,-25.0,0.0016858045724290577
66351,14.2,-24.0,0.004028402739513646
66352,14.2,-23.0,0.001856862905605904
66353,14.2,-22.0,0.0021341444063095434
66354,14.2,-21.0,0.0047724845430392
66355,14.2,-20.0,0.0021054584803550293
66356,14.2,-19.0,0.000571038356314686
66357,14.2,-18.0,0.0026534794261464005
66358,14.2,-17.0,0.006080441572074334
66359,14.2,-16.0,0.0029765268935538314
66360,14.2,-15.0,0.0034543623683063597
66361,14.2,-14.0,0.007380006980885194
66362,14.2,-13.0,0.0035060956948154602
66363,14.2,-12.0,0.0013014129616375242
66364,14.2,-11.0,0.004487163526107006
66365,14.2,-10.0,0.009699879967602056
66366,14.2,-9.0,0.005081286263627604
66367,14.2,-8.0,0.005925362192451225
66368,14.2,-7.0,0.012016130338234817
66369,14.2,-6.0,0.0060944710853441195
66370,14.2,-5.0,0.0027400652801101333
66371,14.2,-4.0,0.00783540365738623
66372,14.2,-3.0,0.016143349435190177
66373,14.2,-2.0,0.008335228119928489
66374,14.2,-1.0,0.0034084254455210173
66375,14.2,0.0,0.0005605133801602336
66376,14.2,1.0,0.003992073978618122
66377,14.2,2.0,0.012127520943802093
66378,14.2,3.0,0.024690161689273554
66379,14.2,4.0,0.012600579416839399
66380,14.2,5.0,0.005731214038917823
66381,14.2,6.0,0.016656145192954802
66382,14.2,7.0,0.03446976120740914
66383,14.2,8.0,0.018142918701263302
66384,14.2,9.0,0.022622921363835247
66385,14.2,10.0,0.04631805626242315
66386,14.2,11.0,0.022063369708222154
66387,14.2,12.0,0.008804512353515483
66388,14.2,13.0,0.039541592971862605
66389,14.2,14.0,0.08921985116075397
66390,14.2,15.0,0.04587780383019121
66391,14.2,16.0,0.03119772624044215
66392,14.2,17.0,0.06141749136340263
66393,14.2,18.0,0.0284471905224219
66394,14.2,19.0,0.008216829740291452
66395,14.2,20.0,0.0197203730268659
66396,14.2,21.0,0.040087831980048644
66397,14.2,22.0,0.020035009964788453
66398,14.2,23.0,0.016608202280739785
66399,14.2,24.0,0.030986432739430168
66400,14.2,25.0,0.015168102634084477
66401,14.2,26.0,0.005456020894394788
66402,14.2,27.0,0.011692833986446416
66403,14.2,28.0,0.022687732887844276
66404,14.2,29.0,0.01156560881440251
66405,14.2,30.0,0.009885696984780158
66406,14.2,31.0,0.018169464944833475
66407,14.2,32.0,0.008852254882278992
66408,14.2,33.0,0.0031221625592599816
66409,14.2,34.0,0.006914852135313884
66410,14.2,35.0,0.013626018761003469
66411,14.2,36.0,0.006749757074580956
66412,14.2,37.0,0.005797742057672855
66413,14.2,38.0,0.01105161172823215
66414,14.2,39.0,0.005356955948755526
66415,14.2,40.0,0.0046062004910033105
66416,14.2,41.0,0.009016218357206967
66417,14.2,42.0,0.0040842094890710485
66418,14.2,43.0,0.0010707860305571657
66419,14.2,44.0,0.0032111913446275764
66420,14.2,45.0,0.006960326644569901
66421,14.2,46.0,0.003048387077185765
66422,14.2,47.0,0.000525385883492611
66423,14.2,48.0,0.0002929345206764234
66424,14.2,49.0,0.00024235206286649842
66425,14.2,50.0,0.0002007981427987218
66426,14.2,51.0,0.00016548977678082608
66427,14.2,52.0,0.00013684810273259437
66428,14.2,53.0,0.00021659228095380757
66429,14.2,54.0,0.0016592251181443887
66430,14.2,55.0,0.00392674838554791
66431,14.2,56.0,0.0016275909559714016
66432,14.2,57.0,0.00015233878702256825
66433,14.2,58.0,3.800070041191502e-05
66434,14.2,59.0,2.9076610454919644e-05
66435,14.2,60.0,2.2839761455598078e-05
66436,14.2,61.0,1.7846716648414773e-05
66437,14.2,62.0,1.38711099286261e-05
66438,14.2,63.0,1.0723837048598643e-05
66439,14.2,64.0,8.246607150695141e-06
66440,14.2,65.0,6.307924896742464e-06
66441,14.2,66.0,4.79936554156323e-06
66442,14.2,67.0,3.632179071375151e-06
66443,14.2,68.0,2.734240940633342e-06
66444,14.2,69.0,2.0473515400346047e-06
66445,14.2,70.0,1.5248747203535941e-06
66446,14.2,71.0,1.1296971089735107e-06
66447,14.2,72.0,8.324841576305772e-07
66448,14.2,73.0,6.102053980596914e-07
66449,14.2,74.0,4.4489981014792813e-07
66450,14.3,-75.0,3.2816714325050365e-12
66451,14.3,-74.0,5.267065871398092e-12
66452,14.3,-73.0,8.408693269122897e-12
66453,14.3,-72.0,1.3352862564581067e-11
66454,14.3,-71.0,2.109144597658838e-11
66455,14.3,-70.0,3.3137858435613524e-11
66456,14.3,-69.0,5.1787939176493365e-11
66457,14.3,-68.0,8.050427213553192e-11
66458,14.3,-67.0,1.244787830511585e-10
66459,14.3,-66.0,1.91451091877125e-10
66460,14.3,-65.0,2.9289129814534377e-10
66461,14.3,-64.0,4.4569852620848303e-10
66462,14.3,-63.0,6.746243846944426e-10
66463,14.3,-62.0,1.0157082499102144e-09
66464,14.3,-61.0,1.521114944561171e-09
66465,14.3,-60.0,2.2659023771361647e-09
66466,14.3,-59.0,3.3574261289246557e-09
66467,14.3,-58.0,4.948320794222656e-09
66468,14.3,-57.0,7.254297101137765e-09
66469,14.3,-56.0,1.0578374594557113e-08
66470,14.3,-55.0,1.53436491642557e-08
66471,14.3,-54.0,2.2137292034320593e-08
66472,14.3,-53.0,3.1769212484944335e-08
66473,14.3,-52.0,4.534971165903765e-08
66474,14.3,-51.0,6.439152983118252e-08
66475,14.3,-50.0,9.094296271150403e-08
66476,14.3,-49.0,1.2776020737040204e-07
66477,14.3,-48.0,1.7852880133262244e-07
66478,14.3,-47.0,2.4814593428332593e-07
66479,14.3,-46.0,3.430775201720258e-07
66480,14.3,-45.0,4.718061774130018e-07
66481,14.3,-44.0,6.453886096951791e-07
66482,14.3,-43.0,8.781432115851054e-07
66483,14.3,-42.0,1.1884909068090003e-06
66484,14.3,-41.0,1.599974086538773e-06
66485,14.3,-40.0,2.142479829120852e-06
66486,14.3,-39.0,2.8536945139715872e-06
66487,14.3,-38.0,3.782209014007236e-06
66488,14.3,-37.0,5.734616002575838e-06
66489,14.3,-36.0,7.370893060997303e-05
66490,14.3,-35.0,0.0010034759856114741
66491,14.3,-34.0,0.0024553793025473983
66492,14.3,-33.0,0.0010865115518833947
66493,14.3,-32.0,0.0012295475380818312
66494,14.3,-31.0,0.0028348418955967906
66495,14.3,-30.0,0.0012630047089160078
66496,14.3,-29.0,0.0014352751370315963
66497,14.3,-28.0,0.00329128843022574
66498,14.3,-27.0,0.0013808536188397048
66499,14.3,-26.0,0.0002709038161556214
66500,14.3,-25.0,0.001701132708340181
66501,14.3,-24.0,0.004066749467340262
66502,14.3,-23.0,0.0018732734981349029
66503,14.3,-22.0,0.0021526579209926538
66504,14.3,-21.0,0.004816334001460466
66505,14.3,-20.0,0.0021228311291409756
66506,14.3,-19.0,0.0005729291750092838
66507,14.3,-18.0,0.0026745786591602333
66508,14.3,-17.0,0.006133439778090585
66509,14.3,-16.0,0.002999493361016326
66510,14.3,-15.0,0.0034806479730499
66511,14.3,-14.0,0.007441799386032336
66512,14.3,-13.0,0.0035315695019563493
66513,14.3,-12.0,0.0013059273539792252
66514,14.3,-11.0,0.004519172471589028
66515,14.3,-10.0,0.009777248540689716
66516,14.3,-9.0,0.00511745535558722
66517,14.3,-8.0,0.005967279531493533
66518,14.3,-7.0,0.012109126515997187
66519,14.3,-6.0,0.006137465156660268
66520,14.3,-5.0,0.002754752285827539
66521,14.3,-4.0,0.007890356822694702
66522,14.3,-3.0,0.0162640295134824
66523,14.3,-2.0,0.008395611170680405
66524,14.3,-1.0,0.003431411286716948
66525,14.3,0.0,0.0005689618190583359
66526,14.3,1.0,0.004023080652649543
66527,14.3,2.0,0.012215930400248444
66528,14.3,3.0,0.024866241165576446
66529,14.3,4.0,0.012697399128986334
66530,14.3,5.0,0.005783123935291415
66531,14.3,6.0,0.01676746477192229
66532,14.3,7.0,0.03467731825424878
66533,14.3,8.0,0.018266594378625815
66534,14.3,9.0,0.022737345435483062
66535,14.3,10.0,0.04650284485331923
66536,14.3,11.0,0.022181517823274474
66537,14.3,12.0,0.008830951849551913
66538,14.3,13.0,0.038860769742526696
66539,14.3,14.0,0.08743789517232214
66540,14.3,15.0,0.044264977641602345
66541,14.3,16.0,0.03127211715301685
66542,14.3,17.0,0.061904843347198014
66543,14.3,18.0,0.02863649981865027
66544,14.3,19.0,0.008220248865367723
66545,14.3,20.0,0.019777425904017088
66546,14.3,21.0,0.04024813666190689
66547,14.3,22.0,0.020100779768827716
66548,14.3,23.0,0.016647562520810965
66549,14.3,24.0,0.031078234642481554
66550,14.3,25.0,0.015207861911651742
66551,14.3,26.0,0.0054642794858653
66552,14.3,27.0,0.01171760633003073
66553,14.3,28.0,0.022740849968464746
66554,14.3,29.0,0.011593885987701683
66555,14.3,30.0,0.0099082467069423
66556,14.3,31.0,0.018207871375923675
66557,14.3,32.0,0.00887472383939759
66558,14.3,33.0,0.0031347618033981135
66559,14.3,34.0,0.006932217833015682
66560,14.3,35.0,0.013651799685799925
66561,14.3,36.0,0.006766917174018352
66562,14.3,37.0,0.005812307476604776
66563,14.3,38.0,0.011070434922848251
66564,14.3,39.0,0.005370155572605067
66565,14.3,40.0,0.004617348230697811
66566,14.3,41.0,0.009029418848894522
66567,14.3,42.0,0.004093751918331409
66568,14.3,43.0,0.0010777923135509915
66569,14.3,44.0,0.0032181297272542322
66570,14.3,45.0,0.006967773483105355
66571,14.3,46.0,0.003054051208419317
66572,14.3,47.0,0.0005297235029320378
66573,14.3,48.0,0.0002966793822670315
66574,14.3,49.0,0.0002456017663764025
66575,14.3,50.0,0.00020359913651824563
66576,14.3,51.0,0.00016788763659252736
66577,14.3,52.0,0.00013888681031770525
66578,14.3,53.0,0.00021828512626494972
66579,14.3,54.0,0.001660231561413694
66580,14.3,55.0,0.003926875299049977
66581,14.3,56.0,0.001628150622096703
66582,14.3,57.0,0.00015313158517843108
66583,14.3,58.0,3.867334556709878e-05
66584,14.3,59.0,2.962387761113626e-05
66585,14.3,60.0,2.3282075655014617e-05
66586,14.3,61.0,1.8202031027862218e-05
66587,14.3,62.0,1.4154812623625974e-05
66588,14.3,63.0,1.0949001280718073e-05
66589,14.3,64.0,8.424245137976134e-06
66590,14.3,65.0,6.447236371758277e-06
66591,14.3,66.0,4.907974495254766e-06
66592,14.3,67.0,3.716354284473819e-06
66593,14.3,68.0,2.799097513842611e-06
66594,14.3,69.0,2.0970319889675445e-06
66595,14.3,70.0,1.56270927517817e-06
66596,14.3,71.0,1.1583436754447632e-06
66597,14.3,72.0,8.540489856155535e-07
66598,14.3,73.0,6.263458988713712e-07
66599,14.3,74.0,4.5691119872591966e-07
66600,14.4,-75.0,3.1722134182698374e-12
66601,14.4,-74.0,5.094099698139207e-12
66602,14.4,-73.0,8.136892727331072e-12
66603,14.4,-72.0,1.292813409573285e-11
66604,14.4,-71.0,2.0431451132910426e-11
66605,14.4,-70.0,3.211801421066069e-11
66606,14.4,-69.0,5.02208739531688e-11
66607,14.4,-68.0,7.810987699010858e-11
66608,14.4,-67.0,1.208408438032439e-10
66609,14.4,-66.0,1.859549108790358e-10
66610,14.4,-65.0,2.846345811202514e-10
66611,14.4,-64.0,4.333649478142584e-10
66612,14.4,-63.0,6.563054447440782e-10
66613,14.4,-62.0,9.886540308615535e-10
66614,14.4,-61.0,1.4813878685013e-09
66615,14.4,-60.0,2.2078996708624956e-09
66616,14.4,-59.0,3.2732260189829268e-09
66617,14.4,-58.0,4.826794002764073e-09
66618,14.4,-57.0,7.079908498207524e-09
66619,14.4,-56.0,1.032957937536078e-08
66620,14.4,-55.0,1.4990763185552046e-08
66621,14.4,-54.0,2.1639686576648926e-08
66622,14.4,-53.0,3.107164949094127e-08
66623,14.4,-52.0,4.437759649231168e-08
66624,14.4,-51.0,6.304481527562697e-08
66625,14.4,-50.0,8.908839133536709e-08
66626,14.4,-49.0,1.2522153133556814e-07
66627,14.4,-48.0,1.7507457206059923e-07
66628,14.4,-47.0,2.4347441316541417e-07
66629,14.4,-46.0,3.367982313033755e-07
66630,14.4,-45.0,4.634176114546111e-07
66631,14.4,-44.0,6.342516036905733e-07
66632,14.4,-43.0,8.634495842291579e-07
66633,14.4,-42.0,1.1692270357366983e-06
66634,14.4,-41.0,1.5748792890793724e-06
66635,14.4,-40.0,2.109999667646007e-06
66636,14.4,-39.0,2.811929513325637e-06
66637,14.4,-38.0,3.7288724821299026e-06
66638,14.4,-37.0,5.6737930661188885e-06
66639,14.4,-36.0,7.423697425829729e-05
66640,14.4,-35.0,0.0010124529005547881
66641,14.4,-34.0,0.0024775609818906935
66642,14.4,-33.0,0.0010961265640844035
66643,14.4,-32.0,0.0012402658486905735
66644,14.4,-31.0,0.002859920100208873
66645,14.4,-30.0,0.0012738060209843765
66646,14.4,-29.0,0.0014473360826421163
66647,14.4,-28.0,0.0033196490552316106
66648,14.4,-27.0,0.0013920879247630409
66649,14.4,-26.0,0.00027206674287903087
66650,14.4,-25.0,0.0017144331549568204
66651,14.4,-24.0,0.004100258466653559
66652,14.4,-23.0,0.0018874454559424732
66653,14.4,-22.0,0.0021685927320612116
66654,14.4,-21.0,0.004854431864306912
66655,14.4,-20.0,0.0021376490821329785
66656,14.4,-19.0,0.0005741007956691024
66657,14.4,-18.0,0.002692443304809354
66658,14.4,-17.0,0.006179067864805831
66659,14.4,-16.0,0.0030188167114484923
66660,14.4,-15.0,0.0035026968375061465
66661,14.4,-14.0,0.007494603418860208
66662,14.4,-13.0,0.003552716705384169
66663,14.4,-12.0,0.00130876052392909
66664,14.4,-11.0,0.004545625229821627
66665,14.4,-10.0,0.009842729117974541
66666,14.4,-9.0,0.005147311659193876
66667,14.4,-8.0,0.006001831180287912
66668,14.4,-7.0,0.012187338367646896
66669,14.4,-6.0,0.006172849529614324
66670,14.4,-5.0,0.00276588679489047
66671,14.4,-4.0,0.007935529535289141
66672,14.4,-3.0,0.016364783844687404
66673,14.4,-2.0,0.008445577841482903
66674,14.4,-1.0,0.0034499828297683706
66675,14.4,0.0,0.0005767997377477279
66676,14.4,1.0,0.004048980803900886
66677,14.4,2.0,0.012289319994757917
66678,14.4,3.0,0.025011993106387333
66679,14.4,4.0,0.012778661265090327
66680,14.4,5.0,0.005827892965708395
66681,14.4,6.0,0.01685846175955778
66682,14.4,7.0,0.034843036420055526
66683,14.4,8.0,0.01836829025447317
66684,14.4,9.0,0.022825132651150194
66685,14.4,10.0,0.046633489140526556
66686,14.4,11.0,0.022273965881522473
66687,14.4,12.0,0.008858568351981323
66688,14.4,13.0,0.038304111195443975
66689,14.4,14.0,0.08597011774611946
66690,14.4,15.0,0.04286192932902439
66691,14.4,16.0,0.03135086337883223
66692,14.4,17.0,0.06237294283812976
66693,14.4,18.0,0.028815772601891974
66694,14.4,19.0,0.008219207630792045
66695,14.4,20.0,0.01982397508650582
66696,14.4,21.0,0.04038780819602612
66697,14.4,22.0,0.020155884865743198
66698,14.4,23.0,0.016677641556947665
66699,14.4,24.0,0.031153092520122886
66700,14.4,25.0,0.015239114639022475
66701,14.4,26.0,0.005469214667356119
66702,14.4,27.0,0.011735628791085495
66703,14.4,28.0,0.022781184067599613
66704,14.4,29.0,0.011615533116397502
66705,14.4,30.0,0.009925078432882374
66706,14.4,31.0,0.018235958164314156
66707,14.4,32.0,0.008892098745142974
66708,14.4,33.0,0.003145487747135125
66709,14.4,34.0,0.006945591949375536
66710,14.4,35.0,0.013669826528600344
66711,14.4,36.0,0.006780216167288809
66712,14.4,37.0,0.00582355545662496
66713,14.4,38.0,0.011082979572964086
66714,14.4,39.0,0.005380311678779346
66715,14.4,40.0,0.004625882135520849
66716,14.4,41.0,0.00903750906246874
66717,14.4,42.0,0.004100990373378665
66718,14.4,43.0,0.0010842098552055859
66719,14.4,44.0,0.003223263766240442
66720,14.4,45.0,0.006971283794800029
66721,14.4,46.0,0.003058006518216351
66722,14.4,47.0,0.0005337885642228636
66723,14.4,48.0,0.0003002834493623648
66724,14.4,49.0,0.0002487384046761365
66725,14.4,50.0,0.00020630928020361924
66726,14.4,51.0,0.00017021305016904842
66727,14.4,52.0,0.0001408675238943833
66728,14.4,53.0,0.0002198724905002789
66729,14.4,54.0,0.0016603069732860026
66730,14.4,55.0,0.003924774761236253
66731,14.4,56.0,0.0016277936153114504
66732,14.4,57.0,0.00015384824770062178
66733,14.4,58.0,3.933359186288183e-05
66734,14.4,59.0,3.0162451510914747e-05
66735,14.4,60.0,2.371801942969441e-05
66736,14.4,61.0,1.8552735977021265e-05
66737,14.4,62.0,1.443522733477464e-05
66738,14.4,63.0,1.1171857793163777e-05
66739,14.4,64.0,8.600293598801462e-06
66740,14.4,65.0,6.585477399833367e-06
66741,14.4,66.0,5.015882534304534e-06
66742,14.4,67.0,3.8000871653050786e-06
66743,14.4,68.0,2.863689104189048e-06
66744,14.4,69.0,2.1465661833017734e-06
66745,14.4,70.0,1.600474676571129e-06
66746,14.4,71.0,1.1869691679436264e-06
66747,14.4,72.0,8.756210163180948e-07
66748,14.4,73.0,6.425087152340935e-07
66749,14.4,74.0,4.6895155111192666e-07
66750,14.5,-75.0,3.0636519393765183e-12
66751,14.5,-74.0,4.922388138103329e-12
66752,14.5,-73.0,7.866805176251414e-12
66753,14.5,-72.0,1.2505672229144006e-11
66754,14.5,-71.0,1.977433084670733e-11
66755,14.5,-70.0,3.1101594732367436e-11
66756,14.5,-69.0,4.8657481642093654e-11
66757,14.5,-68.0,7.57186224878208e-11
66758,14.5,-67.0,1.172038529878143e-10
66759,14.5,-66.0,1.8045427755184568e-10
66760,14.5,-65.0,2.763621616617487e-10
66761,14.5,-64.0,4.2099417665303536e-10
66762,14.5,-63.0,6.3791043131734e-10
66763,14.5,-62.0,9.614560294054052e-10
66764,14.5,-61.0,1.4414024597836197e-09
66765,14.5,-60.0,2.1494492666734726e-09
66766,14.5,-59.0,3.1882711402808645e-09
66767,14.5,-58.0,4.704022677222123e-09
66768,14.5,-57.0,6.90350551276089e-09
66769,14.5,-56.0,1.0077575420855316e-08
66770,14.5,-55.0,1.463283757349888e-08
66771,14.5,-54.0,2.113426569012581e-08
66772,14.5,-53.0,3.0362106095824716e-08
66773,14.5,-52.0,4.338731237339259e-08
66774,14.5,-51.0,6.167082165024154e-08
66775,14.5,-50.0,8.719324896100142e-08
66776,14.5,-49.0,1.2262305674484826e-07
66777,14.5,-48.0,1.7153296048794084e-07
66778,14.5,-47.0,2.386762562757577e-07
66779,14.5,-46.0,3.3033688410730664e-07
66780,14.5,-45.0,4.547693348849308e-07
66781,14.5,-44.0,6.227469063242309e-07
66782,14.5,-43.0,8.482392198490104e-07
66783,14.5,-42.0,1.1492421963696125e-06
66784,14.5,-41.0,1.548785681502676e-06
66785,14.5,-40.0,2.0761453926504377e-06
66786,14.5,-39.0,2.76828700364415e-06
66787,14.5,-38.0,3.672986852105177e-06
66788,14.5,-37.0,5.6089536125751666e-06
66789,14.5,-36.0,7.470847196216601e-05
66790,14.5,-35.0,0.0010206543344427905
66791,14.5,-34.0,0.002497844476148896
66792,14.5,-33.0,0.0011049016970815664
66793,14.5,-32.0,0.0012500318454813743
66794,14.5,-31.0,0.002882801822136073
66795,14.5,-30.0,0.0012836283258496658
66796,14.5,-29.0,0.001458281975355096
66797,14.5,-28.0,0.0033454525744050284
66798,14.5,-27.0,0.0014022477540639796
66799,14.5,-26.0,0.00027301563779669126
66800,14.5,-25.0,0.0017264036945452343
66801,14.5,-24.0,0.004130592784479465
66802,14.5,-23.0,0.001900148569699554
66803,14.5,-22.0,0.0021828344247241402
66804,14.5,-21.0,0.004888752270770178
66805,14.5,-20.0,0.0021507882833756422
66806,14.5,-19.0,0.0005747979591402634
66807,14.5,-18.0,0.0027081792214714464
66808,14.5,-17.0,0.006219848059412284
66809,14.5,-16.0,0.003035739162676878
66810,14.5,-15.0,0.0035219514276584518
66811,14.5,-14.0,0.007541486504692627
66812,14.5,-13.0,0.0035710043032139245
66813,14.5,-12.0,0.001310469323501857
66814,14.5,-11.0,0.004568400493826303
66815,14.5,-10.0,0.009900362382911225
66816,14.5,-9.0,0.005172982538392636
66817,14.5,-8.0,0.006031498316497045
66818,14.5,-7.0,0.012255777813698578
66819,14.5,-6.0,0.006203176012246243
66820,14.5,-5.0,0.002774626836923872
66821,14.5,-4.0,0.007974202744913185
66822,14.5,-3.0,0.01645235479582465
66823,14.5,-2.0,0.008488612860662452
66824,14.5,-1.0,0.003465567488024941
66825,14.5,0.0,0.0005842515166656013
66826,14.5,1.0,0.004071435439995456
66827,14.5,2.0,0.012352756243516658
66828,14.5,3.0,0.02513774543250595
66829,14.5,4.0,0.012849616982921539
66830,14.5,5.0,0.005867886774595534
66831,14.5,6.0,0.01693611302225984
66832,14.5,7.0,0.03498141359909168
66833,14.5,8.0,0.018455597123023335
66834,14.5,9.0,0.02289580721506443
66835,14.5,10.0,0.04672959655614276
66836,14.5,11.0,0.02234993894448622
66837,14.5,12.0,0.008886956012061175
66838,14.5,13.0,0.03782875528012717
66839,14.5,14.0,0.08470809970136839
66840,14.5,15.0,0.04160074616717976
66841,14.5,16.0,0.03143408538438821
66842,14.5,17.0,0.06283201736519031
66843,14.5,18.0,0.028989764555168034
66844,14.5,19.0,0.00821505815464616
66845,14.5,20.0,0.019863159023622547
66846,14.5,21.0,0.040513179643159626
66847,14.5,22.0,0.02020350286145389
66848,14.5,23.0,0.016701078294214702
66849,14.5,24.0,0.03121590692010735
66850,14.5,25.0,0.015264264347962202
66851,14.5,26.0,0.005471696017377361
66852,14.5,27.0,0.011748756716691112
66853,14.5,28.0,0.022812330156470412
66854,14.5,29.0,0.011632380223565381
66855,14.5,30.0,0.009937757187454339
66856,14.5,31.0,0.018256606694165636
66857,14.5,32.0,0.008905777818322592
66858,14.5,33.0,0.003154826546046677
66859,14.5,34.0,0.006956066154816104
66860,14.5,35.0,0.013682262524904227
66861,14.5,36.0,0.006790719486434684
66862,14.5,37.0,0.005832401147525985
66863,14.5,38.0,0.011091002485591337
66864,14.5,39.0,0.005388270281584608
66865,14.5,40.0,0.004632529820599508
66866,14.5,41.0,0.009041924920824337
66867,14.5,42.0,0.004106570576938082
66868,14.5,43.0,0.001090201983958386
66869,14.5,44.0,0.0032271018987596006
66870,14.5,45.0,0.006971969647353964
66871,14.5,46.0,0.0030607369726507873
66872,14.5,47.0,0.0005376601787056075
66873,14.5,48.0,0.0003037891736186949
66874,14.5,49.0,0.00025179694547303275
66875,14.5,50.0,0.00020895744465220263
66876,14.5,51.0,0.0001724897319211909
66877,14.5,52.0,0.00014280981284668914
66878,14.5,53.0,0.00022138723857564362
66879,14.5,54.0,0.001659717533348133
66880,14.5,55.0,0.003921079415822687
66881,14.5,56.0,0.0016267815803433032
66882,14.5,57.0,0.00015451242101352175
66883,14.5,58.0,3.998680799212733e-05
66884,14.5,59.0,3.069641336279357e-05
66885,14.5,60.0,2.4150793113838348e-05
66886,14.5,61.0,1.890132852941528e-05
66887,14.5,62.0,1.471429245442786e-05
66888,14.5,63.0,1.1393903685913182e-05
66889,14.5,64.0,8.775902949946025e-06
66890,14.5,65.0,6.723527526486145e-06
66891,14.5,66.0,5.123758716303825e-06
66892,14.5,67.0,3.8838840909383735e-06
66893,14.5,68.0,2.928397034755281e-06
66894,14.5,69.0,2.196239831950427e-06
66895,14.5,70.0,1.6383839193818457e-06
66896,14.5,71.0,1.2157315773098747e-06
66897,14.5,72.0,8.973168541439124e-07
66898,14.5,73.0,6.587794761494829e-07
66899,14.5,74.0,4.810834352886024e-07
66900,14.6,-75.0,2.956824081821071e-12
66901,14.6,-74.0,4.753279013263616e-12
66902,14.6,-73.0,7.600588781941628e-12
66903,14.6,-72.0,1.2088913565991694e-11
66904,14.6,-71.0,1.9125527228623767e-11
66905,14.6,-70.0,3.009717040858904e-11
66906,14.6,-69.0,4.7111184741921567e-11
66907,14.6,-68.0,7.335141433317444e-11
66908,14.6,-67.0,1.1360019214855719e-10
66909,14.6,-66.0,1.7499907268048088e-10
66910,14.6,-65.0,2.68150453892727e-10
66911,14.6,-64.0,4.0870263074062575e-10
66912,14.6,-63.0,6.196157346324395e-10
66913,14.6,-62.0,9.343800351753975e-10
66914,14.6,-61.0,1.4015570202064645e-09
66915,14.6,-60.0,2.091144770998329e-09
66916,14.6,-59.0,3.103441322077988e-09
66917,14.6,-58.0,4.581303737105375e-09
66918,14.6,-57.0,6.7269894146992985e-09
66919,14.6,-56.0,9.825134722776172e-09
66920,14.6,-55.0,1.4273891705164477e-08
66921,14.6,-54.0,2.0626825602728304e-08
66922,14.6,-53.0,2.9648895213089434e-08
66923,14.6,-52.0,4.2390716534944665e-08
66924,14.6,-51.0,6.028636937618919e-08
66925,14.6,-50.0,8.528126653067139e-08
66926,14.6,-49.0,1.1999808165030623e-07
66927,14.6,-48.0,1.6795043413802855e-07
66928,14.6,-47.0,2.338159559630625e-07
66929,14.6,-46.0,3.2378250029578647e-07
66930,14.6,-45.0,4.4598355971259375e-07
66931,14.6,-44.0,6.110413817798284e-07
66932,14.6,-43.0,8.327387105647187e-07
66933,14.6,-42.0,1.1288424159177438e-06
66934,14.6,-41.0,1.5221043283409405e-06
66935,14.6,-40.0,2.0414661603198053e-06
66936,14.6,-39.0,2.7234966422459747e-06
66937,14.6,-38.0,3.615516651817831e-06
66938,14.6,-37.0,5.541525815608252e-06
66939,14.6,-36.0,7.513944945438715e-05
66940,14.6,-35.0,0.0010282952613026876
66941,14.6,-34.0,0.002516755412216478
66942,14.6,-33.0,0.0011130699064209372
66943,14.6,-32.0,0.0012591094374769937
66944,14.6,-31.0,0.002904094861853785
66945,14.6,-30.0,0.0012927431003048084
66946,14.6,-29.0,0.0014684216991084295
66947,14.6,-28.0,0.0033694060048904194
66948,14.6,-27.0,0.0014116309692334859
66949,14.6,-26.0,0.0002738108720667201
66950,14.6,-25.0,0.0017374122485290307
66951,14.6,-24.0,0.004158628787812033
66952,14.6,-23.0,0.001911788881858458
66953,14.6,-22.0,0.0021958502192500388
66954,14.6,-21.0,0.004920335992060145
66955,14.6,-20.0,0.0021627111532287135
66956,14.6,-19.0,0.0005751507493891852
66957,14.6,-18.0,0.0027223704324910933
66958,14.6,-17.0,0.006257110934110805
66959,14.6,-16.0,0.0030509169760668114
66960,14.6,-15.0,0.00353917388065554
66961,14.6,-14.0,0.007584067549735169
66962,14.6,-13.0,0.0035872077648893552
66963,14.6,-12.0,0.001311349648677778
66964,14.6,-11.0,0.00458849145047047
66965,14.6,-10.0,0.009952281895951143
66966,14.6,-9.0,0.005195592612622055
66967,14.6,-8.0,0.006057592578634395
66968,14.6,-7.0,0.012317091837828023
66969,14.6,-6.0,0.006229793510998102
66970,14.6,-5.0,0.0027815858324954862
66971,14.6,-4.0,0.008008110572111846
66972,14.6,-3.0,0.016530303817724325
66973,14.6,-2.0,0.008526557268562522
66974,14.6,-1.0,0.0034789195436420793
66975,14.6,0.0,0.000591434723580514
66976,14.6,1.0,0.004091320689909295
66977,14.6,2.0,0.012408914162490218
66978,14.6,3.0,0.025248952750059672
66979,14.6,4.0,0.012913037030792194
66980,14.6,5.0,0.005904350300005324
66981,14.6,6.0,0.017004100738911256
66982,14.6,7.0,0.035100107710104064
66983,14.6,8.0,0.018532518842472815
66984,14.6,9.0,0.02295438407443092
66985,14.6,10.0,0.04680149681395795
66986,14.6,11.0,0.0224142917598826
66987,14.6,12.0,0.00891589041797113
66988,14.6,13.0,0.037412085718362596
66989,14.6,14.0,0.08359464993623847
66990,14.6,15.0,0.04044502163574965
66991,14.6,16.0,0.031521979647910314
66992,14.6,17.0,0.0632878745762818
66993,14.6,18.0,0.029161155989178955
66994,14.6,19.0,0.008208530009914245
66995,14.6,20.0,0.01989663256288198
66996,14.6,21.0,0.040627582118625376
66997,14.6,22.0,0.02024530668564593
66998,14.6,23.0,0.016719259432782786
66999,14.6,24.0,0.03126924753864485
67000,14.6,25.0,0.015284572243800584
67001,14.6,26.0,0.0054721806549393286
67002,14.6,27.0,0.011757963120428629
67003,14.6,28.0,0.02283617227649684
67004,14.6,29.0,0.011645385776436678
67005,14.6,30.0,0.009947102566697888
67006,14.6,31.0,0.018271326863711412
67007,14.6,32.0,0.008916492485144974
67008,14.6,33.0,0.00316303091147246
67009,14.6,34.0,0.006964211210408851
67010,14.6,35.0,0.013690241357166892
67011,14.6,36.0,0.00679898408587577
67012,14.6,37.0,0.005839322877900279
67013,14.6,38.0,0.01109542469421389
67014,14.6,39.0,0.005394473650167585
67015,14.6,40.0,0.004637671661908632
67016,14.6,41.0,0.00904341974118435
67017,14.6,42.0,0.004110830218444945
67018,14.6,43.0,0.0010958527533930353
67019,14.6,44.0,0.003229910165469492
67020,14.6,45.0,0.006970415205720674
67021,14.6,46.0,0.003062496111604995
67022,14.6,47.0,0.0005413788303095812
67023,14.6,48.0,0.00030721789315479284
67024,14.6,49.0,0.00025479493285545106
67025,14.6,50.0,0.00021155809542873862
67026,14.6,51.0,0.00017472954938344449
67027,14.6,52.0,0.00014472346516518136
67028,14.6,53.0,0.00022284626567135318
67029,14.6,54.0,0.001658603303828665
67030,14.6,55.0,0.00391612272427812
67031,14.6,56.0,0.0016252523122209344
67032,14.6,57.0,0.00015513638986928285
67033,14.6,58.0,4.063567560692444e-05
67034,14.6,59.0,3.122779791372022e-05
67035,14.6,60.0,2.458199295428611e-05
67036,14.6,61.0,1.924905496088313e-05
67037,14.6,62.0,1.4992976305023039e-05
67038,14.6,63.0,1.1615887687642198e-05
67039,14.6,64.0,8.951649339713888e-06
67040,14.6,65.0,6.861827972384574e-06
67041,14.6,66.0,5.231939316727156e-06
67042,14.6,67.0,3.968000130563036e-06
67043,14.6,68.0,2.993413858210004e-06
67044,14.6,69.0,2.2461976036382695e-06
67045,14.6,70.0,1.6765451813029448e-06
67046,14.6,71.0,1.24471141220718e-06
67047,14.6,72.0,9.191961329298213e-07
67048,14.6,73.0,6.752021449877494e-07
67049,14.6,74.0,4.933391094173712e-07
67050,14.7,-75.0,2.8522062190707086e-12
67051,14.7,-74.0,4.587542839652579e-12
67052,14.7,-73.0,7.339482692246861e-12
67053,14.7,-72.0,1.1679839530393679e-11
67054,14.7,-71.0,1.8488190563910114e-11
67055,14.7,-70.0,2.910972142343143e-11
67056,14.7,-69.0,4.558981157516474e-11
67057,14.7,-68.0,7.10204880984386e-11
67058,14.7,-67.0,1.1004887716333965e-10
67059,14.7,-66.0,1.6961868284399764e-10
67060,14.7,-65.0,2.600446149186536e-10
67061,14.7,-64.0,3.9655931041927247e-10
67062,14.7,-63.0,6.015261949238896e-10
67063,14.7,-62.0,9.075844498075769e-10
67064,14.7,-61.0,1.362089534716491e-09
67065,14.7,-60.0,2.0333417337088876e-09
67066,14.7,-59.0,3.019264785446991e-09
67067,14.7,-58.0,4.4594175476273726e-09
67068,14.7,-57.0,6.5515066399227006e-09
67069,14.7,-56.0,9.573932123581973e-09
67070,14.7,-55.0,1.3916358753459573e-08
67071,14.7,-54.0,2.012088150795844e-08
67072,14.7,-53.0,2.8937067002292493e-08
67073,14.7,-52.0,4.139502408486632e-08
67074,14.7,-51.0,5.8901709415545586e-08
67075,14.7,-50.0,8.336692751435596e-08
67076,14.7,-49.0,1.1736695626193356e-07
67077,14.7,-48.0,1.6435542815691292e-07
67078,14.7,-47.0,2.289330247085546e-07
67079,14.7,-46.0,3.171896817173447e-07
67080,14.7,-45.0,4.3713532311539843e-07
67081,14.7,-44.0,5.992375819334064e-07
67082,14.7,-43.0,8.170874396142573e-07
67083,14.7,-42.0,1.1082160936213972e-06
67084,14.7,-41.0,1.4950884806335868e-06
67085,14.7,-40.0,2.006300525205615e-06
67086,14.7,-39.0,2.678008533594159e-06
67087,14.7,-38.0,3.55705718545099e-06
67088,14.7,-37.0,5.472389666785188e-06
67089,14.7,-36.0,7.553963389714334e-05
67090,14.7,-35.0,0.0010355059237193264
67091,14.7,-34.0,0.0025346122129027214
67092,14.7,-33.0,0.001120772346809309
67093,14.7,-32.0,0.0012676585618429154
67094,14.7,-31.0,0.0029241675100506264
67095,14.7,-30.0,0.0013013149054163248
67096,14.7,-29.0,0.001477942526598424
67097,14.7,-28.0,0.003391937886495662
67098,14.7,-27.0,0.001420418230656244
67099,14.7,-26.0,0.0002744892494850759
67100,14.7,-25.0,0.0017476820676954666
67101,14.7,-24.0,0.004184897938554483
67102,14.7,-23.0,0.001922612871775665
67103,14.7,-22.0,0.002207923793840073
67104,14.7,-21.0,0.0049498144832395745
67105,14.7,-20.0,0.002173698637978053
67106,14.7,-19.0,0.0005752387513039937
67107,14.7,-18.0,0.0027353719094111687
67108,14.7,-17.0,0.006291664302639945
67109,14.7,-16.0,0.003064749177231307
67110,14.7,-15.0,0.0035548276488749754
67111,14.7,-14.0,0.007623329871462526
67112,14.7,-13.0,0.0036017988923586547
67113,14.7,-12.0,0.0013115825083324963
67114,14.7,-11.0,0.004606502411615569
67115,14.7,-10.0,0.009999784182756799
67116,14.7,-9.0,0.0052158261512669415
67117,14.7,-8.0,0.006080911993618899
67118,14.7,-7.0,0.01237288929731949
67119,14.7,-6.0,0.006253522686819007
67120,14.7,-5.0,0.0027871378107324316
67121,14.7,-4.0,0.008038307836106708
67122,14.7,-3.0,0.01660079579907262
67123,14.7,-2.0,0.008560530413165575
67124,14.7,-1.0,0.003490497722087803
67125,14.7,0.0,0.0005984202768607199
67126,14.7,1.0,0.004109168301948811
67127,14.7,2.0,0.01245941869712598
67128,14.7,3.0,0.025348929418574116
67129,14.7,4.0,0.012970603357984589
67130,14.7,5.0,0.005938037139945428
67131,14.7,6.0,0.01706465969640497
67132,14.7,7.0,0.035203770131225554
67133,14.7,8.0,0.01860148365965048
67134,14.7,9.0,0.023003895681856665
67135,14.7,10.0,0.04685543776064812
67136,14.7,11.0,0.022469958088867353
67137,14.7,12.0,0.008945228838268008
67138,14.7,13.0,0.037040379526815485
67139,14.7,14.0,0.08259507663719887
67140,14.7,15.0,0.03937231450860768
67141,14.7,16.0,0.031614794413804104
67142,14.7,17.0,0.0637444105309908
67143,14.7,18.0,0.02933172552436411
67144,14.7,19.0,0.008200076115835108
67145,14.7,20.0,0.019925388136436704
67146,14.7,21.0,0.04073300694032392
67147,14.7,22.0,0.020282297556695535
67148,14.7,23.0,0.01673301231453212
67149,14.7,24.0,0.03131464295179618
67150,14.7,25.0,0.015300789315039252
67151,14.7,26.0,0.005470941510060974
67152,14.7,27.0,0.011763826874511007
67153,14.7,28.0,0.02285383008049088
67154,14.7,29.0,0.011655118950537875
67155,14.7,30.0,0.009953601205162019
67156,14.7,31.0,0.018281015789281985
67157,14.7,32.0,0.008924676355246738
67158,14.7,33.0,0.0031702494185539016
67159,14.7,34.0,0.006970365217206043
67160,14.7,35.0,0.013694436646754996
67161,14.7,36.0,0.006805339791534599
67162,14.7,37.0,0.005844603851308856
67163,14.7,38.0,0.011096793715177085
67164,14.7,39.0,0.005399183683566606
67165,14.7,40.0,0.004641532902311189
67166,14.7,41.0,0.0090424417289453
67167,14.7,42.0,0.004113969354415481
67168,14.7,43.0,0.0011012108612292483
67169,14.7,44.0,0.003231846286276349
67170,14.7,45.0,0.006966968618796267
67171,14.7,46.0,0.0030634344851900672
67172,14.7,47.0,0.0005449677796586133
67173,14.7,48.0,0.0003105815470399646
67174,14.7,49.0,0.00025774215486392636
67175,14.7,50.0,0.00021411928571797866
67176,14.7,51.0,0.00017693909654440478
67177,14.7,52.0,0.00014661391450514883
67178,14.7,53.0,0.00022425934038753002
67179,14.7,54.0,0.0016570479443103311
67180,14.7,55.0,0.003910104324924454
67181,14.7,56.0,0.0016232882127154456
67182,14.7,57.0,0.0001557273636006915
67183,14.7,58.0,4.12816799043151e-05
67184,14.7,59.0,3.175772881049095e-05
67185,14.7,60.0,2.501250103030242e-05
67186,14.7,61.0,1.959660467721795e-05
67187,14.7,62.0,1.5271815301701348e-05
67188,14.7,63.0,1.1838225323844155e-05
67189,14.7,64.0,9.127853229441618e-06
67190,14.7,65.0,7.000624799556118e-06
67191,14.7,66.0,5.340612446071663e-06
67192,14.7,67.0,4.052578466088972e-06
67193,14.7,68.0,3.058848086069518e-06
67194,14.7,69.0,2.2965213788783158e-06
67195,14.7,70.0,1.7150199807815627e-06
67196,14.7,71.0,1.2739546931894623e-06
67197,14.7,72.0,9.412931310403614e-07
67198,14.7,73.0,6.918021436925486e-07
67199,14.7,74.0,5.057373456907082e-07
67200,14.8,-75.0,2.7500828461989172e-12
67201,14.8,-74.0,4.425642985964265e-12
67202,14.8,-73.0,7.084237031394434e-12
67203,14.8,-72.0,1.1279657127657816e-11
67204,14.8,-71.0,1.7864251346569928e-11
67205,14.8,-70.0,2.8142316967236684e-11
67206,14.8,-69.0,4.409821264917562e-11
67207,14.8,-68.0,6.87334640394562e-11
67208,14.8,-67.0,1.065618089728403e-10
67209,14.8,-66.0,1.6433158506574736e-10
67210,14.8,-65.0,2.520731635039953e-10
67211,14.8,-64.0,3.846079765458173e-10
67212,14.8,-63.0,5.837085704882607e-10
67213,14.8,-62.0,8.811705236261152e-10
67214,14.8,-61.0,1.3231526777517612e-09
67215,14.8,-60.0,1.976269042028433e-09
67216,14.8,-59.0,2.9360826983886423e-09
67217,14.8,-58.0,4.338869715013327e-09
67218,14.8,-57.0,6.3778021939013685e-09
67219,14.8,-56.0,9.325059100527015e-09
67220,14.8,-55.0,1.3561828666958551e-08
67221,14.8,-54.0,1.9618736275466596e-08
67222,14.8,-53.0,2.8229937948337272e-08
67223,14.8,-52.0,4.040498414562557e-08
67224,14.8,-51.0,5.752360383543986e-08
67225,14.8,-50.0,8.145980562182381e-08
67226,14.8,-49.0,1.147431583933901e-07
67227,14.8,-48.0,1.6076680944834809e-07
67228,14.8,-47.0,2.240537244798885e-07
67229,14.8,-46.0,3.10594778224256e-07
67230,14.8,-45.0,4.2827465503561414e-07
67231,14.8,-44.0,5.874039786911266e-07
67232,14.8,-43.0,8.013785934786466e-07
67233,14.8,-42.0,1.087489340901621e-06
67234,14.8,-41.0,1.4679078532192333e-06
67235,14.8,-40.0,1.9708756055026247e-06
67236,14.8,-39.0,2.6321249188469154e-06
67237,14.8,-38.0,3.4980085427773345e-06
67238,14.8,-37.0,5.4021360127930355e-06
67239,14.8,-36.0,7.591547491603153e-05
67240,14.8,-35.0,0.0010423725412574446
67241,14.8,-34.0,0.0025516256545062965
67242,14.8,-33.0,0.0011281024731331414
67243,14.8,-32.0,0.0012757851266501751
67244,14.8,-31.0,0.0029432636098991392
67245,14.8,-30.0,0.001309452735901779
67246,14.8,-29.0,0.0014869685198101092
67247,14.8,-28.0,0.003413332039265473
67248,14.8,-27.0,0.0014287292667301591
67249,14.8,-26.0,0.0002750752840883189
67250,14.8,-25.0,0.0017573611731267964
67251,14.8,-24.0,0.004209752407365576
67252,14.8,-23.0,0.0019327840293220724
67253,14.8,-22.0,0.0022192433551672173
67254,14.8,-21.0,0.0049776063748162335
67255,14.8,-20.0,0.00218393725921252
67256,14.8,-19.0,0.000575115179529536
67257,14.8,-18.0,0.0027474194205188663
67258,14.8,-17.0,0.006324044080847769
67259,14.8,-16.0,0.0030775009016439027
67260,14.8,-15.0,0.003569220711047479
67261,14.8,-14.0,0.007659926129030479
67262,14.8,-13.0,0.003615091387665781
67263,14.8,-12.0,0.0013112889469279244
67264,14.8,-11.0,0.004622835214773698
67265,14.8,-10.0,0.010043730202082464
67266,14.8,-9.0,0.005234138155670656
67267,14.8,-8.0,0.006101987169879242
67268,14.8,-7.0,0.012424238763279735
67269,14.8,-6.0,0.00627490917510011
67270,14.8,-5.0,0.002791532053028237
67271,14.8,-4.0,0.008065495674399622
67272,14.8,-3.0,0.016665268674202132
67273,14.8,-2.0,0.008591275967619707
67274,14.8,-1.0,0.003500606907177462
67275,14.8,0.0,0.0006052549368188326
67276,14.8,1.0,0.004125330892778963
67277,14.8,2.0,0.012505348163202142
67278,14.8,3.0,0.02543987540747662
67279,14.8,4.0,0.013023431282192289
67280,14.8,5.0,0.005969445514546063
67281,14.8,6.0,0.017119270869451593
67282,14.8,7.0,0.035295485550651394
67283,14.8,8.0,0.01866409933980267
67284,14.8,9.0,0.02304634160332941
67285,14.8,10.0,0.046895539240396585
67286,14.8,11.0,0.022518871071939076
67287,14.8,12.0,0.008974872080294986
67288,14.8,13.0,0.03670454460548557
67289,14.8,14.0,0.08168640201110543
67290,14.8,15.0,0.038367517519173285
67291,14.8,16.0,0.031712822876027405
67292,14.8,17.0,0.06420456343338406
67293,14.8,18.0,0.029502796104024266
67294,14.8,19.0,0.008190003712859922
67295,14.8,20.0,0.019950065556476295
67296,14.8,21.0,0.040830732242892354
67297,14.8,22.0,0.020315119136051035
67298,14.8,23.0,0.01674286636368716
67299,14.8,24.0,0.031353067106674626
67300,14.8,25.0,0.01531339481402073
67301,14.8,26.0,0.005468153499133402
67302,14.8,27.0,0.011766716949783632
67303,14.8,28.0,0.022866016008948567
67304,14.8,29.0,0.011661941595313577
67305,14.8,30.0,0.009957562422131715
67306,14.8,31.0,0.018286244143957867
67307,14.8,32.0,0.008930604433863428
67308,14.8,33.0,0.0031765752421832735
67309,14.8,34.0,0.006974742373027789
67310,14.8,35.0,0.013695276915615881
67311,14.8,36.0,0.006809995453332882
67312,14.8,37.0,0.005848423339841024
67313,14.8,38.0,0.011095458054688203
67314,14.8,39.0,0.005402566195066901
67315,14.8,40.0,0.004644256139772448
67316,14.8,41.0,0.00903927650898572
67317,14.8,42.0,0.004116114710357453
67318,14.8,43.0,0.001106306176118445
67319,14.8,44.0,0.0032330102610491555
67320,14.8,45.0,0.0069618522567500805
67321,14.8,46.0,0.0030636477584222496
67322,14.8,47.0,0.0005484411093883083
67323,14.8,48.0,0.00031388706467069805
67324,14.8,49.0,0.0002606442643307908
67325,14.8,50.0,0.00021664564880624287
67326,14.8,51.0,0.00017912215394310063
67327,14.8,52.0,0.0001484842707130109
67328,14.8,53.0,0.0002256324298333189
67329,14.8,54.0,0.0016551050491964714
67330,14.8,55.0,0.0039031525265673184
67331,14.8,56.0,0.0016209421567722074
67332,14.8,57.0,0.00015628984395562925
67333,14.8,58.0,4.192566622222764e-05
67334,14.8,59.0,3.228684220468399e-05
67335,14.8,60.0,2.5442817151936263e-05
67336,14.8,61.0,1.9944368898535397e-05
67337,14.8,62.0,1.5551114501220307e-05
67338,14.8,63.0,1.2061153568808747e-05
67339,14.8,64.0,9.30469801835988e-06
67340,14.8,65.0,7.14005941815438e-06
67341,14.8,66.0,5.449886736376169e-06
67342,14.8,67.0,4.137702241952202e-06
67343,14.8,68.0,3.1247631208106137e-06
67344,14.8,69.0,2.347259327272481e-06
67345,14.8,70.0,1.7538447786002193e-06
67346,14.8,71.0,1.303488915255335e-06
67347,14.8,72.0,9.636285042506688e-07
67348,14.8,73.0,7.085949309116976e-07
67349,14.8,74.0,5.182896686322168e-07
67350,14.9,-75.0,2.65062514176165e-12
67351,14.9,-74.0,4.2678613480601055e-12
67352,14.9,-73.0,6.835312870914634e-12
67353,14.9,-72.0,1.0889115442281362e-11
67354,14.9,-71.0,1.7254918543566266e-11
67355,14.9,-70.0,2.7196895485451714e-11
67356,14.9,-69.0,4.263947597845594e-11
67357,14.9,-68.0,6.649523002830592e-11
67358,14.9,-67.0,1.0314667535219069e-10
67359,14.9,-66.0,1.591497949377509e-10
67360,14.9,-65.0,2.442547623563526e-10
67361,14.9,-64.0,3.728774368234665e-10
67362,14.9,-63.0,5.662070555030673e-10
67363,14.9,-62.0,8.552056411957033e-10
67364,14.9,-61.0,1.284848569117894e-09
67365,14.9,-60.0,1.920080521264911e-09
67366,14.9,-59.0,2.85412537838867e-09
67367,14.9,-58.0,4.2200030223909835e-09
67368,14.9,-57.0,6.206383203510579e-09
67369,14.9,-56.0,9.079261464916736e-09
67370,14.9,-55.0,1.3211391796409347e-08
67371,14.9,-54.0,1.9121974570594748e-08
67372,14.9,-53.0,2.752979760855895e-08
67373,14.9,-52.0,3.942388535578552e-08
67374,14.9,-51.0,5.615674875348644e-08
67375,14.9,-50.0,7.956656780126807e-08
67376,14.9,-49.0,1.1213609799171696e-07
67377,14.9,-48.0,1.5719778262233597e-07
67378,14.9,-47.0,2.191964777639387e-07
67379,14.9,-46.0,3.040233439333639e-07
67380,14.9,-45.0,4.194367981449405e-07
67381,14.9,-44.0,5.7558889765001e-07
67382,14.9,-43.0,7.856780578307612e-07
67383,14.9,-42.0,1.066751470781489e-06
67384,14.9,-41.0,1.4406828257688028e-06
67385,14.9,-40.0,1.935352729462585e-06
67386,14.9,-39.0,2.586060774457477e-06
67387,14.9,-38.0,3.4386556464529484e-06
67388,14.9,-37.0,5.331185515664531e-06
67389,14.9,-36.0,7.627151913557962e-05
67390,14.9,-35.0,0.0010489558131207904
67391,14.9,-34.0,0.002567944115052757
67392,14.9,-33.0,0.0011351260861834451
67393,14.9,-32.0,0.0012835637134315976
67394,14.9,-31.0,0.0029615548571602086
67395,14.9,-30.0,0.0013172333641936148
67396,14.9,-29.0,0.0014955870816073253
67397,14.9,-28.0,0.003433788368519387
67398,14.9,-27.0,0.001436648460545061
67399,14.9,-26.0,0.0002755863387206613
67400,14.9,-25.0,0.0017665539368000261
67401,14.9,-24.0,0.004233440374798036
67402,14.9,-23.0,0.0019424176837793369
67403,14.9,-22.0,0.0022299416996872613
67404,14.9,-21.0,0.005004006828121411
67405,14.9,-20.0,0.0021935587189749334
67406,14.9,-19.0,0.0005748178834794233
67407,14.9,-18.0,0.0027586795159920355
67408,14.9,-17.0,0.006354628392901595
67409,14.9,-16.0,0.003089359527423212
67410,14.9,-15.0,0.003582570748632159
67411,14.9,-14.0,0.007694317046353609
67412,14.9,-13.0,0.0036273071119514158
67413,14.9,-12.0,0.0013105550886213877
67414,14.9,-11.0,0.004637774072992452
67415,14.9,-10.0,0.01008472802081389
67416,14.9,-9.0,0.005250850443057553
67417,14.9,-8.0,0.0061211933662215015
67418,14.9,-7.0,0.012471895071778752
67419,14.9,-6.0,0.006294338851638797
67420,14.9,-5.0,0.0027949453157721962
67421,14.9,-4.0,0.008090169769210488
67422,14.9,-3.0,0.01672473817991504
67423,14.9,-2.0,0.008619319421413325
67424,14.9,-1.0,0.0035094626478779133
67425,14.9,0.0,0.0006119715045795995
67426,14.9,1.0,0.0041400571303791085
67427,14.9,2.0,0.012547463397652453
67428,14.9,3.0,0.025523343295926725
67429,14.9,4.0,0.013072307117303922
67430,14.9,5.0,0.005998925561221619
67431,14.9,6.0,0.017168977246266287
67432,14.9,7.0,0.035377427862890665
67433,14.9,8.0,0.0187214970022736
67434,14.9,9.0,0.02308312130438902
67435,14.9,10.0,0.046924684075998285
67436,14.9,11.0,0.022562382625855304
67437,14.9,12.0,0.009004746819500281
67438,14.9,13.0,0.036398178847308095
67439,14.9,14.0,0.08085245177201954
67440,14.9,15.0,0.03741981774474183
67441,14.9,16.0,0.031816402925102454
67442,14.9,17.0,0.06467075788424533
67443,14.9,18.0,0.029675442284389435
67444,14.9,19.0,0.008178534480658924
67445,14.9,20.0,0.019971093217551996
67446,14.9,21.0,0.040921608333123596
67447,14.9,22.0,0.020344200669487365
67448,14.9,23.0,0.01674917228404235
67449,14.9,24.0,0.03138516102006511
67450,14.9,25.0,0.015322704963939832
67451,14.9,26.0,0.005463932840429311
67452,14.9,27.0,0.011766876432396782
67453,14.9,28.0,0.022873198140948004
67454,14.9,29.0,0.01166609119278363
67455,14.9,30.0,0.009959189191063223
67456,14.9,31.0,0.01828738673601882
67457,14.9,32.0,0.008934456585365545
67458,14.9,33.0,0.0031820683483000747
67459,14.9,34.0,0.006977482553788835
67460,14.9,35.0,0.013693043633287423
67461,14.9,36.0,0.006813087338206206
67462,14.9,37.0,0.005850898258830647
67463,14.9,38.0,0.0110916468162153
67464,14.9,39.0,0.005404729338552949
67465,14.9,40.0,0.004645934376957563
67466,14.9,41.0,0.009034112158674668
67467,14.9,42.0,0.004117348999891622
67468,14.9,43.0,0.001111157247783229
67469,14.9,44.0,0.0032334674447805564
67470,14.9,45.0,0.0069552130247898655
67471,14.9,46.0,0.003063198653286007
67472,14.9,47.0,0.0005518073748442867
67473,14.9,48.0,0.0003171383497630339
67474,14.9,49.0,0.0002635044145655742
67475,14.9,50.0,0.0002191397492370158
67476,14.9,51.0,0.00018128079888366508
67477,14.9,52.0,0.00015033623582315903
67478,14.9,53.0,0.00022696920891002477
67479,14.9,54.0,0.0016528101727783279
67480,14.9,55.0,0.003895352854446886
67481,14.9,56.0,0.0016182493049254811
67482,14.9,57.0,0.00015682670217346506
67483,14.9,58.0,4.256809043281034e-05
67484,14.9,59.0,3.281547710755161e-05
67485,14.9,60.0,2.587320792063132e-05
67486,14.9,61.0,2.0292556772132432e-05
67487,14.9,62.0,1.5831037568232936e-05
67488,14.9,63.0,1.2284800182010412e-05
67489,14.9,64.0,9.482283196216994e-06
67490,14.9,65.0,7.280209115867374e-06
67491,14.9,66.0,5.559822080802174e-06
67492,14.9,67.0,4.223417755492054e-06
67493,14.9,68.0,3.1911946579020617e-06
67494,14.9,69.0,2.3984388964739914e-06
67495,14.9,70.0,1.7930406213052903e-06
67496,14.9,71.0,1.3333301693417942e-06
67497,14.9,72.0,9.862145168524882e-07
67498,14.9,73.0,7.255898240696088e-07
67499,14.9,74.0,5.310031328102935e-07
67500,15.0,-75.0,2.4589806894393642e-12
67501,15.0,-74.0,3.961398166942215e-12
67502,15.0,-73.0,6.347869382468493e-12
67503,15.0,-72.0,1.0117974370498797e-11
67504,15.0,-71.0,1.6041511080150777e-11
67505,15.0,-70.0,2.529781916113326e-11
67506,15.0,-69.0,3.9683228654425e-11
67507,15.0,-68.0,6.191801465343444e-11
67508,15.0,-67.0,9.60977354044765e-11
67509,15.0,-66.0,1.4835267845761631e-10
67510,15.0,-65.0,2.278052547956413e-10
67511,15.0,-64.0,3.4795108207695015e-10
67512,15.0,-63.0,5.28638456016709e-10
67513,15.0,-62.0,7.988871253033462e-10
67514,15.0,-61.0,1.2008760948101434e-09
67515,15.0,-60.0,1.7955482724862082e-09
67516,15.0,-59.0,2.6704354211695895e-09
67517,15.0,-58.0,3.95051016610959e-09
67518,15.0,-57.0,5.8131348497013444e-09
67519,15.0,-56.0,8.50851409396907e-09
67520,15.0,-55.0,1.238748553234133e-08
67521,15.0,-54.0,1.793901994727857e-08
67522,15.0,-53.0,2.5840468483465653e-08
67523,15.0,-52.0,3.702441244447517e-08
67524,15.0,-51.0,5.2766962486495934e-08
67525,15.0,-50.0,7.480353976750498e-08
67526,15.0,-49.0,1.0547956971724321e-07
67527,15.0,-48.0,1.4794514184450106e-07
67528,15.0,-47.0,2.0640453974273635e-07
67529,15.0,-46.0,2.864336145897014e-07
67530,15.0,-45.0,3.953802356826218e-07
67531,15.0,-44.0,5.428654526241935e-07
67532,15.0,-43.0,7.414054666481331e-07
67533,15.0,-42.0,1.007176919632635e-06
67534,15.0,-41.0,1.3609502149015217e-06
67535,15.0,-40.0,1.8292173856439397e-06
67536,15.0,-39.0,2.4455426142733815e-06
67537,15.0,-38.0,3.2535755934718083e-06
67538,15.0,-37.0,5.064296538335236e-06
67539,15.0,-36.0,7.376282250290203e-05
67540,15.0,-35.0,0.001016065823827526
67541,15.0,-34.0,0.002487619313356699
67542,15.0,-33.0,0.0010994376911653738
67543,15.0,-32.0,0.0012430498293341463
67544,15.0,-31.0,0.0028684063656994104
67545,15.0,-30.0,0.0012754623392446454
67546,15.0,-29.0,0.0014479510837181262
67547,15.0,-28.0,0.00332505949475022
67548,15.0,-27.0,0.0013905432436113632
67549,15.0,-26.0,0.0002657726650580861
67550,15.0,-25.0,0.0017093327474612264
67551,15.0,-24.0,0.004097907198454257
67552,15.0,-23.0,0.0018790411814486065
67553,15.0,-22.0,0.002156832389430443
67554,15.0,-21.0,0.004842253571277815
67555,15.0,-20.0,0.0021207684277497444
67556,15.0,-19.0,0.0005530205588584781
67557,15.0,-18.0,0.0026663174427430498
67558,15.0,-17.0,0.006146359305118173
67559,15.0,-16.0,0.0029851926354646035
67560,15.0,-15.0,0.0034613801457013373
67561,15.0,-14.0,0.007439569498960262
67562,15.0,-13.0,0.0035033317201343755
67563,15.0,-12.0,0.0012607617051006265
67564,15.0,-11.0,0.0044785918581504046
67565,15.0,-10.0,0.009746859301513429
67566,15.0,-9.0,0.0050704110666696
67567,15.0,-8.0,0.005910575823142635
67568,15.0,-7.0,0.012051072955785745
67569,15.0,-6.0,0.006077422165070888
67570,15.0,-5.0,0.002693501244988773
67571,15.0,-4.0,0.007811077862114441
67572,15.0,-3.0,0.016156099305821948
67573,15.0,-2.0,0.008323638226979083
67574,15.0,-1.0,0.0033864588478257837
67575,15.0,0.0,0.0005955955833460943
67576,15.0,1.0,0.0039991079244215254
67577,15.0,2.0,0.012118383607162235
67578,15.0,3.0,0.024648688458257774
67579,15.0,4.0,0.012630108495086
67580,15.0,5.0,0.0058026688881752
67581,15.0,6.0,0.016574533544553533
67582,15.0,7.0,0.03413317177515241
67583,15.0,8.0,0.01807649804068216
67584,15.0,9.0,0.02225586405110122
67585,15.0,10.0,0.045199628484964706
67586,15.0,11.0,0.021761187945448558
67587,15.0,12.0,0.008698894894522064
67588,15.0,13.0,0.03477380286353519
67589,15.0,14.0,0.07710400475223313
67590,15.0,15.0,0.03717863829074026
67591,15.0,16.0,0.033161120373571266
67592,15.0,17.0,0.06766558164223731
67593,15.0,18.0,0.031005508163611157
67594,15.0,19.0,0.008481768473839241
67595,15.0,20.0,0.020762117061376158
67596,15.0,21.0,0.042592716239504204
67597,15.0,22.0,0.0211579303396188
67598,15.0,23.0,0.01740029720829871
67599,15.0,24.0,0.03262663793491046
67600,15.0,25.0,0.01592199837986822
67601,15.0,26.0,0.0056695387439520155
67602,15.0,27.0,0.012219627764253189
67603,15.0,28.0,0.02376073412401894
67604,15.0,29.0,0.012119142624548267
67605,15.0,30.0,0.010343909076128099
67606,15.0,31.0,0.018992116306363792
67607,15.0,32.0,0.009282093635964663
67608,15.0,33.0,0.003310061501734277
67609,15.0,34.0,0.007248678755679344
67610,15.0,35.0,0.014217501354105216
67611,15.0,36.0,0.007078361924381249
67612,15.0,37.0,0.006078519904659121
67613,15.0,38.0,0.011514404217682031
67614,15.0,39.0,0.005614889209801918
67615,15.0,40.0,0.0048264040182922985
67616,15.0,41.0,0.00937632616960845
67617,15.0,42.0,0.004277039017393874
67618,15.0,43.0,0.00115894400335357
67619,15.0,44.0,0.0033583538452901505
67620,15.0,45.0,0.00721593039476325
67621,15.0,46.0,0.0031806006380660982
67622,15.0,47.0,0.0005765469409777861
67623,15.0,48.0,0.00033273099767779096
67624,15.0,49.0,0.0002766280520213234
67625,15.0,50.0,0.00023017648218632094
67626,15.0,51.0,0.00019051225159790727
67627,15.0,52.0,0.0001580579806547015
67628,15.0,53.0,0.00023710356865698116
67629,15.0,54.0,0.0017140320372352577
67630,15.0,55.0,0.004037139914122798
67631,15.0,56.0,0.0016777258549335236
67632,15.0,57.0,0.0001634271362020578
67633,15.0,58.0,4.488088811634255e-05
67634,15.0,59.0,3.463382712525378e-05
67635,15.0,60.0,2.7321463495871446e-05
67636,15.0,61.0,2.143985478549132e-05
67637,15.0,62.0,1.673500469779942e-05
67638,15.0,63.0,1.2993194667610803e-05
67639,15.0,64.0,1.003441733049216e-05
67640,15.0,65.0,7.708226737778868e-06
67641,15.0,66.0,5.889832038362991e-06
67642,15.0,67.0,4.4764882278306064e-06
67643,15.0,68.0,3.3842161283683634e-06
67644,15.0,69.0,2.5448655490925115e-06
67645,15.0,70.0,1.9035211284373145e-06
67646,15.0,71.0,1.4162393869884703e-06
67647,15.0,72.0,1.0480976387014486e-06
67648,15.0,73.0,7.715301891901294e-07
67649,15.0,74.0,5.649242444281289e-07
67650,15.1,-75.0,2.2877720125785955e-12
67651,15.1,-74.0,3.68754653909399e-12
67652,15.1,-73.0,5.912190032571804e-12
67653,15.1,-72.0,9.428559960145217e-12
67654,15.1,-71.0,1.4956447716463835e-11
67655,15.1,-70.0,2.3599220304345393e-11
67656,15.1,-69.0,3.7038463269623954e-11
67657,15.1,-68.0,5.782216809555618e-11
67658,15.1,-67.0,8.978874305069018e-11
67659,15.1,-66.0,1.3868692517520444e-10
67660,15.1,-65.0,2.1307635296640883e-10
67661,15.1,-64.0,3.256275170275735e-10
67662,15.1,-63.0,4.949861511709563e-10
67663,15.1,-62.0,7.484298612205541e-10
67664,15.1,-61.0,1.125629000041585e-09
67665,15.1,-60.0,1.6839358713125097e-09
67666,15.1,-59.0,2.5057741924575792e-09
67667,15.1,-58.0,3.7088940296260945e-09
67668,15.1,-57.0,5.460507747920785e-09
67669,15.1,-56.0,7.996643618019216e-09
67670,15.1,-55.0,1.164846147887661e-08
67671,15.1,-54.0,1.6877787272231822e-08
67672,15.1,-53.0,2.432476017317234e-08
67673,15.1,-52.0,3.487126858093125e-08
67674,15.1,-51.0,4.9724800963423784e-08
67675,15.1,-50.0,7.052847512104539e-08
67676,15.1,-49.0,9.950435274534362e-08
67677,15.1,-48.0,1.3963870786836324e-07
67678,15.1,-47.0,1.9491970223462946e-07
67679,15.1,-46.0,2.706399198671046e-07
67680,15.1,-45.0,3.737784024648207e-07
67681,15.1,-44.0,5.134791601746647e-07
67682,15.1,-43.0,7.016455346472175e-07
67683,15.1,-42.0,9.536721558454605e-07
67684,15.1,-41.0,1.2893384149372054e-06
67685,15.1,-40.0,1.7338891837119501e-06
67686,15.1,-39.0,2.319330134135173e-06
67687,15.1,-38.0,3.0873371780565628e-06
67688,15.1,-37.0,4.825015972174079e-06
67689,15.1,-36.0,7.15487525720572e-05
67690,15.1,-35.0,0.0009871051891796765
67691,15.1,-34.0,0.0024168992653876096
67692,15.1,-33.0,0.0010680082833023638
67693,15.1,-32.0,0.0012073616422312021
67694,15.1,-31.0,0.0027863673964383167
67695,15.1,-30.0,0.0012386570862072427
67696,15.1,-29.0,0.0014059660809639654
67697,15.1,-28.0,0.003229258052014035
67698,15.1,-27.0,0.0013498901074453862
67699,15.1,-26.0,0.00025707274438776075
67700,15.1,-25.0,0.001658848327839961
67701,15.1,-24.0,0.003978405979127711
67702,15.1,-23.0,0.0018231016454358505
67703,15.1,-22.0,0.0020922815638424177
67704,15.1,-21.0,0.00469954692356974
67705,15.1,-20.0,0.002056452436512704
67706,15.1,-19.0,0.0005336231080479978
67707,15.1,-18.0,0.002584659560896254
67708,15.1,-17.0,0.005962450666523558
67709,15.1,-16.0,0.0028930537951211434
67710,15.1,-15.0,0.003354158404733478
67711,15.1,-14.0,0.007214468310239346
67712,15.1,-13.0,0.0033935691591547505
67713,15.1,-12.0,0.001216405286245737
67714,15.1,-11.0,0.004337612236554235
67715,15.1,-10.0,0.00944807070451481
67716,15.1,-9.0,0.004910575224456514
67717,15.1,-8.0,0.005723991544171355
67718,15.1,-7.0,0.011678744646047545
67719,15.1,-6.0,0.005885209349550147
67720,15.1,-5.0,0.002603279672955867
67721,15.1,-4.0,0.007563758192790331
67722,15.1,-3.0,0.015652741878382198
67723,15.1,-2.0,0.008061667819829392
67724,15.1,-1.0,0.0032772188801845777
67725,15.1,0.0,0.0005813607333435098
67726,15.1,1.0,0.0038741433286724482
67727,15.1,2.0,0.011738388913327133
67728,15.1,3.0,0.023874272953527335
67729,15.1,4.0,0.01223872984723365
67730,15.1,5.0,0.00562915682879488
67731,15.1,6.0,0.01604804396184712
67732,15.1,7.0,0.03303060290011201
67733,15.1,8.0,0.017505491108241865
67734,15.1,9.0,0.021522724127221705
67735,15.1,10.0,0.043669424592743665
67736,15.1,11.0,0.02105158855807315
67737,15.1,12.0,0.008430131662359178
67738,15.1,13.0,0.033345021790342544
67739,15.1,14.0,0.07380587260963188
67740,15.1,15.0,0.03501628135658584
67741,15.1,16.0,0.03450291650190235
67742,15.1,17.0,0.07067070424611928
67743,15.1,18.0,0.032335650640080024
67744,15.1,19.0,0.008778189183592982
67745,15.1,20.0,0.021539689958920517
67746,15.1,21.0,0.04424057922389892
67747,15.1,22.0,0.021958501981875576
67748,15.1,23.0,0.018038693627471163
67749,15.1,24.0,0.03384614356435077
67750,15.1,25.0,0.01650985087244423
67751,15.1,26.0,0.005870200148479834
67752,15.1,27.0,0.012662829171002433
67753,15.1,28.0,0.02463057108175288
67754,15.1,29.0,0.012563062465290695
67755,15.1,30.0,0.010720627142974263
67756,15.1,31.0,0.01968224692100802
67757,15.1,32.0,0.00962275120534748
67758,15.1,33.0,0.003435767606850273
67759,15.1,34.0,0.007514384286583381
67760,15.1,35.0,0.014730777038629298
67761,15.1,36.0,0.0073383460834984746
67762,15.1,37.0,0.006301582352510587
67763,15.1,38.0,0.011927969441386497
67764,15.1,39.0,0.005820854509131137
67765,15.1,40.0,0.0050032578401048786
67766,15.1,41.0,0.009710918715311014
67767,15.1,42.0,0.0044335231741096685
67768,15.1,43.0,0.0012062044522544043
67769,15.1,44.0,0.0034806943045271473
67770,15.1,45.0,0.007470599828451138
67771,15.1,46.0,0.0032955333615828563
67772,15.1,47.0,0.000601113190976571
67773,15.1,48.0,0.0003483308157801257
67774,15.1,49.0,0.0002897731416886347
67775,15.1,50.0,0.00024124277917128486
67776,15.1,51.0,0.00019977797243704622
67777,15.1,52.0,0.00016581495225752898
67778,15.1,53.0,0.0002471722051456173
67779,15.1,54.0,0.0017737746769176611
67780,15.1,55.0,0.004175240742709843
67781,15.1,56.0,0.0017357182998492824
67782,15.1,57.0,0.00016995271585670338
67783,15.1,58.0,4.721681429322401e-05
67784,15.1,59.0,3.647336599663666e-05
67785,15.1,60.0,2.8787982226477976e-05
67786,15.1,61.0,2.2602709113000122e-05
67787,15.1,62.0,1.7652079886864095e-05
67788,15.1,63.0,1.3712523349582579e-05
67789,15.1,64.0,1.0595586064419382e-05
67790,15.1,65.0,8.143642390103471e-06
67791,15.1,66.0,6.225847989373543e-06
67792,15.1,67.0,4.734394448946439e-06
67793,15.1,68.0,3.581100193116243e-06
67794,15.1,69.0,2.6943537370956713e-06
67795,15.1,70.0,2.0164100870570546e-06
67796,15.1,71.0,1.50102946422099e-06
67797,15.1,72.0,1.1114391246660342e-06
67798,15.1,73.0,8.185934241792343e-07
67799,15.1,74.0,5.997039785596705e-07
67800,15.2,-75.0,2.2038727773212384e-12
67801,15.2,-74.0,3.554206665585308e-12
67802,15.2,-73.0,5.701445025282175e-12
67803,15.2,-72.0,9.097316676378706e-12
67804,15.2,-71.0,1.4438689988996886e-11
67805,15.2,-70.0,2.279441119963918e-11
67806,15.2,-69.0,3.5794398815632214e-11
67807,15.2,-68.0,5.590979171261147e-11
67808,15.2,-67.0,8.686539194935134e-11
67809,15.2,-66.0,1.342430468082795e-10
67810,15.2,-65.0,2.0635876728857627e-10
67811,15.2,-64.0,3.15529636425263e-10
67812,15.2,-63.0,4.798919853965664e-10
67813,15.2,-62.0,7.259938548740642e-10
67814,15.2,-61.0,1.0924674359018412e-09
67815,15.2,-60.0,1.6351973119683777e-09
67816,15.2,-59.0,2.434545733420699e-09
67817,15.2,-58.0,3.6053864246290262e-09
67818,15.2,-57.0,5.3109450857474045e-09
67819,15.2,-56.0,7.781761453725303e-09
67820,15.2,-55.0,1.1341490375646201e-08
67821,15.2,-54.0,1.6441765807058118e-08
67822,15.2,-53.0,2.3708981859903134e-08
67823,15.2,-52.0,3.4006620256486526e-08
67824,15.2,-51.0,4.8517695596731274e-08
67825,15.2,-50.0,6.885301975674922e-08
67826,15.2,-49.0,9.719232297492467e-08
67827,15.2,-48.0,1.3646682521441067e-07
67828,15.2,-47.0,1.9059363257916943e-07
67829,15.2,-46.0,2.647743333373057e-07
67830,15.2,-45.0,3.6587236344919955e-07
67831,15.2,-44.0,5.028860577834275e-07
67832,15.2,-43.0,6.875367285991018e-07
67833,15.2,-42.0,9.349935125675587e-07
67834,15.2,-41.0,1.2647589582765304e-06
67835,15.2,-40.0,1.7017412012573955e-06
67836,15.2,-39.0,2.2775402857292625e-06
67837,15.2,-38.0,3.0333568694549005e-06
67838,15.2,-37.0,4.760238551151827e-06
67839,15.2,-36.0,7.186561784741386e-05
67840,15.2,-35.0,0.0009929954879578076
67841,15.2,-34.0,0.0024315028094922427
67842,15.2,-33.0,0.0010742896828292746
67843,15.2,-32.0,0.0012143090745224193
67844,15.2,-31.0,0.002802710252451689
67845,15.2,-30.0,0.001245599353868621
67846,15.2,-29.0,0.0014136433748344233
67847,15.2,-28.0,0.0032474975263187314
67848,15.2,-27.0,0.001356930339025323
67849,15.2,-26.0,0.00025748991101969226
67850,15.2,-25.0,0.0016669877325379155
67851,15.2,-24.0,0.00399944473682862
67852,15.2,-23.0,0.0018316044498923997
67853,15.2,-22.0,0.002101696605398496
67854,15.2,-21.0,0.00472289836874338
67855,15.2,-20.0,0.0020648611988273104
67856,15.2,-19.0,0.0005331825030941451
67857,15.2,-18.0,0.0025944248091953163
67858,15.2,-17.0,0.005989299855367924
67859,15.2,-16.0,0.0029032622858028083
67860,15.2,-15.0,0.0033656036268493554
67861,15.2,-14.0,0.007244443025096211
67862,15.2,-13.0,0.0034038942675129074
67863,15.2,-12.0,0.0012152248755752451
67864,15.2,-11.0,0.004350134733708693
67865,15.2,-10.0,0.009483417328635071
67866,15.2,-9.0,0.004924505783802422
67867,15.2,-8.0,0.00573996263995642
67868,15.2,-7.0,0.011719501690217031
67869,15.2,-6.0,0.005901236899661857
67870,15.2,-5.0,0.0026052514852100165
67871,15.2,-4.0,0.007584081771989312
67872,15.2,-3.0,0.015703135804663832
67873,15.2,-2.0,0.008084877377919887
67874,15.2,-1.0,0.0032838621259086032
67875,15.2,0.0,0.0005875965179373888
67876,15.2,1.0,0.003886058379132046
67877,15.2,2.0,0.011773688772582776
67878,15.2,3.0,0.023944831203769504
67879,15.2,4.0,0.012280194374856402
67880,15.2,5.0,0.005654384580792962
67881,15.2,6.0,0.016089841402844297
67882,15.2,7.0,0.0330986877360962
67883,15.2,8.0,0.017554378493024245
67884,15.2,9.0,0.021553468498220475
67885,15.2,10.0,0.04369114407266921
67886,15.2,11.0,0.02108899913570008
67887,15.2,12.0,0.00846122598991734
67888,15.2,13.0,0.033131399683483644
67889,15.2,14.0,0.07320757111647339
67890,15.2,15.0,0.0348544558500408
67891,15.2,16.0,0.03457418903668512
67892,15.2,17.0,0.0710804088225381
67893,15.2,18.0,0.032475219071456764
67894,15.2,19.0,0.008746848397608305
67895,15.2,20.0,0.02151409813350114
67896,15.2,21.0,0.04424120447203256
67897,15.2,22.0,0.021940525480434715
67898,15.2,23.0,0.018003462539930817
67899,15.2,24.0,0.03380277524206739
67900,15.2,25.0,0.01648122714330214
67901,15.2,26.0,0.005851107773321964
67902,15.2,27.0,0.012632715344154017
67903,15.2,28.0,0.024580345061495992
67904,15.2,29.0,0.012537571302460405
67905,15.2,30.0,0.010696645554260687
67906,15.2,31.0,0.019636891071236826
67907,15.2,32.0,0.009603846005447666
67908,15.2,33.0,0.0034331258444718162
67909,15.2,34.0,0.0074992781570112806
67910,15.2,35.0,0.014693464757857983
67911,15.2,36.0,0.007324150898413653
67912,15.2,37.0,0.006289192669453675
67913,15.2,38.0,0.011895651849369788
67914,15.2,39.0,0.005809351330445505
67915,15.2,40.0,0.004993185785767774
67916,15.2,41.0,0.009682452756029
67917,15.2,42.0,0.004424375937556377
67918,15.2,43.0,0.0012085590104073897
67919,15.2,44.0,0.003472992227842974
67920,15.2,45.0,0.007445895442552475
67921,15.2,46.0,0.0032873195831499857
67922,15.2,47.0,0.0006033497165647657
67923,15.2,48.0,0.0003510441606932056
67924,15.2,49.0,0.0002922070740926413
67925,15.2,50.0,0.00024339877138023093
67926,15.2,51.0,0.00020167077991315065
67927,15.2,52.0,0.00016745670216166658
67928,15.2,53.0,0.00024806663119458837
67929,15.2,54.0,0.0017671712820680587
67930,15.2,55.0,0.004157067564300672
67931,15.2,56.0,0.0017287703031268764
67932,15.2,57.0,0.00017015660034802076
67933,15.2,58.0,4.781970448199425e-05
67934,15.2,59.0,3.697616785329924e-05
67935,15.2,60.0,2.920042529820172e-05
67936,15.2,61.0,2.2938754655086142e-05
67937,15.2,62.0,1.7924069283415122e-05
67938,15.2,63.0,1.3931231178096154e-05
67939,15.2,64.0,1.0770317141813423e-05
67940,15.2,65.0,8.282350240349797e-06
67941,15.2,66.0,6.335265198153584e-06
67942,15.2,67.0,4.820167327037284e-06
67943,15.2,68.0,3.647921945968005e-06
67944,15.2,69.0,2.7460919015549197e-06
67945,15.2,70.0,2.056225331196572e-06
67946,15.2,71.0,1.531483951622374e-06
67947,15.2,72.0,1.1345935305334056e-06
67948,15.2,73.0,8.360923755726386e-07
67949,15.2,74.0,6.128501980182735e-07
67950,15.3,-75.0,2.122477279057829e-12
67951,15.3,-74.0,3.4247635740999504e-12
67952,15.3,-73.0,5.496728027089445e-12
67953,15.3,-72.0,8.775341165672085e-12
67954,15.3,-71.0,1.3935093217492578e-11
67955,15.3,-70.0,2.2011105435554897e-11
67956,15.3,-69.0,3.458278283738443e-11
67957,15.3,-68.0,5.404607113088432e-11
67958,15.3,-67.0,8.40145348002557e-11
67959,15.3,-66.0,1.2990648537183911e-10
67960,15.3,-65.0,1.997990168022204e-10
67961,15.3,-64.0,3.0566236434380827e-10
67962,15.3,-63.0,4.651325121917128e-10
67963,15.3,-62.0,7.040403240910295e-10
67964,15.3,-61.0,1.0599966168916491e-09
67965,15.3,-60.0,1.5874407786691694e-09
67966,15.3,-59.0,2.3647035004228793e-09
67967,15.3,-58.0,3.5038214353761073e-09
67968,15.3,-57.0,5.164084570184672e-09
67969,15.3,-56.0,7.57060936131282e-09
67970,15.3,-55.0,1.1039628046177937e-08
67971,15.3,-54.0,1.6012684947986918e-08
67972,15.3,-53.0,2.310255397216333e-08
67973,15.3,-52.0,3.315445922422087e-08
67974,15.3,-51.0,4.732711478895735e-08
67975,15.3,-50.0,6.719922161069846e-08
67976,15.3,-49.0,9.490838812505372e-08
67977,15.3,-48.0,1.3333099105769092e-07
67978,15.3,-47.0,1.8631327002318767e-07
67979,15.3,-46.0,2.589659489907603e-07
67980,15.3,-45.0,3.580368779578885e-07
67981,15.3,-44.0,4.923785466255411e-07
67982,15.3,-43.0,6.735297689250513e-07
67983,15.3,-42.0,9.164332705861767e-07
67984,15.3,-41.0,1.2403131908551407e-06
67985,15.3,-40.0,1.669738450010162e-06
67986,15.3,-39.0,2.2358997339618053e-06
67987,15.3,-38.0,2.9795167898188846e-06
67988,15.3,-37.0,4.695440357631361e-06
67989,15.3,-36.0,7.217075206368614e-05
67990,15.3,-35.0,0.0009987112377022498
67991,15.3,-34.0,0.002445677460760493
67992,15.3,-33.0,0.0010803824982438292
67993,15.3,-32.0,0.00122104228433871
67994,15.3,-31.0,0.002818556365144815
67995,15.3,-30.0,0.001252322112403976
67996,15.3,-29.0,0.0014210701235199484
67997,15.3,-28.0,0.0032651582175968062
67998,15.3,-27.0,0.001363730246697316
67999,15.3,-26.0,0.00025786327040109696
68000,15.3,-25.0,0.0016748285426516827
68001,15.3,-24.0,0.00401976348704132
68002,15.3,-23.0,0.0018397774684152852
68003,15.3,-22.0,0.002110729906982699
68004,15.3,-21.0,0.004745390347382008
68005,15.3,-20.0,0.0020728908538546267
68006,15.3,-19.0,0.0005326376827662523
68007,15.3,-18.0,0.0026037045107805946
68008,15.3,-17.0,0.006015037218227133
68009,15.3,-16.0,0.0029129182196945633
68010,15.3,-15.0,0.0033764019009133225
68011,15.3,-14.0,0.00727304763416656
68012,15.3,-13.0,0.0034135479063921266
68013,15.3,-12.0,0.001213765619649989
68014,15.3,-11.0,0.004361783466407169
68015,15.3,-10.0,0.009516921893433353
68016,15.3,-9.0,0.004937427057892584
68017,15.3,-8.0,0.005754753158440558
68018,15.3,-7.0,0.011757941272712853
68019,15.3,-6.0,0.00591601774631056
68020,15.3,-5.0,0.002606575555638647
68021,15.3,-4.0,0.007602802490745015
68022,15.3,-3.0,0.0157503786469687
68023,15.3,-2.0,0.008106351476989144
68024,15.3,-1.0,0.0032896585363159938
68025,15.3,0.0,0.000593770507816262
68026,15.3,1.0,0.0038970018272396537
68027,15.3,2.0,0.011806559345766613
68028,15.3,3.0,0.024010718690584184
68029,15.3,4.0,0.01231913528113422
68030,15.3,5.0,0.005678324911205686
68031,15.3,6.0,0.016128594795736993
68032,15.3,7.0,0.033160853823682855
68033,15.3,8.0,0.01760005142531328
68034,15.3,9.0,0.021580915125889277
68035,15.3,10.0,0.04370672515576973
68036,15.3,11.0,0.02112328204021782
68037,15.3,12.0,0.008492115379962997
68038,15.3,13.0,0.03293150845026184
68039,15.3,14.0,0.07264455004757545
68040,15.3,15.0,0.034708000097344455
68041,15.3,16.0,0.034655705238222714
68042,15.3,17.0,0.07150912508162582
68043,15.3,18.0,0.03262209439526951
68044,15.3,19.0,0.008715273258481253
68045,15.3,20.0,0.021486924418638687
68046,15.3,21.0,0.04423899519577876
68047,15.3,22.0,0.02192086071069065
68048,15.3,23.0,0.01796638150330306
68049,15.3,24.0,0.0337561452817568
68050,15.3,25.0,0.01645082853965151
68051,15.3,26.0,0.0058311488248223905
68052,15.3,27.0,0.012601048940494325
68053,15.3,28.0,0.024527380632323022
68054,15.3,29.0,0.012510549911137515
68055,15.3,30.0,0.010671309016959795
68056,15.3,31.0,0.01958927192826236
68057,15.3,32.0,0.009583727915929763
68058,15.3,33.0,0.003429924713355776
68059,15.3,34.0,0.007483206444399154
68060,15.3,35.0,0.01465445515764943
68061,15.3,36.0,0.007309046565001091
68062,15.3,37.0,0.006276020549405669
68063,15.3,38.0,0.011861984624310587
68064,15.3,39.0,0.005797150120349821
68065,15.3,40.0,0.004982517675224081
68066,15.3,41.0,0.009652917842860797
68067,15.3,42.0,0.0044147181909745285
68068,15.3,43.0,0.0012107481030022209
68069,15.3,44.0,0.0034649015249584966
68070,15.3,45.0,0.0074204018709189265
68071,15.3,46.0,0.003278751221533294
68072,15.3,47.0,0.000605513348528005
68073,15.3,48.0,0.0003537150575986606
68074,15.3,49.0,0.0002946081342619854
68075,15.3,50.0,0.000245529596978612
68076,15.3,51.0,0.00020354468496698523
68077,15.3,52.0,0.00016908444990284486
68078,15.3,53.0,0.00024893997922662854
68079,15.3,54.0,0.0017603955824647794
68080,15.3,55.0,0.004138483522907029
68081,15.3,56.0,0.0017216541334946767
68082,15.3,57.0,0.00017034792234069959
68083,15.3,58.0,4.842199644918073e-05
68084,15.3,59.0,3.747911920355505e-05
68085,15.3,60.0,2.961341811484408e-05
68086,15.3,61.0,2.3275584047804155e-05
68087,15.3,62.0,1.8196956389926052e-05
68088,15.3,63.0,1.4150866330571109e-05
68089,15.3,64.0,1.094594875230525e-05
68090,15.3,65.0,8.42189649932125e-06
68091,15.3,66.0,6.445438913551414e-06
68092,15.3,67.0,4.906606175787806e-06
68093,15.3,68.0,3.715318182937741e-06
68094,15.3,69.0,2.798317139042005e-06
68095,15.3,70.0,2.09644734662759e-06
68096,15.3,71.0,1.5622735994173256e-06
68097,15.3,72.0,1.1580207348504154e-06
68098,15.3,73.0,8.538108809037451e-07
68099,15.3,74.0,6.261712766749224e-07
68100,15.4,-75.0,2.0435814145408933e-12
68101,15.4,-74.0,3.2992169846073963e-12
68102,15.4,-73.0,5.298048406387098e-12
68103,15.4,-72.0,8.462663493360055e-12
68104,15.4,-71.0,1.3445728254685678e-11
68105,15.4,-70.0,2.124945005580334e-11
68106,15.4,-69.0,3.340389943040706e-11
68107,15.4,-68.0,5.223153000168908e-11
68108,15.4,-67.0,8.123710446061792e-11
68109,15.4,-66.0,1.256788594404838e-10
68110,15.4,-65.0,1.9339985034105388e-10
68111,15.4,-64.0,2.960302856769093e-10
68112,15.4,-63.0,4.50715260243149e-10
68113,15.4,-62.0,6.825814612343928e-10
68114,15.4,-61.0,1.0282360422956718e-09
68115,15.4,-60.0,1.5406971007696237e-09
68116,15.4,-59.0,2.296295719722284e-09
68117,15.4,-58.0,3.404273752229845e-09
68118,15.4,-57.0,5.02004079025863e-09
68119,15.4,-56.0,7.363361567108027e-09
68120,15.4,-55.0,1.0743137117687345e-08
68121,15.4,-54.0,1.5590937302375903e-08
68122,15.4,-53.0,2.2506058729869433e-08
68123,15.4,-52.0,3.231564217901597e-08
68124,15.4,-51.0,4.615430955567383e-08
68125,15.4,-50.0,6.556889399397005e-08
68126,15.4,-49.0,9.265515747843408e-08
68127,15.4,-48.0,1.3023493332494042e-07
68128,15.4,-47.0,1.8208390343113648e-07
68129,15.4,-46.0,2.532222184693893e-07
68130,15.4,-45.0,3.5028237340597094e-07
68131,15.4,-44.0,4.819711201874722e-07
68132,15.4,-43.0,6.596446668306796e-07
68133,15.4,-42.0,8.980188776815499e-07
68134,15.4,-41.0,1.216038515236033e-06
68135,15.4,-40.0,1.6379315683434485e-06
68136,15.4,-39.0,2.1944765972153065e-06
68137,15.4,-38.0,2.925908014125222e-06
68138,15.4,-37.0,4.63075634162574e-06
68139,15.4,-36.0,7.246556722986847e-05
68140,15.4,-35.0,0.0010042711970700304
68141,15.4,-34.0,0.0024594690628421197
68142,15.4,-33.0,0.0010863070769975332
68143,15.4,-32.0,0.0012275843562832226
68144,15.4,-31.0,0.0028339588502954635
68145,15.4,-30.0,0.0012588491524934422
68146,15.4,-29.0,0.0014282734428886967
68147,15.4,-28.0,0.003282302073008358
68148,15.4,-27.0,0.0013703160650603934
68149,15.4,-26.0,0.00025819835884085483
68150,15.4,-25.0,0.0016824032943206458
68151,15.4,-24.0,0.004039439370354264
68152,15.4,-23.0,0.001847656742755016
68153,15.4,-22.0,0.002119423027519964
68154,15.4,-21.0,0.004767114864249047
68155,15.4,-20.0,0.0020805827899920333
68156,15.4,-19.0,0.0005320010236856867
68157,15.4,-18.0,0.002612551150075707
68158,15.4,-17.0,0.006039781116796667
68159,15.4,-16.0,0.002922080808405997
68160,15.4,-15.0,0.0033866220652418494
68161,15.4,-14.0,0.00730042678937319
68162,15.4,-13.0,0.0034226005044647612
68163,15.4,-12.0,0.0012120558286072324
68164,15.4,-11.0,0.004372648706989825
68165,15.4,-10.0,0.009548775893843982
68166,15.4,-9.0,0.004949441302821729
68167,15.4,-8.0,0.005768482266789831
68168,15.4,-7.0,0.01179430138224001
68169,15.4,-6.0,0.005929674461642066
68170,15.4,-5.0,0.0026073090029222613
68171,15.4,-4.0,0.007620077460092827
68172,15.4,-3.0,0.015794790582063963
68173,15.4,-2.0,0.008126256236618746
68174,15.4,-1.0,0.0032946766671412124
68175,15.4,0.0,0.0005998926429522222
68176,15.4,1.0,0.003907051549720068
68177,15.4,2.0,0.011837238799547484
68178,15.4,3.0,0.024072421585960506
68179,15.4,4.0,0.012355797514081428
68180,15.4,5.0,0.0057010850224654954
68181,15.4,6.0,0.01616462657847283
68182,15.4,7.0,0.033217775451130464
68183,15.4,8.0,0.01764285746293443
68184,15.4,9.0,0.021605482290290582
68185,15.4,10.0,0.043717028828018915
68186,15.4,11.0,0.021154839628774482
68187,15.4,12.0,0.008522797898255446
68188,15.4,13.0,0.03274377150935814
68189,15.4,14.0,0.07211280847188095
68190,15.4,15.0,0.03457548749888981
68191,15.4,16.0,0.03474788276975599
68192,15.4,17.0,0.07195864280932596
68193,15.4,18.0,0.032776986919009474
68194,15.4,19.0,0.00868347214823969
68195,15.4,20.0,0.021458011041319263
68196,15.4,21.0,0.04423361144524482
68197,15.4,22.0,0.02189934204204636
68198,15.4,23.0,0.017927305951710465
68199,15.4,24.0,0.03370596921546479
68200,15.4,25.0,0.016418519481227616
68201,15.4,26.0,0.0058102785496117245
68202,15.4,27.0,0.012567725142040891
68203,15.4,28.0,0.02447146834746575
68204,15.4,29.0,0.012481891709802897
68205,15.4,30.0,0.010644526610371326
68206,15.4,31.0,0.01953922170727902
68207,15.4,32.0,0.009562313662474198
68208,15.4,33.0,0.0034261328176201635
68209,15.4,34.0,0.007466103529736975
68210,15.4,35.0,0.014613622411220335
68211,15.4,36.0,0.007292968408538897
68212,15.4,37.0,0.006262010277038999
68213,15.4,38.0,0.01182686608203113
68214,15.4,39.0,0.005784199251055165
68215,15.4,40.0,0.004971209051391074
68216,15.4,41.0,0.009622231738934194
68217,15.4,42.0,0.004404510567581395
68218,15.4,43.0,0.0012127587211294476
68219,15.4,44.0,0.0034563914047303114
68220,15.4,45.0,0.007394056860270039
68221,15.4,46.0,0.0032697995568607757
68222,15.4,47.0,0.000607597103033734
68223,15.4,48.0,0.00035633880643147123
68224,15.4,49.0,0.0002969723415898175
68225,15.4,50.0,0.00024763189466281904
68226,15.4,51.0,0.00020539686779401858
68227,15.4,52.0,0.00017069583577025056
68228,15.4,53.0,0.0002497894334403337
68229,15.4,54.0,0.001753433088636132
68230,15.4,55.0,0.00411945565765543
68231,15.4,56.0,0.0017143558408107117
68232,15.4,57.0,0.00017052495663067035
68233,15.4,58.0,4.902299604592005e-05
68234,15.4,59.0,3.798167586359054e-05
68235,15.4,60.0,3.0026530990317013e-05
68236,15.4,61.0,2.3612860356377948e-05
68237,15.4,62.0,1.8470478855072647e-05
68238,15.4,63.0,1.4371225979060499e-05
68239,15.4,64.0,1.112232521372974e-05
68240,15.4,65.0,8.562162543633598e-06
68241,15.4,66.0,6.556279419653391e-06
68242,15.4,67.0,4.993643654732126e-06
68243,15.4,68.0,3.783238748250673e-06
68244,15.4,69.0,2.8509923879710503e-06
68245,15.4,70.0,2.1370489694280097e-06
68246,15.4,71.0,1.5933786643843348e-06
68247,15.4,72.0,1.1817065119301481e-06
68248,15.4,73.0,8.717387821948295e-07
68249,15.4,74.0,6.396600293159942e-07
68250,15.5,-75.0,1.9671667121785124e-12
68251,15.5,-74.0,3.1775434007251043e-12
68252,15.5,-73.0,5.105378239285522e-12
68253,15.5,-72.0,8.159254173525637e-12
68254,15.5,-71.0,1.2970571412702531e-11
68255,15.5,-70.0,2.050944289007484e-11
68256,15.5,-69.0,3.225779855200293e-11
68257,15.5,-68.0,5.0466326706552185e-11
68258,15.5,-67.0,7.853346723424941e-11
68259,15.5,-66.0,1.2156091389310225e-10
68260,15.5,-65.0,1.8716267712975775e-10
68261,15.5,-64.0,2.866359431081868e-10
68262,15.5,-63.0,4.366446627222905e-10
68263,15.5,-62.0,6.616247933499356e-10
68264,15.5,-61.0,9.971982202215315e-10
68265,15.5,-60.0,1.494986690559395e-09
68266,15.5,-59.0,2.2293551838338625e-09
68267,15.5,-58.0,3.306795328578836e-09
68268,15.5,-57.0,4.878895028105017e-09
68269,15.5,-56.0,7.160143782001215e-09
68270,15.5,-55.0,1.0452209946657676e-08
68271,15.5,-54.0,1.5176814267947217e-08
68272,15.5,-53.0,2.191993340029903e-08
68273,15.5,-52.0,3.149081937700052e-08
68274,15.5,-51.0,4.500023855037825e-08
68275,15.5,-50.0,6.396343848116764e-08
68276,15.5,-49.0,9.04346636975333e-08
68277,15.5,-48.0,1.2718157690446644e-07
68278,15.5,-47.0,1.7790970952014214e-07
68279,15.5,-46.0,2.4754906172309826e-07
68280,15.5,-45.0,3.426171793930616e-07
68281,15.5,-44.0,4.7167541467188923e-07
68282,15.5,-43.0,6.458975633228231e-07
68283,15.5,-42.0,8.797725683603458e-07
68284,15.5,-41.0,1.1919653502323946e-06
68285,15.5,-40.0,1.60636189059572e-06
68286,15.5,-39.0,2.1533266667372805e-06
68287,15.5,-38.0,2.8726053698746942e-06
68288,15.5,-37.0,4.566297725230164e-06
68289,15.5,-36.0,7.27512294462203e-05
68290,15.5,-35.0,0.0010096908574780937
68291,15.5,-34.0,0.002472915474614101
68292,15.5,-33.0,0.0010920802243703264
68293,15.5,-32.0,0.0012339543602555645
68294,15.5,-31.0,0.002848961583966775
68295,15.5,-30.0,0.0012652001318950116
68296,15.5,-29.0,0.0014352757440078425
68297,15.5,-28.0,0.003298980282357496
68298,15.5,-27.0,0.0013767094865459125
68299,15.5,-26.0,0.0002584997765219709
68300,15.5,-25.0,0.0016897389072584887
68301,15.5,-24.0,0.004058536175168921
68302,15.5,-23.0,0.001855272110852342
68303,15.5,-22.0,0.0021278103842175882
68304,15.5,-21.0,0.0047881480497550125
68305,15.5,-20.0,0.0020879713176191303
68306,15.5,-19.0,0.000531282876776277
68307,15.5,-18.0,0.0026210082661435575
68308,15.5,-17.0,0.006063629590241445
68309,15.5,-16.0,0.0029307992077830347
68310,15.5,-15.0,0.003396321278187209
68311,15.5,-14.0,0.007326700394965653
68312,15.5,-13.0,0.0034311105998629855
68313,15.5,-12.0,0.0012101192316394658
68314,15.5,-11.0,0.004382805498336426
68315,15.5,-10.0,0.009579138182068719
68316,15.5,-9.0,0.004960633539391126
68317,15.5,-8.0,0.005781249027953279
68318,15.5,-7.0,0.011828779489870739
68319,15.5,-6.0,0.0059423089568844435
68320,15.5,-5.0,0.002607499538907157
68321,15.5,-4.0,0.007636037221475102
68322,15.5,-3.0,0.015836637229526787
68323,15.5,-2.0,0.008144729603129687
68324,15.5,-1.0,0.003298973575618795
68325,15.5,0.0,0.0006059711050342834
68326,15.5,1.0,0.003916272096631184
68327,15.5,2.0,0.011865924310328412
68328,15.5,3.0,0.02413034231298104
68329,15.5,4.0,0.012390383609319409
68330,15.5,5.0,0.005722753201276941
68331,15.5,6.0,0.01619820258100247
68332,15.5,7.0,0.03327000881073288
68333,15.5,8.0,0.017683082639836843
68334,15.5,9.0,0.02162751127643165
68335,15.5,10.0,0.04372275710303488
68336,15.5,11.0,0.021183999715771996
68337,15.5,12.0,0.008553269939275321
68338,15.5,13.0,0.032566879144174325
68339,15.5,14.0,0.07160902585878677
68340,15.5,15.0,0.03445577331794444
68341,15.5,16.0,0.03485128774956421
68342,15.5,17.0,0.07243101882060585
68343,15.5,18.0,0.03294071114543229
68344,15.5,19.0,0.00865145208330403
68345,15.5,20.0,0.021427168764096723
68346,15.5,21.0,0.04422464632969317
68347,15.5,22.0,0.021875771350321597
68348,15.5,23.0,0.017886065005521787
68349,15.5,24.0,0.0336519119682484
68350,15.5,25.0,0.016384140154597885
68351,15.5,26.0,0.005788444125055178
68352,15.5,27.0,0.012532620942371278
68353,15.5,28.0,0.024412362769681912
68354,15.5,29.0,0.012451471875086557
68355,15.5,30.0,0.010616191976260661
68356,15.5,31.0,0.01948654412638904
68357,15.5,32.0,0.009539505996043873
68358,15.5,33.0,0.0034217137110514103
68359,15.5,34.0,0.007447892909096361
68360,15.5,35.0,0.014570819503492476
68361,15.5,36.0,0.007275841066129967
68362,15.5,37.0,0.006247096968037261
68363,15.5,38.0,0.011790177446990457
68364,15.5,39.0,0.005770438602359462
68365,15.5,40.0,0.004959208161086361
68366,15.5,41.0,0.009590298357118063
68367,15.5,42.0,0.00439370722671375
68368,15.5,43.0,0.001214575903283671
68369,15.5,44.0,0.0034474260038059837
68370,15.5,45.0,0.007366787593452248
68371,15.5,46.0,0.0032604310944458594
68372,15.5,47.0,0.0006095929648928418
68373,15.5,48.0,0.0003589100455604443
68374,15.5,49.0,0.0002992951545963172
68375,15.5,50.0,0.0002497018280703773
68376,15.5,51.0,0.00020722410836837994
68377,15.5,52.0,0.00017228816299394133
68378,15.5,53.0,0.0002506117460628178
68379,15.5,54.0,0.0017462668209809638
68380,15.5,55.0,0.004099945270373909
68381,15.5,56.0,0.0017068590598875004
68382,15.5,57.0,0.00017068569785642646
68383,15.5,58.0,4.9621903889316895e-05
68384,15.5,59.0,3.848321015695714e-05
68385,15.5,60.0,3.0439267279832725e-05
68386,15.5,61.0,2.395019324226323e-05
68387,15.5,62.0,1.8744331971078897e-05
68388,15.5,63.0,1.4592073888171984e-05
68389,15.5,64.0,1.1299264641809448e-05
68390,15.5,65.0,8.703009314083814e-06
68391,15.5,66.0,6.667681151472592e-06
68392,15.5,67.0,5.081200200759351e-06
68393,15.5,68.0,3.8516241133303e-06
68394,15.5,69.0,2.9040734399834474e-06
68395,15.5,70.0,2.177997617161889e-06
68396,15.5,71.0,1.6247753184774048e-06
68397,15.5,72.0,1.205633574243061e-06
68398,15.5,73.0,8.898636395411471e-07
68399,15.5,74.0,6.533075798076674e-07
68400,15.6,-75.0,1.893203909446773e-12
68401,15.6,-74.0,3.0597018294969083e-12
68402,15.6,-73.0,4.918661405123132e-12
68403,15.6,-72.0,7.865038554149522e-12
68404,15.6,-71.0,1.2509527090875846e-11
68405,15.6,-70.0,1.9790967954871472e-11
68406,15.6,-69.0,3.114435110563765e-11
68407,15.6,-68.0,4.875033960621912e-11
68408,15.6,-67.0,7.590355409077088e-11
68409,15.6,-66.0,1.175527208010525e-10
68410,15.6,-65.0,1.810878726714631e-10
68411,15.6,-64.0,2.7748030036697077e-10
68412,15.6,-63.0,4.2292275508900747e-10
68413,15.6,-62.0,6.411742276098895e-10
68414,15.6,-61.0,9.668902254444485e-10
68415,15.6,-60.0,1.4503218521640341e-09
68416,15.6,-59.0,2.1639026551846336e-09
68417,15.6,-58.0,3.2114203713634863e-09
68418,15.6,-57.0,4.740702536915617e-09
68419,15.6,-56.0,6.961043758303411e-09
68420,15.6,-55.0,1.0166983849717923e-08
68421,15.6,-54.0,1.4770527889313699e-08
68422,15.6,-53.0,2.134450149449257e-08
68423,15.6,-52.0,3.068047892459688e-08
68424,15.6,-51.0,4.386563060450069e-08
68425,15.6,-50.0,6.238393275004948e-08
68426,15.6,-49.0,8.824848553891714e-08
68427,15.6,-48.0,1.2417321416546131e-07
68428,15.6,-47.0,1.7379398854206939e-07
68429,15.6,-46.0,2.419511910174719e-07
68430,15.6,-45.0,3.350479707619113e-07
68431,15.6,-44.0,4.6150081162006134e-07
68432,15.6,-43.0,6.323015444931692e-07
68433,15.6,-42.0,8.617124609721547e-07
68434,15.6,-41.0,1.168118599423069e-06
68435,15.6,-40.0,1.575063402252654e-06
68436,15.6,-39.0,2.112495995926155e-06
68437,15.6,-38.0,2.819670848901871e-06
68438,15.6,-37.0,4.502157008089229e-06
68439,15.6,-36.0,7.302871263629085e-05
68440,15.6,-35.0,0.0010149831602085525
68441,15.6,-34.0,0.002486048323104689
68442,15.6,-33.0,0.0010977159807207901
68443,15.6,-32.0,0.0012401682321879102
68444,15.6,-31.0,0.002863601230207563
68445,15.6,-30.0,0.0012713914817292895
68446,15.6,-29.0,0.001442095764566215
68447,15.6,-28.0,0.0033152356377773714
68448,15.6,-27.0,0.0013829286565069986
68449,15.6,-26.0,0.00025877139065567267
68450,15.6,-25.0,0.0016968579144873623
68451,15.6,-24.0,0.0040771072644281625
68452,15.6,-23.0,0.0018626485644306075
68453,15.6,-22.0,0.0021359208150606196
68454,15.6,-21.0,0.004808553637468406
68455,15.6,-20.0,0.0020950852163498647
68456,15.6,-19.0,0.0005304920055469126
68457,15.6,-18.0,0.002629112407547006
68458,15.6,-17.0,0.006086664803968028
68459,15.6,-16.0,0.002939114714951433
68460,15.6,-15.0,0.0034055475700685207
68461,15.6,-14.0,0.007351969022926783
68462,15.6,-13.0,0.003439127437494926
68463,15.6,-12.0,0.001207975972176616
68464,15.6,-11.0,0.004392316981294179
68465,15.6,-10.0,0.009608142108975742
68466,15.6,-9.0,0.004971075320643855
68467,15.6,-8.0,0.005793136795795334
68468,15.6,-7.0,0.011861541413322517
68469,15.6,-6.0,0.005954007002180766
68470,15.6,-5.0,0.0026071875270631444
68471,15.6,-4.0,0.007650791560513582
68472,15.6,-3.0,0.015876141588447027
68473,15.6,-2.0,0.00816188752030106
68474,15.6,-1.0,0.003302597348554263
68475,15.6,0.0,0.0006120127054203301
68476,15.6,1.0,0.003924717627204959
68477,15.6,2.0,0.011892781046383917
68478,15.6,3.0,0.024184817871296144
68479,15.6,4.0,0.012423062990423759
68480,15.6,5.0,0.005743402990810319
68481,15.6,6.0,0.016229544441763166
68482,15.6,7.0,0.03331801786151001
68483,15.6,8.0,0.017720964974767536
68484,15.6,9.0,0.02164728344252588
68485,15.6,10.0,0.04372448828842966
68486,15.6,11.0,0.02121103210463772
68487,15.6,12.0,0.00858352650492045
68488,15.6,13.0,0.03239972803134772
68489,15.6,14.0,0.07113040812103764
68490,15.6,15.0,0.03434793912531086
68491,15.6,16.0,0.034966649877095836
68492,15.6,17.0,0.0729286412974306
68493,15.6,18.0,0.0331142111607281
68494,15.6,19.0,0.00861921874828563
68495,15.6,20.0,0.021394170379498503
68496,15.6,21.0,0.04421161207764101
68497,15.6,22.0,0.021849911290322162
68498,15.6,23.0,0.01784245615503596
68499,15.6,24.0,0.03359357764465253
68500,15.6,25.0,0.016347501621824155
68501,15.6,26.0,0.005765583030625316
68502,15.6,27.0,0.012495591495593109
68503,15.6,28.0,0.02434977525998241
68504,15.6,29.0,0.012419143678884918
68505,15.6,30.0,0.010586180221101
68506,15.6,31.0,0.019431008705134877
68507,15.6,32.0,0.009515190888618453
68508,15.6,33.0,0.0034166248739791014
68509,15.6,34.0,0.007428485010479944
68510,15.6,35.0,0.014525873998108011
68511,15.6,36.0,0.007257576345795083
68512,15.6,37.0,0.00623120473316871
68513,15.6,38.0,0.01175177944212856
68514,15.6,39.0,0.005755797863442684
68515,15.6,40.0,0.004946454496820502
68516,15.6,41.0,0.009557005000407355
68517,15.6,42.0,0.004382254561540451
68518,15.6,43.0,0.0012161823428140147
68519,15.6,44.0,0.0034379633754785155
68520,15.6,45.0,0.0073385085884190935
68521,15.6,46.0,0.0032506066141397105
68522,15.6,47.0,0.0006114916809116704
68523,15.6,48.0,0.00036142261902311334
68524,15.6,49.0,0.0003015713585149143
68525,15.6,50.0,0.0002517349906865079
68526,15.6,51.0,0.0002090227064258375
68527,15.6,52.0,0.0001738583304332825
68528,15.6,53.0,0.0002514031513559722
68529,15.6,54.0,0.001738876815796518
68530,15.6,55.0,0.004079906787863536
68531,15.6,56.0,0.0016991445315287614
68532,15.6,57.0,0.00017082780486164892
68533,15.6,58.0,5.021779443002084e-05
68534,15.6,59.0,3.8982994307009036e-05
68535,15.6,60.0,3.085105005924524e-05
68536,15.6,61.0,2.428712833526861e-05
68537,15.6,62.0,1.901816023938267e-05
68538,15.6,63.0,1.4813133757171436e-05
68539,15.6,64.0,1.1476553722537231e-05
68540,15.6,65.0,8.844273232930547e-06
68541,15.6,66.0,6.779519523390386e-06
68542,15.6,67.0,5.169181577517634e-06
68543,15.6,68.0,3.920403493388542e-06
68544,15.6,69.0,2.9575075001872525e-06
68545,15.6,70.0,2.21925419415118e-06
68546,15.6,71.0,1.6564348209008653e-06
68547,15.6,72.0,1.2297809496254238e-06
68548,15.6,73.0,9.081702651395774e-07
68549,15.6,74.0,6.671030143282297e-07
68550,15.7,-75.0,1.8216555916384327e-12
68551,15.7,-74.0,2.9456380017299e-12
68552,15.7,-73.0,4.737820299489898e-12
68553,15.7,-72.0,7.579907436835045e-12
68554,15.7,-71.0,1.2062444484131394e-11
68555,15.7,-70.0,1.9093821598222836e-11
68556,15.7,-69.0,3.006328962867495e-11
68557,15.7,-68.0,4.708323001667985e-11
68558,15.7,-67.0,7.334695760965263e-11
68559,15.7,-66.0,1.1365382785178015e-10
68560,15.7,-65.0,1.7517500475524505e-10
68561,15.7,-64.0,2.6856308450907786e-10
68562,15.7,-63.0,4.095496906571517e-10
68563,15.7,-62.0,6.212308236888638e-10
68564,15.7,-61.0,9.373148502576929e-10
68565,15.7,-60.0,1.4067084870625994e-09
68566,15.7,-59.0,2.0999493799812707e-09
68567,15.7,-58.0,3.1181690264300798e-09
68568,15.7,-57.0,4.605497914576525e-09
68569,15.7,-56.0,6.766119082872547e-09
68570,15.7,-55.0,9.887552344792977e-09
68571,15.7,-54.0,1.437222698548531e-08
68572,15.7,-53.0,2.0779995780760014e-08
68573,15.7,-52.0,2.988497944174911e-08
68574,15.7,-51.0,4.275103083767725e-08
68575,15.7,-50.0,6.083119532563563e-08
68576,15.7,-49.0,8.609783827403578e-08
68577,15.7,-48.0,1.2121163056195966e-07
68578,15.7,-47.0,1.6973933782646626e-07
68579,15.7,-46.0,2.3643234942955953e-07
68580,15.7,-45.0,3.275800936047463e-07
68581,15.7,-44.0,4.514548811574815e-07
68582,15.7,-43.0,6.188672409468641e-07
68583,15.7,-42.0,8.438533640278391e-07
68584,15.7,-41.0,1.1445187299827993e-06
68585,15.7,-40.0,1.5440641756967838e-06
68586,15.7,-39.0,2.072022800905701e-06
68587,15.7,-38.0,2.7671561105845876e-06
68588,15.7,-37.0,4.438411630539014e-06
68589,15.7,-36.0,7.329883726188642e-05
68590,15.7,-35.0,0.001020159012109307
68591,15.7,-34.0,0.0024988942639731057
68592,15.7,-33.0,0.0011032261804954629
68593,15.7,-32.0,0.0012462394075629293
68594,15.7,-31.0,0.002877908699383898
68595,15.7,-30.0,0.00127743705848368
68596,15.7,-29.0,0.0014487493110100194
68597,15.7,-28.0,0.0033311042312047716
68598,15.7,-27.0,0.0013889888894009154
68599,15.7,-26.0,0.00025901648223675843
68600,15.7,-25.0,0.001703779347657698
68601,15.7,-24.0,0.004095197681757449
68602,15.7,-23.0,0.0018698072265924965
68603,15.7,-22.0,0.0021437787041207897
68604,15.7,-21.0,0.004828385467377635
68605,15.7,-20.0,0.002101948849787939
68606,15.7,-19.0,0.0005296359032407114
68607,15.7,-18.0,0.0026368945411355312
68608,15.7,-17.0,0.00610895625340019
68609,15.7,-16.0,0.00294706235193724
68610,15.7,-15.0,0.003414341682756332
68611,15.7,-14.0,0.0073763178140421
68612,15.7,-13.0,0.003446692841865022
68613,15.7,-12.0,0.001205643327735298
68614,15.7,-11.0,0.004401236794204757
68615,15.7,-10.0,0.009635900670279033
68616,15.7,-9.0,0.00498082744873769
68617,15.7,-8.0,0.005804216384688185
68618,15.7,-7.0,0.011892727705990522
68619,15.7,-6.0,0.005964841486069397
68620,15.7,-5.0,0.002606407468873121
68621,15.7,-4.0,0.007664433699860134
68622,15.7,-3.0,0.01591349264306838
68623,15.7,-2.0,0.00817782837867378
68624,15.7,-1.0,0.0033055889255624894
68625,15.7,0.0,0.0006180231628206001
68626,15.7,1.0,0.0039324340254153186
68627,15.7,2.0,0.011917948644620693
68628,15.7,3.0,0.024236133053698282
68629,15.7,4.0,0.01245397867287805
68630,15.7,5.0,0.005763096194045743
68631,15.7,6.0,0.016258838565255132
68632,15.7,7.0,0.033362192998275204
68633,15.7,8.0,0.017756704214618294
68634,15.7,9.0,0.021665032533012853
68635,15.7,10.0,0.04372270244283438
68636,15.7,11.0,0.021236160509754402
68637,15.7,12.0,0.008613561354687535
68638,15.7,13.0,0.03224137709263619
68639,15.7,14.0,0.07067457531652269
68640,15.7,15.0,0.034251254608557914
68641,15.7,16.0,0.03509488786158911
68642,15.7,17.0,0.07345431400613368
68643,15.7,18.0,0.03329859378049671
68644,15.7,19.0,0.008586776424213509
68645,15.7,20.0,0.021358741857525884
68646,15.7,21.0,0.044193921108591716
68647,15.7,22.0,0.021821476148707986
68648,15.7,23.0,0.01779623802573488
68649,15.7,24.0,0.033530495651512345
68650,15.7,25.0,0.016308379167162452
68651,15.7,26.0,0.005741620823460642
68652,15.7,27.0,0.0124564651423385
68653,15.7,28.0,0.02428336416292512
68654,15.7,29.0,0.012384733501719154
68655,15.7,30.0,0.010554343696292403
68656,15.7,31.0,0.01937234299921577
68657,15.7,32.0,0.009489233715249578
68658,15.7,33.0,0.003410816322135709
68659,15.7,34.0,0.007407774220819399
68660,15.7,35.0,0.014478582268970655
68661,15.7,36.0,0.007238070311772555
68662,15.7,37.0,0.006214244178535626
68663,15.7,38.0,0.011711507640077482
68664,15.7,39.0,0.005740194220846916
68665,15.7,40.0,0.004932876811374142
68666,15.7,41.0,0.00952221859843962
68667,15.7,42.0,0.004370089439577467
68668,15.7,43.0,0.0012175578570355772
68669,15.7,44.0,0.003427954112685179
68670,15.7,45.0,0.007309118830942735
68671,15.7,46.0,0.003240279875147038
68672,15.7,47.0,0.0006132824813153415
68673,15.7,48.0,0.0003638693985307416
68674,15.7,49.0,0.00030379491472276013
68675,15.7,50.0,0.00025372627858128946
68676,15.7,51.0,0.00021078837446727208
68677,15.7,52.0,0.00017540274263353993
68678,15.7,53.0,0.0002521592497938301
68679,15.7,54.0,0.0017312394507219442
68680,15.7,55.0,0.004059286205895161
68681,15.7,56.0,0.0016911894480598226
68682,15.7,57.0,0.00017094852550642175
68683,15.7,58.0,5.0809588107097195e-05
68684,15.7,59.0,3.948017837257838e-05
68685,15.7,60.0,3.1261204441242084e-05
68686,15.7,61.0,2.4623133135251295e-05
68687,15.7,62.0,1.9291546190527555e-05
68688,15.7,63.0,1.5034080401132006e-05
68689,15.7,64.0,1.1653940792851429e-05
68690,15.7,65.0,8.985760803816808e-06
68691,15.7,66.0,6.891646737173427e-06
68692,15.7,67.0,5.257475638576042e-06
68693,15.7,68.0,3.989492361414973e-06
68694,15.7,69.0,3.011231287985439e-06
68695,15.7,70.0,2.260771648353341e-06
68696,15.7,71.0,1.6883224273767545e-06
68697,15.7,72.0,1.254123161290206e-06
68698,15.7,73.0,9.266401101326535e-07
68699,15.7,74.0,6.810329253255556e-07
68700,15.8,-75.0,1.7524781743071524e-12
68701,15.8,-74.0,2.8352875440832735e-12
68702,15.8,-73.0,4.562760881915764e-12
68703,15.8,-72.0,7.30372506494056e-12
68704,15.8,-71.0,1.162913015503573e-11
68705,15.8,-70.0,1.84177321775269e-11
68706,15.8,-69.0,2.901423892343282e-11
68707,15.8,-68.0,4.546448962923331e-11
68708,15.8,-67.0,7.086300498987582e-11
68709,15.8,-66.0,1.0986337014293045e-10
68710,15.8,-65.0,1.694230037034576e-10
68711,15.8,-64.0,2.598830437666201e-10
68712,15.8,-63.0,3.965241289958405e-10
68713,15.8,-62.0,6.017933756313872e-10
68714,15.8,-61.0,9.084714714335372e-10
68715,15.8,-60.0,1.364147378809055e-09
68716,15.8,-59.0,2.037498981663517e-09
68717,15.8,-58.0,3.0270501540147396e-09
68718,15.8,-57.0,4.4732991500168124e-09
68719,15.8,-56.0,6.575403044307984e-09
68720,15.8,-55.0,9.61397361250703e-09
68721,15.8,-54.0,1.3982009286580519e-08
68722,15.8,-53.0,2.022657559911986e-08
68723,15.8,-52.0,2.910457462974008e-08
68724,15.8,-51.0,4.165683532963939e-08
68725,15.8,-50.0,5.930583424816814e-08
68726,15.8,-49.0,8.398364163546216e-08
68727,15.8,-48.0,1.1829819898379218e-07
68728,15.8,-47.0,1.6574778209352185e-07
68729,15.8,-46.0,2.3099548986363322e-07
68730,15.8,-45.0,3.20217809864788e-07
68731,15.8,-44.0,4.4154371441841537e-07
68732,15.8,-43.0,6.056032771630338e-07
68733,15.8,-42.0,8.262073803796358e-07
68734,15.8,-41.0,1.1211825806787615e-06
68735,15.8,-40.0,1.5133874450032645e-06
68736,15.8,-39.0,2.031938882584071e-06
68737,15.8,-38.0,2.715104353850063e-06
68738,15.8,-37.0,4.3751267043454735e-06
68739,15.8,-36.0,7.356229860541536e-05
68740,15.8,-35.0,0.0010252276613709928
68741,15.8,-34.0,0.0025114758998684068
68742,15.8,-33.0,0.0011086208596188833
68743,15.8,-32.0,0.0012521792831853382
68744,15.8,-31.0,0.0028919102109597095
68745,15.8,-30.0,0.0012833486193667943
68746,15.8,-29.0,0.0014552497997155336
68747,15.8,-28.0,0.0033466166918223496
68748,15.8,-27.0,0.0013949031912248921
68749,15.8,-26.0,0.0002592378536343738
68750,15.8,-25.0,0.001710519383130476
68751,15.8,-24.0,0.004112845687587655
68752,15.8,-23.0,0.0018767660654746836
68753,15.8,-22.0,0.0021514048032103003
68754,15.8,-21.0,0.004847689312435228
68755,15.8,-20.0,0.0021085829799063743
68756,15.8,-19.0,0.0005287210259121773
68757,15.8,-18.0,0.0026443810816033225
68758,15.8,-17.0,0.006130563103058154
68759,15.8,-16.0,0.0029546720233147535
68760,15.8,-15.0,0.003422738414606545
68761,15.8,-14.0,0.007399819327288852
68762,15.8,-13.0,0.0034538425868562168
68763,15.8,-12.0,0.0012031362387428196
68764,15.8,-11.0,0.004409610828196654
68765,15.8,-10.0,0.009662510267212694
68766,15.8,-9.0,0.0049899419623853835
68767,15.8,-8.0,0.005814548388268906
68768,15.8,-7.0,0.011922458327246166
68769,15.8,-6.0,0.005974874800016152
68770,15.8,-5.0,0.0026051890933232167
68771,15.8,-4.0,0.0076770433667850335
68772,15.8,-3.0,0.015948851655566754
68773,15.8,-2.0,0.008192636269839465
68774,15.8,-1.0,0.003307983433269263
68775,15.8,0.0,0.0006240073042633056
68776,15.8,1.0,0.0039394604462932165
68777,15.8,2.0,0.011941545947876548
68778,15.8,3.0,0.024284530115238963
68779,15.8,4.0,0.01248325216527468
68780,15.8,5.0,0.005781885065630632
68781,15.8,6.0,0.016286242677807507
68782,15.8,7.0,0.03340286472536274
68783,15.8,8.0,0.017790468963064486
68784,15.8,9.0,0.021680953690283812
68785,15.8,10.0,0.043717800023334266
68786,15.8,11.0,0.02125957127766193
68787,15.8,12.0,0.00864336705215145
68788,15.8,13.0,0.03209101447446851
68789,15.8,14.0,0.07023947778015364
68790,15.8,15.0,0.0341651521542608
68791,15.8,16.0,0.03523714768391417
68792,15.8,17.0,0.0740113690516503
68793,15.8,18.0,0.03349517285952216
68794,15.8,19.0,0.008554127801520137
68795,15.8,20.0,0.02132055024034271
68796,15.8,21.0,0.0441708601847535
68797,15.8,22.0,0.021790119341986443
68798,15.8,23.0,0.017747120486383893
68799,15.8,24.0,0.033462101744423454
68800,15.8,25.0,0.016266503202979208
68801,15.8,26.0,0.005716468089231587
68802,15.8,27.0,0.012415036603718782
68803,15.8,28.0,0.024212721386126186
68804,15.8,29.0,0.01234803401252539
68805,15.8,30.0,0.010520506224400797
68806,15.8,31.0,0.019310221977207984
68807,15.8,32.0,0.009461474031920986
68808,15.8,33.0,0.003404228705180013
68809,15.8,34.0,0.007385634818836538
68810,15.8,35.0,0.014428701605752377
68811,15.8,36.0,0.007217199297898497
68812,15.8,37.0,0.0061961089862554814
68813,15.8,38.0,0.011669166099574258
68814,15.8,39.0,0.005723529196191843
68815,15.8,40.0,0.004918390402088977
68816,15.8,41.0,0.009485780554472507
68817,15.8,42.0,0.004357136796091596
68818,15.8,43.0,0.0012186786642073078
68819,15.8,44.0,0.0034173394643259103
68820,15.8,45.0,0.007278497846987648
68821,15.8,46.0,0.003229395843794768
68822,15.8,47.0,0.0006149527011849381
68823,15.8,48.0,0.0003662420424737717
68824,15.8,49.0,0.00030595875701397
68825,15.8,50.0,0.00025566971832218004
68826,15.8,51.0,0.0002125160931632865
68827,15.8,52.0,0.00017691718833947006
68828,15.8,53.0,0.00025287485078969335
68829,15.8,54.0,0.001723326520386921
68830,15.8,55.0,0.004038018954896843
68831,15.8,56.0,0.0016829665561396744
68832,15.8,57.0,0.00017104459434986473
68833,15.8,58.0,5.1396013863165214e-05
68834,15.8,59.0,3.9973760572425656e-05
68835,15.8,60.0,3.166893380530483e-05
68836,15.8,61.0,2.4957578072579417e-05
68837,15.8,62.0,1.9563995373527134e-05
68838,15.8,63.0,1.5254527917297508e-05
68839,15.8,64.0,1.183112656110711e-05
68840,15.8,65.0,9.127241373726337e-06
68841,15.8,66.0,7.003886166284231e-06
68842,15.8,67.0,5.345947993607531e-06
68843,15.8,68.0,4.058789121408075e-06
68844,15.8,69.0,3.0651684969335637e-06
68845,15.8,70.0,2.302493042167832e-06
68846,15.8,71.0,1.7203959327586522e-06
68847,15.8,72.0,1.2786291327280777e-06
68848,15.8,73.0,9.452504461234578e-07
68849,15.8,74.0,6.950808030382504e-07
68850,15.9,-75.0,1.6856234139389812e-12
68851,15.9,-74.0,2.7285783976816486e-12
68852,15.9,-73.0,4.393376526594663e-12
68853,15.9,-72.0,7.036335220368973e-12
68854,15.9,-71.0,1.1209357633242554e-11
68855,15.9,-70.0,1.776237509029297e-11
68856,15.9,-69.0,2.7996739462106154e-11
68857,15.9,-68.0,4.3893476753923617e-11
68858,15.9,-67.0,6.845081386480824e-11
68859,15.9,-66.0,1.0618015566381347e-10
68860,15.9,-65.0,1.6383029256788821e-10
68861,15.9,-64.0,2.5143814475911236e-10
68862,15.9,-63.0,3.8384353301018506e-10
68863,15.9,-62.0,5.82858856923771e-10
68864,15.9,-61.0,8.803567133567588e-10
68865,15.9,-60.0,1.3226351756617091e-09
68866,15.9,-59.0,1.976548909005959e-09
68867,15.9,-58.0,2.938063451163994e-09
68868,15.9,-57.0,4.344110716989012e-09
68869,15.9,-56.0,6.388909118087582e-09
68870,15.9,-55.0,9.34627696303008e-09
68871,15.9,-54.0,1.3599930707302043e-08
68872,15.9,-53.0,1.9684340087284365e-08
68873,15.9,-52.0,2.833943203199895e-08
68874,15.9,-51.0,4.0583317587858036e-08
68875,15.9,-50.0,5.780828421138456e-08
68876,15.9,-49.0,8.190657164593314e-08
68877,15.9,-48.0,1.154339516968277e-07
68878,15.9,-47.0,1.618208727702967e-07
68879,15.9,-46.0,2.2564291142167508e-07
68880,15.9,-45.0,3.1296448357695e-07
68881,15.9,-44.0,4.317721765252748e-07
68882,15.9,-43.0,5.925166132806708e-07
68883,15.9,-42.0,8.087843665078544e-07
68884,15.9,-41.0,1.0981239757406765e-06
68885,15.9,-40.0,1.4830524220225756e-06
68886,15.9,-39.0,1.992270705747631e-06
68887,15.9,-38.0,2.6635517367885945e-06
68888,15.9,-37.0,4.3123570744772755e-06
68889,15.9,-36.0,7.381968751170632e-05
68890,15.9,-35.0,0.0010301969720806258
68891,15.9,-34.0,0.002523812451281042
68892,15.9,-33.0,0.0011139085532057582
68893,15.9,-32.0,0.00125799755472834
68894,15.9,-31.0,0.0029056280701542547
68895,15.9,-30.0,0.0012891361699040108
68896,15.9,-29.0,0.0014616086528350086
68897,15.9,-28.0,0.003361799090788871
68898,15.9,-27.0,0.0014006826418671062
68899,15.9,-26.0,0.00025943790792855276
68900,15.9,-25.0,0.0017170918151236437
68901,15.9,-24.0,0.004130083883130858
68902,15.9,-23.0,0.0018835404171421133
68903,15.9,-22.0,0.00215881683410137
68904,15.9,-21.0,0.004866504215924805
68905,15.9,-20.0,0.00211500536442705
68906,15.9,-19.0,0.0005277529649586822
68907,15.9,-18.0,0.002651594647149069
68908,15.9,-17.0,0.006151535900799536
68909,15.9,-16.0,0.0029619693662569493
68910,15.9,-15.0,0.0034307676082383234
68911,15.9,-14.0,0.007422535629476723
68912,15.9,-13.0,0.0034606074024076806
68913,15.9,-12.0,0.0012004676998567572
68914,15.9,-11.0,0.004417478517518611
68915,15.9,-10.0,0.00968805346662641
68916,15.9,-9.0,0.004998463597888088
68917,15.9,-8.0,0.005824184884199351
68918,15.9,-7.0,0.011950836071756583
68919,15.9,-6.0,0.0059841605916153475
68920,15.9,-5.0,0.0026035581604713282
68921,15.9,-4.0,0.007688689048831096
68922,15.9,-3.0,0.015982356789206908
68923,15.9,-2.0,0.008206383378392742
68924,15.9,-1.0,0.0033098111669826583
68925,15.9,0.0,0.0006299692103134757
68926,15.9,1.0,0.003945830451576805
68927,15.9,2.0,0.01196367448676281
68928,15.9,3.0,0.024330215881717042
68929,15.9,4.0,0.012510987069048997
68930,15.9,5.0,0.005799813917635371
68931,15.9,6.0,0.01631189064997712
68932,15.9,7.0,0.033440313726067324
68933,15.9,8.0,0.01782240192192537
68934,15.9,9.0,0.021695210085967014
68935,15.9,10.0,0.04371011562535438
68936,15.9,11.0,0.021281419799542265
68937,15.9,12.0,0.008672934914667902
68938,15.9,13.0,0.03194793226250168
68939,15.9,14.0,0.06982333206556197
68940,15.9,15.0,0.034089211673236954
68941,15.9,16.0,0.03539485829359442
68942,15.9,17.0,0.07460382145237915
68943,15.9,18.0,0.033705529980384785
68944,15.9,19.0,0.00852127364830609
68945,15.9,20.0,0.021279186852544287
68946,15.9,21.0,0.04414155459521005
68947,15.9,22.0,0.021755416082520723
68948,15.9,23.0,0.017694750931039775
68949,15.9,24.0,0.033387711764589406
68950,15.9,25.0,0.016221546660954198
68951,15.9,26.0,0.005690016205261298
68952,15.9,27.0,0.012371057536961647
68953,15.9,28.0,0.024137353787358606
68954,15.9,29.0,0.012308794707795247
68955,15.9,30.0,0.010484455087338085
68956,15.9,31.0,0.019244253281624282
68957,15.9,32.0,0.009431718330983576
68958,15.9,33.0,0.0033967906698176443
68959,15.9,34.0,0.007361915331994494
68960,15.9,35.0,0.01437593925783825
68961,15.9,36.0,0.007194814377118458
68962,15.9,37.0,0.0061766711706951515
68963,15.9,38.0,0.011624518532595714
68964,15.9,39.0,0.005705684259306116
68965,15.9,40.0,0.004902893343379786
68966,15.9,41.0,0.00944749959156343
68967,15.9,42.0,0.004343306295555935
68968,15.9,43.0,0.0012195163835960136
68969,15.9,44.0,0.0034060487219137576
68970,15.9,45.0,0.00724650024845115
68971,15.9,46.0,0.0032178882343641703
68972,15.9,47.0,0.0006164872577787446
68973,15.9,48.0,0.0003685306640830187
68974,15.9,49.0,0.0003080545112221582
68975,15.9,50.0,0.00025755823025297827
68976,15.9,51.0,0.0002141999125461491
68977,15.9,52.0,0.00017839667353028213
68978,15.9,53.0,0.00025354375569959503
68979,15.9,54.0,0.0017151039524687846
68980,15.9,55.0,0.004016026933213678
68981,15.9,56.0,0.001674442910186079
68982,15.9,57.0,0.00017111209126145733
68983,15.9,58.0,5.197555776638717e-05
68984,15.9,59.0,4.046254664074761e-05
68985,15.9,60.0,3.2073287257253814e-05
68986,15.9,61.0,2.528971059291391e-05
68987,15.9,62.0,1.9834915826413156e-05
68988,15.9,63.0,1.547401350836371e-05
68989,15.9,64.0,1.2007751427829916e-05
68990,15.9,65.0,9.268437247778567e-06
68991,15.9,66.0,7.116024689923014e-06
68992,15.9,67.0,5.434436095020565e-06
68993,15.9,68.0,4.1281705711498696e-06
68994,15.9,69.0,3.1192263319040608e-06
68995,15.9,70.0,2.344348923629401e-06
68996,15.9,71.0,1.7526036859894762e-06
68997,15.9,72.0,1.303260696753355e-06
68998,15.9,73.0,9.639732512884936e-07
68999,15.9,74.0,7.092262077448673e-07
69000,16.0,-75.0,1.560786071664482e-12
69001,16.0,-74.0,2.5278462257652796e-12
69002,16.0,-73.0,4.072339993585502e-12
69003,16.0,-72.0,6.525646065070347e-12
69004,16.0,-71.0,1.0401335575630965e-11
69005,16.0,-70.0,1.6490765223852314e-11
69006,16.0,-69.0,2.600630292104626e-11
69007,16.0,-68.0,4.079458623285885e-11
69008,16.0,-67.0,6.365207352817771e-11
69009,16.0,-66.0,9.87890221302149e-11
69010,16.0,-65.0,1.5250740273473094e-10
69011,16.0,-64.0,2.341851060554495e-10
69012,16.0,-63.0,3.576957043040873e-10
69013,16.0,-62.0,5.434433591021393e-10
69014,16.0,-61.0,8.212605382317849e-10
69015,16.0,-60.0,1.2345075001665335e-09
69016,16.0,-59.0,1.8458339031602847e-09
69017,16.0,-58.0,2.7452229005070115e-09
69018,16.0,-57.0,4.0611470663986055e-09
69019,16.0,-56.0,5.97593590417031e-09
69020,16.0,-55.0,8.746801197619071e-09
69021,16.0,-54.0,1.2734406042363189e-08
69022,16.0,-53.0,1.84414152020019e-08
69023,16.0,-52.0,2.656414953092947e-08
69024,16.0,-51.0,3.80613079480027e-08
69025,16.0,-50.0,5.4244739513183567e-08
69026,16.0,-49.0,7.689846711170494e-08
69027,16.0,-48.0,1.0843360151228788e-07
69028,16.0,-47.0,1.520884527634079e-07
69029,16.0,-46.0,2.121850484675641e-07
69030,16.0,-45.0,2.9445539555577625e-07
69031,16.0,-44.0,4.0645314573022304e-07
69032,16.0,-43.0,5.580687930604698e-07
69033,16.0,-42.0,7.62169064066757e-07
69034,16.0,-41.0,1.0353836392069146e-06
69035,16.0,-40.0,1.399064612024803e-06
69036,16.0,-39.0,1.880446372156618e-06
69037,16.0,-38.0,2.5154216519294196e-06
69038,16.0,-37.0,4.0921722710560315e-06
69039,16.0,-36.0,7.131829232435045e-05
69040,16.0,-35.0,0.0009966002814287645
69041,16.0,-34.0,0.0024416609319323646
69042,16.0,-33.0,0.001077500066858387
69043,16.0,-32.0,0.001216731062025007
69044,16.0,-31.0,0.002810579954053587
69045,16.0,-30.0,0.0012466806261203153
69046,16.0,-29.0,0.0014132766259545826
69047,16.0,-28.0,0.003251163764881058
69048,16.0,-27.0,0.001354063607312776
69049,16.0,-26.0,0.00024996876639400326
69050,16.0,-25.0,0.001659446166829245
69051,16.0,-24.0,0.0039927996475501
69052,16.0,-23.0,0.0018198873670170327
69053,16.0,-22.0,0.0020855193163789743
69054,16.0,-21.0,0.004703294716376644
69055,16.0,-20.0,0.0020423857357765476
69056,16.0,-19.0,0.0005071579517950169
69057,16.0,-18.0,0.0025597370219446547
69058,16.0,-17.0,0.00594250969684681
69059,16.0,-16.0,0.002858620508958556
69060,16.0,-15.0,0.003310648650361991
69061,16.0,-14.0,0.007167809497284278
69062,16.0,-13.0,0.003338145966438781
69063,16.0,-12.0,0.0011531328333160896
69064,16.0,-11.0,0.004260402699620749
69065,16.0,-10.0,0.009351586871982398
69066,16.0,-9.0,0.0048203434915405265
69067,16.0,-8.0,0.005616353671367666
69068,16.0,-7.0,0.011532732698365543
69069,16.0,-6.0,0.0057699967113967274
69070,16.0,-5.0,0.0025048387874600387
69071,16.0,-4.0,0.007413244410906895
69072,16.0,-3.0,0.01541888674261011
69073,16.0,-2.0,0.007913629344309397
69074,16.0,-1.0,0.003188025889534516
69075,16.0,0.0,0.0006122756693087973
69076,16.0,1.0,0.0038046941940788875
69077,16.0,2.0,0.011538964090633968
69078,16.0,3.0,0.023467417023518237
69079,16.0,4.0,0.012071265497000013
69080,16.0,5.0,0.005600707299494969
69081,16.0,6.0,0.015728696216761987
69082,16.0,7.0,0.03223053189738745
69083,16.0,8.0,0.01718904765225643
69084,16.0,9.0,0.020901060969083785
69085,16.0,10.0,0.04207561631365128
69086,16.0,11.0,0.020510053090329633
69087,16.0,12.0,0.008378794955450292
69088,16.0,13.0,0.030629083568328712
69089,16.0,14.0,0.06684408279597347
69090,16.0,15.0,0.032758525413673655
69091,16.0,16.0,0.03716966540383961
69092,16.0,17.0,0.07798811304567321
69093,16.0,18.0,0.035172534519626146
69094,16.0,19.0,0.008798640233881857
69095,16.0,20.0,0.022010711258790106
69096,16.0,21.0,0.045717907224601916
69097,16.0,22.0,0.022511059537360104
69098,16.0,23.0,0.018283771085519145
69099,16.0,24.0,0.03452455767455932
69100,16.0,25.0,0.016764584406551434
69101,16.0,26.0,0.005869204834401517
69102,16.0,27.0,0.01277494037005007
69103,16.0,28.0,0.024936448526361083
69104,16.0,29.0,0.012715322320815969
69105,16.0,30.0,0.010827954592809939
69106,16.0,31.0,0.019875179632156043
69107,16.0,32.0,0.00974349343689327
69108,16.0,33.0,0.0035123350683546784
69109,16.0,34.0,0.007604735935667417
69110,16.0,35.0,0.014843640677202053
69111,16.0,36.0,0.00743297910738785
69112,16.0,37.0,0.0063809012036918225
69113,16.0,38.0,0.012000675902580948
69114,16.0,39.0,0.005894479854777555
69115,16.0,40.0,0.005064959798303488
69116,16.0,41.0,0.00975117633436942
69117,16.0,42.0,0.004486787550248461
69118,16.0,43.0,0.001264655378760932
69119,16.0,44.0,0.0035181195447033177
69120,16.0,45.0,0.007476737434090245
69121,16.0,46.0,0.0033229128969875007
69122,16.0,47.0,0.0006404643640027731
69123,16.0,48.0,0.00038428133048991635
69124,16.0,49.0,0.00032141194993448065
69125,16.0,50.0,0.000268869371382938
69126,16.0,51.0,0.00022372603006896814
69127,16.0,52.0,0.00018641205677979926
69128,16.0,53.0,0.0002634534465612441
69129,16.0,54.0,0.0017689406101453733
69130,16.0,55.0,0.004139252746822228
69131,16.0,56.0,0.0017264910493506576
69132,16.0,57.0,0.0001774053427904506
69133,16.0,58.0,5.4468099337492944e-05
69134,16.0,59.0,4.244252259346487e-05
69135,16.0,60.0,3.3660709502476566e-05
69136,16.0,61.0,2.6555534107719694e-05
69137,16.0,62.0,2.083881083426177e-05
69138,16.0,63.0,1.6265856308154536e-05
69139,16.0,64.0,1.262894401667112e-05
69140,16.0,65.0,9.753112913993005e-06
69141,16.0,66.0,7.4921346465993465e-06
69142,16.0,67.0,5.724716744643344e-06
69143,16.0,68.0,4.35099455267035e-06
69144,16.0,69.0,3.2893431614642653e-06
69145,16.0,70.0,2.473522899611422e-06
69146,16.0,71.0,1.8501579003900107e-06
69147,16.0,72.0,1.3765365939653727e-06
69148,16.0,73.0,1.0187153153458989e-06
69149,16.0,74.0,7.499011456160601e-07
69150,16.1,-75.0,1.4561566372608127e-12
69151,16.1,-74.0,2.359645456689993e-12
69152,16.1,-73.0,3.803395788332345e-12
69153,16.1,-72.0,6.097929458329995e-12
69154,16.1,-71.0,9.724770890963734e-12
69155,16.1,-70.0,1.542632469858614e-11
69156,16.1,-69.0,2.434062164691412e-11
69157,16.1,-68.0,3.820207656025988e-11
69158,16.1,-67.0,5.96387295117139e-11
69159,16.1,-66.0,9.260957754381463e-11
69160,16.1,-65.0,1.4304396202623515e-10
69161,16.1,-64.0,2.197704340471238e-10
69162,16.1,-63.0,3.3585754476527426e-10
69163,16.1,-62.0,5.105368088748254e-10
69164,16.1,-61.0,7.719427949857968e-10
69165,16.1,-60.0,1.1609921536162585e-09
69166,16.1,-59.0,1.7368389884362922e-09
69167,16.1,-58.0,2.5844964691473746e-09
69168,16.1,-57.0,3.825413939078509e-09
69169,16.1,-56.0,5.632056965361243e-09
69170,16.1,-55.0,8.247868965212208e-09
69171,16.1,-54.0,1.201441361068111e-08
69172,16.1,-53.0,1.7408025728496325e-08
69173,16.1,-52.0,2.5088955329515347e-08
69174,16.1,-51.0,3.596679652675141e-08
69175,16.1,-50.0,5.128697266731083e-08
69176,16.1,-49.0,7.274422231394903e-08
69177,16.1,-48.0,1.0263041622394277e-07
69178,16.1,-47.0,1.4402564625670922e-07
69179,16.1,-46.0,2.0104336763823775e-07
69180,16.1,-45.0,2.7914243805857286e-07
69181,16.1,-44.0,3.855211552268509e-07
69182,16.1,-43.0,5.296108007045198e-07
69183,16.1,-42.0,7.236886756784073e-07
69184,16.1,-41.0,9.836330531800237e-07
69185,16.1,-40.0,1.3298447206342568e-06
69186,16.1,-39.0,1.7883616515123732e-06
69187,16.1,-38.0,2.3921945825970724e-06
69188,16.1,-37.0,3.1829115929847975e-06
69189,16.1,-36.0,4.2124993243905885e-06
69190,16.1,-35.0,5.5470772889980585e-06
69191,16.1,-34.0,8.099383296822208e-06
69192,16.1,-33.0,8.4290545862994e-05
69193,16.1,-32.0,0.0011205946331433135
69194,16.1,-31.0,0.0027386956269417465
69195,16.1,-30.0,0.0012148436168022709
69196,16.1,-29.0,0.0013769961449347494
69197,16.1,-28.0,0.0031682119106961086
69198,16.1,-27.0,0.0013190127228465932
69199,16.1,-26.0,0.0002426958506270726
69200,16.1,-25.0,0.0016160095227889975
69201,16.1,-24.0,0.003889603492984435
69202,16.1,-23.0,0.0017718453551552943
69203,16.1,-22.0,0.002030132459247065
69204,16.1,-21.0,0.004580332745251442
69205,16.1,-20.0,0.00198736015770047
69206,16.1,-19.0,0.0004911017418157097
69207,16.1,-18.0,0.002489979104920681
69208,16.1,-17.0,0.005784507293010302
69209,16.1,-16.0,0.0027799958107167485
69210,16.1,-15.0,0.0032191863840836314
69211,16.1,-14.0,0.006974781662893476
69212,16.1,-13.0,0.0032446553841076653
69213,16.1,-12.0,0.001116114023009688
69214,16.1,-11.0,0.00414033939912204
69215,16.1,-10.0,0.009095851246304526
69216,16.1,-9.0,0.004684108293472349
69217,16.1,-8.0,0.005457339084221576
69218,16.1,-7.0,0.011214363986266646
69219,16.1,-6.0,0.00560599693952695
69220,16.1,-5.0,0.00242819641147122
69221,16.1,-4.0,0.007202265026907722
69222,16.1,-3.0,0.014989012195976944
69223,16.1,-2.0,0.007689576357743049
69224,16.1,-1.0,0.0030940420930290224
69225,16.1,0.0,0.000599624965070617
69226,16.1,1.0,0.003696474690913622
69227,16.1,2.0,0.01121435164937653
69228,16.1,3.0,0.022808387574364375
69229,16.1,4.0,0.011735951809022092
69230,16.1,5.0,0.005449577095323616
69231,16.1,6.0,0.015282446635014529
69232,16.1,7.0,0.03130270076655971
69233,16.1,8.0,0.016705166105719257
69234,16.1,9.0,0.020290749041710198
69235,16.1,10.0,0.04081409235782428
69236,16.1,11.0,0.019918621878996602
69237,16.1,12.0,0.008157046490645215
69238,16.1,13.0,0.02959747408495622
69239,16.1,14.0,0.06450084423982869
69240,16.1,15.0,0.03173280964198509
69241,16.1,16.0,0.037321502249231565
69242,16.1,17.0,0.08176427829543587
69243,16.1,18.0,0.03680866516095272
69244,16.1,19.0,0.009106299299440169
69245,16.1,20.0,0.022816833523247163
69246,16.1,21.0,0.047453884744693815
69247,16.1,22.0,0.023343444915946608
69248,16.1,23.0,0.018932631694550672
69249,16.1,24.0,0.03577640249320354
69250,16.1,25.0,0.017362603147398296
69251,16.1,26.0,0.00606657941171079
69252,16.1,27.0,0.013219742012628202
69253,16.1,28.0,0.025816493033027493
69254,16.1,29.0,0.013162916918435595
69255,16.1,30.0,0.011206166012809979
69256,16.1,31.0,0.02057008050455384
69257,16.1,32.0,0.010086700567096877
69258,16.1,33.0,0.0036393083374600724
69259,16.1,34.0,0.007872024519325834
69260,16.1,35.0,0.01535884428115073
69261,16.1,36.0,0.007695153575570542
69262,16.1,37.0,0.00660572185847362
69263,16.1,38.0,0.012415112919928153
69264,16.1,39.0,0.006102331190477894
69265,16.1,40.0,0.005243391300932182
69266,16.1,41.0,0.010085840723880786
69267,16.1,42.0,0.004644777824110288
69268,16.1,43.0,0.0013141997555442765
69269,16.1,44.0,0.0036415470993883415
69270,16.1,45.0,0.007730576241733868
69271,16.1,46.0,0.0034386178074418965
69272,16.1,47.0,0.0006667649476243336
69273,16.1,48.0,0.0004015261463909824
69274,16.1,49.0,0.0003360352997071682
69275,16.1,50.0,0.0002812520298725924
69276,16.1,51.0,0.00023415432222824946
69277,16.1,52.0,0.0001951867919116045
69278,16.1,53.0,0.0002743322636186712
69279,16.1,54.0,0.0018283303873970003
69280,16.1,55.0,0.004275264927528024
69281,16.1,56.0,0.0017839231746633211
69282,16.1,57.0,0.0001843256800522035
69283,16.1,58.0,5.719752275076237e-05
69284,16.1,59.0,4.461055303466904e-05
69285,16.1,60.0,3.5399040615432056e-05
69286,16.1,61.0,2.7941817790713985e-05
69287,16.1,62.0,2.19383488015542e-05
69288,16.1,63.0,1.713323317552312e-05
69289,16.1,64.0,1.3309471828758016e-05
69290,16.1,65.0,1.0284150527106567e-05
69291,16.1,66.0,7.904276711978115e-06
69292,16.1,67.0,6.042851947247137e-06
69293,16.1,68.0,4.595236626991713e-06
69294,16.1,69.0,3.4758410922006865e-06
69295,16.1,70.0,2.61515873091843e-06
69296,16.1,71.0,1.95714184506576e-06
69297,16.1,72.0,1.4569097793946983e-06
69298,16.1,73.0,1.0787706494277255e-06
69299,16.1,74.0,7.945325481361339e-07
69300,16.2,-75.0,1.3971238232167012e-12
69301,16.2,-74.0,2.2651916247181755e-12
69302,16.2,-73.0,3.653096156116201e-12
69303,16.2,-72.0,5.8600776110851734e-12
69304,16.2,-71.0,9.350433362033544e-12
69305,16.2,-70.0,1.4840420904300956e-11
69306,16.2,-69.0,2.342862522335094e-11
69307,16.2,-68.0,3.6790314415310645e-11
69308,16.2,-67.0,5.746538240790887e-11
69309,16.2,-66.0,8.92822672644009e-11
69310,16.2,-65.0,1.3797812125814957e-10
69311,16.2,-64.0,2.121003336306083e-10
69312,16.2,-63.0,3.2430868838519e-10
69313,16.2,-62.0,4.932441279169312e-10
69314,16.2,-61.0,7.461933449971949e-10
69315,16.2,-60.0,1.122863402800444e-09
69316,16.2,-59.0,1.680693774136373e-09
69317,16.2,-58.0,2.502282646297285e-09
69318,16.2,-57.0,3.70569990109364e-09
69319,16.2,-56.0,5.4587127040045225e-09
69320,16.2,-55.0,7.998275150872711e-09
69321,16.2,-54.0,1.1657047210303137e-08
69322,16.2,-53.0,1.6899228750851368e-08
69323,16.2,-52.0,2.436864218855932e-08
69324,16.2,-51.0,3.4952794091678435e-08
69325,16.2,-50.0,4.986761434111684e-08
69326,16.2,-49.0,7.076873279369418e-08
69327,16.2,-48.0,9.989652681190711e-08
69328,16.2,-47.0,1.4026377235046e-07
69329,16.2,-46.0,1.9589656203644748e-07
69330,16.2,-45.0,2.7214120909692645e-07
69331,16.2,-44.0,3.760521124129157e-07
69332,16.2,-43.0,5.168779695455712e-07
69333,16.2,-42.0,7.06666217458255e-07
69334,16.2,-41.0,9.610080471197498e-07
69335,16.2,-40.0,1.2999486309085104e-06
69336,16.2,-39.0,1.7490891289842295e-06
69337,16.2,-38.0,2.3409083630063297e-06
69338,16.2,-37.0,3.116332474510574e-06
69339,16.2,-36.0,4.126580565979198e-06
69340,16.2,-35.0,5.436867239008884e-06
69341,16.2,-34.0,7.960983775986542e-06
69342,16.2,-33.0,8.430272050863911e-05
69343,16.2,-32.0,0.0011231877502276102
69344,16.2,-31.0,0.0027453341921611107
69345,16.2,-30.0,0.0012175181014946184
69346,16.2,-29.0,0.0013798374177309799
69347,16.2,-28.0,0.003175251034321839
69348,16.2,-27.0,0.0013214467459084158
69349,16.2,-26.0,0.00024235023241602982
69350,16.2,-25.0,0.0016185120194258111
69351,16.2,-24.0,0.0038969289967106043
69352,16.2,-23.0,0.0017741855265186936
69353,16.2,-22.0,0.002032480807353264
69354,16.2,-21.0,0.004587560432499823
69355,16.2,-20.0,0.001988877812237021
69356,16.2,-19.0,0.0004890979143976115
69357,16.2,-18.0,0.002491084203763399
69358,16.2,-17.0,0.005790994938977064
69359,16.2,-16.0,0.002780505175267607
69360,16.2,-15.0,0.003219368051097232
69361,16.2,-14.0,0.006980153823521274
69362,16.2,-13.0,0.003243563183804126
69363,16.2,-12.0,0.001111011476360878
69364,16.2,-11.0,0.0041381915723460345
69365,16.2,-10.0,0.009098941323040831
69366,16.2,-9.0,0.004681269376914498
69367,16.2,-8.0,0.005453745812994363
69368,16.2,-7.0,0.011215167970096758
69369,16.2,-6.0,0.005601642464990436
69370,16.2,-5.0,0.0024208041893875785
69371,16.2,-4.0,0.007196393131893413
69372,16.2,-3.0,0.014985837326197363
69373,16.2,-2.0,0.0076844389478157
69374,16.2,-1.0,0.0030881371479650247
69375,16.2,0.0,0.0006039453478631202
69376,16.2,1.0,0.0036933677704685908
69377,16.2,2.0,0.01120899704703316
69378,16.2,3.0,0.022798902567247634
69379,16.2,4.0,0.01173459817257981
69380,16.2,5.0,0.005453231530868674
69381,16.2,6.0,0.015271606310786154
69382,16.2,7.0,0.031267508172022375
69383,16.2,8.0,0.016697176996065547
69384,16.2,9.0,0.020259681499130218
69385,16.2,10.0,0.04071930984393257
69386,16.2,11.0,0.019895624109027246
69387,16.2,12.0,0.008167654129322015
69388,16.2,13.0,0.0294222863473445
69389,16.2,14.0,0.06402935652209585
69390,16.2,15.0,0.03162628220902163
69391,16.2,16.0,0.038262816951505595
69392,16.2,17.0,0.08259285478781737
69393,16.2,18.0,0.037111845399209684
69394,16.2,19.0,0.009074463903628226
69395,16.2,20.0,0.022768757132642335
69396,16.2,21.0,0.04741592685343018
69397,16.2,22.0,0.023302080867455034
69398,16.2,23.0,0.01887121000026598
69399,16.2,24.0,0.03568715038219135
69400,16.2,25.0,0.017309238969806913
69401,16.2,26.0,0.006035686903266704
69402,16.2,27.0,0.013167958727101185
69403,16.2,28.0,0.025727460727675372
69404,16.2,29.0,0.013116233501708504
69405,16.2,30.0,0.01116341301148735
69406,16.2,31.0,0.02049250754334138
69407,16.2,32.0,0.010051094209495967
69408,16.2,33.0,0.0036295827188447876
69409,16.2,34.0,0.00784362618657862
69410,16.2,35.0,0.01529712227795656
69411,16.2,36.0,0.007668349401289062
69412,16.2,37.0,0.00658246273088195
69413,16.2,38.0,0.012363147467117077
69414,16.2,39.0,0.006081038167879736
69415,16.2,40.0,0.0052249286808199675
69416,16.2,41.0,0.010041563434939024
69417,16.2,42.0,0.004628368170509157
69418,16.2,43.0,0.0013145412741077348
69419,16.2,44.0,0.0036282398801134237
69420,16.2,45.0,0.0076939029149690145
69421,16.2,46.0,0.003425192219437219
69422,16.2,47.0,0.000668153808559431
69423,16.2,48.0,0.0004038187230789065
69424,16.2,49.0,0.00033815468833981404
69425,16.2,50.0,0.00028317677284903157
69426,16.2,51.0,0.00023588236375105882
69427,16.2,52.0,0.0001967139753326935
69428,16.2,53.0,0.00027497347291695177
69429,16.2,54.0,0.0018190051782236683
69430,16.2,55.0,0.004250490875675079
69431,16.2,56.0,0.0017742916820935586
69432,16.2,57.0,0.00018435595385038738
69433,16.2,58.0,5.781270271702438e-05
69434,16.2,59.0,4.513169696711762e-05
69435,16.2,60.0,3.583169451711195e-05
69436,16.2,61.0,2.8298401274081176e-05
69437,16.2,62.0,2.2230159089407577e-05
69438,16.2,63.0,1.7370381160259186e-05
69439,16.2,64.0,1.3500884858726101e-05
69440,16.2,65.0,1.0437613859442007e-05
69441,16.2,66.0,8.026502146516406e-06
69442,16.2,67.0,6.139564041134153e-06
69443,16.2,68.0,4.671268694790069e-06
69444,16.2,69.0,3.5352348644941974e-06
69445,16.2,70.0,2.661263035579015e-06
69446,16.2,71.0,1.9927069679045176e-06
69447,16.2,72.0,1.4841752483692663e-06
69448,16.2,73.0,1.0995450740399247e-06
69449,16.2,74.0,8.102648466284079e-07
69450,16.3,-75.0,1.3401050954412443e-12
69451,16.3,-74.0,2.173903675465067e-12
69452,16.3,-73.0,3.5077436139338346e-12
69453,16.3,-72.0,5.629910566781628e-12
69454,16.3,-71.0,8.98796260470814e-12
69455,16.3,-70.0,1.4272732463314186e-11
69456,16.3,-69.0,2.254442178464337e-11
69457,16.3,-68.0,3.542070365595273e-11
69458,16.3,-67.0,5.5355576163354873e-11
69459,16.3,-66.0,8.605015836769644e-11
69460,16.3,-65.0,1.330540443485688e-10
69461,16.3,-64.0,2.0464003137572314e-10
69462,16.3,-63.0,3.1306838657576167e-10
69463,16.3,-62.0,4.764024038366701e-10
69464,16.3,-61.0,7.210988137863621e-10
69465,16.3,-60.0,1.085679721605401e-09
69466,16.3,-59.0,1.625903550243852e-09
69467,16.3,-58.0,2.421998898021817e-09
69468,16.3,-57.0,3.5887170014458727e-09
69469,16.3,-56.0,5.289207351383397e-09
69470,16.3,-55.0,7.754040845786493e-09
69471,16.3,-54.0,1.1307111846213349e-08
69472,16.3,-53.0,1.640066303934483e-08
69473,16.3,-52.0,2.3662315487782225e-08
69474,16.3,-51.0,3.395777258806957e-08
69475,16.3,-50.0,4.847382339684793e-08
69476,16.3,-49.0,6.882741986888837e-08
69477,16.3,-48.0,9.720796345537602e-08
69478,16.3,-47.0,1.3656152382577149e-07
69479,16.3,-46.0,1.9082753275508105e-07
69480,16.3,-45.0,2.652405440972329e-07
69481,16.3,-44.0,3.6671190435084264e-07
69482,16.3,-43.0,5.043085939202876e-07
69483,16.3,-42.0,6.898490055221048e-07
69484,16.3,-41.0,9.3863791848463e-07
69485,16.3,-40.0,1.270365261824945e-06
69486,16.3,-39.0,1.7101952465216478e-06
69487,16.3,-38.0,2.2900738520209098e-06
69488,16.3,-37.0,3.0502831883194892e-06
69489,16.3,-36.0,4.041271071253384e-06
69490,16.3,-35.0,5.3273408318787046e-06
69491,16.3,-34.0,7.823144652926457e-06
69492,16.3,-33.0,8.429919099556156e-05
69493,16.3,-32.0,0.0011255375143561861
69494,16.3,-31.0,0.002751373738600107
69495,16.3,-30.0,0.0012199299900676635
69496,16.3,-29.0,0.0013823810968105709
69497,16.3,-28.0,0.0031815988549833167
69498,16.3,-27.0,0.0013235980987140411
69499,16.3,-26.0,0.00024196027395401222
69500,16.3,-25.0,0.0016206686789686882
69501,16.3,-24.0,0.0039034088873907188
69502,16.3,-23.0,0.0017761482037300482
69503,16.3,-22.0,0.002034396009629672
69504,16.3,-21.0,0.004593794354053869
69505,16.3,-20.0,0.0019899739939766756
69506,16.3,-19.0,0.0004870028839104244
69507,16.3,-18.0,0.002491658635226678
69508,16.3,-17.0,0.005796227181939875
69509,16.3,-16.0,0.002780419348085111
69510,16.3,-15.0,0.0032188572582542026
69511,16.3,-14.0,0.006984006894726961
69512,16.3,-13.0,0.0032417670869653984
69513,16.3,-12.0,0.0011056674616881632
69514,16.3,-11.0,0.004135135342264809
69515,16.3,-10.0,0.009100032590067666
69516,16.3,-9.0,0.00467738634448783
69517,16.3,-8.0,0.005448932646646931
69518,16.3,-7.0,0.01121348793833563
69519,16.3,-6.0,0.005596007537504242
69520,16.3,-5.0,0.002412806367168984
69521,16.3,-4.0,0.0071888723653615256
69522,16.3,-3.0,0.014979319816403982
69523,16.3,-2.0,0.007677504099338918
69524,16.3,-1.0,0.0030813995614770114
69525,16.3,0.0,0.0006081572236653197
69526,16.3,1.0,0.00368926001202744
69527,16.3,2.0,0.011201071325332556
69528,16.3,3.0,0.022784438590354398
69529,16.3,4.0,0.011730525930102258
69530,16.3,5.0,0.005455458480933496
69531,16.3,6.0,0.015257487348643213
69532,16.3,7.0,0.031226021012830875
69533,16.3,8.0,0.01668565708846977
69534,16.3,9.0,0.020224897683450534
69535,16.3,10.0,0.04061773058029978
69536,16.3,11.0,0.019868998333940617
69537,16.3,12.0,0.008176869507790206
69538,16.3,13.0,0.029248715336664746
69539,16.3,14.0,0.0635640107969701
69540,16.3,15.0,0.031525323031829436
69541,16.3,16.0,0.03926088897331815
69542,16.3,17.0,0.0834965065627051
69543,16.3,18.0,0.037444632515213856
69544,16.3,19.0,0.009042855685939998
69545,16.3,20.0,0.022715191745289118
69546,16.3,21.0,0.04736681078056395
69547,16.3,22.0,0.023254956650804424
69548,16.3,23.0,0.01880449738289306
69549,16.3,24.0,0.03558797864799128
69550,16.3,25.0,0.017250900759979506
69551,16.3,26.0,0.006002843964311595
69552,16.3,27.0,0.013112172293500405
69553,16.3,28.0,0.025630847346829258
69554,16.3,29.0,0.01306554960969815
69555,16.3,30.0,0.01111720199584523
69556,16.3,31.0,0.020408808470324502
69557,16.3,32.0,0.010012362540758199
69558,16.3,33.0,0.0036185839496236795
69559,16.3,34.0,0.007812763081675908
69560,16.3,35.0,0.015230817997581306
69561,16.3,36.0,0.007639164696599586
69562,16.3,37.0,0.0065571562592910485
69563,16.3,38.0,0.012307504545605601
69564,16.3,39.0,0.006057877457106954
69565,16.3,40.0,0.005204864320626824
69566,16.3,41.0,0.009994334161886555
69567,16.3,42.0,0.004610557960921233
69568,16.3,43.0,0.001314436936986158
69569,16.3,44.0,0.0036138480790073937
69570,16.3,45.0,0.007655010725784854
69571,16.3,46.0,0.003410760435383846
69572,16.3,47.0,0.0006693218525688787
69573,16.3,48.0,0.0004059722320927685
69574,16.3,49.0,0.000340159610215845
69575,16.3,50.0,0.0002850075796895819
69576,16.3,51.0,0.00023753389157275587
69577,16.3,52.0,0.00019817895816099114
69578,16.3,53.0,0.00027553355017771226
69579,16.3,54.0,0.0018091735660132854
69580,16.3,55.0,0.004224538986611241
69581,16.3,56.0,0.0017641688819527925
69582,16.3,57.0,0.0001843357942475074
69583,16.3,58.0,5.841299790604775e-05
69584,16.3,59.0,4.5641777304298536e-05
69585,16.3,60.0,3.625601110583024e-05
69586,16.3,61.0,2.8648768916766617e-05
69587,16.3,62.0,2.2517388645584737e-05
69588,16.3,63.0,1.7604195811276203e-05
69589,16.3,64.0,1.368990596254222e-05
69590,16.3,65.0,1.0589387645202745e-05
69591,16.3,66.0,8.14755566257393e-06
69592,16.3,67.0,6.235480609636146e-06
69593,16.3,68.0,4.746774902159155e-06
69594,16.3,69.0,3.5942927702920484e-06
69595,16.3,70.0,2.707162769539718e-06
69596,16.3,71.0,2.0281561821236253e-06
69597,16.3,72.0,1.511382989858429e-06
69598,16.3,73.0,1.120298545151787e-06
69599,16.3,74.0,8.259982389993977e-07
69600,16.4,-75.0,1.2850235046304009e-12
69601,16.4,-74.0,2.0856618585661424e-12
69602,16.4,-73.0,3.3671528714089075e-12
69603,16.4,-72.0,5.40714326692052e-12
69604,16.4,-71.0,8.636922583261234e-12
69605,16.4,-70.0,1.3722596213639556e-11
69606,16.4,-69.0,2.168700849476646e-11
69607,16.4,-68.0,3.409173643567856e-11
69608,16.4,-67.0,5.3307056505771606e-11
69609,16.4,-66.0,8.290989978098265e-11
69610,16.4,-65.0,1.282667779702824e-10
69611,16.4,-64.0,1.9738224689196233e-10
69612,16.4,-63.0,3.021259987116671e-10
69613,16.4,-62.0,4.599961717571385e-10
69614,16.4,-61.0,6.966368498613242e-10
69615,16.4,-60.0,1.0494089835421977e-09
69616,16.4,-59.0,1.5724223932622474e-09
69617,16.4,-58.0,2.343579934978715e-09
69618,16.4,-57.0,3.474372917380804e-09
69619,16.4,-56.0,5.123411051886501e-09
69620,16.4,-55.0,7.514984361315113e-09
69621,16.4,-54.0,1.0964354621878623e-08
69622,16.4,-53.0,1.591197837261934e-08
69623,16.4,-52.0,2.2969492649297596e-08
69624,16.4,-51.0,3.2981070315217506e-08
69625,16.4,-50.0,4.71046968639367e-08
69626,16.4,-49.0,6.691905707231778e-08
69627,16.4,-48.0,9.45630678460755e-08
69628,16.4,-47.0,1.3291666833335136e-07
69629,16.4,-46.0,1.8583328745455412e-07
69630,16.4,-45.0,2.584364484063181e-07
69631,16.4,-44.0,3.574952192961616e-07
69632,16.4,-43.0,4.918956373124197e-07
69633,16.4,-42.0,6.732277520366872e-07
69634,16.4,-41.0,9.165104498043983e-07
69635,16.4,-40.0,1.2410785945344803e-06
69636,16.4,-39.0,1.6716590661287437e-06
69637,16.4,-38.0,2.2396637624042795e-06
69638,16.4,-37.0,2.984728272165512e-06
69639,16.4,-36.0,3.956524877032096e-06
69640,16.4,-35.0,5.218438612407586e-06
69641,16.4,-34.0,7.685770687562896e-06
69642,16.4,-33.0,8.427819625170131e-05
69643,16.4,-32.0,0.0011276191761675945
69644,16.4,-31.0,0.00275675361354081
69645,16.4,-30.0,0.0012220525452629307
69646,16.4,-29.0,0.0013845970173383283
69647,16.4,-28.0,0.003187185668781067
69648,16.4,-27.0,0.0013254380901414446
69649,16.4,-26.0,0.00024152123010456422
69650,16.4,-25.0,0.0016224447162855396
69651,16.4,-24.0,0.003908958568324598
69652,16.4,-23.0,0.001777695566476595
69653,16.4,-22.0,0.0020358349955221277
69654,16.4,-21.0,0.004598935964911764
69655,16.4,-20.0,0.0019906071661933383
69656,16.4,-19.0,0.00048480819733107995
69657,16.4,-18.0,0.0024916510096764247
69658,16.4,-17.0,0.00580008165419329
69659,16.4,-16.0,0.0027796815966457476
69660,16.4,-15.0,0.0032175886351027863
69661,16.4,-14.0,0.006986195292439376
69662,16.4,-13.0,0.003239202327436329
69663,16.4,-12.0,0.001100063611191045
69664,16.4,-11.0,0.004131088653239638
69665,16.4,-10.0,0.009098938287098348
69666,16.4,-9.0,0.004672366806967342
69667,16.4,-8.0,0.005442792048685086
69668,16.4,-7.0,0.011209095852293191
69669,16.4,-6.0,0.005588982370721492
69670,16.4,-5.0,0.002404160245894585
69671,16.4,-4.0,0.007179561434762924
69672,16.4,-3.0,0.014969157383003034
69673,16.4,-2.0,0.007668620094991066
69674,16.4,-1.0,0.0030737720039204063
69675,16.4,0.0,0.0006122453432671157
69676,16.4,1.0,0.0036840791492226475
69677,16.4,2.0,0.011190348577938908
69678,16.4,3.0,0.022764533323636617
69679,16.4,4.0,0.011723494967498171
69680,16.4,5.0,0.005456143172970576
69681,16.4,6.0,0.01523977730261331
69682,16.4,7.0,0.031177605843861558
69683,16.4,8.0,0.01667025981205164
69684,16.4,9.0,0.02018597317550031
69685,16.4,10.0,0.040508513680035774
69686,16.4,11.0,0.01983832092214648
69687,16.4,12.0,0.008184473031860698
69688,16.4,13.0,0.029075692539718413
69689,16.4,14.0,0.06310239495838453
69690,16.4,15.0,0.03142959726377112
69691,16.4,16.0,0.04032648823248605
69692,16.4,17.0,0.08449148884128042
69693,16.4,18.0,0.03781345846191237
69694,16.4,19.0,0.009011543876727476
69695,16.4,20.0,0.0226547618006634
69696,16.4,21.0,0.04730360314718584
69697,16.4,22.0,0.02320064845492569
69698,16.4,23.0,0.018731343574905215
69699,16.4,24.0,0.035476676571742874
69700,16.4,25.0,0.01718652795284843
69701,16.4,26.0,0.005967694680445577
69702,16.4,27.0,0.013051583302906402
69703,16.4,28.0,0.025525074012480525
69704,16.4,29.0,0.013010062870728584
69705,16.4,30.0,0.011066852584285502
69706,16.4,31.0,0.020317730350578423
69707,16.4,32.0,0.009969889238622309
69708,16.4,33.0,0.003606086990638273
69709,16.4,34.0,0.007778954242898064
69710,16.4,35.0,0.015158998523622104
69711,16.4,36.0,0.0076071275918936886
69712,16.4,37.0,0.006529397401279419
69713,16.4,38.0,0.012247431538050683
69714,16.4,39.0,0.006032474278131611
69715,16.4,40.0,0.005182876188664517
69716,16.4,41.0,0.009943543274829044
69717,16.4,42.0,0.004591061785939595
69718,16.4,43.0,0.0013138001351431364
69719,16.4,44.0,0.003598148241460001
69720,16.4,45.0,0.00761343514810151
69721,16.4,46.0,0.0033951123923534896
69722,16.4,47.0,0.0006702235921930384
69723,16.4,48.0,0.00040795753338712675
69724,16.4,49.0,0.0003420254297475235
69725,16.4,50.0,0.0002867236462899324
69726,16.4,51.0,0.00023909143395246018
69727,16.4,52.0,0.00019956707366777365
69728,16.4,53.0,0.0002759936765119023
69729,16.4,54.0,0.0017987263122952507
69730,16.4,55.0,0.00419715735396644
69731,16.4,56.0,0.0017534488303712918
69732,16.4,57.0,0.00018425304737706963
69733,16.4,58.0,5.899392815290428e-05
69734,16.4,59.0,4.613725575198392e-05
69735,16.4,60.0,3.6669164476320304e-05
69736,16.4,61.0,2.899067631784247e-05
69737,16.4,62.0,2.279826490440301e-05
69738,16.4,63.0,1.783328506137655e-05
69739,16.4,64.0,1.3875448036673988e-05
69740,16.4,65.0,1.0738627711717667e-05
69741,16.4,66.0,8.266785424489651e-06
69742,16.4,67.0,6.33010117117808e-06
69743,16.4,68.0,4.8213731483910655e-06
69744,16.4,69.0,3.6527247388754436e-06
69745,16.4,70.0,2.752638973869333e-06
69746,16.4,71.0,2.0633251450037073e-06
69747,16.4,72.0,1.5384103550123967e-06
69748,16.4,73.0,1.1409400509585442e-06
69749,16.4,74.0,8.416655747757274e-07
69750,16.5,-75.0,1.2317934719294076e-12
69751,16.5,-74.0,2.000332149240935e-12
69752,16.5,-73.0,3.231115177340395e-12
69753,16.5,-72.0,5.1914523374423435e-12
69754,16.5,-71.0,8.296815077282845e-12
69755,16.5,-70.0,1.3189248694698243e-11
69756,16.5,-69.0,2.0855221736953984e-11
69757,16.5,-68.0,3.28016487407162e-11
69758,16.5,-67.0,5.131716348199977e-11
69759,16.5,-66.0,7.985750182101144e-11
69760,16.5,-65.0,1.2361036949542253e-10
69761,16.5,-64.0,1.903181453218294e-10
69762,16.5,-63.0,2.914684803162076e-10
69763,16.5,-62.0,4.4400627116681397e-10
69764,16.5,-61.0,6.727794531491982e-10
69765,16.5,-60.0,1.0140104784845288e-09
69766,16.5,-59.0,1.5201914109768107e-09
69767,16.5,-58.0,2.266940986085135e-09
69768,16.5,-57.0,3.3625462274067446e-09
69769,16.5,-56.0,4.961150733728252e-09
69770,16.5,-55.0,7.2808601892531835e-09
69771,16.5,-54.0,1.0628428926474187e-08
69772,16.5,-53.0,1.5432687690009274e-08
69773,16.5,-52.0,2.2289492404677984e-08
69774,16.5,-51.0,3.202173868425913e-08
69775,16.5,-50.0,4.5758919840681177e-08
69776,16.5,-49.0,6.504182974313343e-08
69777,16.5,-48.0,9.195934644483351e-08
69778,16.5,-47.0,1.2932579404590714e-07
69779,16.5,-46.0,1.8090917735240822e-07
69780,16.5,-45.0,2.5172261385551866e-07
69781,16.5,-44.0,3.483935319661902e-07
69782,16.5,-43.0,4.796276238986651e-07
69783,16.5,-42.0,6.567870699683641e-07
69784,16.5,-41.0,8.94605089449973e-07
69785,16.5,-40.0,1.2120612839216858e-06
69786,16.5,-39.0,1.6334443406026095e-06
69787,16.5,-38.0,2.189630226027324e-06
69788,16.5,-37.0,2.919604745235857e-06
69789,16.5,-36.0,3.87225942343117e-06
69790,16.5,-35.0,5.110052700325833e-06
69791,16.5,-34.0,7.548693733720242e-06
69792,16.5,-33.0,8.423706844236212e-05
69793,16.5,-32.0,0.0011293956822049805
69794,16.5,-31.0,0.0027613830626119808
69795,16.5,-30.0,0.0012238457057674652
69796,16.5,-29.0,0.0013864399355229295
69797,16.5,-28.0,0.003191907026121966
69798,16.5,-27.0,0.0013269236166384472
69799,16.5,-26.0,0.00024102578961380535
69800,16.5,-25.0,0.001623787747234757
69801,16.5,-24.0,0.003913450943782146
69802,16.5,-23.0,0.0017787705451558786
69803,16.5,-22.0,0.0020367326815484343
69804,16.5,-21.0,0.004602836843960436
69805,16.5,-20.0,0.001990714335045653
69806,16.5,-19.0,0.00048250037147199695
69807,16.5,-18.0,0.002490983157074421
69808,16.5,-17.0,0.0058023733279169605
69809,16.5,-16.0,0.002778205382957373
69810,16.5,-15.0,0.003215462353880104
69811,16.5,-14.0,0.006986498193447367
69812,16.5,-13.0,0.0032357695774192013
69813,16.5,-12.0,0.001094170252327304
69814,16.5,-11.0,0.004125925461038139
69815,16.5,-10.0,0.009095374055782979
69816,16.5,-9.0,0.004666068689744496
69817,16.5,-8.0,0.005435158640033046
69818,16.5,-7.0,0.011201643759181763
69819,16.5,-6.0,0.0055803978919252714
69820,16.5,-5.0,0.002394798220944567
69821,16.5,-4.0,0.007168242931363233
69822,16.5,-3.0,0.014954888057302674
69823,16.5,-2.0,0.007657553878185011
69824,16.5,-1.0,0.003065165087604789
69825,16.5,0.0,0.0006161874717617402
69826,16.5,1.0,0.0036777141442947085
69827,16.5,2.0,0.011176483980750754
69828,16.5,3.0,0.02273848198605286
69829,16.5,4.0,0.011713140240915468
69830,16.5,5.0,0.005455112583937519
69831,16.5,6.0,0.01521800193317464
69832,16.5,7.0,0.03112129880791906
69833,16.5,8.0,0.016650461232440128
69834,16.5,9.0,0.0201422707700652
69835,16.5,10.0,0.04039039367206501
69836,16.5,11.0,0.01980295843479678
69837,16.5,12.0,0.008190160234956776
69838,16.5,13.0,0.028901903359772788
69839,16.5,14.0,0.06264158821754082
69840,16.5,15.0,0.03133881602430862
69841,16.5,16.0,0.04147466403634262
69842,16.5,17.0,0.08560089638188233
69843,16.5,18.0,0.03822745844146755
69844,16.5,19.0,0.008980621728272648
69845,16.5,20.0,0.022585500258807668
69846,16.5,21.0,0.04722211178000165
69847,16.5,22.0,0.02313712180896231
69848,16.5,23.0,0.018650113301599255
69849,16.5,24.0,0.03535010667627153
69850,16.5,25.0,0.017114614317182066
69851,16.5,26.0,0.005929732455289801
69852,16.5,27.0,0.012985057575663001
69853,16.5,28.0,0.025407902979858753
69854,16.5,29.0,0.012948635836184736
69855,16.5,30.0,0.011011400378933734
69856,16.5,31.0,0.02021749794655698
69857,16.5,32.0,0.009922801317976928
69858,16.5,33.0,0.0035917734663143725
69859,16.5,34.0,0.007741518700696618
69860,16.5,35.0,0.015080342387111033
69861,16.5,36.0,0.00757157026913075
69862,16.5,37.0,0.006498613011796994
69863,16.5,38.0,0.012181862437640354
69864,16.5,39.0,0.006004298418523793
69865,16.5,40.0,0.005158508752284333
69866,16.5,41.0,0.009888327210810953
69867,16.5,42.0,0.004569475942490043
69868,16.5,43.0,0.0013125090919588014
69869,16.5,44.0,0.0035808242936444953
69870,16.5,45.0,0.00756851790564163
69871,16.5,46.0,0.0033779508340945354
69872,16.5,47.0,0.0006707952309478669
69873,16.5,48.0,0.0004097339399197436
69874,16.5,49.0,0.0003437177674907562
69875,16.5,50.0,0.00028829595161291644
69876,16.5,51.0,0.00024053062650479312
69877,16.5,52.0,0.00020085787260720267
69878,16.5,53.0,0.00027632744475387813
69879,16.5,54.0,0.0017875085426388136
69880,16.5,55.0,0.004167988440173805
69881,16.5,56.0,0.0017419812450273956
69882,16.5,57.0,0.00018409059697680445
69883,16.5,58.0,5.954924661567816e-05
69884,16.5,59.0,4.661319918128455e-05
69885,16.5,60.0,3.7067213520625195e-05
69886,16.5,61.0,2.9320992152514788e-05
69887,16.5,62.0,2.3070313680960954e-05
69888,16.5,63.0,1.8055704767776672e-05
69889,16.5,64.0,1.4055991884956538e-05
69890,16.5,65.0,1.0884153501990412e-05
69891,16.5,66.0,8.383279116522347e-06
69892,16.5,67.0,6.4227246157617464e-06
69893,16.5,68.0,4.894527627468054e-06
69894,16.5,69.0,3.7101235709035855e-06
69895,16.5,70.0,2.7973839098233085e-06
69896,16.5,71.0,2.097982580604746e-06
69897,16.5,72.0,1.565084501792985e-06
69898,16.5,73.0,1.1613411407906845e-06
69899,16.5,74.0,8.571719271684127e-07
69900,16.6,-75.0,1.1803147044057535e-12
69901,16.6,-74.0,1.9177563245597695e-12
69902,16.6,-73.0,3.0993822194775913e-12
69903,16.6,-72.0,4.982450105334587e-12
69904,16.6,-71.0,7.967037969266738e-12
69905,16.6,-70.0,1.2671759537402013e-11
69906,16.6,-69.0,2.004763130650062e-11
69907,16.6,-68.0,3.154825320670291e-11
69908,16.6,-67.0,4.938256869096742e-11
69909,16.6,-66.0,7.688792537760864e-11
69910,16.6,-65.0,1.1907722811078703e-10
69911,16.6,-64.0,1.834363490292255e-10
69912,16.6,-63.0,2.810788623001539e-10
69913,16.6,-62.0,4.2840751824202224e-10
69914,16.6,-61.0,6.494894311215033e-10
69915,16.6,-60.0,9.794295457286261e-10
69916,16.6,-59.0,1.4691306576942244e-09
69917,16.6,-58.0,2.1919656842060203e-09
69918,16.6,-57.0,3.253068355326867e-09
69919,16.6,-56.0,4.8021833399251555e-09
69920,16.6,-55.0,7.051319525810959e-09
69921,16.6,-54.0,1.0298836529019831e-08
69922,16.6,-53.0,1.496208260265807e-08
69923,16.6,-52.0,2.1621312174239097e-08
69924,16.6,-51.0,3.1078365201222175e-08
69925,16.6,-50.0,4.4434511307958455e-08
69926,16.6,-49.0,6.319297196955331e-08
69927,16.6,-48.0,8.939295467889366e-08
69928,16.6,-47.0,1.257835807429296e-07
69929,16.6,-46.0,1.7604787262161106e-07
69930,16.6,-45.0,2.450889861853895e-07
69931,16.6,-44.0,3.393931111981136e-07
69932,16.6,-43.0,4.6748588245439713e-07
69933,16.6,-42.0,6.405016807381452e-07
69934,16.6,-41.0,8.72887761183748e-07
69935,16.6,-40.0,1.1832675924138069e-06
69936,16.6,-39.0,1.5954899449223547e-06
69937,16.6,-38.0,2.1398919055724823e-06
69938,16.6,-37.0,2.854804840821914e-06
69939,16.6,-36.0,3.788332542729893e-06
69940,16.6,-35.0,5.0019962764728606e-06
69941,16.6,-34.0,7.411626366475083e-06
69942,16.6,-33.0,8.417163041977121e-05
69943,16.6,-32.0,0.0011308094629955121
69944,16.6,-31.0,0.002765121135193089
69945,16.6,-30.0,0.001225247195240599
69946,16.6,-29.0,0.0013878394678493355
69947,16.6,-28.0,0.0031956005420051047
69948,16.6,-27.0,0.0013279875496124045
69949,16.6,-26.0,0.00024046237359479753
69950,16.6,-25.0,0.0016246160541263995
69951,16.6,-24.0,0.003916688064950496
69952,16.6,-23.0,0.0017792839898523945
69953,16.6,-22.0,0.0020369872998060846
69954,16.6,-21.0,0.00460526542834521
69955,16.6,-20.0,0.001990196755463792
69956,16.6,-19.0,0.0004800575663850463
69957,16.6,-18.0,0.002489532289861464
69958,16.6,-17.0,0.0058028127391909
69959,16.6,-16.0,0.002775854514475227
69960,16.6,-15.0,0.0032123211825272695
69961,16.6,-14.0,0.006984569383856405
69962,16.6,-13.0,0.0032313119350056486
69963,16.6,-12.0,0.0010879389117368628
69964,16.6,-11.0,0.004119446439921255
69965,16.6,-10.0,0.009088892894022371
69966,16.6,-9.0,0.0046582671367958964
69967,16.6,-8.0,0.005425770667145481
69968,16.6,-7.0,0.011190583874294967
69969,16.6,-6.0,0.005569986232472687
69970,16.6,-5.0,0.002384611182217497
69971,16.6,-4.0,0.0071545725986080985
69972,16.6,-3.0,0.014935783759939142
69973,16.6,-2.0,0.007643936806243057
69974,16.6,-1.0,0.0030554359327550676
69975,16.6,0.0,0.0006199497215668364
69976,16.6,1.0,0.0036699892344440785
69977,16.6,2.0,0.011158934472817227
69978,16.6,3.0,0.022705175768797586
69979,16.6,4.0,0.011698888405120931
69980,16.6,5.0,0.005452096426430021
69981,16.6,6.0,0.01519141733496902
69982,16.6,7.0,0.03105558563987878
69983,16.6,8.0,0.016625441769815875
69984,16.6,9.0,0.020092798433776655
69985,16.6,10.0,0.04026139733731126
69986,16.6,11.0,0.01976192750765073
69987,16.6,12.0,0.008193482117549998
69988,16.6,13.0,0.02872558136047929
69989,16.6,14.0,0.062177720130661425
69990,16.6,15.0,0.03125273749039741
69991,16.6,16.0,0.04272777465377293
69992,16.6,17.0,0.08685960057114382
69993,16.6,18.0,0.038700421563853456
69994,16.6,19.0,0.008950222808319986
69995,16.6,20.0,0.022504421656345308
69996,16.6,21.0,0.047115978739807454
69997,16.6,22.0,0.023061291028088283
69998,16.6,23.0,0.018558336274354926
69999,16.6,24.0,0.03520353706004373
70000,16.6,25.0,0.017032886461821793
70001,16.6,26.0,0.005888190788831927
70002,16.6,27.0,0.012910884268047892
70003,16.6,28.0,0.025275962158770343
70004,16.6,29.0,0.012879554028214548
70005,16.6,30.0,0.010949391751128192
70006,16.6,31.0,0.02010543652777834
70007,16.6,32.0,0.009869783775528008
70008,16.6,33.0,0.00357516426536866
70009,16.6,34.0,0.007699430999934522
70010,16.6,35.0,0.014992858831810053
70011,16.6,36.0,0.007531487473673462
70012,16.6,37.0,0.0064639404505261715
70013,16.6,38.0,0.012109191366351432
70014,16.6,39.0,0.005972552016479865
70015,16.6,40.0,0.005131076591507135
70016,16.6,41.0,0.009827384912854238
70017,16.6,42.0,0.004545193039888419
70018,16.6,43.0,0.0013103816230291482
70019,16.6,44.0,0.0035614006772427312
70020,16.6,45.0,0.007519266848455495
70021,16.6,46.0,0.0033588283453772527
70022,16.6,47.0,0.0006709415709464559
70023,16.6,48.0,0.0004112410068222347
70024,16.6,49.0,0.00034518557972683926
70025,16.6,50.0,0.00028968142819811517
70026,16.6,51.0,0.00024181532764404177
70027,16.6,52.0,0.00020202102937443315
70028,16.6,53.0,0.0002764954432930388
70029,16.6,54.0,0.001775286731923974
70030,16.6,55.0,0.004136492551166523
70031,16.6,56.0,0.001729539410979219
70032,16.6,57.0,0.00018382281165045745
70033,16.6,58.0,6.006969675890606e-05
70034,16.6,59.0,4.706229984316556e-05
70035,16.6,60.0,3.744431941043585e-05
70036,16.6,61.0,2.9635076496326885e-05
70037,16.6,62.0,2.3329867899565437e-05
70038,16.6,63.0,1.826857255223179e-05
70039,16.6,64.0,1.4229284292621168e-05
70040,16.6,65.0,1.1024213261995465e-05
70041,16.6,66.0,8.49568229491361e-06
70042,16.6,67.0,6.512309430743834e-06
70043,16.6,68.0,4.965441845893617e-06
70044,16.6,69.0,3.7658834898593932e-06
70045,16.6,70.0,2.8409393790392367e-06
70046,16.6,71.0,2.1317838185914632e-06
70047,16.6,72.0,1.5911475832981412e-06
70048,16.6,73.0,1.1813099805028155e-06
70049,16.6,74.0,8.723753596378626e-07
70050,16.7,-75.0,1.130458243433398e-12
70051,16.7,-74.0,1.837729218907368e-12
70052,16.7,-73.0,2.9716292415264603e-12
70053,16.7,-72.0,4.779625104915662e-12
70054,16.7,-71.0,7.646789786842349e-12
70055,16.7,-70.0,1.2168879112872479e-11
70056,16.7,-69.0,1.9262298544643508e-11
70057,16.7,-68.0,3.032855717660631e-11
70058,16.7,-67.0,4.7498675336519376e-11
70059,16.7,-66.0,7.399414452211813e-11
70060,16.7,-65.0,1.1465666794678089e-10
70061,16.7,-64.0,1.767206853691845e-10
70062,16.7,-63.0,2.7093278761783733e-10
70063,16.7,-62.0,4.131634083686375e-10
70064,16.7,-61.0,6.267123388302456e-10
70065,16.7,-60.0,9.455853760397534e-10
70066,16.7,-59.0,1.419120771800109e-09
70067,16.7,-58.0,2.1184785705551556e-09
70068,16.7,-57.0,3.145682617320934e-09
70069,16.7,-56.0,4.646135155340672e-09
70070,16.7,-55.0,6.82582086003313e-09
70071,16.7,-54.0,9.974796515272728e-09
70072,16.7,-53.0,1.4499042296046541e-08
70073,16.7,-52.0,2.0963350915706014e-08
70074,16.7,-51.0,3.014867364535784e-08
70075,16.7,-50.0,4.3128250405526276e-08
70076,16.7,-49.0,6.136794769775041e-08
70077,16.7,-48.0,8.685753432603935e-08
70078,16.7,-47.0,1.222811579628887e-07
70079,16.7,-46.0,1.7123705608979876e-07
70080,16.7,-45.0,2.385185426026782e-07
70081,16.7,-44.0,3.3047054136528595e-07
70082,16.7,-43.0,4.5543835504891035e-07
70083,16.7,-42.0,6.243279006926438e-07
70084,16.7,-41.0,8.512992196029984e-07
70085,16.7,-40.0,1.1546175475378305e-06
70086,16.7,-39.0,1.5576884371171728e-06
70087,16.7,-38.0,2.0903051357436896e-06
70088,16.7,-37.0,2.790137366509438e-06
70089,16.7,-36.0,3.7044909984028624e-06
70090,16.7,-35.0,4.893935385638173e-06
70091,16.7,-34.0,7.274058580792197e-06
70092,16.7,-33.0,8.407487471184275e-05
70093,16.7,-32.0,0.0011317644580290142
70094,16.7,-31.0,0.0027677327029238955
70095,16.7,-30.0,0.0012261530593348096
70096,16.7,-29.0,0.0013886780650235052
70097,16.7,-28.0,0.0031979951324958554
70098,16.7,-27.0,0.001328517687186613
70099,16.7,-26.0,0.00023981140059444868
70100,16.7,-25.0,0.0016247928853978936
70101,16.7,-24.0,0.003918339045620142
70102,16.7,-23.0,0.0017790865637840648
70103,16.7,-22.0,0.002036428255735324
70104,16.7,-21.0,0.004605834157874427
70105,16.7,-20.0,0.0019888886063605072
70106,16.7,-19.0,0.0004774422670047639
70107,16.7,-18.0,0.0024870919039424824
70108,16.7,-17.0,0.005800914461634507
70109,16.7,-16.0,0.0027723996258751282
70110,16.7,-15.0,0.003207900169158895
70111,16.7,-14.0,0.006979827352557622
70112,16.7,-13.0,0.0032255644490637708
70113,16.7,-12.0,0.0010812858151666707
70114,16.7,-11.0,0.004111314721909331
70115,16.7,-10.0,0.00907874255966175
70116,16.7,-9.0,0.004648581900765257
70117,16.7,-8.0,0.005414185462168162
70118,16.7,-7.0,0.01117499334230376
70119,16.7,-6.0,0.005557294032725441
70120,16.7,-5.0,0.002373412017544686
70121,16.7,-4.0,0.0071379680078939986
70122,16.7,-3.0,0.014910616881502557
70123,16.7,-2.0,0.007627145623617551
70124,16.7,-1.0,0.0030443410819195765
70125,16.7,0.0,0.0006234763747275844
70126,16.7,1.0,0.0036606069658922233
70127,16.7,2.0,0.011136784742049878
70128,16.7,3.0,0.022662747417147636
70129,16.7,4.0,0.011679774958199518
70130,16.7,5.0,0.005446641620790105
70131,16.7,6.0,0.015158773248389913
70132,16.7,7.0,0.030977918831883368
70133,16.7,8.0,0.01659382672313871
70134,16.7,9.0,0.02003589751153858
70135,16.7,10.0,0.040118221803461654
70136,16.7,11.0,0.01971358738378161
70137,16.7,12.0,0.008193715153342749
70138,16.7,13.0,0.028544065556374766
70139,16.7,14.0,0.06170502393622544
70140,16.7,15.0,0.031171175519188073
70141,16.7,16.0,0.044122097031930964
70142,16.7,17.0,0.0883250934837672
70143,16.7,18.0,0.03925507485736366
70144,16.7,19.0,0.008920556082978781
70145,16.7,20.0,0.022406585056644092
70146,16.7,21.0,0.0469746911317543
70147,16.7,22.0,0.02296805243543254
70148,16.7,23.0,0.018451938406597094
70149,16.7,24.0,0.035029175514078505
70150,16.7,25.0,0.016937597714893518
70151,16.7,26.0,0.005841803047334659
70152,16.7,27.0,0.012826244261694325
70153,16.7,28.0,0.02512370049350086
70154,16.7,29.0,0.012799994303206703
70155,16.7,30.0,0.01087843284114051
70156,16.7,31.0,0.019977143005331488
70157,16.7,32.0,0.009808672293409464
70158,16.7,33.0,0.003555471463400852
70159,16.7,34.0,0.007651003702886332
70160,16.7,35.0,0.014893270813541967
70161,16.7,36.0,0.0074852256166411954
70162,16.7,37.0,0.006423960833221753
70163,16.7,38.0,0.01202677477096866
70164,16.7,39.0,0.005935922986017356
70165,16.7,40.0,0.005099452605535075
70166,16.7,41.0,0.009758574328565733
70167,16.7,42.0,0.0045172143647599396
70168,16.7,43.0,0.0013071197719477245
70169,16.7,44.0,0.0035390954211303944
70170,16.7,45.0,0.007464047886373014
70171,16.7,46.0,0.003337008979051222
70172,16.7,47.0,0.0006705073226847227
70173,16.7,48.0,0.0004123805672344777
70174,16.7,49.0,0.0003463460222276169
70175,16.7,50.0,0.00029081021563280227
70176,16.7,51.0,0.00024288694127798532
70177,16.7,52.0,0.00020300739538986929
70178,16.7,53.0,0.00027643339190212834
70179,16.7,54.0,0.0017616761112058442
70180,16.7,55.0,0.004101779505914502
70181,16.7,56.0,0.001715749600449604
70182,16.7,57.0,0.00018340775554622442
70183,16.7,58.0,6.0540300341709856e-05
70184,16.7,59.0,4.747273864785642e-05
70185,16.7,60.0,3.7791039591177055e-05
70186,16.7,61.0,2.9925425886635595e-05
70187,16.7,62.0,2.3570997194090478e-05
70188,16.7,63.0,1.8467226677837163e-05
70189,16.7,64.0,1.4391680579592852e-05
70190,16.7,65.0,1.1155972890205921e-05
70191,16.7,66.0,8.601803090225573e-06
70192,16.7,67.0,6.597169621450555e-06
70193,16.7,68.0,5.032825954534615e-06
70194,16.7,69.0,3.819023060159151e-06
70195,16.7,70.0,2.882562663739601e-06
70196,16.7,71.0,2.1641698433414686e-06
70197,16.7,72.0,1.6161811325912273e-06
70198,16.7,73.0,1.200535015324172e-06
70199,16.7,74.0,8.870451747925831e-07
70200,16.8,-75.0,1.0820283549114142e-12
70201,16.8,-74.0,1.7599366131741463e-12
70202,16.8,-73.0,2.84735435274767e-12
70203,16.8,-72.0,4.5821797104075566e-12
70204,16.8,-71.0,7.334809267698021e-12
70205,16.8,-70.0,1.167862301469542e-11
70206,16.8,-69.0,1.8496116908092268e-11
70207,16.8,-68.0,2.913772173220922e-11
70208,16.8,-67.0,4.565798368895407e-11
70209,16.8,-66.0,7.116459356221707e-11
70210,16.8,-65.0,1.1033094186048232e-10
70211,16.8,-64.0,1.7014405754270687e-10
70212,16.8,-63.0,2.6098908994905997e-10
70213,16.8,-62.0,3.9821171119729806e-10
70214,16.8,-61.0,6.043545710679485e-10
70215,16.8,-60.0,9.123378699036773e-10
70216,16.8,-59.0,1.3699531057958918e-09
70217,16.8,-58.0,2.0461704514821397e-09
70218,16.8,-57.0,3.039933092502672e-09
70219,16.8,-56.0,4.4923372349033e-09
70220,16.8,-55.0,6.603387553530877e-09
70221,16.8,-54.0,9.654890090389059e-09
70222,16.8,-53.0,1.4041515854497084e-08
70223,16.8,-52.0,2.0312658655563235e-08
70224,16.8,-51.0,2.9228441901702883e-08
70225,16.8,-50.0,4.183412424784312e-08
70226,16.8,-49.0,5.95582362156682e-08
70227,16.8,-48.0,8.434107082696309e-08
70228,16.8,-47.0,1.1880166881190855e-07
70229,16.8,-46.0,1.6645319441660146e-07
70230,16.8,-45.0,2.3197859240091895e-07
70231,16.8,-44.0,3.2158063708512896e-07
70232,16.8,-43.0,4.434228971947699e-07
70233,16.8,-42.0,6.081806873051928e-07
70234,16.8,-41.0,8.29723667959341e-07
70235,16.8,-40.0,1.1259542644916209e-06
70236,16.8,-39.0,1.5198283284713636e-06
70237,16.8,-38.0,2.040586246972016e-06
70238,16.8,-37.0,2.725223744767998e-06
70239,16.8,-36.0,3.620232088285056e-06
70240,16.8,-35.0,4.785205607087848e-06
70241,16.8,-34.0,7.134980769635274e-06
70242,16.8,-33.0,8.393346420760986e-05
70243,16.8,-32.0,0.0011320785596355067
70244,16.8,-31.0,0.0027687721059857363
70245,16.8,-30.0,0.0012263661695449623
70246,16.8,-29.0,0.0013887327292225516
70247,16.8,-28.0,0.0031985767022858942
70248,16.8,-27.0,0.0013283010516884886
70249,16.8,-26.0,0.00023903538284533374
70250,16.8,-25.0,0.001624058429010028
70251,16.8,-24.0,0.003917775762251647
70252,16.8,-23.0,0.0017778943372406856
70253,16.8,-22.0,0.0020347310293514277
70254,16.8,-21.0,0.004603806633046781
70255,16.8,-20.0,0.0019864740358004882
70256,16.8,-19.0,0.0004745818414061215
70257,16.8,-18.0,0.002483268213925285
70258,16.8,-17.0,0.0057957547738823785
70259,16.8,-16.0,0.00276740288869097
70260,16.8,-15.0,0.0032016933320607997
70261,16.8,-14.0,0.006971164226683401
70262,16.8,-13.0,0.003218020350574566
70263,16.8,-12.0,0.001074048030622553
70264,16.8,-11.0,0.004100885570282359
70265,16.8,-10.0,0.009063487823525018
70266,16.8,-9.0,0.004636284871428656
70267,16.8,-8.0,0.005399555338852464
70268,16.8,-7.0,0.011153109931148179
70269,16.8,-6.0,0.0055414525998521875
70270,16.8,-5.0,0.0023608386913005286
70271,16.8,-4.0,0.007117313410330015
70272,16.8,-3.0,0.014877041698450394
70273,16.8,-2.0,0.007605986913669512
70274,16.8,-1.0,0.0030314115405986495
70275,16.8,0.0,0.0006266630408080677
70276,16.8,1.0,0.0036489971197187806
70277,16.8,2.0,0.011108285963881883
70278,16.8,3.0,0.02260763187054835
70279,16.8,4.0,0.01165395965282528
70280,16.8,5.0,0.005437885709242028
70281,16.8,6.0,0.015117685615095012
70282,16.8,7.0,0.030883437420534787
70283,16.8,8.0,0.01655299853707015
70284,16.8,9.0,0.01996841590868177
70285,16.8,10.0,0.03995458466263944
70286,16.8,11.0,0.019654824787553624
70287,16.8,12.0,0.008189517948497699
70288,16.8,13.0,0.028352635350996625
70289,16.8,14.0,0.06121334672494353
70290,16.8,15.0,0.031094028606385153
70291,16.8,16.0,0.04572531131595295
70292,16.8,17.0,0.09010637449239747
70293,16.8,18.0,0.039934493702852916
70294,16.8,19.0,0.008891997431371883
70295,16.8,20.0,0.022282599977792694
70296,16.8,21.0,0.04677829058268703
70297,16.8,22.0,0.02284771155747545
70298,16.8,23.0,0.018323193836488543
70299,16.8,24.0,0.03481226623458621
70300,16.8,25.0,0.016821647165180736
70301,16.8,26.0,0.005788161625790538
70302,16.8,27.0,0.012725793190840445
70303,16.8,28.0,0.024940604519015672
70304,16.8,29.0,0.012704608094970567
70305,16.8,30.0,0.010793987455888705
70306,16.8,31.0,0.019824276884557943
70307,16.8,32.0,0.009735367789566782
70308,16.8,33.0,0.003531203772123198
70309,16.8,34.0,0.007593041192948596
70310,16.8,35.0,0.014775370350926895
70311,16.8,36.0,0.00742965424655154
70312,16.8,37.0,0.006375988138135405
70313,16.8,38.0,0.011929604387110685
70314,16.8,39.0,0.005891927916586957
70315,16.8,40.0,0.005061503592550652
70316,16.8,41.0,0.009677836662056799
70317,16.8,42.0,0.004483649852505188
70318,16.8,43.0,0.0013021625355553476
70319,16.8,44.0,0.0035124285749677537
70320,16.8,45.0,0.007399763537199385
70321,16.8,46.0,0.0033110994514324098
70322,16.8,47.0,0.0006692008616762714
70323,16.8,48.0,0.0004129690722728837
70324,16.8,49.0,0.0003470443055711527
70325,16.8,50.0,0.00029155186372056645
70326,16.8,51.0,0.0002436361146745489
70327,16.8,52.0,0.00020372529047715866
70328,16.8,53.0,0.0002760206249278448
70329,16.8,54.0,0.001745947073882872
70330,16.8,55.0,0.004062159547136184
70331,16.8,56.0,0.0016999028162869672
70332,16.8,57.0,0.00018276647669890922
70333,16.8,58.0,6.0933182441070905e-05
70334,16.8,59.0,4.782253481405767e-05
70335,16.8,60.0,3.808981777561288e-05
70336,16.8,61.0,3.017809248296375e-05
70337,16.8,62.0,2.3782679907781196e-05
70338,16.8,63.0,1.8643004474771923e-05
70339,16.8,64.0,1.4536408683040842e-05
70340,16.8,65.0,1.1274166713347944e-05
70341,16.8,66.0,8.69756910712385e-06
70342,16.8,67.0,6.674172562702328e-06
70343,16.8,68.0,5.0942831698674125e-06
70344,16.8,69.0,3.867718342182596e-06
70345,16.8,70.0,2.9208732118995615e-06
70346,16.8,71.0,2.194101320753237e-06
70347,16.8,72.0,1.6394069033669252e-06
70348,16.8,73.0,1.2184366325949354e-06
70349,16.8,74.0,9.007520171828126e-07
70350,16.9,-75.0,1.0346159267409118e-12
70351,16.9,-74.0,1.6837163662975152e-12
70352,16.9,-73.0,2.725491392034465e-12
70353,16.9,-72.0,4.3884060342095725e-12
70354,16.9,-71.0,7.0283745890822896e-12
70355,16.9,-70.0,1.1196675809497075e-11
70356,16.9,-69.0,1.774227944185651e-11
70357,16.9,-68.0,2.7965065058726107e-11
70358,16.9,-67.0,4.384381741090126e-11
70359,16.9,-66.0,6.83733713221514e-11
70360,16.9,-65.0,1.060600276365479e-10
70361,16.9,-64.0,1.6364494145656722e-10
70362,16.9,-63.0,2.511536775898905e-10
70363,16.9,-62.0,3.8340926762310884e-10
70364,16.9,-61.0,5.821994334729501e-10
70365,16.9,-60.0,8.793607126012089e-10
70366,16.9,-59.0,1.3211387985519656e-09
70367,16.9,-58.0,1.9743127197693884e-09
70368,16.9,-57.0,2.934739442415251e-09
70369,16.9,-56.0,4.339195961991784e-09
70370,16.9,-55.0,6.381680959078615e-09
70371,16.9,-54.0,9.335702955044995e-09
70372,16.9,-53.0,1.3584544283759875e-08
70373,16.9,-52.0,1.966207000368986e-08
70374,16.9,-51.0,2.8307369919803432e-08
70375,16.9,-50.0,4.053740322795487e-08
70376,16.9,-49.0,5.774288220572251e-08
70377,16.9,-48.0,8.181390579127884e-08
70378,16.9,-47.0,1.1530335429084238e-07
70379,16.9,-46.0,1.6163779503703512e-07
70380,16.9,-45.0,2.253876279589029e-07
70381,16.9,-44.0,3.126104079421833e-07
70382,16.9,-43.0,4.312836865671477e-07
70383,16.9,-42.0,5.918462634264018e-07
70384,16.9,-41.0,8.078693398738811e-07
70385,16.9,-40.0,1.0968816017200876e-06
70386,16.9,-39.0,1.4813745551644083e-06
70387,16.9,-38.0,1.9900162876793724e-06
70388,16.9,-37.0,2.6591029578076333e-06
70389,16.9,-36.0,3.5342779034825045e-06
70390,16.9,-35.0,4.674115864520896e-06
70391,16.9,-34.0,6.9918339997963955e-06
70392,16.9,-33.0,8.371461890756724e-05
70393,16.9,-32.0,0.0011313056058452173
70394,16.9,-31.0,0.0027671476546076313
70395,16.9,-30.0,0.0012254034563653272
70396,16.9,-29.0,0.0013874568247380092
70397,16.9,-28.0,0.003196085369498372
70398,16.9,-27.0,0.0013268153347482418
70399,16.9,-26.0,0.0002380417775155511
70400,16.9,-25.0,0.0016217750698520994
70401,16.9,-24.0,0.003913457703696966
70402,16.9,-23.0,0.0017750101187751048
70403,16.9,-22.0,0.0020310984271336924
70404,16.9,-21.0,0.004597375470175084
70405,16.9,-20.0,0.00198217637118001
70406,16.9,-19.0,0.00047129548655010483
70407,16.9,-18.0,0.002477092069142775
70408,16.9,-17.0,0.005785063932633205
70409,16.9,-16.0,0.002759785916306992
70410,16.9,-15.0,0.0031924539862140137
70411,16.9,-14.0,0.006955855264328943
70412,16.9,-13.0,0.0032074295310531046
70413,16.9,-12.0,0.0010658185833206505
70414,16.9,-11.0,0.004086567712085101
70415,16.9,-10.0,0.009039594800695966
70416,16.9,-9.0,0.004619578315423103
70417,16.9,-8.0,0.0053797871788644255
70418,16.9,-7.0,0.011120591655781081
70419,16.9,-6.0,0.005520315882957855
70420,16.9,-5.0,0.0023459901503548462
70421,16.9,-4.0,0.007089852745703754
70422,16.9,-3.0,0.014829275267198924
70423,16.9,-2.0,0.007577513666437844
70424,16.9,-1.0,0.003015483642493276
70425,16.9,0.0,0.0006292564880726775
70426,16.9,1.0,0.003633749915355353
70427,16.9,2.0,0.011069126124999796
70428,16.9,3.0,0.02253104416359828
70429,16.9,4.0,0.011616909726577768
70430,16.9,5.0,0.0054237076046452825
70431,16.9,6.0,0.01506228358265514
70432,16.9,7.0,0.03076016518766471
70433,16.9,8.0,0.01649651814325868
70434,16.9,9.0,0.019882606424107063
70435,16.9,10.0,0.03975503223938738
70436,16.9,11.0,0.019577996882102825
70437,16.9,12.0,0.008177646505585378
70438,16.9,13.0,0.028140147470399765
70439,16.9,14.0,0.06067882284694083
70440,16.9,15.0,0.031021392980483845
70441,16.9,16.0,0.04770204009517901
70442,16.9,17.0,0.09247307131426795
70443,16.9,18.0,0.04084519983742469
70444,16.9,19.0,0.00886542746223842
70445,16.9,20.0,0.02210921336904877
70446,16.9,21.0,0.04647742208102462
70447,16.9,22.0,0.022676274556040002
70448,16.9,23.0,0.018152988130176927
70449,16.9,24.0,0.034516350884808575
70450,16.9,25.0,0.016667474181577522
70451,16.9,26.0,0.005721293486821259
70452,16.9,27.0,0.012596305236253979
70453,16.9,28.0,0.02470068051017048
70454,16.9,29.0,0.012580167183814417
70455,16.9,30.0,0.010684833143854131
70456,16.9,31.0,0.01962621094514339
70457,16.9,32.0,0.009639734105407242
70458,16.9,33.0,0.003498675741397745
70459,16.9,34.0,0.007517641346006654
70460,16.9,35.0,0.014623801399153116
70461,16.9,36.0,0.007357034813023976
70462,16.9,37.0,0.006313382464921027
70463,16.9,38.0,0.011805290303997677
70464,16.9,39.0,0.005834428749436746
70465,16.9,40.0,0.005011957148348223
70466,16.9,41.0,0.009575129027158026
70467,16.9,42.0,0.004439828377763209
70468,16.9,43.0,0.0012941303696322516
70469,16.9,44.0,0.0034777423270369806
70470,16.9,45.0,0.007318746499599029
70471,16.9,46.0,0.0032776551251992706
70472,16.9,47.0,0.000666306956406496
70473,16.9,48.0,0.00041255833850576296
70474,16.9,49.0,0.0003469027590417268
70475,16.9,50.0,0.00029158830220492657
70476,16.9,51.0,0.00024379639364852104
70477,16.9,52.0,0.000203951441870761
70478,16.9,53.0,0.00027496138600697123
70479,16.9,54.0,0.001726292964904936
70480,16.9,55.0,0.004013444067698345
70481,16.9,56.0,0.001680242642535952
70482,16.9,57.0,0.00018170491770708825
70483,16.9,58.0,6.118066568537878e-05
70484,16.9,59.0,4.805836778837373e-05
70485,16.9,60.0,3.829808534234668e-05
70486,16.9,61.0,3.0359271227463197e-05
70487,16.9,62.0,2.3938213551185768e-05
70488,16.9,63.0,1.8774926232496066e-05
70489,16.9,64.0,1.4647073104958724e-05
70490,16.9,65.0,1.1366050113277652e-05
70491,16.9,66.0,8.773126497760858e-06
70492,16.9,67.0,6.735740135786868e-06
70493,16.9,68.0,5.144016626647609e-06
70494,16.9,69.0,3.907558702381232e-06
70495,16.9,70.0,2.952533038026424e-06
70496,16.9,71.0,2.2190655352195155e-06
70497,16.9,72.0,1.658943511897095e-06
70498,16.9,73.0,1.2336136768814534e-06
70499,16.9,74.0,9.12457952503129e-07
70500,17.0,-75.0,8.814627767605887e-13
70501,17.0,-74.0,1.4352420181277088e-12
70502,17.0,-73.0,2.3245153095931706e-12
70503,17.0,-72.0,3.744775518571053e-12
70504,17.0,-71.0,6.000746417496263e-12
70505,17.0,-70.0,9.564689315090996e-12
70506,17.0,-69.0,1.5164307005322847e-11
70507,17.0,-68.0,2.3914448857579688e-11
70508,17.0,-67.0,3.751321551139491e-11
70509,17.0,-66.0,5.853212821867983e-11
70510,17.0,-65.0,9.08427862505374e-11
70511,17.0,-64.0,1.402402523024716e-10
70512,17.0,-63.0,2.1534809307468496e-10
70513,17.0,-62.0,3.2892394021271757e-10
70514,17.0,-61.0,4.997307174993321e-10
70515,17.0,-60.0,7.552012756260801e-10
70516,17.0,-59.0,1.1352081288393835e-09
70517,17.0,-58.0,1.6973616207857908e-09
70518,17.0,-57.0,2.5244069814976342e-09
70519,17.0,-56.0,3.73448291044485e-09
70520,17.0,-55.0,5.495252977338835e-09
70521,17.0,-54.0,8.043239769332916e-09
70522,17.0,-53.0,1.1710095931601816e-08
70523,17.0,-52.0,1.695805367062626e-08
70524,17.0,-51.0,2.4427424279842805e-08
70525,17.0,-50.0,3.499979236335384e-08
70526,17.0,-49.0,4.9881486531134026e-08
70527,17.0,-48.0,7.07130292434184e-08
70528,17.0,-47.0,9.971159013572159e-08
70529,17.0,-46.0,1.398550011695633e-07
70530,17.0,-45.0,1.9511764149352166e-07
70531,17.0,-44.0,2.707704558866114e-07
70532,17.0,-43.0,3.737595073039606e-07
70533,17.0,-42.0,5.131797338196545e-07
70534,17.0,-41.0,7.0086290845683e-07
70535,17.0,-40.0,9.52101079609833e-07
70536,17.0,-39.0,1.2865288547076701e-06
70537,17.0,-38.0,1.7291895929532863e-06
70538,17.0,-37.0,2.311811662004928e-06
70539,17.0,-36.0,3.074321541617089e-06
70540,17.0,-35.0,4.06801685770752e-06
70541,17.0,-34.0,6.105203857238115e-06
70542,17.0,-33.0,7.440333634086323e-05
70543,17.0,-32.0,0.0010073816637671256
70544,17.0,-31.0,0.0024642649197120737
70545,17.0,-30.0,0.001091061844214864
70546,17.0,-29.0,0.00123518457503177
70547,17.0,-28.0,0.0028457089555299327
70548,17.0,-27.0,0.0011809651888351894
70549,17.0,-26.0,0.00021123732776583772
70550,17.0,-25.0,0.0014430878887090883
70551,17.0,-24.0,0.0034833177767980388
70552,17.0,-23.0,0.0015790999028459775
70553,17.0,-22.0,0.001806628566012874
70554,17.0,-21.0,0.004090862443288311
70555,17.0,-20.0,0.0017624489738988975
70556,17.0,-19.0,0.00041705704319261715
70557,17.0,-18.0,0.0022017869591016304
70558,17.0,-17.0,0.005145396398372469
70559,17.0,-16.0,0.0024524082459697174
70560,17.0,-15.0,0.0028365047693094973
70561,17.0,-14.0,0.006184552133318666
70562,17.0,-13.0,0.0028486473759131345
70563,17.0,-12.0,0.0009424262078231959
70564,17.0,-11.0,0.0036287063931495747
70565,17.0,-10.0,0.008033678479584758
70566,17.0,-9.0,0.004101522732560518
70567,17.0,-8.0,0.004776198742505221
70568,17.0,-7.0,0.009880318179594016
70569,17.0,-6.0,0.004900182665074234
70570,17.0,-5.0,0.0020772115689501594
70571,17.0,-4.0,0.006293118638388154
70572,17.0,-3.0,0.013171449198814326
70573,17.0,-2.0,0.006726721435176433
70574,17.0,-1.0,0.0026727446485125504
70575,17.0,0.0,0.0005630264026716387
70576,17.0,1.0,0.003224226475283587
70577,17.0,2.0,0.00982848364056129
70578,17.0,3.0,0.020008711084186517
70579,17.0,4.0,0.010318429662629233
70580,17.0,5.0,0.0048200906170514915
70581,17.0,6.0,0.01337236637440729
70582,17.0,7.0,0.0273003991365131
70583,17.0,8.0,0.014649439846043668
70584,17.0,9.0,0.01764108462597976
70585,17.0,10.0,0.035248894357617876
70586,17.0,11.0,0.017377617451488376
70587,17.0,12.0,0.00727641171928186
70588,17.0,13.0,0.024890788310592837
70589,17.0,14.0,0.05360753599142965
70590,17.0,15.0,0.027700519474682304
70591,17.0,16.0,0.046010641046059675
70592,17.0,17.0,0.10514598933195406
70593,17.0,18.0,0.04770676860257354
70594,17.0,19.0,0.009840721976217617
70595,17.0,20.0,0.024122809489085028
70596,17.0,21.0,0.050777024028593076
70597,17.0,22.0,0.024746929095255738
70598,17.0,23.0,0.01977388418524409
70599,17.0,24.0,0.03762848032895098
70600,17.0,25.0,0.018157859286707802
70601,17.0,26.0,0.006217508165375752
70602,17.0,27.0,0.013708286053531976
70603,17.0,28.0,0.02689664651013789
70604,17.0,29.0,0.013696004143376081
70605,17.0,30.0,0.011628734412923399
70606,17.0,31.0,0.021362855825269672
70607,17.0,32.0,0.010494382368479193
70608,17.0,33.0,0.003811083516903228
70609,17.0,34.0,0.008183224623244105
70610,17.0,35.0,0.015913450016957913
70611,17.0,36.0,0.008009695889420094
70612,17.0,37.0,0.006873139643516526
70613,17.0,38.0,0.012844274665514452
70614,17.0,39.0,0.006352131541053055
70615,17.0,40.0,0.0054565158609748135
70616,17.0,41.0,0.010415830941029295
70617,17.0,42.0,0.004833732846189226
70618,17.0,43.0,0.001414041849161567
70619,17.0,44.0,0.003785911223333292
70620,17.0,45.0,0.00795865204013061
70621,17.0,46.0,0.003567294294465122
70622,17.0,47.0,0.0007293994343781495
70623,17.0,48.0,0.00045311688060890545
70624,17.0,49.0,0.00038123014219154286
70625,17.0,50.0,0.0003206129184617831
70626,17.0,51.0,0.0002682066458153163
70627,17.0,52.0,0.00022447391586788535
70628,17.0,53.0,0.00030115441678534033
70629,17.0,54.0,0.0018766569357003666
70630,17.0,55.0,0.004359749879182789
70631,17.0,56.0,0.0018260227804898599
70632,17.0,57.0,0.0001986261581473864
70633,17.0,58.0,6.753580041352764e-05
70634,17.0,59.0,5.3096035343043184e-05
70635,17.0,60.0,4.233522528504313e-05
70636,17.0,61.0,3.357743709312253e-05
70637,17.0,62.0,2.648983957751993e-05
70638,17.0,63.0,2.0787258646255607e-05
70639,17.0,64.0,1.6225616944730757e-05
70640,17.0,65.0,1.259770184544337e-05
70641,17.0,66.0,9.728985130762648e-06
70642,17.0,67.0,7.473600194852516e-06
70643,17.0,68.0,5.710554627800445e-06
70644,17.0,69.0,4.340230824788898e-06
70645,17.0,70.0,3.2812058047587767e-06
70646,17.0,71.0,2.4674037636121326e-06
70647,17.0,72.0,1.845580878760486e-06
70648,17.0,73.0,1.3731312425826158e-06
70649,17.0,74.0,1.0161951617786365e-06
70650,17.1,-75.0,7.858747697706959e-13
70651,17.1,-74.0,1.2802827630013598e-12
70652,17.1,-73.0,2.074648652275156e-12
70653,17.1,-72.0,3.3440235370789333e-12
70654,17.1,-71.0,5.361424571867527e-12
70655,17.1,-70.0,8.550217900499285e-12
70656,17.1,-69.0,1.3563140875568141e-11
70657,17.1,-68.0,2.1400773473039714e-11
70658,17.1,-67.0,3.3588048757558773e-11
70659,17.1,-66.0,5.2435593429549384e-11
70660,17.1,-65.0,8.142423883821996e-11
70661,17.1,-64.0,1.2576718345226222e-10
70662,17.1,-63.0,1.932266703513049e-10
70663,17.1,-62.0,2.9529283758634685e-10
70664,17.1,-61.0,4.4887442707380005e-10
70665,17.1,-60.0,6.787079282229666e-10
70666,17.1,-59.0,1.0207680988570004e-09
70667,17.1,-58.0,1.5270644394318854e-09
70668,17.1,-57.0,2.272342271303745e-09
70669,17.1,-56.0,3.363382346531265e-09
70670,17.1,-55.0,4.951819926843658e-09
70671,17.1,-54.0,7.251695454631037e-09
70672,17.1,-53.0,1.0563318711549371e-08
70673,17.1,-52.0,1.5305493040915323e-08
70674,17.1,-51.0,2.205872378572718e-08
70675,17.1,-50.0,3.162274473452088e-08
70676,17.1,-49.0,4.5092557622095434e-08
70677,17.1,-48.0,6.395821133067205e-08
70678,17.1,-47.0,9.023476560759215e-08
70679,17.1,-46.0,1.266303003497345e-07
70680,17.1,-45.0,1.76761449707199e-07
70681,17.1,-44.0,2.4542775325382443e-07
70682,17.1,-43.0,3.389581018823486e-07
70683,17.1,-42.0,4.6564467165897277e-07
70684,17.1,-41.0,6.362819174407234e-07
70685,17.1,-40.0,8.648303423412719e-07
70686,17.1,-39.0,1.1692267368290324e-06
70687,17.1,-38.0,1.5723642208924284e-06
70688,17.1,-37.0,2.1032665109677844e-06
70689,17.1,-36.0,2.7984815160331934e-06
70690,17.1,-35.0,3.705020943083112e-06
70691,17.1,-34.0,5.579057334412647e-06
70692,17.1,-33.0,6.920676204484037e-05
70693,17.1,-32.0,0.0009387697678923778
70694,17.1,-31.0,0.002296638433986405
70695,17.1,-30.0,0.0010166493341216753
70696,17.1,-29.0,0.0011507898808964323
70697,17.1,-28.0,0.0026516324737703564
70698,17.1,-27.0,0.0011000604963357485
70699,17.1,-26.0,0.00019618005037298793
70700,17.1,-25.0,0.0013438424331284858
70701,17.1,-24.0,0.003244719508037701
70702,17.1,-23.0,0.0014701866933691885
70703,17.1,-22.0,0.0016817480894076426
70704,17.1,-21.0,0.0038095354017570757
70705,17.1,-20.0,0.001640007765675593
70706,17.1,-19.0,0.00038624076732269425
70707,17.1,-18.0,0.0020481573761687126
70708,17.1,-17.0,0.004789412827819839
70709,17.1,-16.0,0.002280682272186819
70710,17.1,-15.0,0.0026375252622026003
70711,17.1,-14.0,0.005754647507946081
70712,17.1,-13.0,0.0026477306535996697
70713,17.1,-12.0,0.0008720800496123676
70714,17.1,-11.0,0.0033720760201818756
70715,17.1,-10.0,0.007471917674202899
70716,17.1,-9.0,0.0038109987349399153
70717,17.1,-8.0,0.004437620886237632
70718,17.1,-7.0,0.009186823448230446
70719,17.1,-6.0,0.004552070395376027
70720,17.1,-5.0,0.0019247321389172095
70721,17.1,-4.0,0.005845780500519695
70722,17.1,-3.0,0.012243279022855255
70723,17.1,-2.0,0.006249222878147091
70724,17.1,-1.0,0.0024790578222888024
70725,17.1,0.0,0.0005272025600826225
70726,17.1,1.0,0.002993817245136161
70727,17.1,2.0,0.009132859918607105
70728,17.1,3.0,0.018595532868548304
70729,17.1,4.0,0.00959141464970555
70730,17.1,5.0,0.004482776215295407
70731,17.1,6.0,0.01242446475125236
70732,17.1,7.0,0.02535751305682858
70733,17.1,8.0,0.013614536388543584
70734,17.1,9.0,0.016380956690199237
70735,17.1,10.0,0.032708943286276916
70736,17.1,11.0,0.016142649420193937
70737,17.1,12.0,0.006775853582006841
70738,17.1,13.0,0.023044468896747702
70739,17.1,14.0,0.04956747529148142
70740,17.1,15.0,0.0254687139689821
70741,17.1,16.0,0.03992571281945065
70742,17.1,17.0,0.08764500192074574
70743,17.1,18.0,0.04936792102387332
70744,17.1,19.0,0.010761853957941164
70745,17.1,20.0,0.02724846539834614
70746,17.1,21.0,0.05744527555401309
70747,17.1,22.0,0.02796571102601129
70748,17.1,23.0,0.022303141164063817
70749,17.1,24.0,0.042475729882233144
70750,17.1,25.0,0.02048265348753243
70751,17.1,26.0,0.006995840388339101
70752,17.1,27.0,0.0154467678639883
70753,17.1,28.0,0.03032546234329809
70754,17.1,29.0,0.015438903661268714
70755,17.1,30.0,0.013104146620918928
70756,17.1,31.0,0.02407679120066497
70757,17.1,32.0,0.011829340604340845
70758,17.1,33.0,0.004298230726853327
70759,17.1,34.0,0.009223101499550242
70760,17.1,35.0,0.01793012061200773
70761,17.1,36.0,0.00902902513231185
70762,17.1,37.0,0.00774745906999353
70763,17.1,38.0,0.014469629058169748
70764,17.1,39.0,0.007160666226174383
70765,17.1,40.0,0.006150866920980514
70766,17.1,41.0,0.011731640795102371
70767,17.1,42.0,0.005448960198919971
70768,17.1,43.0,0.0015997435909645655
70769,17.1,44.0,0.004267358511362258
70770,17.1,45.0,0.008961049802329374
70771,17.1,46.0,0.00402005366648618
70772,17.1,47.0,0.0008267270483443903
70773,17.1,48.0,0.0005152580334164505
70774,17.1,49.0,0.0004337664788367494
70775,17.1,50.0,0.00036499020987136225
70776,17.1,51.0,0.0003054928650951966
70777,17.1,52.0,0.0002557966630055163
70778,17.1,53.0,0.0003415280945885204
70779,17.1,54.0,0.0021123937812410746
70780,17.1,55.0,0.004903686575884715
70781,17.1,56.0,0.0020547515513219773
70782,17.1,57.0,0.0002248217066984949
70783,17.1,58.0,7.718732525006048e-05
70784,17.1,59.0,6.0735757963821855e-05
70785,17.1,60.0,4.8452474952222194e-05
70786,17.1,61.0,3.84497060579601e-05
70787,17.1,62.0,3.0349825428882038e-05
70788,17.1,63.0,2.3828981396738672e-05
70789,17.1,64.0,1.8609764039151524e-05
70790,17.1,65.0,1.4456473432741842e-05
70791,17.1,66.0,1.1170431913924236e-05
70792,17.1,67.0,8.58546212516494e-06
70793,17.1,68.0,6.5636209879203345e-06
70794,17.1,69.0,4.991251123258661e-06
70795,17.1,70.0,3.775386811162482e-06
70796,17.1,71.0,2.8405314051784623e-06
70797,17.1,72.0,2.125807053151916e-06
70798,17.1,73.0,1.5824653142292751e-06
70799,17.1,74.0,1.1717384006010445e-06
70800,17.2,-75.0,7.612436848197399e-13
70801,17.2,-74.0,1.2408167411448095e-12
70802,17.2,-73.0,2.011767062550025e-12
70803,17.2,-72.0,3.2443959455823206e-12
70804,17.2,-71.0,5.2044652617125645e-12
70805,17.2,-70.0,8.30432783391928e-12
70806,17.2,-69.0,1.31801078742581e-11
70807,17.2,-68.0,2.080748314219562e-11
70808,17.2,-67.0,3.267429649391793e-11
70809,17.2,-66.0,5.1036284216994664e-11
70810,17.2,-65.0,7.929356730455725e-11
70811,17.2,-64.0,1.2254143829187692e-10
70812,17.2,-63.0,1.883710236687003e-10
70813,17.2,-62.0,2.880257591775697e-10
70814,17.2,-61.0,4.3806108035692113e-10
70815,17.2,-60.0,6.627109059464902e-10
70816,17.2,-59.0,9.97239961885265e-10
70817,17.2,-58.0,1.4926615214998048e-09
70818,17.2,-57.0,2.2223328720093163e-09
70819,17.2,-56.0,3.2911145014685397e-09
70820,17.2,-55.0,4.848004160886816e-09
70821,17.2,-54.0,7.103446052931605e-09
70822,17.2,-53.0,1.0352882894486334e-08
70823,17.2,-52.0,1.5008580913189173e-08
70824,17.2,-51.0,2.164233311612652e-08
70825,17.2,-50.0,3.1042353825796214e-08
70826,17.2,-49.0,4.428853741320349e-08
70827,17.2,-48.0,6.285128557742694e-08
70828,17.2,-47.0,8.872032728283805e-08
70829,17.2,-46.0,1.2457137586263926e-07
70830,17.2,-45.0,1.739800937241875e-07
70831,17.2,-44.0,2.416946605529903e-07
70832,17.2,-43.0,3.3398024489375683e-07
70833,17.2,-42.0,4.5905082075291825e-07
70834,17.2,-41.0,6.276059848473992e-07
70835,17.2,-40.0,8.534926206437701e-07
70836,17.2,-39.0,1.1545132915605367e-06
70837,17.2,-38.0,1.5534049573366993e-06
70838,17.2,-37.0,2.0790127818775604e-06
70839,17.2,-36.0,2.7676845886411216e-06
70840,17.2,-35.0,3.6662297919395356e-06
70841,17.2,-34.0,5.539494078644528e-06
70842,17.2,-33.0,6.994648821043367e-05
70843,17.2,-32.0,0.0009505424295573227
70844,17.2,-31.0,0.002325650528424143
70845,17.2,-30.0,0.001029297552996721
70846,17.2,-29.0,0.001164953001108899
70847,17.2,-28.0,0.002684623159254312
70848,17.2,-27.0,0.0011133848247551746
70849,17.2,-26.0,0.00019797124128938655
70850,17.2,-25.0,0.0013597332741628243
70851,17.2,-24.0,0.003284046137267791
70852,17.2,-23.0,0.0014872565158443555
70853,17.2,-22.0,0.0017009971666172158
70854,17.2,-21.0,0.0038545865720531233
70855,17.2,-20.0,0.001658161299856
70856,17.2,-19.0,0.00038866718426542614
70857,17.2,-18.0,0.0020701540981123193
70858,17.2,-17.0,0.004843896975007915
70859,17.2,-16.0,0.0023045594236245776
70860,17.2,-15.0,0.0026647743617292685
70861,17.2,-14.0,0.005818062679423223
70862,17.2,-13.0,0.002673984890154547
70863,17.2,-12.0,0.0008768128632016853
70864,17.2,-11.0,0.003404801352420135
70865,17.2,-10.0,0.007550893015131844
70866,17.2,-9.0,0.003847511166632651
70867,17.2,-8.0,0.00447986595105274
70868,17.2,-7.0,0.009281275736770428
70869,17.2,-6.0,0.004594629976454027
70870,17.2,-5.0,0.0019377217150717745
70871,17.2,-4.0,0.005900155503123047
70872,17.2,-3.0,0.012365421765934111
70873,17.2,-2.0,0.0063079889300236575
70874,17.2,-1.0,0.0024982794059504546
70875,17.2,0.0,0.0005363772959219319
70876,17.2,1.0,0.0030203043501921783
70877,17.2,2.0,0.009220841375507301
70878,17.2,3.0,0.018777865408757817
70879,17.2,4.0,0.009687108261206782
70880,17.2,5.0,0.004529687107773714
70881,17.2,6.0,0.012542823568670532
70882,17.2,7.0,0.025591625003357682
70883,17.2,8.0,0.013747824731051688
70884,17.2,9.0,0.016527653482528874
70885,17.2,10.0,0.03298003267748506
70886,17.2,11.0,0.016293632271446753
70887,17.2,12.0,0.006855888408124607
70888,17.2,13.0,0.023184824715022916
70889,17.2,14.0,0.04980745158782318
70890,17.2,15.0,0.025552181514213207
70891,17.2,16.0,0.03905620143330365
70892,17.2,17.0,0.0853771991282703
70893,17.2,18.0,0.04726897901808634
70894,17.2,19.0,0.010617895522208149
70895,17.2,20.0,0.027423514749672633
70896,17.2,21.0,0.057901232001198163
70897,17.2,22.0,0.028155918222155036
70898,17.2,23.0,0.022410598595344153
70899,17.2,24.0,0.0427150034160028
70900,17.2,25.0,0.020583420832547307
70901,17.2,26.0,0.007012091015926296
70902,17.2,27.0,0.01550562493975161
70903,17.2,28.0,0.03045927143765148
70904,17.2,29.0,0.01550375285446309
70905,17.2,30.0,0.013154648056866794
70906,17.2,31.0,0.02417335686053343
70907,17.2,32.0,0.011878417879655724
70908,17.2,33.0,0.0043182720135910655
70909,17.2,34.0,0.009260227805800972
70910,17.2,35.0,0.017996971236170972
70911,17.2,36.0,0.009066920842847805
70912,17.2,37.0,0.0077795943629970455
70913,17.2,38.0,0.014521204049078413
70914,17.2,39.0,0.007190890260778145
70915,17.2,40.0,0.006176643515766889
70916,17.2,41.0,0.011771224536904804
70917,17.2,42.0,0.005471943679225601
70918,17.2,43.0,0.0016122216846705042
70919,17.2,44.0,0.004284952054681348
70920,17.2,45.0,0.008988295336847271
70921,17.2,46.0,0.004035751903436707
70922,17.2,47.0,0.0008347315950818409
70923,17.2,48.0,0.0005219290649096528
70924,17.2,49.0,0.0004396393449928638
70925,17.2,50.0,0.0003701290921642035
70926,17.2,51.0,0.0003099591187483669
70927,17.2,52.0,0.0002596547512820476
70928,17.2,53.0,0.00034503687795826816
70929,17.2,54.0,0.002118200258674735
70930,17.2,55.0,0.004913411638956702
70931,17.2,56.0,0.0020597472588981887
70932,17.2,57.0,0.00022670149568469945
70933,17.2,58.0,7.858370283785397e-05
70934,17.2,59.0,6.188688634415002e-05
70935,17.2,60.0,4.939714679517766e-05
70936,17.2,61.0,3.9220245902878654e-05
70937,17.2,62.0,3.0974540672797466e-05
70938,17.2,63.0,2.4332433490127454e-05
70939,17.2,64.0,1.901307330191641e-05
70940,17.2,65.0,1.477764426073553e-05
70941,17.2,66.0,1.1424684097358542e-05
70942,17.2,67.0,8.785556992776359e-06
70943,17.2,68.0,6.720173845290107e-06
70944,17.2,69.0,5.113023904748083e-06
70945,17.2,70.0,3.86955697736202e-06
70946,17.2,71.0,2.912934880606235e-06
70947,17.2,72.0,2.181154420300749e-06
70948,17.2,73.0,1.6245315822254415e-06
70949,17.2,74.0,1.2035274815564416e-06
70950,17.3,-75.0,7.3568094456914e-13
70951,17.3,-74.0,1.1997888953438131e-12
70952,17.3,-73.0,1.946284286391211e-12
70953,17.3,-72.0,3.140464020342582e-12
70954,17.3,-71.0,5.040428696810028e-12
70955,17.3,-70.0,8.046874653023868e-12
70956,17.3,-69.0,1.2778300727271807e-11
70957,17.3,-68.0,2.0183899756202503e-11
70958,17.3,-67.0,3.1711965767642546e-11
70959,17.3,-66.0,4.9559550069678664e-11
70960,17.3,-65.0,7.704024468181365e-11
70961,17.3,-64.0,1.1912257138119e-10
70962,17.3,-63.0,1.832131211370108e-10
70963,17.3,-62.0,2.802884452678894e-10
70964,17.3,-61.0,4.2652051378861127e-10
70965,17.3,-60.0,6.455958955529587e-10
70966,17.3,-59.0,9.720032244584754e-10
70967,17.3,-58.0,1.4556627171396227e-09
70968,17.3,-57.0,2.168402606830424e-09
70969,17.3,-56.0,3.2129590593404947e-09
70970,17.3,-55.0,4.73539893770137e-09
70971,17.3,-54.0,6.9421511286424865e-09
70972,17.3,-53.0,1.0123196514696075e-08
70973,17.3,-52.0,1.468342554462317e-08
70974,17.3,-51.0,2.118474398533302e-08
70975,17.3,-50.0,3.0402211438768984e-08
70976,17.3,-49.0,4.3398353774071706e-08
70977,17.3,-48.0,6.16208193930257e-08
70978,17.3,-47.0,8.702976765739852e-08
70979,17.3,-46.0,1.2226279892133563e-07
70980,17.3,-45.0,1.7084686529754503e-07
70981,17.3,-44.0,2.3746843474095542e-07
70982,17.3,-43.0,3.283151986566071e-07
70983,17.3,-42.0,4.515047759092278e-07
70984,17.3,-41.0,6.176181100310448e-07
70985,17.3,-40.0,8.403574877653063e-07
70986,17.3,-39.0,1.1373511968225555e-06
70987,17.3,-38.0,1.5311286201556051e-06
70988,17.3,-37.0,2.050290821627961e-06
70989,17.3,-36.0,2.730902569162986e-06
70990,17.3,-35.0,3.6194639134967354e-06
70991,17.3,-34.0,5.4878605603800295e-06
70992,17.3,-33.0,7.053730067724964e-05
70993,17.3,-32.0,0.0009602973036472042
70994,17.3,-31.0,0.002349726508134218
70995,17.3,-30.0,0.0010397599225772873
70996,17.3,-29.0,0.0011766394251769142
70997,17.3,-28.0,0.0027119078613657387
70998,17.3,-27.0,0.0011243401018896189
70999,17.3,-26.0,0.00019933651864563232
71000,17.3,-25.0,0.0013727243278354422
71001,17.3,-24.0,0.0033163763074922606
71002,17.3,-23.0,0.0015011504213162
71003,17.3,-22.0,0.0017166084571345534
71004,17.3,-21.0,0.0038914072934328305
71005,17.3,-20.0,0.001672759901019667
71006,17.3,-19.0,0.0003902378670329819
71007,17.3,-18.0,0.002087698646283804
71008,17.3,-17.0,0.004887999634011041
71009,17.3,-16.0,0.002323467609488174
71010,17.3,-15.0,0.002686268663052119
71011,17.3,-14.0,0.005868967813896746
71012,17.3,-13.0,0.002694440794083691
71013,17.3,-12.0,0.0008795766626543714
71014,17.3,-11.0,0.00343012239797746
71015,17.3,-10.0,0.007613557724362649
71016,17.3,-9.0,0.003875635356014896
71017,17.3,-8.0,0.004512335492252605
71018,17.3,-7.0,0.009355614788102139
71019,17.3,-6.0,0.004627128090278502
71020,17.3,-5.0,0.001946339547485168
71021,17.3,-4.0,0.005941598373781653
71022,17.3,-3.0,0.012460675764967838
71023,17.3,-2.0,0.006352909590642206
71024,17.3,-1.0,0.0025118575966511384
71025,17.3,0.0,0.0005444798964341864
71026,17.3,1.0,0.0030400187872409775
71027,17.3,2.0,0.009288641299754425
71028,17.3,3.0,0.01891935299089249
71029,17.3,4.0,0.00976163260204082
71030,17.3,5.0,0.0045666006140865365
71031,17.3,6.0,0.01263384080807132
71032,17.3,7.0,0.0257701447818675
71033,17.3,8.0,0.013851238938662466
71034,17.3,9.0,0.016638534805975824
71035,17.3,10.0,0.03317975461728829
71036,17.3,11.0,0.01640942890827655
71037,17.3,12.0,0.006921332582002754
71038,17.3,13.0,0.023276694585446876
71039,17.3,14.0,0.04994377098401284
71040,17.3,15.0,0.025602801447720494
71041,17.3,16.0,0.038407788796676084
71042,17.3,17.0,0.0836743233236126
71043,17.3,18.0,0.04556632133563632
71044,17.3,19.0,0.010493254408512485
71045,17.3,20.0,0.027575366763577663
71046,17.3,21.0,0.05830931957793956
71047,17.3,22.0,0.028321937861351735
71048,17.3,23.0,0.022496926927688624
71049,17.3,24.0,0.04291452015009614
71050,17.3,25.0,0.020664620737826246
71051,17.3,26.0,0.007021142438223961
71052,17.3,27.0,0.01554914678631407
71053,17.3,28.0,0.030563480448020874
71054,17.3,29.0,0.015553331624342435
71055,17.3,30.0,0.013192049087551371
71056,17.3,31.0,0.024246145922093527
71057,17.3,32.0,0.011915695141698076
71058,17.3,33.0,0.004333886461305946
71059,17.3,34.0,0.009288097485934758
71060,17.3,35.0,0.01804601210942091
71061,17.3,36.0,0.009095805110911747
71062,17.3,37.0,0.007803983862433949
71063,17.3,38.0,0.014558395498141172
71064,17.3,39.0,0.007213987299506582
71065,17.3,40.0,0.0061962969604289035
71066,17.3,41.0,0.011799152373181262
71067,17.3,42.0,0.005489525104266061
71068,17.3,43.0,0.0016231307476419865
71069,17.3,44.0,0.004298323598454319
71070,17.3,45.0,0.009006645645894533
71071,17.3,46.0,0.004047482308333686
71072,17.3,47.0,0.0008419525039470345
71073,17.3,48.0,0.0005281273023617975
71074,17.3,49.0,0.00044512007222772594
71075,17.3,50.0,0.00037494303379759263
71076,17.3,51.0,0.0003141577839956545
71077,17.3,52.0,0.0002632923987767463
71078,17.3,53.0,0.00034823659952937534
71079,17.3,54.0,0.002121922697738891
71080,17.3,55.0,0.004918256570981922
71081,17.3,56.0,0.002062710675146118
71082,17.3,57.0,0.00022837728524347612
71083,17.3,58.0,7.992115202679492e-05
71084,17.3,59.0,6.29930849762631e-05
71085,17.3,60.0,5.030693103287962e-05
71086,17.3,61.0,3.996388137141955e-05
71087,17.3,62.0,3.157865386633924e-05
71088,17.3,63.0,2.4820222609898034e-05
71089,17.3,64.0,1.9404561771410653e-05
71090,17.3,65.0,1.5089960867442525e-05
71091,17.3,66.0,1.1672355209269463e-05
71092,17.3,67.0,8.980799170567802e-06
71093,17.3,68.0,6.8731778469888745e-06
71094,17.3,69.0,5.232223487592059e-06
71095,17.3,70.0,3.9618779996182405e-06
71096,17.3,71.0,2.9840219769168986e-06
71097,17.3,72.0,2.235573969978083e-06
71098,17.3,73.0,1.665950827937372e-06
71099,17.3,74.0,1.2348705135337503e-06
71100,17.4,-75.0,7.100613107847899e-13
71101,17.4,-74.0,1.1586241321949843e-12
71102,17.4,-73.0,1.8805089184951597e-12
71103,17.4,-72.0,3.0359480270565785e-12
71104,17.4,-71.0,4.875277886136128e-12
71105,17.4,-70.0,7.787364897846373e-12
71106,17.4,-69.0,1.2372794016762583e-11
71107,17.4,-68.0,1.9553799060182258e-11
71108,17.4,-67.0,3.0738354902052215e-11
71109,17.4,-66.0,4.8063589390633664e-11
71110,17.4,-65.0,7.475459424514059e-11
71111,17.4,-64.0,1.1565001245483781e-10
71112,17.4,-63.0,1.779670439426495e-10
71113,17.4,-62.0,2.7240783675122735e-10
71114,17.4,-61.0,4.147493515835888e-10
71115,17.4,-60.0,6.281132311721991e-10
71116,17.4,-59.0,9.461854732563111e-10
71117,17.4,-58.0,1.4177534685339722e-09
71118,17.4,-57.0,2.1130572776373265e-09
71119,17.4,-56.0,3.1326215371289294e-09
71120,17.4,-55.0,4.619454556652282e-09
71121,17.4,-54.0,6.775784413836015e-09
71122,17.4,-53.0,9.885862642260379e-09
71123,17.4,-52.0,1.4346820946893119e-08
71124,17.4,-51.0,2.0710133621568226e-08
71125,17.4,-50.0,2.9736937756497606e-08
71126,17.4,-49.0,4.247131537254162e-08
71127,17.4,-48.0,6.033666633204597e-08
71128,17.4,-47.0,8.526151624936015e-08
71129,17.4,-46.0,1.198425234612899e-07
71130,17.4,-45.0,1.6755408024377086e-07
71131,17.4,-44.0,2.3301574226725651e-07
71132,17.4,-43.0,3.223307486037029e-07
71133,17.4,-42.0,4.435110749787588e-07
71134,17.4,-41.0,6.07006733466277e-07
71135,17.4,-40.0,8.263593006088066e-07
71136,17.4,-39.0,1.1190017959958366e-06
71137,17.4,-38.0,1.5072288777911222e-06
71138,17.4,-37.0,2.019362660527978e-06
71139,17.4,-36.0,2.6911404538661975e-06
71140,17.4,-35.0,3.568695280736271e-06
71141,17.4,-34.0,5.430069983880793e-06
71142,17.4,-33.0,7.104805566866693e-05
71143,17.4,-32.0,0.0009689620402663453
71144,17.4,-31.0,0.0023711350351029565
71145,17.4,-30.0,0.0010490414228512851
71146,17.4,-29.0,0.001186987282020731
71147,17.4,-28.0,0.0027361077249566145
71148,17.4,-27.0,0.001134015078792137
71149,17.4,-26.0,0.00020047220584512324
71150,17.4,-25.0,0.0013841470112964424
71151,17.4,-24.0,0.0033449211929088493
71152,17.4,-23.0,0.0015133261688785272
71153,17.4,-22.0,0.0017302504828232538
71154,17.4,-21.0,0.003923771770941324
71155,17.4,-20.0,0.0016854329613505902
71156,17.4,-19.0,0.00039134339268842236
71157,17.4,-18.0,0.0021028283353909643
71158,17.4,-17.0,0.004926473577528604
71159,17.4,-16.0,0.002339677686308899
71160,17.4,-15.0,0.0027046355931234344
71161,17.4,-14.0,0.005913080878906243
71162,17.4,-13.0,0.002711739941350507
71163,17.4,-12.0,0.0008812558226946086
71164,17.4,-11.0,0.0034514057967506965
71165,17.4,-10.0,0.007667347973071911
71166,17.4,-9.0,0.003899177706096889
71167,17.4,-8.0,0.00453946259962383
71168,17.4,-7.0,0.009418992604694792
71169,17.4,-6.0,0.004654114649421122
71170,17.4,-5.0,0.0019525271573954204
71171,17.4,-4.0,0.005975952678201233
71172,17.4,-3.0,0.012541250315520135
71173,17.4,-2.0,0.006390228811536985
71174,17.4,-1.0,0.0025222829194403895
71175,17.4,0.0,0.0005520227661028732
71176,17.4,1.0,0.0030559557106549016
71177,17.4,2.0,0.009345375620037044
71178,17.4,3.0,0.019038547878259503
71179,17.4,4.0,0.009824548560463458
71180,17.4,5.0,0.004597974584886136
71181,17.4,6.0,0.01270992077333701
71182,17.4,7.0,0.025918420070241623
71183,17.4,8.0,0.013938357848477271
71184,17.4,9.0,0.016729984373829172
71185,17.4,10.0,0.033340905580889306
71186,17.4,11.0,0.0165061610152191
71187,17.4,12.0,0.006978883180730004
71188,17.4,13.0,0.023343252657276055
71189,17.4,14.0,0.05002636307291092
71190,17.4,15.0,0.02563657376524212
71191,17.4,16.0,0.03787844632653327
71192,17.4,17.0,0.08227557065427793
71193,17.4,18.0,0.04408527162928853
71194,17.4,19.0,0.0103793034711049
71195,17.4,20.0,0.02771529214499
71196,17.4,21.0,0.058693522652584554
71197,17.4,22.0,0.028475469884757902
71198,17.4,23.0,0.02257143472090924
71199,17.4,24.0,0.043091940558655055
71200,17.4,25.0,0.020734788999562374
71201,17.4,26.0,0.007025933278737761
71202,17.4,27.0,0.015583782286067584
71203,17.4,28.0,0.03065072139867263
71204,17.4,29.0,0.01559407446769719
71205,17.4,30.0,0.013221815766614582
71206,17.4,31.0,0.024305196559141165
71207,17.4,32.0,0.011946099912106243
71208,17.4,33.0,0.004346858653232577
71209,17.4,34.0,0.00931055260970549
71210,17.4,35.0,0.018084723958190475
71211,17.4,36.0,0.009119436491692232
71212,17.4,37.0,0.007823852769644103
71213,17.4,38.0,0.014587243529132246
71214,17.4,39.0,0.007232937442820825
71215,17.4,40.0,0.006212387186079175
71216,17.4,41.0,0.011820325108346828
71217,17.4,42.0,0.005503972175455614
71218,17.4,43.0,0.0016331258975442202
71219,17.4,44.0,0.004309249782155315
71220,17.4,45.0,0.00901984944536693
71221,17.4,46.0,0.004056920330755119
71222,17.4,47.0,0.000848725727068662
71223,17.4,48.0,0.0005340591623081691
71224,17.4,49.0,0.000450382036174334
71225,17.4,50.0,0.0003795776301092188
71226,17.4,51.0,0.0003182104859813343
71227,17.4,52.0,0.00026681128728920473
71228,17.4,53.0,0.000351265911752549
71229,17.4,54.0,0.002124446046320519
71230,17.4,55.0,0.00492028211019795
71231,17.4,56.0,0.002064503770544077
71232,17.4,57.0,0.00022994118641821138
71233,17.4,58.0,8.1230077347237e-05
71234,17.4,59.0,6.40782116772007e-05
71235,17.4,60.0,5.120083425333128e-05
71236,17.4,61.0,4.0695675699083514e-05
71237,17.4,62.0,3.2174040551670224e-05
71238,17.4,63.0,2.5301662213774116e-05
71239,17.4,64.0,1.979149539128968e-05
71240,17.4,65.0,1.5399062198847346e-05
71241,17.4,66.0,1.1917798663216705e-05
71242,17.4,67.0,9.174532065542975e-06
71243,17.4,68.0,7.025187323849007e-06
71244,17.4,69.0,5.350791181639081e-06
71245,17.4,70.0,4.053817599297819e-06
71246,17.4,71.0,3.0548965811806547e-06
71247,17.4,72.0,2.289891624427431e-06
71248,17.4,73.0,1.7073377869724883e-06
71249,17.4,74.0,1.2662226663549347e-06
71250,17.5,-75.0,6.847355861423383e-13
71251,17.5,-74.0,1.1178949861690442e-12
71252,17.5,-73.0,1.8153702964561096e-12
71253,17.5,-72.0,2.932348270060106e-12
71254,17.5,-71.0,4.711421736853426e-12
71255,17.5,-70.0,7.529645340252102e-12
71256,17.5,-69.0,1.1969697293528724e-11
71257,17.5,-68.0,1.8926831767233634e-11
71258,17.5,-67.0,2.976862558614552e-11
71259,17.5,-66.0,4.65720926991829e-11
71260,17.5,-65.0,7.24734323797505e-11
71261,17.5,-64.0,1.1218066619641487e-10
71262,17.5,-63.0,1.7272026949373e-10
71263,17.5,-62.0,2.645176810861295e-10
71264,17.5,-61.0,4.02950978127476e-10
71265,17.5,-60.0,6.105705173895757e-10
71266,17.5,-59.0,9.202494213946371e-10
71267,17.5,-58.0,1.3796260453356364e-09
71268,17.5,-57.0,2.057326995179037e-09
71269,17.5,-56.0,3.0516264731390432e-09
71270,17.5,-55.0,4.502415102246559e-09
71271,17.5,-54.0,6.607631300249642e-09
71272,17.5,-53.0,9.645665185373251e-09
71273,17.5,-52.0,1.40056954229116e-08
71274,17.5,-51.0,2.0228481779834024e-08
71275,17.5,-50.0,2.9060830357769657e-08
71276,17.5,-49.0,4.152779522551345e-08
71277,17.5,-48.0,5.902769986856724e-08
71278,17.5,-47.0,8.345627303986304e-08
71279,17.5,-46.0,1.1736761075685852e-07
71280,17.5,-45.0,1.6418130711266955e-07
71281,17.5,-44.0,2.2844693883113662e-07
71282,17.5,-43.0,3.1617912537618037e-07
71283,17.5,-42.0,4.352785821673986e-07
71284,17.5,-41.0,5.960568790385411e-07
71285,17.5,-40.0,8.118849197430616e-07
71286,17.5,-39.0,1.0999873461769065e-06
71287,17.5,-38.0,1.4824069782458669e-06
71288,17.5,-37.0,1.9871648186545403e-06
71289,17.5,-36.0,2.649642246180812e-06
71290,17.5,-35.0,3.51556797405518e-06
71291,17.5,-34.0,5.368562012964623e-06
71292,17.5,-33.0,7.150657543744165e-05
71293,17.5,-32.0,0.0009769105731187438
71294,17.5,-31.0,0.0023907904923445495
71295,17.5,-30.0,0.0010575472156874328
71296,17.5,-29.0,0.0011964554945308298
71297,17.5,-28.0,0.0027582794708597737
71298,17.5,-27.0,0.001142848890176072
71299,17.5,-26.0,0.00020145781465872494
71300,17.5,-25.0,0.0013945385472847237
71301,17.5,-24.0,0.0033709759559343373
71302,17.5,-23.0,0.0015243721456279682
71303,17.5,-22.0,0.0017425968503087515
71304,17.5,-21.0,0.0039532028769509
71305,17.5,-20.0,0.0016968386546818693
71306,17.5,-19.0,0.00039214260388789894
71307,17.5,-18.0,0.0021163664874783252
71308,17.5,-17.0,0.004961237727821832
71309,17.5,-16.0,0.002354107719646114
71310,17.5,-15.0,0.0027209375584342044
71311,17.5,-14.0,0.0059527116230579475
71312,17.5,-13.0,0.002726951097650479
71313,17.5,-12.0,0.0008822104304874211
71314,17.5,-11.0,0.00347001400902271
71315,17.5,-10.0,0.00771526935922718
71316,17.5,-9.0,0.00391967887865628
71317,17.5,-8.0,0.00456304166420279
71318,17.5,-7.0,0.009475109601212334
71319,17.5,-6.0,0.004677431685422837
71320,17.5,-5.0,0.00195707331643724
71321,17.5,-4.0,0.006005584099224332
71322,17.5,-3.0,0.012612083549838032
71323,17.5,-2.0,0.006422473806115933
71324,17.5,-1.0,0.002530565379318756
71325,17.5,0.0,0.0005592113458303057
71326,17.5,1.0,0.0030693275938975936
71327,17.5,2.0,0.009394731718909354
71328,17.5,3.0,0.019142953328094736
71329,17.5,4.0,0.009879721286764556
71330,17.5,5.0,0.004625608981369355
71331,17.5,6.0,0.012776079936581627
71332,17.5,7.0,0.026046707024473183
71333,17.5,8.0,0.014014670409911442
71334,17.5,9.0,0.01680862892231752
71335,17.5,10.0,0.0334767626082837
71336,17.5,11.0,0.016590345433356933
71337,17.5,12.0,0.007031233182456566
71338,17.5,13.0,0.02339383769313872
71339,17.5,14.0,0.05007536130321263
71340,17.5,15.0,0.025659936200669316
71341,17.5,16.0,0.037426943340199796
71342,17.5,17.0,0.08107557757629016
71343,17.5,18.0,0.04275405633758003
71344,17.5,19.0,0.010272511128670522
71345,17.5,20.0,0.02784798224079334
71346,17.5,21.0,0.05906382945723415
71347,17.5,22.0,0.028621378344343435
71348,17.5,23.0,0.022637944796923295
71349,17.5,24.0,0.043254499553836735
71350,17.5,25.0,0.02079742462978234
71351,17.5,26.0,0.0070276702239762505
71352,17.5,27.0,0.015612170663058587
71353,17.5,28.0,0.030726158549067312
71354,17.5,29.0,0.015628612191690636
71355,17.5,30.0,0.013246182784943389
71356,17.5,31.0,0.024354611704917067
71357,17.5,32.0,0.011971645046911242
71358,17.5,33.0,0.00435791598635092
71359,17.5,34.0,0.009329162056069552
71360,17.5,35.0,0.018116164168916205
71361,17.5,36.0,0.009139349125209733
71362,17.5,37.0,0.007840517359894777
71363,17.5,38.0,0.014610216982332934
71364,17.5,39.0,0.007248956723779122
71365,17.5,40.0,0.006225958694742456
71366,17.5,41.0,0.01183674645798713
71367,17.5,42.0,0.005516210142414696
71368,17.5,43.0,0.0016424720457127557
71369,17.5,44.0,0.004318455595765548
71370,17.5,45.0,0.00902944045180549
71371,17.5,46.0,0.004064750086543942
71372,17.5,47.0,0.0008551865695805552
71373,17.5,48.0,0.0005398071320299153
71374,17.5,49.0,0.0004554944464778251
71375,17.5,50.0,0.000384090950551194
71376,17.5,51.0,0.00032216569504411066
71377,17.5,52.0,0.0002702519174117519
71378,17.5,53.0,0.00035418068179178107
71379,17.5,54.0,0.0021261326493052474
71380,17.5,55.0,0.004920333338644272
71381,17.5,56.0,0.0020654797351956473
71382,17.5,57.0,0.00023143051912486194
71383,17.5,58.0,8.25225646434689e-05
71384,17.5,59.0,6.515174294961059e-05
71385,17.5,60.0,5.208640635222792e-05
71386,17.5,61.0,4.1421613366347495e-05
71387,17.5,62.0,3.276542012428981e-05
71388,17.5,63.0,2.5780455048208296e-05
71389,17.5,64.0,2.0176764458713577e-05
71390,17.5,65.0,1.5707192886898305e-05
71391,17.5,66.0,1.2162748802476396e-05
71392,17.5,67.0,9.368088939269482e-06
71393,17.5,68.0,7.1772220149877735e-06
71394,17.5,69.0,5.46950298236681e-06
71395,17.5,70.0,4.145963304431058e-06
71396,17.5,71.0,3.126001281868007e-06
71397,17.5,72.0,2.3444391072948683e-06
71398,17.5,73.0,1.7489398368440768e-06
71399,17.5,74.0,1.2977674898498423e-06
71400,17.6,-75.0,6.598813887648317e-13
71401,17.6,-74.0,1.0778923217535123e-12
71402,17.6,-73.0,1.7513420865818496e-12
71403,17.6,-72.0,2.8304318196529025e-12
71404,17.6,-71.0,4.550095573674996e-12
71405,17.6,-70.0,7.2756943738279244e-12
71406,17.6,-69.0,1.1572161439223265e-11
71407,17.6,-68.0,1.8307988347482127e-11
71408,17.6,-67.0,2.8810638187686824e-11
71409,17.6,-66.0,4.509737227009988e-11
71410,17.6,-65.0,7.021593824996608e-11
71411,17.6,-64.0,1.0874424371500963e-10
71412,17.6,-63.0,1.675185706075286e-10
71413,17.6,-62.0,2.5668810729006773e-10
71414,17.6,-61.0,3.9123224744289014e-10
71415,17.6,-60.0,5.931296697844583e-10
71416,17.6,-59.0,8.944390704434492e-10
71417,17.6,-58.0,1.3416461301975904e-09
71418,17.6,-57.0,2.0017567956525543e-09
71419,17.6,-56.0,2.970781766301499e-09
71420,17.6,-55.0,4.385471544526773e-09
71421,17.6,-54.0,6.43943784376461e-09
71422,17.6,-53.0,9.405149979228671e-09
71423,17.6,-52.0,1.3663740606338178e-08
71424,17.6,-51.0,1.974511229238775e-08
71425,17.6,-50.0,2.8381524942464006e-08
71426,17.6,-49.0,4.057868497353997e-08
71427,17.6,-48.0,5.7709371085959676e-08
71428,17.6,-47.0,8.163583755041922e-08
71429,17.6,-46.0,1.1486864933511697e-07
71430,17.6,-45.0,1.607712328343928e-07
71431,17.6,-44.0,2.2382127018284413e-07
71432,17.6,-43.0,3.0994210887228126e-07
71433,17.6,-42.0,4.269195675906241e-07
71434,17.6,-41.0,5.849218358128088e-07
71435,17.6,-40.0,7.971425010809083e-07
71436,17.6,-39.0,1.0805889714682008e-06
71437,17.6,-38.0,1.457040528807596e-06
71438,17.6,-37.0,1.9542017445133467e-06
71439,17.6,-36.0,2.6070781837596405e-06
71440,17.6,-35.0,3.460967948247853e-06
71441,17.6,-34.0,5.304648015537488e-06
71442,17.6,-33.0,7.192754210656765e-05
71443,17.6,-32.0,0.000984339800762469
71444,17.6,-31.0,0.0024091743045578195
71445,17.6,-30.0,0.0010654906723561103
71446,17.6,-29.0,0.0012052857886292075
71447,17.6,-28.0,0.0027789796044778176
71448,17.6,-27.0,0.0011510729027911773
71449,17.6,-26.0,0.00020233540541290748
71450,17.6,-25.0,0.0014041820937032068
71451,17.6,-24.0,0.003395222972022407
71452,17.6,-23.0,0.001534598577116538
71453,17.6,-22.0,0.0017540027969127462
71454,17.6,-21.0,0.003980503289484898
71455,17.6,-20.0,0.0017073242767728666
71456,17.6,-19.0,0.0003927198885338716
71457,17.6,-18.0,0.002128747742103486
71458,17.6,-17.0,0.004993304157021878
71459,17.6,-16.0,0.0023672425673282116
71460,17.6,-15.0,0.002735735746106572
71461,17.6,-14.0,0.005989078853943829
71462,17.6,-13.0,0.0027406391620391477
71463,17.6,-12.0,0.0008826320492478957
71464,17.6,-11.0,0.003486667343758456
71465,17.6,-10.0,0.007758908829112291
71466,17.6,-9.0,0.00393795352691149
71467,17.6,-8.0,0.004584021528439369
71468,17.6,-7.0,0.009525920258939564
71469,17.6,-6.0,0.004698053428884915
71470,17.6,-5.0,0.0019603967058402934
71471,17.6,-4.0,0.006031743723785957
71472,17.6,-3.0,0.012675784426093099
71473,17.6,-2.0,0.006450980772240531
71474,17.6,-1.0,0.0025372400767241557
71475,17.6,0.0,0.0005661532828963231
71476,17.6,1.0,0.003080775558135597
71477,17.6,2.0,0.009438657702027991
71478,17.6,3.0,0.01923653277379647
71479,17.6,4.0,0.00992919154575342
71480,17.6,5.0,0.004650452899888134
71481,17.6,6.0,0.012834967429537686
71482,17.6,7.0,0.026160424474783575
71483,17.6,8.0,0.014083073750165357
71484,17.6,9.0,0.016877967094734596
71485,17.6,10.0,0.03359434123122487
71486,17.6,11.0,0.016665420586208096
71487,17.6,12.0,0.007079795056496057
71488,17.6,13.0,0.023433346570055528
71489,17.6,14.0,0.05010132489167034
71490,17.6,15.0,0.025676255195148972
71491,17.6,16.0,0.03703154270164842
71492,17.6,17.0,0.0800188126666919
71493,17.6,18.0,0.04153422748794193
71494,17.6,19.0,0.010170993611059475
71495,17.6,20.0,0.027976004825894404
71496,17.6,21.0,0.05942571789722699
71497,17.6,22.0,0.028762321246832735
71498,17.6,23.0,0.022698502271568735
71499,17.6,24.0,0.04340605470258489
71500,17.6,25.0,0.020854394190355254
71501,17.6,26.0,0.007026997639823079
71502,17.6,27.0,0.01563571522183338
71503,17.6,28.0,0.030792534306165745
71504,17.6,29.0,0.015658341965876333
71505,17.6,30.0,0.013266336577517954
71506,17.6,31.0,0.02439656890395309
71507,17.6,32.0,0.011993398082585864
71508,17.6,33.0,0.004367443226361215
71509,17.6,34.0,0.009344757385794253
71510,17.6,35.0,0.01814195490541938
71511,17.6,36.0,0.009156355710693963
71512,17.6,37.0,0.007854674770146673
71513,17.6,38.0,0.014628625779630918
71514,17.6,39.0,0.007262689025431042
71515,17.6,40.0,0.006237564466573617
71516,17.6,41.0,0.01184947984594941
71517,17.6,42.0,0.005526728827007055
71518,17.6,43.0,0.0016513078919579251
71519,17.6,44.0,0.0043263248883544615
71520,17.6,45.0,0.009036233268388372
71521,17.6,46.0,0.004071334051919968
71522,17.6,47.0,0.0008614055151983692
71523,17.6,48.0,0.0005454137582438593
71524,17.6,49.0,0.00046049295360749327
71525,17.6,50.0,0.0003885128751917525
71526,17.6,51.0,0.00032604832794243705
71527,17.6,52.0,0.00027363509621685197
71528,17.6,53.0,0.0003570100333996237
71529,17.6,54.0,0.0021271751345515954
71530,17.6,55.0,0.004918860344680987
71531,17.6,56.0,0.002065826493914533
71532,17.6,57.0,0.00023286487628148634
71533,17.6,58.0,8.380481291130198e-05
71534,17.6,59.0,6.621853621781349e-05
71535,17.6,60.0,5.296751861819182e-05
71536,17.6,61.0,4.214476466751344e-05
71537,17.6,62.0,3.3355215640679726e-05
71538,17.6,63.0,2.6258503997989554e-05
71539,17.6,64.0,2.0561856049312483e-05
71540,17.6,65.0,1.6015509393145027e-05
71541,17.6,66.0,1.2408100605669932e-05
71542,17.6,67.0,9.562159051521825e-06
71543,17.6,68.0,7.329810179787486e-06
71544,17.6,69.0,5.5887618019736334e-06
71545,17.6,70.0,4.238620942910596e-06
71546,17.6,71.0,3.1975670999807632e-06
71547,17.6,72.0,2.399390093605119e-06
71548,17.6,73.0,1.7908869161751195e-06
71549,17.6,74.0,1.3296017353992792e-06
71550,17.7,-75.0,6.355982835873538e-13
71551,17.7,-74.0,1.038780057716404e-12
71552,17.7,-73.0,1.688692594505538e-12
71553,17.7,-72.0,2.730635309137339e-12
71554,17.7,-71.0,4.392005871236394e-12
71555,17.7,-70.0,7.026648513788552e-12
71556,17.7,-69.0,1.1182004307227966e-11
71557,17.7,-68.0,1.7700159833576598e-11
71558,17.7,-67.0,2.7868964251775564e-11
71559,17.7,-66.0,4.3646615869389503e-11
71560,17.7,-65.0,6.799334885993982e-11
71561,17.7,-64.0,1.0535821277713978e-10
71562,17.7,-63.0,1.6238894697245787e-10
71563,17.7,-62.0,2.489606125602149e-10
71564,17.7,-61.0,3.796565788117634e-10
71565,17.7,-60.0,5.758870646335556e-10
71566,17.7,-59.0,8.689000564187872e-10
71567,17.7,-58.0,1.3040325600703324e-09
71568,17.7,-57.0,1.9466736649277234e-09
71569,17.7,-56.0,2.890573260674928e-09
71570,17.7,-55.0,4.269341723020787e-09
71571,17.7,-54.0,6.272258730593965e-09
71572,17.7,-53.0,9.165857969573783e-09
71573,17.7,-52.0,1.3323195333050053e-08
71574,17.7,-51.0,1.9263259833470615e-08
71575,17.7,-50.0,2.7703668960190978e-08
71576,17.7,-49.0,3.9630624753898384e-08
71577,17.7,-48.0,5.639111450750564e-08
71578,17.7,-47.0,7.981354025627347e-08
71579,17.7,-46.0,1.1236436999258516e-07
71580,17.7,-45.0,1.5735003043359033e-07
71581,17.7,-44.0,2.191751061045185e-07
71582,17.7,-43.0,3.036699586447202e-07
71583,17.7,-42.0,4.1850310127960454e-07
71584,17.7,-41.0,5.736960002571517e-07
71585,17.7,-40.0,7.822603423080195e-07
71586,17.7,-39.0,1.0609800845265663e-06
71587,17.7,-38.0,1.4313626301651925e-06
71588,17.7,-37.0,1.920785046409516e-06
71589,17.7,-36.0,2.5638625324875333e-06
71590,17.7,-35.0,3.4054430855205855e-06
71591,17.7,-34.0,5.2391374612283954e-06
71592,17.7,-33.0,7.231987300906091e-05
71593,17.7,-32.0,0.0009913690739550172
71594,17.7,-31.0,0.002426578259750732
71595,17.7,-30.0,0.001073001146141866
71596,17.7,-29.0,0.0012136247331013337
71597,17.7,-28.0,0.002798545504306343
71598,17.7,-27.0,0.0011588274429745933
71599,17.7,-26.0,0.00020313058855204994
71600,17.7,-25.0,0.0014132494578606085
71601,17.7,-24.0,0.0034180761112588484
71602,17.7,-23.0,0.0015441937571892645
71603,17.7,-22.0,0.0017646839868125398
71604,17.7,-21.0,0.0040061600494434605
71605,17.7,-20.0,0.0017171007954963206
71606,17.7,-19.0,0.0003931268654879894
71607,17.7,-18.0,0.0021402362524317537
71608,17.7,-17.0,0.005023287365086454
71609,17.7,-16.0,0.002379377034939204
71610,17.7,-15.0,0.0027493714337679708
71611,17.7,-14.0,0.006022922979300001
71612,17.7,-13.0,0.002753147899493886
71613,17.7,-12.0,0.0008826380453163686
71614,17.7,-11.0,0.0035018042500657614
71615,17.7,-10.0,0.007799231030199668
71616,17.7,-9.0,0.003954497617788464
71617,17.7,-8.0,0.004602979862520266
71618,17.7,-7.0,0.009572613051250076
71619,17.7,-6.0,0.004716573139332068
71620,17.7,-5.0,0.0019627532632921314
71621,17.7,-4.0,0.0060551933123941665
71622,17.7,-3.0,0.01273393980207418
71623,17.7,-2.0,0.0064765630916875675
71624,17.7,-1.0,0.002542633461597902
71625,17.7,0.0,0.000572913531558047
71626,17.7,1.0,0.003090689900635121
71627,17.7,2.0,0.009478338310311512
71628,17.7,3.0,0.019321696084432738
71629,17.7,4.0,0.009974199595560545
71630,17.7,5.0,0.004673082316450414
71631,17.7,6.0,0.012888193225751398
71632,17.7,7.0,0.026262867233094504
71633,17.7,8.0,0.014145327501070797
71634,17.7,9.0,0.016940123798009358
71635,17.7,10.0,0.0336979056530612
71636,17.7,11.0,0.01673347334979852
71637,17.7,12.0,0.007125420389841839
71638,17.7,13.0,0.023464724606975323
71639,17.7,14.0,0.050110603714583604
71640,17.7,15.0,0.025687547647683207
71641,17.7,16.0,0.03667906678277728
71642,17.7,17.0,0.07907162272958071
71643,17.7,18.0,0.04040210588655031
71644,17.7,19.0,0.010073596424923737
71645,17.7,20.0,0.028100992277173612
71646,17.7,21.0,0.05978268327838251
71647,17.7,22.0,0.028899984882161486
71648,17.7,23.0,0.02275436351196587
71649,17.7,24.0,0.043548965062131066
71650,17.7,25.0,0.02090683962568891
71651,17.7,26.0,0.007024309895065858
71652,17.7,27.0,0.015655270062900836
71653,17.7,28.0,0.030851515125779813
71654,17.7,29.0,0.015684112898534854
71655,17.7,30.0,0.013282997786565264
71656,17.7,31.0,0.024432390094466894
71657,17.7,32.0,0.012012006576072497
71658,17.7,33.0,0.004375673044392029
71659,17.7,34.0,0.009357842573811769
71660,17.7,35.0,0.018163080431492003
71661,17.7,36.0,0.009170948427106813
71662,17.7,37.0,0.007866747060924701
71663,17.7,38.0,0.014643264682688539
71664,17.7,39.0,0.0072745240249462466
71665,17.7,40.0,0.006247539092409807
71666,17.7,41.0,0.011859170652555042
71667,17.7,42.0,0.005535824575483506
71668,17.7,43.0,0.0016597161930421926
71669,17.7,44.0,0.004333089911218108
71670,17.7,45.0,0.009040722703195765
71671,17.7,46.0,0.004076891743339192
71672,17.7,47.0,0.000867424340161855
71673,17.7,48.0,0.0005509039341012557
71674,17.7,49.0,0.00046539837845707574
71675,17.7,50.0,0.00039286082980002
71676,17.7,51.0,0.0003298728972237184
71677,17.7,52.0,0.0002769729328350036
71678,17.7,53.0,0.0003597712437111409
71679,17.7,54.0,0.0021276906320272706
71680,17.7,55.0,0.004916137433059327
71681,17.7,56.0,0.002065658440366209
71682,17.7,57.0,0.00023425598772532132
71683,17.7,58.0,8.508042351457238e-05
71684,17.7,59.0,6.728141141202274e-05
71685,17.7,60.0,5.384641997938282e-05
71686,17.7,61.0,4.2866914897846894e-05
71687,17.7,62.0,3.3944837783230545e-05
71688,17.7,63.0,2.6736918604746214e-05
71689,17.7,64.0,2.0947638849344934e-05
71690,17.7,65.0,1.6324688729696682e-05
71691,17.7,66.0,1.2654379306318547e-05
71692,17.7,67.0,9.757148040180312e-06
71693,17.7,68.0,7.483263679427631e-06
71694,17.7,69.0,5.708806326275517e-06
71695,17.7,70.0,4.331972375556683e-06
71696,17.7,71.0,3.2697319794687644e-06
71697,17.7,72.0,2.454848747883021e-06
71698,17.7,73.0,1.8332573304727163e-06
71699,17.7,74.0,1.3617840061055046e-06
71700,17.8,-75.0,6.119443234471881e-13
71701,17.8,-74.0,1.0006545801944669e-12
71702,17.8,-73.0,1.6275808529701866e-12
71703,17.8,-72.0,2.633219509988602e-12
71704,17.8,-71.0,4.23757759552324e-12
71705,17.8,-70.0,6.783196073614673e-12
71706,17.8,-69.0,1.0800333981059341e-11
71707,17.8,-68.0,1.7105119302913388e-11
71708,17.8,-67.0,2.6946423885679114e-11
71709,17.8,-66.0,4.222428210260407e-11
71710,17.8,-65.0,6.581267133386745e-11
71711,17.8,-64.0,1.0203352047913735e-10
71712,17.8,-63.0,1.5734840006750043e-10
71713,17.8,-62.0,2.413614458926945e-10
71714,17.8,-61.0,3.682642611794361e-10
71715,17.8,-60.0,5.589041792256137e-10
71716,17.8,-59.0,8.437256418097477e-10
71717,17.8,-58.0,1.2669259948169527e-09
71718,17.8,-57.0,1.8922885198344116e-09
71719,17.8,-56.0,2.8113153954699937e-09
71720,17.8,-55.0,4.154491709463716e-09
71721,17.8,-54.0,6.106780816091258e-09
71722,17.8,-53.0,8.928795577647266e-09
71723,17.8,-52.0,1.298552583109161e-08
71724,17.8,-51.0,1.878504830982939e-08
71725,17.8,-50.0,2.7030321458887614e-08
71726,17.8,-49.0,3.8687995418064464e-08
71727,17.8,-48.0,5.507916829258286e-08
71728,17.8,-47.0,7.799821366826942e-08
71729,17.8,-46.0,1.0986720772314245e-07
71730,17.8,-45.0,1.539351077307108e-07
71731,17.8,-44.0,2.145326783160405e-07
71732,17.8,-43.0,2.9739621511807235e-07
71733,17.8,-42.0,4.1007534694169225e-07
71734,17.8,-41.0,5.624425529842834e-07
71735,17.8,-40.0,7.673244281174513e-07
71736,17.8,-39.0,1.0412770485532009e-06
71737,17.8,-38.0,1.4055298746017437e-06
71738,17.8,-37.0,1.8871242745807555e-06
71739,17.8,-36.0,2.5202741432370423e-06
71740,17.8,-35.0,3.3493624941805956e-06
71741,17.8,-34.0,5.172575060478648e-06
71742,17.8,-33.0,7.268948640410717e-05
71743,17.8,-32.0,0.000998077463778692
71744,17.8,-31.0,0.002443195653149186
71745,17.8,-30.0,0.0010801643463458357
71746,17.8,-29.0,0.0012215694615652947
71747,17.8,-28.0,0.0028172007231661365
71748,17.8,-27.0,0.001166205533031867
71749,17.8,-26.0,0.00020386040645732246
71750,17.8,-25.0,0.0014218545776871977
71751,17.8,-24.0,0.0034398097346029703
71752,17.8,-23.0,0.0015532826007005108
71753,17.8,-22.0,0.0017747835268738731
71754,17.8,-21.0,0.0040304961641742
71755,17.8,-20.0,0.0017263082880919051
71756,17.8,-19.0,0.00039339805125603836
71757,17.8,-18.0,0.002151007498385707
71758,17.8,-17.0,0.005051595170283919
71759,17.8,-16.0,0.0023907070598088924
71760,17.8,-15.0,0.0027620714885733303
71761,17.8,-14.0,0.006054735644348107
71762,17.8,-13.0,0.002764705995191028
71763,17.8,-12.0,0.0008823070502170182
71764,17.8,-11.0,0.0035157164774444805
71765,17.8,-10.0,0.00783687692464653
71766,17.8,-9.0,0.0039696412431360914
71767,17.8,-8.0,0.004620301136681986
71768,17.8,-7.0,0.009615977944048386
71769,17.8,-6.0,0.004733385762407656
71770,17.8,-5.0,0.0019643140746440756
71771,17.8,-4.0,0.006076439903575637
71772,17.8,-3.0,0.012787604698687198
71773,17.8,-2.0,0.006499762025106477
71774,17.8,-1.0,0.0025469632972884397
71775,17.8,0.0,0.0005795349439567355
71776,17.8,1.0,0.0030993303690487694
71777,17.8,2.0,0.009514561024608691
71778,17.8,3.0,0.019400044654809132
71779,17.8,4.0,0.010015569216683371
71780,17.8,5.0,0.004693879212970506
71781,17.8,6.0,0.012936826444429122
71782,17.8,7.0,0.02635622426033261
71783,17.8,8.0,0.014202599361375412
71784,17.8,9.0,0.016996508639634162
71785,17.8,10.0,0.03379028668075777
71786,17.8,11.0,0.016795887044834402
71787,17.8,12.0,0.007168669546359699
71788,17.8,13.0,0.023489901565444272
71789,17.8,14.0,0.05010735601840719
71790,17.8,15.0,0.025695128331239325
71791,17.8,16.0,0.036360793034125
71792,17.8,17.0,0.07821174034449972
71793,17.8,18.0,0.03934176793983658
71794,17.8,19.0,0.009979547574793194
71795,17.8,20.0,0.028224090934796844
71796,17.8,21.0,0.060137193827217036
71797,17.8,22.0,0.029035550526254932
71798,17.8,23.0,0.022806369813581168
71799,17.8,24.0,0.04368480068006319
71800,17.8,25.0,0.020955521207399696
71801,17.8,26.0,0.007019869495001156
71802,17.8,27.0,0.015671399623729494
71803,17.8,28.0,0.030904200033298638
71804,17.8,29.0,0.015706485090376684
71805,17.8,30.0,0.013296641391620432
71806,17.8,31.0,0.024462945887650068
71807,17.8,32.0,0.012027896613218477
71808,17.8,33.0,0.004382757986069102
71809,17.8,34.0,0.009368748842894152
71810,17.8,35.0,0.01818018847285149
71811,17.8,36.0,0.009183450424105915
71812,17.8,37.0,0.007877011226311728
71813,17.8,38.0,0.014654656636518467
71814,17.8,39.0,0.007284717330985645
71815,17.8,40.0,0.006256101980771429
71816,17.8,41.0,0.011866243649797712
71817,17.8,42.0,0.005543691683114509
71818,17.8,43.0,0.0016677502583421716
71819,17.8,44.0,0.004338902943678145
71820,17.8,45.0,0.009043234761253632
71821,17.8,46.0,0.00408156724730672
71822,17.8,47.0,0.0008732697160292292
71823,17.8,48.0,0.0005562932775584884
71824,17.8,49.0,0.0004702237509984944
71825,17.8,50.0,0.00039714569733475787
71826,17.8,51.0,0.00033364844977164606
71827,17.8,52.0,0.00028027296702070844
71828,17.8,53.0,0.0003624753528430264
71829,17.8,54.0,0.0021277564070690588
71830,17.8,55.0,0.004912346064645156
71831,17.8,56.0,0.0020650511367436017
71832,17.8,57.0,0.0002356114389013231
71833,17.8,58.0,8.63516330914107e-05
71834,17.8,59.0,6.834211813899719e-05
71835,17.8,60.0,5.4724507118925506e-05
71836,17.8,61.0,4.358917433321878e-05
71837,17.8,62.0,3.453516543505376e-05
71838,17.8,63.0,2.7216391677796826e-05
71839,17.8,64.0,2.1334656725136443e-05
71840,17.8,65.0,1.663515608166281e-05
71841,17.8,66.0,1.2901915944757119e-05
71842,17.8,67.0,9.953312594798858e-06
71843,17.8,68.0,7.637780741954169e-06
71844,17.8,69.0,5.829789014792952e-06
71845,17.8,70.0,4.426134384704053e-06
71846,17.8,71.0,3.342585010793237e-06
71847,17.8,72.0,2.510882758290573e-06
71848,17.8,73.0,1.8761022968954788e-06
71849,17.8,74.0,1.3943528969765034e-06
71850,17.9,-75.0,5.889530643760081e-13
71851,17.9,-74.0,9.635724005996468e-13
71852,17.9,-73.0,1.5681013398979771e-12
71853,17.9,-72.0,2.5383412487269563e-12
71854,17.9,-71.0,4.087069247531703e-12
71855,17.9,-70.0,6.545760218914075e-12
71856,17.9,-69.0,1.0427838495081297e-11
71857,17.9,-68.0,1.6523977982585813e-11
71858,17.9,-67.0,2.6044799983356454e-11
71859,17.9,-66.0,4.0833212888142714e-11
71860,17.9,-65.0,6.367840648800954e-11
71861,17.9,-64.0,9.877724940822931e-11
71862,17.9,-63.0,1.5240800475786632e-10
71863,17.9,-62.0,2.3390781620484684e-10
71864,17.9,-61.0,3.5708186861139157e-10
71865,17.9,-60.0,5.422217957792643e-10
71866,17.9,-59.0,8.189780293671726e-10
71867,17.9,-58.0,1.2304207298027014e-09
71868,17.9,-57.0,1.838743438751455e-09
71869,17.9,-56.0,2.733220953373819e-09
71870,17.9,-55.0,4.0412382621437785e-09
71871,17.9,-54.0,5.9434728218139265e-09
71872,17.9,-53.0,8.694652261940875e-09
71873,17.9,-52.0,1.2651740233487272e-08
71874,17.9,-51.0,1.8311943112932726e-08
71875,17.9,-50.0,2.636359994399905e-08
71876,17.9,-49.0,3.775383882353275e-08
71877,17.9,-48.0,5.3777876588250016e-08
71878,17.9,-47.0,7.619602556676802e-08
71879,17.9,-46.0,1.073858685330687e-07
71880,17.9,-45.0,1.5053868219686942e-07
71881,17.9,-44.0,2.0991103280416216e-07
71882,17.9,-43.0,2.9114452372886835e-07
71883,17.9,-42.0,4.0166891545353125e-07
71884,17.9,-41.0,5.512062110160422e-07
71885,17.9,-40.0,7.52395723933278e-07
71886,17.9,-39.0,1.021562505298341e-06
71887,17.9,-38.0,1.3796536467434985e-06
71888,17.9,-37.0,1.8533686965506536e-06
71889,17.9,-36.0,2.476511911132573e-06
71890,17.9,-35.0,3.292989766843561e-06
71891,17.9,-34.0,5.105349634627374e-06
71892,17.9,-33.0,7.304055940412504e-05
71893,17.9,-32.0,0.0010045206946036936
71894,17.9,-31.0,0.002459162696740963
71895,17.9,-30.0,0.0010870406834057348
71896,17.9,-29.0,0.0012291884489906008
71897,17.9,-28.0,0.0028351028345296155
71898,17.9,-27.0,0.0011732727675621165
71899,17.9,-26.0,0.00020453692112835985
71900,17.9,-25.0,0.0014300778301834117
71901,17.9,-24.0,0.003460617316246202
71902,17.9,-23.0,0.001561953260015579
71903,17.9,-22.0,0.0017844024327149989
71904,17.9,-21.0,0.004053739513956868
71905,17.9,-20.0,0.0017350456953007755
71906,17.9,-19.0,0.0003935580009663913
71907,17.9,-18.0,0.002161185492754901
71908,17.9,-17.0,0.0050785154916405855
71909,17.9,-16.0,0.002401371184063026
71910,17.9,-15.0,0.002773996354199799
71911,17.9,-14.0,0.006084864147390954
71912,17.9,-13.0,0.002775475303559538
71913,17.9,-12.0,0.0008816951290541792
71914,17.9,-11.0,0.0035286105722510753
71915,17.9,-10.0,0.00787229959730542
71916,17.9,-9.0,0.003983618150433551
71917,17.9,-8.0,0.004636257602684434
71918,17.9,-7.0,0.009656573555770771
71919,17.9,-6.0,0.0047487710483704445
71920,17.9,-5.0,0.001965200860299539
71921,17.9,-4.0,0.006095842573294176
71922,17.9,-3.0,0.012837525331518733
71923,17.9,-2.0,0.006520960785732062
71924,17.9,-1.0,0.0025503841771470385
71925,17.9,0.0,0.0005860476038824125
71926,17.9,1.0,0.003106880896609332
71927,17.9,2.0,0.009547882638207444
71928,17.9,3.0,0.019472710397128952
71929,17.9,4.0,0.010053882408842934
71930,17.9,5.0,0.0047131130335272145
71931,17.9,6.0,0.012981622094918634
71932,17.9,7.0,0.026442042055898504
71933,17.9,8.0,0.014255713315682251
71934,17.9,9.0,0.017048115647395858
71935,17.9,10.0,0.03387348187435829
71936,17.9,11.0,0.016853636345414546
71937,17.9,12.0,0.007209934216856318
71938,17.9,13.0,0.023510218193931745
71939,17.9,14.0,0.050094468448022574
71940,17.9,15.0,0.025699905029697483
71941,17.9,16.0,0.03607058548817754
71942,17.9,17.0,0.07742350769716183
71943,17.9,18.0,0.03834183223648264
71944,17.9,19.0,0.009888298837045239
71945,17.9,20.0,0.02834616748322948
71946,17.9,21.0,0.06049112948098769
71947,17.9,22.0,0.02916990871672935
71948,17.9,23.0,0.022855118511336273
71949,17.9,24.0,0.04381466722933499
71950,17.9,25.0,0.02100097450679367
71951,17.9,26.0,0.007013861222607689
71952,17.9,27.0,0.015684497528148423
71953,17.9,28.0,0.030951353410606734
71954,17.9,29.0,0.015725848233850256
71955,17.9,30.0,0.013307597507880691
71956,17.9,31.0,0.02448884067669185
71957,17.9,32.0,0.012041363690853788
71958,17.9,33.0,0.004388803407914139
71959,17.9,34.0,0.009377705555331064
71960,17.9,35.0,0.0181937282263992
71961,17.9,36.0,0.009194085177059042
71962,17.9,37.0,0.007885658716462811
71963,17.9,38.0,0.014663164220797041
71964,17.9,39.0,0.007293445484459564
71965,17.9,40.0,0.006263404608649845
71966,17.9,41.0,0.011870993437625614
71967,17.9,42.0,0.005550464250432253
71968,17.9,43.0,0.00167544605355136
71969,17.9,44.0,0.004343869087137895
71970,17.9,45.0,0.009043995821679756
71971,17.9,46.0,0.004085460143321297
71972,17.9,47.0,0.0008789594166971154
71973,17.9,48.0,0.0005615919466415113
71974,17.9,49.0,0.000474977514309285
71975,17.9,50.0,0.000401374507984422
71976,17.9,51.0,0.00033738081335355863
71977,17.9,52.0,0.0002835400467003822
71978,17.9,53.0,0.00036512972277627455
71979,17.9,54.0,0.0021274261888953516
71980,17.9,55.0,0.004907612879552684
71981,17.9,56.0,0.0020640572174428305
71982,17.9,57.0,0.0002369363692102626
71983,17.9,58.0,8.761987317426854e-05
71984,17.9,59.0,6.940177443674002e-05
71985,17.9,60.0,5.5602673711810705e-05
71986,17.9,61.0,4.4312254748808994e-05
71987,17.9,62.0,3.51267634580155e-05
71988,17.9,63.0,2.7697369898005823e-05
71989,17.9,64.0,2.1723261660996325e-05
71990,17.9,65.0,1.694718784439447e-05
71991,17.9,66.0,1.3150926805527148e-05
71992,17.9,67.0,1.015082137398855e-05
71993,17.9,68.0,7.79349242911619e-06
71994,17.9,69.0,5.9518113565618815e-06
71995,17.9,70.0,4.521185281708857e-06
71996,17.9,71.0,3.416186404864366e-06
71997,17.9,72.0,2.5675382511510217e-06
71998,17.9,73.0,1.9194570217473324e-06
71999,17.9,74.0,1.4273351788246605e-06
72000,18.0,-75.0,5.462588107803237e-13
72001,18.0,-74.0,8.941976217391769e-13
72002,18.0,-73.0,1.4559775331029221e-12
72003,18.0,-72.0,2.3580985111740858e-12
72004,18.0,-71.0,3.79887778694349e-12
72005,18.0,-70.0,6.087441598957554e-12
72006,18.0,-69.0,9.702874203786669e-12
72007,18.0,-68.0,1.5383391808461343e-11
72008,18.0,-67.0,2.42599504567157e-11
72009,18.0,-66.0,3.805518392660314e-11
72010,18.0,-65.0,5.937776526517101e-11
72011,18.0,-64.0,9.215522828532775e-11
72012,18.0,-63.0,1.4226635926911343e-10
72013,18.0,-62.0,2.1845931303092546e-10
72014,18.0,-61.0,3.3367603581878426e-10
72015,18.0,-60.0,5.069505268732237e-10
72016,18.0,-59.0,7.661119702422208e-10
72017,18.0,-58.0,1.1516089343190335e-09
72018,18.0,-57.0,1.7218840824066326e-09
72019,18.0,-56.0,2.5608780979415786e-09
72020,18.0,-55.0,3.788436477394642e-09
72021,18.0,-54.0,5.5746450930691435e-09
72022,18.0,-53.0,8.159443668452176e-09
72023,18.0,-52.0,1.1879276367015538e-08
72024,18.0,-51.0,1.7203053448640327e-08
72025,18.0,-50.0,2.4780337039895165e-08
72026,18.0,-49.0,3.550544834994935e-08
72027,18.0,-48.0,5.060214430026868e-08
72028,18.0,-47.0,7.1734648634643e-08
72029,18.0,-46.0,1.0115216332431788e-07
72030,18.0,-45.0,1.4187554225913718e-07
72031,18.0,-44.0,1.9793658403144645e-07
72032,18.0,-43.0,2.746823848658134e-07
72033,18.0,-42.0,3.791593602646061e-07
72034,18.0,-41.0,5.205938465067084e-07
72035,18.0,-40.0,7.109885549682361e-07
72036,18.0,-39.0,9.658564643775677e-07
72037,18.0,-38.0,1.305115851183453e-06
72038,18.0,-37.0,1.7541718860281812e-06
72039,18.0,-36.0,2.3452117466793323e-06
72040,18.0,-35.0,3.1200943528789765e-06
72041,18.0,-34.0,4.8565286333806625e-06
72042,18.0,-33.0,7.073662785198573e-05
72043,18.0,-32.0,0.0009743806922570149
72044,18.0,-31.0,0.002385562206481456
72045,18.0,-30.0,0.0010543321435744898
72046,18.0,-29.0,0.0011920506510742915
72047,18.0,-28.0,0.0027497603255160516
72048,18.0,-27.0,0.0011376268241286179
72049,18.0,-26.0,0.00019778855357983582
72050,18.0,-25.0,0.0013862503983105492
72051,18.0,-24.0,0.0033554331139653273
72052,18.0,-23.0,0.0015137837548114142
72053,18.0,-22.0,0.001729093910179568
72054,18.0,-21.0,0.0039294310015876785
72055,18.0,-20.0,0.0016806716243484804
72056,18.0,-19.0,0.000379465193128613
72057,18.0,-18.0,0.0020927699139391453
72058,18.0,-17.0,0.004920646357532041
72059,18.0,-16.0,0.0023247244681245042
72060,18.0,-15.0,0.0026850709376403225
72061,18.0,-14.0,0.0058936430172459075
72062,18.0,-13.0,0.0026853706897776108
72063,18.0,-12.0,0.0008491576808411551
72064,18.0,-11.0,0.003413272770238234
72065,18.0,-10.0,0.007621439040931045
72066,18.0,-9.0,0.0038528325369520805
72067,18.0,-8.0,0.0044837395963575905
72068,18.0,-7.0,0.009346063477850908
72069,18.0,-6.0,0.004591600126409044
72070,18.0,-5.0,0.0018947995500268717
72071,18.0,-4.0,0.005893741586123652
72072,18.0,-3.0,0.012420771045964486
72073,18.0,-2.0,0.006305165123542099
72074,18.0,-1.0,0.0024611719867506025
72075,18.0,0.0,0.000571160670102903
72076,18.0,1.0,0.003001477229776799
72077,18.0,2.0,0.009234141678588857
72078,18.0,3.0,0.018837602394360362
72079,18.0,4.0,0.009726619111798488
72080,18.0,5.0,0.004560795838788618
72081,18.0,6.0,0.01255465890830985
72082,18.0,7.0,0.02556741163132114
72083,18.0,8.0,0.013790676337515956
72084,18.0,9.0,0.016480698015953206
72085,18.0,10.0,0.03272772499867317
72086,18.0,11.0,0.016299230985442937
72087,18.0,12.0,0.006988715498331364
72088,18.0,13.0,0.022680326448600473
72089,18.0,14.0,0.04827272680316549
72090,18.0,15.0,0.024777938155829397
72091,18.0,16.0,0.03451596105575029
72092,18.0,17.0,0.07393645917046732
72093,18.0,18.0,0.035972835778931914
72094,18.0,19.0,0.010210552075663024
72095,18.0,20.0,0.029662209955905367
72096,18.0,21.0,0.06339863835586615
72097,18.0,22.0,0.030533130300903998
72098,18.0,23.0,0.02386180244469801
72099,18.0,24.0,0.045782729931477376
72100,18.0,25.0,0.021926417833309664
72101,18.0,26.0,0.007300355351602768
72102,18.0,27.0,0.01635328245004684
72103,18.0,28.0,0.03229377387498584
72104,18.0,29.0,0.016402915722260464
72105,18.0,30.0,0.013874744195520075
72106,18.0,31.0,0.02553877965854582
72107,18.0,32.0,0.012558254383081094
72108,18.0,33.0,0.004578217899982404
72109,18.0,34.0,0.009778593696739484
72110,18.0,35.0,0.018967721654220976
72111,18.0,36.0,0.009589099543885385
72112,18.0,37.0,0.008223948138270171
72113,18.0,38.0,0.015284447036415736
72114,18.0,39.0,0.007607120923279742
72115,18.0,40.0,0.006532576973092773
72116,18.0,41.0,0.01237175693540647
72117,18.0,42.0,0.00578933457725194
72118,18.0,43.0,0.00175342690493416
72119,18.0,44.0,0.004530474315711127
72120,18.0,45.0,0.009422549818711835
72121,18.0,46.0,0.004260169260856224
72122,18.0,47.0,0.0009216125234994702
72123,18.0,48.0,0.0005905854193678654
72124,18.0,49.0,0.0004997882095049228
72125,18.0,50.0,0.0004225656367934937
72126,18.0,51.0,0.00035538256510052286
72127,18.0,52.0,0.0002988082474419971
72128,18.0,53.0,0.00038316685289983366
72129,18.0,54.0,0.002215960120674537
72130,18.0,55.0,0.005107680615437369
72131,18.0,56.0,0.002149250169348149
72132,18.0,57.0,0.00024822881759573604
72133,18.0,58.0,9.261502777102195e-05
72134,18.0,59.0,7.3417093350985e-05
72135,18.0,60.0,5.885101519526128e-05
72136,18.0,61.0,4.692599841448371e-05
72137,18.0,62.0,3.721852846907668e-05
72138,18.0,63.0,2.9362361568097603e-05
72139,18.0,64.0,2.3041400556419097e-05
72140,18.0,65.0,1.798510066482026e-05
72141,18.0,66.0,1.3963779411744927e-05
72142,18.0,67.0,1.0783982978233017e-05
72143,18.0,68.0,8.284027183120046e-06
72144,18.0,69.0,6.3297993649664855e-06
72145,18.0,70.0,4.810879522071664e-06
72146,18.0,71.0,3.6370152766205592e-06
72147,18.0,72.0,2.734965654648452e-06
72148,18.0,73.0,2.045713146232885e-06
72149,18.0,74.0,1.5220317173750382e-06
72150,18.1,-75.0,5.099191338419301e-13
72151,18.1,-74.0,8.351562839774345e-13
72152,18.1,-73.0,1.3605681667329286e-12
72153,18.1,-72.0,2.204748040834127e-12
72154,18.1,-71.0,3.5537243059410123e-12
72155,18.1,-70.0,5.69763478164935e-12
72156,18.1,-69.0,9.08639452957864e-12
72157,18.1,-68.0,1.441367348643481e-11
72158,18.1,-67.0,2.2742797116647122e-11
72159,18.1,-66.0,3.569432569339328e-11
72160,18.1,-65.0,5.572378328108402e-11
72161,18.1,-64.0,8.653028109511728e-11
72162,18.1,-63.0,1.336539326856708e-10
72163,18.1,-62.0,2.0534374455489227e-10
72164,18.1,-61.0,3.138103911844931e-10
72165,18.1,-60.0,4.77022946794485e-10
72166,18.1,-59.0,7.212691042443138e-10
72167,18.1,-58.0,1.0847795667150218e-09
72168,18.1,-57.0,1.622825304599279e-09
72169,18.1,-56.0,2.4148388524810533e-09
72170,18.1,-55.0,3.5742970892728326e-09
72171,18.1,-54.0,5.262344190327981e-09
72172,18.1,-53.0,7.706442885541202e-09
72173,18.1,-52.0,1.1225735118307695e-08
72174,18.1,-51.0,1.6265287020504586e-08
72175,18.1,-50.0,2.3442006913579764e-08
72176,18.1,-49.0,3.360577918712849e-08
72177,18.1,-48.0,4.7920272169694265e-08
72178,18.1,-47.0,6.79689743956955e-08
72179,18.1,-46.0,9.589330823332095e-08
72180,18.1,-45.0,1.345711748831031e-07
72181,18.1,-44.0,1.878460044352898e-07
72182,18.1,-43.0,2.608183113604747e-07
72183,18.1,-42.0,3.602138657215137e-07
72184,18.1,-41.0,4.948448386376754e-07
72185,18.1,-40.0,6.761825957167233e-07
72186,18.1,-39.0,9.190630909189441e-07
72187,18.1,-38.0,1.24254791503501e-06
72188,18.1,-37.0,1.6709657954525204e-06
72189,18.1,-36.0,2.2351609081529507e-06
72190,18.1,-35.0,2.9752967329303426e-06
72191,18.1,-34.0,4.6499146126251995e-06
72192,18.1,-33.0,6.895222565449997e-05
72193,18.1,-32.0,0.0009512828288724971
72194,18.1,-31.0,0.0023291892246949356
72195,18.1,-30.0,0.0010292499235164158
72196,18.1,-29.0,0.0011635443506547692
72197,18.1,-28.0,0.002684305481280694
72198,18.1,-27.0,0.001110231763088784
72199,18.1,-26.0,0.0001925117415758538
72200,18.1,-25.0,0.0013524999676762758
72201,18.1,-24.0,0.003274579346152559
72202,18.1,-23.0,0.0014766377005529007
72203,18.1,-22.0,0.0016863929316662985
72204,18.1,-21.0,0.003833681855572216
72205,18.1,-20.0,0.0016385899148915865
72206,18.1,-19.0,0.0003682629907963582
72207,18.1,-18.0,0.002039700154166526
72208,18.1,-17.0,0.004798668362317897
72209,18.1,-16.0,0.002265160835581631
72210,18.1,-15.0,0.0026158971214437763
72211,18.1,-14.0,0.005745530046258801
72212,18.1,-13.0,0.0026150844894615665
72213,18.1,-12.0,0.0008231249259434091
72214,18.1,-11.0,0.0033231640987717455
72215,18.1,-10.0,0.00742651796610908
72216,18.1,-9.0,0.0037505478595160164
72217,18.1,-8.0,0.004364403635341134
72218,18.1,-7.0,0.00910430074130002
72219,18.1,-6.0,0.004468446392970155
72220,18.1,-5.0,0.0018387221280362002
72221,18.1,-4.0,0.005735316612465231
72222,18.1,-3.0,0.012095589511166864
72223,18.1,-2.0,0.006136040670880623
72224,18.1,-1.0,0.00239038518032298
72225,18.1,0.0,0.0005602629679922971
72226,18.1,1.0,0.002918336156735889
72227,18.1,2.0,0.008988623700212072
72228,18.1,3.0,0.018341566514118723
72229,18.1,4.0,0.009471003594777195
72230,18.1,5.0,0.004441874475158445
72231,18.1,6.0,0.01222057242188728
72232,18.1,7.0,0.024882523613753003
72233,18.1,8.0,0.013427450680245348
72234,18.1,9.0,0.01603589101725099
72235,18.1,10.0,0.03182698587866319
72236,18.1,11.0,0.015865695630439488
72237,18.1,12.0,0.0068182371556205065
72238,18.1,13.0,0.02202385612395157
72239,18.1,14.0,0.04682435560999747
72240,18.1,15.0,0.024048090250851115
72241,18.1,16.0,0.03326735966341489
72242,18.1,17.0,0.07112279683492231
72243,18.1,18.0,0.032201877229117964
72244,18.1,19.0,0.010477326295395387
72245,18.1,20.0,0.030840746435225865
72246,18.1,21.0,0.06602152298104762
72247,18.1,22.0,0.031755303897322645
72248,18.1,23.0,0.024750878230425245
72249,18.1,24.0,0.04752824181211619
72250,18.1,25.0,0.022743539578158334
72251,18.1,26.0,0.007548557747582927
72252,18.1,27.0,0.016938898505126625
72253,18.1,28.0,0.033474134714472546
72254,18.1,29.0,0.016997079142208486
72255,18.1,30.0,0.01437117296689285
72256,18.1,31.0,0.02645932553029315
72257,18.1,32.0,0.013011421334742963
72258,18.1,33.0,0.004744305644987481
72259,18.1,34.0,0.010129667632698328
72260,18.1,35.0,0.019645042154742696
72261,18.1,36.0,0.009935459476101912
72262,18.1,37.0,0.008520454309865045
72263,18.1,38.0,0.015827630511894654
72264,18.1,39.0,0.007882238305574742
72265,18.1,40.0,0.00676861989176342
72266,18.1,41.0,0.012809151008915436
72267,18.1,42.0,0.005998893953937652
72268,18.1,43.0,0.0018229581560800841
72269,18.1,44.0,0.004694127202213232
72270,18.1,45.0,0.00975264047867814
72271,18.1,46.0,0.004413251591618052
72272,18.1,47.0,0.0009599774211929056
72273,18.1,48.0,0.0006169692517988195
72274,18.1,49.0,0.0005224173547211836
72275,18.1,50.0,0.0004419337816786282
72276,18.1,51.0,0.000371869438254173
72277,18.1,52.0,0.0003128166699024475
72278,18.1,53.0,0.00039946117420260226
72279,18.1,54.0,0.0022930756974618056
72280,18.1,55.0,0.005281088432056661
72281,18.1,56.0,0.002223313509926827
72282,18.1,57.0,0.0002583638182042282
72283,18.1,58.0,9.724811572959694e-05
72284,18.1,59.0,7.715115577221148e-05
72285,18.1,60.0,6.187723155937545e-05
72286,18.1,61.0,4.9365305245235297e-05
72287,18.1,62.0,3.91740878214569e-05
72288,18.1,63.0,3.092160769515411e-05
72289,18.1,64.0,2.4277912775863382e-05
72290,18.1,65.0,1.8960366815501217e-05
72291,18.1,66.0,1.4728829369715666e-05
72292,18.1,67.0,1.1380879743021247e-05
72293,18.1,68.0,8.747209842706941e-06
72294,18.1,69.0,6.687277781011887e-06
72295,18.1,70.0,5.085284905610303e-06
72296,18.1,71.0,3.846514048187242e-06
72297,18.1,72.0,2.8940462264770493e-06
72298,18.1,73.0,2.1658566665296468e-06
72299,18.1,74.0,1.6122785204299901e-06
72300,18.2,-75.0,4.905359776522583e-13
72301,18.2,-74.0,8.038383087315416e-13
72302,18.2,-73.0,1.310245392556277e-12
72303,18.2,-72.0,2.1243334629501277e-12
72304,18.2,-71.0,3.425932854037301e-12
72305,18.2,-70.0,5.495675875219561e-12
72306,18.2,-69.0,8.768988136500125e-12
72307,18.2,-68.0,1.3917587539726771e-11
72308,18.2,-67.0,2.197174491101784e-11
72309,18.2,-66.0,3.4502553855515217e-11
72310,18.2,-65.0,5.389196811352968e-11
72311,18.2,-64.0,8.373035902488861e-11
72312,18.2,-63.0,1.2939812108838477e-10
72313,18.2,-62.0,1.9891113463323244e-10
72314,18.2,-61.0,3.041419505282866e-10
72315,18.2,-60.0,4.6257234703838984e-10
72316,18.2,-59.0,6.997922274259905e-10
72317,18.2,-58.0,1.0530395198630508e-09
72318,18.2,-57.0,1.5761818940214597e-09
72319,18.2,-56.0,2.346681270265633e-09
72320,18.2,-55.0,3.4752654996786916e-09
72321,18.2,-54.0,5.119269352406562e-09
72322,18.2,-53.0,7.500912224587322e-09
72323,18.2,-52.0,1.0932168032855649e-08
72324,18.2,-51.0,1.5848370946519326e-08
72325,18.2,-50.0,2.2853308074655904e-08
72326,18.2,-49.0,3.277929747855041e-08
72327,18.2,-48.0,4.6766657931426073e-08
72328,18.2,-47.0,6.636806597893226e-08
72329,18.2,-46.0,9.368458386624642e-08
72330,18.2,-45.0,1.3154164177203892e-07
72331,18.2,-44.0,1.8371497469344844e-07
72332,18.2,-43.0,2.552184419294926e-07
72333,18.2,-42.0,3.526677732225989e-07
72334,18.2,-41.0,4.847365472243367e-07
72335,18.2,-40.0,6.627230458128392e-07
72336,18.2,-39.0,9.012489408770577e-07
72337,18.2,-38.0,1.219112920346741e-06
72338,18.2,-37.0,1.6403241676709084e-06
72339,18.2,-36.0,2.1953422593079376e-06
72340,18.2,-35.0,2.9238808923830294e-06
72341,18.2,-34.0,4.588438202920403e-06
72342,18.2,-33.0,6.927193729141216e-05
72343,18.2,-32.0,0.000957157584291802
72344,18.2,-31.0,0.00234374816759609
72345,18.2,-30.0,0.0010355178141055405
72346,18.2,-29.0,0.0011704820428540016
72347,18.2,-28.0,0.0027006089711250074
72348,18.2,-27.0,0.0011166627862345018
72349,18.2,-26.0,0.00019311742490541554
72350,18.2,-25.0,0.0013599658222920182
72351,18.2,-24.0,0.0032934871231551197
72352,18.2,-23.0,0.0014844991527994573
72353,18.2,-22.0,0.0016950986244231242
72354,18.2,-21.0,0.0038547537852536154
72355,18.2,-20.0,0.0016464734987789087
72356,18.2,-19.0,0.0003683400422452522
72357,18.2,-18.0,0.002048840704257459
72358,18.2,-17.0,0.004822965322355706
72359,18.2,-16.0,0.0022746972345667584
72360,18.2,-15.0,0.0026265290760549725
72361,18.2,-14.0,0.005772598178806398
72362,18.2,-13.0,0.002624602121927392
72363,18.2,-12.0,0.0008223041950845671
72364,18.2,-11.0,0.0033344774162414885
72365,18.2,-10.0,0.00745809685431765
72366,18.2,-9.0,0.0037627306305671082
72367,18.2,-8.0,0.004378272856347136
72368,18.2,-7.0,0.009140254840930766
72369,18.2,-6.0,0.004481675506457598
72370,18.2,-5.0,0.0018388536106295598
72371,18.2,-4.0,0.005751939949490159
72372,18.2,-3.0,0.01213943296272765
72373,18.2,-2.0,0.006154156809899846
72374,18.2,-1.0,0.0023925721042056835
72375,18.2,0.0,0.0005663897474538404
72376,18.2,1.0,0.0029241996602948728
72377,18.2,2.0,0.009017344451356109
72378,18.2,3.0,0.018405192547733984
72379,18.2,4.0,0.009504245558824516
72380,18.2,5.0,0.00445827012069296
72381,18.2,6.0,0.012259431143866883
72382,18.2,7.0,0.024957404814745964
72383,18.2,8.0,0.013473932837084309
72384,18.2,9.0,0.016080891640191775
72385,18.2,10.0,0.031899227557550015
72386,18.2,11.0,0.015916620342766485
72387,18.2,12.0,0.0068554577612558116
72388,18.2,13.0,0.02204289899177276
72389,18.2,14.0,0.04681440351749994
72390,18.2,15.0,0.024057666414022953
72391,18.2,16.0,0.03306659360168808
72392,18.2,17.0,0.07056031486042431
72393,18.2,18.0,0.032009477999695536
72394,18.2,19.0,0.010366406101047327
72395,18.2,20.0,0.030915651265306675
72396,18.2,21.0,0.06628704457014827
72397,18.2,22.0,0.031841224938325315
72398,18.2,23.0,0.02474930239922619
72399,18.2,24.0,0.04756492409976315
72400,18.2,25.0,0.022741946792014845
72401,18.2,26.0,0.0075237396027232825
72402,18.2,27.0,0.016913281647032805
72403,18.2,28.0,0.03344782624075599
72404,18.2,29.0,0.01697815010000191
72405,18.2,30.0,0.014348873785795786
72406,18.2,31.0,0.02642533889746527
72407,18.2,32.0,0.0129950663461139
72408,18.2,33.0,0.004739047823745569
72409,18.2,34.0,0.010115080270729725
72410,18.2,35.0,0.019613336030805315
72411,18.2,36.0,0.00992328019006533
72412,18.2,37.0,0.008509449395855632
72413,18.2,38.0,0.01579947137526585
72414,18.2,39.0,0.00787293686611909
72415,18.2,40.0,0.006760417610944795
72416,18.2,41.0,0.01278410388248419
72417,18.2,42.0,0.005992019240149836
72418,18.2,43.0,0.0018268957580405533
72419,18.2,44.0,0.004688420339585625
72420,18.2,45.0,0.009730563591091266
72421,18.2,46.0,0.004407098513424215
72422,18.2,47.0,0.0009638799529071651
72423,18.2,48.0,0.0006212689010194898
72424,18.2,49.0,0.0005263615630809108
72425,18.2,50.0,0.00044550769122094104
72426,18.2,51.0,0.0003750764877611335
72427,18.2,52.0,0.0003156622667423583
72428,18.2,53.0,0.00040144232465095245
72429,18.2,54.0,0.0022873899284138527
72430,18.2,55.0,0.00526363518382546
72431,18.2,56.0,0.002217069519066119
72432,18.2,57.0,0.0002592306270420783
72433,18.2,58.0,9.842787827887172e-05
72434,18.2,59.0,7.81488648643006e-05
72435,18.2,60.0,6.271086232009639e-05
72436,18.2,61.0,5.0057034117584035e-05
72437,18.2,62.0,3.974418256856309e-05
72438,18.2,63.0,3.138832434979795e-05
72439,18.2,64.0,2.465748637489087e-05
72440,18.2,65.0,1.9267065748973286e-05
72441,18.2,66.0,1.4975056323894299e-05
72442,18.2,67.0,1.1577304529871543e-05
72443,18.2,68.0,8.902921770364842e-06
72444,18.2,69.0,6.8099475169374366e-06
72445,18.2,70.0,5.181327930762456e-06
72446,18.2,71.0,3.9212497379220455e-06
72447,18.2,72.0,2.9518482875391337e-06
72448,18.2,73.0,2.2102920951954893e-06
72449,18.2,74.0,1.6462334262849723e-06
72450,18.3,-75.0,4.717642587851306e-13
72451,18.3,-74.0,7.73489207952349e-13
72452,18.3,-73.0,1.2614486880763473e-12
72453,18.3,-72.0,2.046308120720067e-12
72454,18.3,-71.0,3.3018593802511395e-12
72455,18.3,-70.0,5.299467424318307e-12
72456,18.3,-69.0,8.460421257077037e-12
72457,18.3,-68.0,1.343500573377363e-11
72458,18.3,-67.0,2.1221194800632015e-11
72459,18.3,-66.0,3.334171350406724e-11
72460,18.3,-65.0,5.210652445581712e-11
72461,18.3,-64.0,8.099951246432059e-11
72462,18.3,-63.0,1.252445425793197e-10
72463,18.3,-62.0,1.9262884678593967e-10
72464,18.3,-61.0,2.946930855405349e-10
72465,18.3,-60.0,4.484403420004264e-10
72466,18.3,-59.0,6.787744899400679e-10
72467,18.3,-58.0,1.0219566100816103e-09
72468,18.3,-57.0,1.5304724288944446e-09
72469,18.3,-56.0,2.2798415906522713e-09
72470,18.3,-55.0,3.378080098904945e-09
72471,18.3,-54.0,4.978761514349371e-09
72472,18.3,-53.0,7.298923558668489e-09
72473,18.3,-52.0,1.0643449870356617e-08
72474,18.3,-51.0,1.5438039109725066e-08
72475,18.3,-50.0,2.227347461811081e-08
72476,18.3,-49.0,3.196464801673714e-08
72477,18.3,-48.0,4.5628690718368595e-08
72478,18.3,-47.0,6.478764896323446e-08
72479,18.3,-46.0,9.150241901810147e-08
72480,18.3,-45.0,1.2854615332613597e-07
72481,18.3,-44.0,1.7962706183389576e-07
72482,18.3,-43.0,2.496724604020287e-07
72483,18.3,-42.0,3.4518803951942084e-07
72484,18.3,-41.0,4.7470860035563975e-07
72485,18.3,-40.0,6.493588644255591e-07
72486,18.3,-39.0,8.835453091544962e-07
72487,18.3,-38.0,1.1958021787680775e-06
72488,18.3,-37.0,1.6098166908298092e-06
72489,18.3,-36.0,2.155660193805645e-06
72490,18.3,-35.0,2.872591128765647e-06
72491,18.3,-34.0,4.526935496074161e-06
72492,18.3,-33.0,6.95807665333183e-05
72493,18.3,-32.0,0.0009628705739887549
72494,18.3,-31.0,0.002357909645486393
72495,18.3,-30.0,0.0010416109045280832
72496,18.3,-29.0,0.0011772210697987972
72497,18.3,-28.0,0.0027164519944741436
72498,18.3,-27.0,0.001122904644944816
72499,18.3,-26.0,0.0001936920074022744
72500,18.3,-25.0,0.0013671990486252552
72501,18.3,-24.0,0.0033118284102678732
72502,18.3,-23.0,0.001492106145007128
72503,18.3,-22.0,0.0017035114381690256
72504,18.3,-21.0,0.0038751567838077737
72505,18.3,-20.0,0.0016540710349167973
72506,18.3,-19.0,0.00036835163634355006
72507,18.3,-18.0,0.0020576190891916906
72508,18.3,-17.0,0.004846411202729679
72509,18.3,-16.0,0.0022838263234434704
72510,18.3,-15.0,0.0026366856178337886
72511,18.3,-14.0,0.005798630306116085
72512,18.3,-13.0,0.0026336341948556873
72513,18.3,-12.0,0.000821309266047165
72514,18.3,-11.0,0.003345160344098729
72515,18.3,-10.0,0.007488300376752399
72516,18.3,-9.0,0.0037741865545955888
72517,18.3,-8.0,0.004391289810980543
72518,18.3,-7.0,0.009174486981043378
72519,18.3,-6.0,0.004494005669020398
72520,18.3,-5.0,0.0018385457830198755
72521,18.3,-4.0,0.005767397637612531
72522,18.3,-3.0,0.012180933399674238
72523,18.3,-2.0,0.006170998139087196
72524,18.3,-1.0,0.0023941499723832
72525,18.3,0.0,0.0005724619170141844
72526,18.3,1.0,0.0029293286020659584
72527,18.3,2.0,0.009044213279784939
72528,18.3,3.0,0.018465254639565578
72529,18.3,4.0,0.00953552730727291
72530,18.3,5.0,0.004473616871548966
72531,18.3,6.0,0.01229586211788036
72532,18.3,7.0,0.025027617038020554
72533,18.3,8.0,0.013517790855358909
72534,18.3,9.0,0.016122940441301484
72535,18.3,10.0,0.03196592876012928
72536,18.3,11.0,0.01596466675536324
72537,18.3,12.0,0.006891403629857904
72538,18.3,13.0,0.02205929375298484
72539,18.3,14.0,0.04679948441984149
72540,18.3,15.0,0.02406560692234077
72541,18.3,16.0,0.03287901008617029
72542,18.3,17.0,0.0700318932986725
72543,18.3,18.0,0.031830486390962774
72544,18.3,19.0,0.010258445941181395
72545,18.3,20.0,0.030993994315344647
72546,18.3,21.0,0.06656148341275676
72547,18.3,22.0,0.03193046353866663
72548,18.3,23.0,0.02474747974529902
72549,18.3,24.0,0.0476011275513687
72550,18.3,25.0,0.02273980834897132
72551,18.3,26.0,0.007498307161579531
72552,18.3,27.0,0.016886627575089075
72553,18.3,28.0,0.033419830779220935
72554,18.3,29.0,0.016958173891648633
72555,18.3,30.0,0.0143255563828963
72556,18.3,31.0,0.026389747609165914
72557,18.3,32.0,0.012977775119465126
72558,18.3,33.0,0.004733270934218151
72559,18.3,34.0,0.010099698826736928
72560,18.3,35.0,0.01958034341868052
72561,18.3,36.0,0.009910357340207758
72562,18.3,37.0,0.008497791141052254
72563,18.3,38.0,0.015770275570818233
72564,18.3,39.0,0.007863058347289273
72565,18.3,40.0,0.006751717568708699
72566,18.3,41.0,0.0127582406678391
72567,18.3,42.0,0.005984725342641428
72568,18.3,43.0,0.0018306627120915767
72569,18.3,44.0,0.004682397211346614
72570,18.3,45.0,0.00970790142056923
72571,18.3,46.0,0.004400667979443546
72572,18.3,47.0,0.0009677063219449157
72573,18.3,48.0,0.0006255191303946119
72574,18.3,49.0,0.0005302678801351294
72575,18.3,50.0,0.0004490531965506761
72576,18.3,51.0,0.0003782629235126819
72577,18.3,52.0,0.00031849345830539227
72578,18.3,53.0,0.000403406582868183
72579,18.3,54.0,0.002281586701351756
72580,18.3,55.0,0.005245904359963619
72581,18.3,56.0,0.002210713164775455
72582,18.3,57.0,0.0002600910380782321
72583,18.3,58.0,9.96097379500355e-05
72584,18.3,59.0,7.914937646929553e-05
72585,18.3,60.0,6.354761434485471e-05
72586,18.3,61.0,5.075197904451721e-05
72587,18.3,62.0,4.031742867412225e-05
72588,18.3,63.0,3.18580198216885e-05
72589,18.3,64.0,2.5039798948735785e-05
72590,18.3,65.0,1.9576227541596703e-05
72591,18.3,66.0,1.5223456783758626e-05
72592,18.3,67.0,1.1775616693372473e-05
72593,18.3,68.0,9.060249344432237e-06
72594,18.3,69.0,6.933982588813419e-06
72595,18.3,70.0,5.2785112463863e-06
72596,18.3,71.0,3.996927430066583e-06
72597,18.3,72.0,3.0104206370337303e-06
72598,18.3,73.0,2.255351356959818e-06
72599,18.3,74.0,1.6806889464962414e-06
72600,18.4,-75.0,4.536002645706968e-13
72601,18.4,-74.0,7.441044670777504e-13
72602,18.4,-73.0,1.2141731697471296e-12
72603,18.4,-72.0,1.9706679766642084e-12
72604,18.4,-71.0,3.1815034201087103e-12
72605,18.4,-70.0,5.109018049877636e-12
72606,18.4,-69.0,8.16072206616567e-12
72607,18.4,-68.0,1.2965994848994544e-11
72608,18.4,-67.0,2.04912857636772e-11
72609,18.4,-66.0,3.22120735855311e-11
72610,18.4,-65.0,5.036794855057379e-11
72611,18.4,-64.0,7.833862607007055e-11
72612,18.4,-63.0,1.2119473287472865e-10
72613,18.4,-62.0,1.8649949008485602e-10
72614,18.4,-61.0,2.854681491793185e-10
72615,18.4,-60.0,4.346340809497879e-10
72616,18.4,-59.0,6.58227471412719e-10
72617,18.4,-58.0,9.915493586827575e-10
72618,18.4,-57.0,1.4857261945241332e-09
72619,18.4,-56.0,2.2143656267418276e-09
72620,18.4,-55.0,3.282811841790518e-09
72621,18.4,-54.0,4.8409295350404585e-09
72622,18.4,-53.0,7.10064240046914e-09
72623,18.4,-52.0,1.0359830117898849e-08
72624,18.4,-51.0,1.5034664461789585e-08
72625,18.4,-50.0,2.1703059591507222e-08
72626,18.4,-49.0,3.11626445290573e-08
72627,18.4,-48.0,4.4507558729607554e-08
72628,18.4,-47.0,6.322944549201432e-08
72629,18.4,-46.0,8.934929159969394e-08
72630,18.4,-45.0,1.255882494919425e-07
72631,18.4,-44.0,1.7558728759449603e-07
72632,18.4,-43.0,2.44187441403993e-07
72633,18.4,-42.0,3.377845634871174e-07
72634,18.4,-41.0,4.6477475547202953e-07
72635,18.4,-40.0,6.361090444701433e-07
72636,18.4,-39.0,8.659782439274823e-07
72637,18.4,-38.0,1.1726511815553547e-06
72638,18.4,-37.0,1.5794914099015587e-06
72639,18.4,-36.0,2.116179333448674e-06
72640,18.4,-35.0,2.821513831097901e-06
72641,18.4,-34.0,4.465534460845891e-06
72642,18.4,-33.0,6.988005064764766e-05
72643,18.4,-32.0,0.0009684395609933439
72644,18.4,-31.0,0.00237171706850158
72645,18.4,-30.0,0.0010475484622764597
72646,18.4,-29.0,0.0011837832898225235
72647,18.4,-28.0,0.0027318848273281196
72648,18.4,-27.0,0.0011289783034697251
72649,18.4,-26.0,0.00019423940412737316
72650,18.4,-25.0,0.001374225387710122
72651,18.4,-24.0,0.003329665071618923
72652,18.4,-23.0,0.001499486958048054
72653,18.4,-22.0,0.0017116638210493069
72654,18.4,-21.0,0.003894963875810711
72655,18.4,-20.0,0.0016614144065583382
72656,18.4,-19.0,0.0003683059541829708
72657,18.4,-18.0,0.0020660753817229585
72658,18.4,-17.0,0.004869098598624277
72659,18.4,-16.0,0.002292592994439042
72660,18.4,-15.0,0.0026464187904255143
72661,18.4,-14.0,0.005823738447503938
72662,18.4,-13.0,0.0026422334271454214
72663,18.4,-12.0,0.0008201590843329317
72664,18.4,-11.0,0.003355280261446883
72665,18.4,-10.0,0.007517275195435523
72666,18.4,-9.0,0.0037849920006462895
72667,18.4,-8.0,0.004403543440005422
72668,18.4,-7.0,0.009207178330842945
72669,18.4,-6.0,0.004505528438376879
72670,18.4,-5.0,0.0018378394374058934
72671,18.4,-4.0,0.0057818070547322655
72672,18.4,-3.0,0.012220333077307265
72673,18.4,-2.0,0.006186689795474463
72674,18.4,-1.0,0.00239517008101462
72675,18.4,0.0,0.0005784889275712993
72676,18.4,1.0,0.0029337832080325267
72677,18.4,2.0,0.00906941058176737
72678,18.4,3.0,0.018522118639803156
72679,18.4,4.0,0.009565036612743294
72680,18.4,5.0,0.0044880010474973985
72681,18.4,6.0,0.01233010800724893
72682,18.4,7.0,0.02509365807548677
72683,18.4,8.0,0.013559288375366676
72684,18.4,9.0,0.016162353861190356
72685,18.4,10.0,0.03202772715188204
72686,18.4,11.0,0.016010143678875675
72687,18.4,12.0,0.006926193963184236
72688,18.4,13.0,0.022073436732282493
72689,18.4,14.0,0.046780448642596284
72690,18.4,15.0,0.02407220005333375
72691,18.4,16.0,0.03270310605246757
72692,18.4,17.0,0.06953366616645489
72693,18.4,18.0,0.031663377399631605
72694,18.4,19.0,0.01015315404735477
72695,18.4,20.0,0.031076010470159513
72696,18.4,21.0,0.06684542798943681
72697,18.4,22.0,0.03202325523847005
72698,18.4,23.0,0.02474540119182444
72699,18.4,24.0,0.047636796378275746
72700,18.4,25.0,0.022737097420981203
72701,18.4,26.0,0.007472250155424067
72702,18.4,27.0,0.016858900215897282
72703,18.4,28.0,0.03339007025117415
72704,18.4,29.0,0.016937111879897816
72705,18.4,30.0,0.014301186736091388
72706,18.4,31.0,0.026352485607805277
72707,18.4,32.0,0.012959515108698461
72708,18.4,33.0,0.0047269628029581665
72709,18.4,34.0,0.010083496883844743
72710,18.4,35.0,0.01954601333403898
72711,18.4,36.0,0.009896663982329239
72712,18.4,37.0,0.008485456087412906
72713,18.4,38.0,0.015740001387291376
72714,18.4,39.0,0.007852580511835443
72715,18.4,40.0,0.006742500434028558
72716,18.4,41.0,0.01273152748214767
72717,18.4,42.0,0.005976994886612287
72718,18.4,43.0,0.0018342518548900056
72719,18.4,44.0,0.004676044094363318
72720,18.4,45.0,0.009684628553766741
72721,18.4,46.0,0.004393947319681578
72722,18.4,47.0,0.0009714521813884028
72723,18.4,48.0,0.0006297166143707688
72724,18.4,49.0,0.0005341334146203852
72725,18.4,50.0,0.00045256779951501075
72726,18.4,51.0,0.0003814266044279829
72727,18.4,52.0,0.00032130842091608114
72728,18.4,53.0,0.0004053521022994722
72729,18.4,54.0,0.0022756601155690813
72730,18.4,55.0,0.005227883557194169
72731,18.4,56.0,0.0022042389543161026
72732,18.4,57.0,0.00026094402550496217
72733,18.4,58.0,0.0001007931139657294
72734,18.4,59.0,8.015222798825493e-05
72735,18.4,60.0,6.438712030429767e-05
72736,18.4,61.0,5.144985106389334e-05
72737,18.4,62.0,4.08936010225368e-05
72738,18.4,63.0,3.233052050377769e-05
72739,18.4,64.0,2.5424718032178165e-05
72740,18.4,65.0,1.9887752255452904e-05
72741,18.4,66.0,1.547395625859423e-05
72742,18.4,67.0,1.1975761434819842e-05
72743,18.4,68.0,9.21915283165157e-06
72744,18.4,69.0,7.059354651207734e-06
72745,18.4,70.0,5.376815004991181e-06
72746,18.4,71.0,4.073533530928221e-06
72747,18.4,72.0,3.0697542136856156e-06
72748,18.4,73.0,2.301028619519678e-06
72749,18.4,74.0,1.7156415042102303e-06
72750,18.5,-75.0,4.3603721895046133e-13
72751,18.5,-74.0,7.156745322652079e-13
72752,18.5,-73.0,1.1684057138836113e-12
72753,18.5,-72.0,1.8973955992617363e-12
72754,18.5,-71.0,3.064842866480892e-12
72755,18.5,-70.0,4.9243016078994796e-12
72756,18.5,-69.0,7.86986322321452e-12
72757,18.5,-68.0,1.251053353333613e-11
72758,18.5,-67.0,1.9782017681583547e-11
72759,18.5,-66.0,3.111368479118905e-11
72760,18.5,-65.0,4.867639616465196e-11
72761,18.5,-64.0,7.574805643188854e-11
72762,18.5,-63.0,1.172494134000355e-10
72763,18.5,-62.0,1.8052442517125193e-10
72764,18.5,-61.0,2.7646959135528406e-10
72765,18.5,-60.0,4.2115782885167957e-10
72766,18.5,-59.0,6.381584049246072e-10
72767,18.5,-58.0,9.618297742262076e-10
72768,18.5,-57.0,1.4419627731911594e-09
72769,18.5,-56.0,2.1502848176570085e-09
72770,18.5,-55.0,3.1895105103503723e-09
72771,18.5,-54.0,4.7058512622627034e-09
72772,18.5,-53.0,6.9061890982311154e-09
72773,18.5,-52.0,1.008149285597933e-08
72774,18.5,-51.0,1.4638525766291343e-08
72775,18.5,-50.0,2.114248116967096e-08
72776,18.5,-49.0,3.03739086947527e-08
72777,18.5,-48.0,4.340417823391261e-08
72778,18.5,-47.0,6.169479482164142e-08
72779,18.5,-46.0,8.722714341296949e-08
72780,18.5,-45.0,1.2267072375297722e-07
72781,18.5,-44.0,1.7159964014215123e-07
72782,18.5,-43.0,2.3876903640496096e-07
72783,18.5,-42.0,3.304652952834593e-07
72784,18.5,-41.0,4.549461164312258e-07
72785,18.5,-40.0,6.229889854456788e-07
72786,18.5,-39.0,8.485689541327674e-07
72787,18.5,-38.0,1.1496889389200816e-06
72788,18.5,-37.0,1.5493877377900122e-06
72789,18.5,-36.0,2.076952866244667e-06
72790,18.5,-35.0,2.770720322518994e-06
72791,18.5,-34.0,4.404341103950299e-06
72792,18.5,-33.0,7.01709020072178e-05
72793,18.5,-32.0,0.0009738793248855535
72794,18.5,-31.0,0.0023852065561249694
72795,18.5,-30.0,0.0010533465200713303
72796,18.5,-29.0,0.001190186894562297
72797,18.5,-28.0,0.002746949310808074
72798,18.5,-27.0,0.0011349012129243641
72799,18.5,-26.0,0.0001947628814502472
72800,18.5,-25.0,0.0013810662758119185
72801,18.5,-24.0,0.003347048614000631
72802,18.5,-23.0,0.0015066651519055592
72803,18.5,-22.0,0.0017195828119838032
72804,18.5,-21.0,0.003914235887393511
72805,18.5,-20.0,0.00166853020000712
72806,18.5,-19.0,0.0003682098620794222
72807,18.5,-18.0,0.0020742430179505854
72808,18.5,-17.0,0.004891104697555795
72809,18.5,-16.0,0.0023010347298533106
72810,18.5,-15.0,0.002655772057755322
72811,18.5,-14.0,0.0058480160440216545
72812,18.5,-13.0,0.002650443890316413
72813,18.5,-12.0,0.0008188696155632916
72814,18.5,-11.0,0.0033648935164851362
72815,18.5,-10.0,0.007545143748673483
72816,18.5,-9.0,0.0037952108630177755
72817,18.5,-8.0,0.0044151081528450205
72818,18.5,-7.0,0.009238480201779226
72819,18.5,-6.0,0.004516320453506462
72820,18.5,-5.0,0.0018367689147178168
72821,18.5,-4.0,0.005795266419194038
72822,18.5,-3.0,0.012257834360594761
72823,18.5,-2.0,0.006201336473966455
72824,18.5,-1.0,0.002395675531574221
72825,18.5,0.0,0.000584478631553564
72826,18.5,1.0,0.002937613924879409
72827,18.5,2.0,0.009093086960741395
72828,18.5,3.0,0.018576089735975892
72829,18.5,4.0,0.009592930080618498
72830,18.5,5.0,0.004501494550296776
72831,18.5,6.0,0.012362370893495227
72832,18.5,7.0,0.025155942504129194
72833,18.5,8.0,0.013598644681632766
72834,18.5,9.0,0.016199394579958774
72835,18.5,10.0,0.032085152231982106
72836,18.5,11.0,0.016053307145744614
72837,18.5,12.0,0.006959926629400086
72838,18.5,13.0,0.022085649920784687
72839,18.5,14.0,0.04675798591532085
72840,18.5,15.0,0.024077678136133807
72841,18.5,16.0,0.032537636331730554
72842,18.5,17.0,0.06906243314774117
72843,18.5,18.0,0.03150688804315274
72844,18.5,19.0,0.010050286366569378
72845,18.5,20.0,0.031161953218912627
72846,18.5,21.0,0.06713951406593464
72847,18.5,22.0,0.03211985327930197
72848,18.5,23.0,0.024743051162929734
72849,18.5,24.0,0.04767185837228608
72850,18.5,25.0,0.022733779409697882
72851,18.5,26.0,0.007445555815645429
72852,18.5,27.0,0.016830057189606746
72853,18.5,28.0,0.03335845368498161
72854,18.5,29.0,0.016914919021902012
72855,18.5,30.0,0.014275725472367379
72856,18.5,31.0,0.02631347674559373
72857,18.5,32.0,0.01294024887688481
72858,18.5,33.0,0.00472010955383668
72859,18.5,34.0,0.010066444253893277
72860,18.5,35.0,0.019510287381485972
72861,18.5,36.0,0.009882169424229554
72862,18.5,37.0,0.008472417573951545
72863,18.5,38.0,0.01570860116432009
72864,18.5,39.0,0.007841478129810531
72865,18.5,40.0,0.006732744307577914
72866,18.5,41.0,0.012703925638724694
72867,18.5,42.0,0.005968808201014456
72868,18.5,43.0,0.0018376552657496353
72869,18.5,44.0,0.004669345463971533
72870,18.5,45.0,0.00966071593555053
72871,18.5,46.0,0.004386922168731031
72872,18.5,47.0,0.0009751127498298946
72873,18.5,48.0,0.0006338577224781919
72874,18.5,49.0,0.0005379550101392806
72875,18.5,50.0,0.00045604877191969144
72876,18.5,51.0,0.00038456519091595553
72877,18.5,52.0,0.0003241051599831651
72878,18.5,53.0,0.0004072768411034391
72879,18.5,54.0,0.0022696034079139043
72880,18.5,55.0,0.005209558453139288
72881,18.5,56.0,0.0021976405685351164
72882,18.5,57.0,0.0002617884407525845
72883,18.5,58.0,0.00010197736456598961
72884,18.5,59.0,8.115690700465725e-05
72885,18.5,60.0,6.522897204028701e-05
72886,18.5,61.0,5.215032795004511e-05
72887,18.5,62.0,4.147244756053802e-05
72888,18.5,63.0,3.280563110583718e-05
72889,18.5,64.0,2.5812093812438814e-05
72890,18.5,65.0,2.0201526158708794e-05
72891,18.5,66.0,1.5726469357059232e-05
72892,18.5,67.0,1.2177675394774203e-05
72893,18.5,68.0,9.3795858176871e-06
72894,18.5,69.0,7.186030177401418e-06
72895,18.5,70.0,5.4762153664187445e-06
72896,18.5,71.0,4.151051389775246e-06
72897,18.5,72.0,3.129837630658452e-06
72898,18.5,73.0,2.3473162929779683e-06
72899,18.5,74.0,1.7510862029593296e-06
72900,18.6,-75.0,4.190660703021044e-13
72901,18.6,-74.0,6.881860907359707e-13
72902,18.6,-73.0,1.1241270261165491e-12
72903,18.6,-72.0,1.8264634896918835e-12
72904,18.6,-71.0,2.9518392884328033e-12
72905,18.6,-70.0,4.745265647184929e-12
72906,18.6,-69.0,7.587775248346547e-12
72907,18.6,-68.0,1.206853334222878e-11
72908,18.6,-67.0,1.909328425473076e-11
72909,18.6,-66.0,3.0046430773119794e-11
72910,18.6,-65.0,4.7031761849075554e-11
72911,18.6,-64.0,7.322775406963829e-11
72912,18.6,-63.0,1.134086780540226e-10
72913,18.6,-62.0,1.747040486288933e-10
72914,18.6,-61.0,2.6769838959243827e-10
72915,18.6,-60.0,4.080136150551783e-10
72916,18.6,-59.0,6.185711488431625e-10
72917,18.6,-58.0,9.328048006357077e-10
72918,18.6,-57.0,1.399194190368004e-09
72919,18.6,-56.0,2.08761939230148e-09
72920,18.6,-55.0,3.0982093524527803e-09
72921,18.6,-54.0,4.5735802973786865e-09
72922,18.6,-53.0,6.715648647907152e-09
72923,18.6,-52.0,9.80857091470046e-09
72924,18.6,-51.0,1.4249827912721025e-08
72925,18.6,-50.0,2.0592051648972457e-08
72926,18.6,-49.0,2.959891130713565e-08
72927,18.6,-48.0,4.231925169372991e-08
72928,18.6,-47.0,6.018473495792377e-08
72929,18.6,-46.0,8.513749419867545e-08
72930,18.6,-45.0,1.1979578160557485e-07
72931,18.6,-44.0,1.6766729310884285e-07
72932,18.6,-43.0,2.3342177484200026e-07
72933,18.6,-42.0,3.232366481172162e-07
72934,18.6,-41.0,4.45231693575748e-07
72935,18.6,-40.0,6.100112511546822e-07
72936,18.6,-39.0,8.313348291352829e-07
72937,18.6,-38.0,1.1269393449011562e-06
72938,18.6,-37.0,1.519538272559876e-06
72939,18.6,-36.0,2.038024953057965e-06
72940,18.6,-35.0,2.7202700315428328e-06
72941,18.6,-34.0,4.343444126173569e-06
72942,18.6,-33.0,7.04542583415448e-05
72943,18.6,-32.0,0.0009792023328933067
72944,18.6,-31.0,0.0023984085777042667
72945,18.6,-30.0,0.0010590186032160495
72946,18.6,-29.0,0.0011964472330999933
72947,18.6,-28.0,0.002761680747989803
72948,18.6,-27.0,0.0011406881003275398
72949,18.6,-26.0,0.00019526520115526995
72950,18.6,-25.0,0.0013877398103838443
72951,18.6,-24.0,0.003364022513599186
72952,18.6,-23.0,0.0015136606241772585
72953,18.6,-22.0,0.0017272912529288458
72954,18.6,-21.0,0.003933024183989474
72955,18.6,-20.0,0.001675440890150122
72956,18.6,-19.0,0.00036806920104845696
72957,18.6,-18.0,0.0020821502813518295
72958,18.6,-17.0,0.00491249473266411
72959,18.6,-16.0,0.002309183257710187
72960,18.6,-15.0,0.002664782220518298
72961,18.6,-14.0,0.005871542118294339
72962,18.6,-13.0,0.0026583029379700293
72963,18.6,-12.0,0.0008174545016279534
72964,18.6,-11.0,0.003374047887158801
72965,18.6,-10.0,0.007572009669268679
72966,18.6,-9.0,0.003804897344040692
72967,18.6,-8.0,0.004426047069211448
72968,18.6,-7.0,0.009268520722492483
72969,18.6,-6.0,0.004526446762903529
72970,18.6,-5.0,0.0018353635362417461
72971,18.6,-4.0,0.005807859065269474
72972,18.6,-3.0,0.012293608638650122
72973,18.6,-2.0,0.006215026993147825
72974,18.6,-1.0,0.002395703059446274
72975,18.6,0.0,0.000590437647049035
72976,18.6,1.0,0.0029408636109947354
72977,18.6,2.0,0.009115369890744868
72978,18.6,3.0,0.01862742601293969
72979,18.6,4.0,0.009619340128843327
72980,18.6,5.0,0.004514158108351693
72981,18.6,6.0,0.012392821355050626
72982,18.6,7.0,0.02521482026868913
72983,18.6,8.0,0.013636044633667395
72984,18.6,9.0,0.016234283547955346
72985,18.6,10.0,0.03213864948923219
72986,18.6,11.0,0.01609437223256516
72987,18.6,12.0,0.006992683015068045
72988,18.6,13.0,0.022096198059114225
72989,18.6,14.0,0.04673266233035392
72990,18.6,15.0,0.02408223049436524
72991,18.6,16.0,0.032381555561715424
72992,18.6,17.0,0.06861550954625856
72993,18.6,18.0,0.03135995834096315
72994,18.6,19.0,0.009949636179356876
72995,18.6,20.0,0.03125209812724914
72996,18.6,21.0,0.06744443353274983
72997,18.6,22.0,0.032220532163041514
72998,18.6,23.0,0.024740407467057815
72999,18.6,24.0,0.047706224067003186
73000,18.6,25.0,0.02272981157805565
73001,18.6,26.0,0.0074182087930894465
73002,18.6,27.0,0.016800049547119462
73003,18.6,28.0,0.033324876637001816
73004,18.6,29.0,0.016891543592510973
73005,18.6,30.0,0.014249127650446022
73006,18.6,31.0,0.026272634361295573
73007,18.6,32.0,0.012919933892616798
73008,18.6,33.0,0.00471269553875799
73009,18.6,34.0,0.01004850682579426
73010,18.6,35.0,0.019473099458631894
73011,18.6,36.0,0.009866839071783873
73012,18.6,37.0,0.008458645606844823
73013,18.6,38.0,0.01567602106036364
73014,18.6,39.0,0.00782972285587292
73015,18.6,40.0,0.00672242461714319
73016,18.6,41.0,0.012675391463583192
73017,18.6,42.0,0.005960143224343647
73018,18.6,43.0,0.0018408642276267599
73019,18.6,44.0,0.004662283920663912
73020,18.6,45.0,0.009636130734441726
73021,18.6,46.0,0.004379576397658319
73022,18.6,47.0,0.0009786827866250425
73023,18.6,48.0,0.0006379384998230054
73024,18.6,49.0,0.0005417292278554081
73025,18.6,50.0,0.00045949314024490906
73026,18.6,51.0,0.0003876761314571498
73027,18.6,52.0,0.0003268814982730356
73028,18.6,53.0,0.0004091785504667994
73029,18.6,54.0,0.0022634089214027377
73030,18.6,55.0,0.005190912743244799
73031,18.6,56.0,0.0021909108328396695
73032,18.6,57.0,0.00026262300554081387
73033,18.6,58.0,0.00010316178242561739
73034,18.6,59.0,8.216284746175175e-05
73035,18.6,60.0,6.607271738401726e-05
73036,18.6,61.0,5.285305158071017e-05
73037,18.6,62.0,4.2053687130990614e-05
73038,18.6,63.0,3.328313288275514e-05
73039,18.6,64.0,2.6201757688580587e-05
73040,18.6,65.0,2.0517420561080315e-05
73041,18.6,66.0,1.59808988513017e-05
73042,18.6,67.0,1.2381285905327488e-05
73043,18.6,68.0,9.541494613205118e-06
73044,18.6,69.0,7.3139699903995806e-06
73045,18.6,70.0,5.576684129671659e-06
73046,18.6,71.0,4.22946101150277e-06
73047,18.6,72.0,3.190656952623346e-06
73048,18.6,73.0,2.3942048578942445e-06
73049,18.6,74.0,1.7870166948148497e-06
73050,18.7,-75.0,4.026760733762851e-13
73051,18.7,-74.0,6.61623016947415e-13
73052,18.7,-73.0,1.0813131713510682e-12
73053,18.7,-72.0,1.7578365422378584e-12
73054,18.7,-71.0,2.842441866296018e-12
73055,18.7,-70.0,4.571837668562261e-12
73056,18.7,-69.0,7.314356424127937e-12
73057,18.7,-68.0,1.1639854317275497e-11
73058,18.7,-67.0,1.8424897379278272e-11
73059,18.7,-66.0,2.9010066080402286e-11
73060,18.7,-65.0,4.5433737655903526e-11
73061,18.7,-64.0,7.07773538203534e-11
73062,18.7,-63.0,1.0967213159287682e-10
73063,18.7,-62.0,1.6903800370327028e-10
73064,18.7,-61.0,2.5915436815450076e-10
73065,18.7,-60.0,3.952017139814232e-10
73066,18.7,-59.0,5.994669069484332e-10
73067,18.7,-58.0,9.044773901982503e-10
73068,18.7,-57.0,1.3574265048700656e-09
73069,18.7,-56.0,2.026380713195475e-09
73070,18.7,-55.0,3.0089285179330273e-09
73071,18.7,-54.0,4.444151005603329e-09
73072,18.7,-53.0,6.529077959412084e-09
73073,18.7,-52.0,9.541156355101228e-09
73074,18.7,-51.0,1.3868716954174736e-08
73075,18.7,-50.0,2.005199890617887e-08
73076,18.7,-49.0,2.883800273106764e-08
73077,18.7,-48.0,4.125331076288459e-08
73078,18.7,-47.0,5.870006303180231e-08
73079,18.7,-46.0,8.308152595939495e-08
73080,18.7,-45.0,1.1696515769723979e-07
73081,18.7,-44.0,1.6379276744527534e-07
73082,18.7,-43.0,2.2814928656224357e-07
73083,18.7,-42.0,3.161038023275336e-07
73084,18.7,-41.0,4.356388171907434e-07
73085,18.7,-40.0,5.971861288839291e-07
73086,18.7,-39.0,8.142901909599291e-07
73087,18.7,-38.0,1.104422183904647e-06
73088,18.7,-37.0,1.489970137087751e-06
73089,18.7,-36.0,1.9994325011272548e-06
73090,18.7,-35.0,2.6702128281490403e-06
73091,18.7,-34.0,4.282918346073159e-06
73092,18.7,-33.0,7.07309192988572e-05
73093,18.7,-32.0,0.0009844192275478975
73094,18.7,-31.0,0.002411349144461285
73095,18.7,-30.0,0.0010645762581643148
73096,18.7,-29.0,0.0012025774109062151
73097,18.7,-28.0,0.002776109282299002
73098,18.7,-27.0,0.0011463515421041648
73099,18.7,-26.0,0.00019574872537718102
73100,18.7,-25.0,0.0013942614522655678
73101,18.7,-24.0,0.0033806239070818373
73102,18.7,-23.0,0.0015204903796414483
73103,18.7,-22.0,0.0017348086703014563
73104,18.7,-21.0,0.00395137266045956
73105,18.7,-20.0,0.0016821657026217505
73106,18.7,-19.0,0.00036788899787129625
73107,18.7,-18.0,0.002089821382188588
73108,18.7,-17.0,0.0049333244935462674
73109,18.7,-16.0,0.0023170657561355705
73110,18.7,-15.0,0.0026734808103780266
73111,18.7,-14.0,0.005894384299578894
73112,18.7,-13.0,0.002665842609675204
73113,18.7,-12.0,0.0008159255391105493
73114,18.7,-11.0,0.003382784371673088
73115,18.7,-10.0,0.0075979617254572866
73116,18.7,-9.0,0.003814097979028764
73117,18.7,-8.0,0.004436414378003762
73118,18.7,-7.0,0.009297409694425267
73119,18.7,-6.0,0.004535963246576556
73120,18.7,-5.0,0.0018336486464539904
73121,18.7,-4.0,0.005819656554519488
73122,18.7,-3.0,0.012327802810321477
73123,18.7,-2.0,0.006227837617592403
73124,18.7,-1.0,0.0023952843650356928
73125,18.7,0.0,0.0005963716218049506
73126,18.7,1.0,0.0029435691305712726
73127,18.7,2.0,0.009136368564756036
73128,18.7,3.0,0.018676348319473346
73129,18.7,4.0,0.009644380065541672
73130,18.7,5.0,0.004526043635864961
73131,18.7,6.0,0.012421605073960243
73132,18.7,7.0,0.025270590208017685
73133,18.7,8.0,0.013671645891928437
73134,18.7,9.0,0.016267208743449356
73135,18.7,10.0,0.03218859799314985
73136,18.7,11.0,0.016133521664490325
73137,18.7,12.0,0.0070245315483450635
73138,18.7,13.0,0.022105301042741443
73139,18.7,14.0,0.04670494718417268
73140,18.7,15.0,0.024086012839587456
73141,18.7,16.0,0.032233975938120794
73142,18.7,17.0,0.06819061716793857
73143,18.7,18.0,0.031221688392167848
73144,18.7,19.0,0.009851026496602681
73145,18.7,20.0,0.03134674671848405
73146,18.7,21.0,0.06776094428307713
73147,18.7,22.0,0.03232559157448318
73148,18.7,23.0,0.024737440909958885
73149,18.7,24.0,0.04773978526849704
73150,18.7,25.0,0.022725142384515975
73151,18.7,26.0,0.007390190984763851
73152,18.7,27.0,0.01676882129093587
73153,18.7,28.0,0.0332892201781004
73154,18.7,29.0,0.016866926689287406
73155,18.7,30.0,0.014221342361089018
73156,18.7,31.0,0.026229860518284503
73157,18.7,32.0,0.01289852216070838
73158,18.7,33.0,0.004704703209026269
73159,18.7,34.0,0.010029646285830566
73160,18.7,35.0,0.01943437521082975
73161,18.7,36.0,0.009850634148831666
73162,18.7,37.0,0.008444106621576701
73163,18.7,38.0,0.015642200620358898
73164,18.7,39.0,0.007817283006400553
73165,18.7,40.0,0.006711513927085013
73166,18.7,41.0,0.01264587595023949
73167,18.7,42.0,0.005950975334051049
73168,18.7,43.0,0.0018438691640983796
73169,18.7,44.0,0.004654840057015996
73170,18.7,45.0,0.00961083608526587
73171,18.7,46.0,0.004371891989717318
73172,18.7,47.0,0.0009821565540888292
73173,18.7,48.0,0.000641954638867905
73174,18.7,49.0,0.000545452321730143
73175,18.7,50.0,0.00046289766398393195
73176,18.7,51.0,0.0003907566437601855
73177,18.7,52.0,0.0003296350595715458
73178,18.7,53.0,0.0004110547573187694
73179,18.7,54.0,0.002257068044928015
73180,18.7,55.0,0.0051719280119729375
73181,18.7,56.0,0.0021840416602648886
73182,18.7,57.0,0.0002634463013484581
73183,18.7,58.0,0.00010434558853436137
73184,18.7,59.0,8.316942460008692e-05
73185,18.7,60.0,6.691785596657241e-05
73186,18.7,61.0,5.3557624489281456e-05
73187,18.7,62.0,4.263700665132056e-05
73188,18.7,63.0,3.376278133828884e-05
73189,18.7,64.0,2.659352041321677e-05
73190,18.7,65.0,2.083529031837866e-05
73191,18.7,66.0,1.6237134480243863e-05
73192,18.7,67.0,1.2586510037825821e-05
73193,18.7,68.0,9.704817500370143e-06
73194,18.7,69.0,7.44312867007104e-06
73195,18.7,70.0,5.678188269083449e-06
73196,18.7,71.0,4.308738695804967e-06
73197,18.7,72.0,3.2521954166518887e-06
73198,18.7,73.0,2.4416826506177113e-06
73199,18.7,74.0,1.8234250162227403e-06
73200,18.8,-75.0,3.86855227505528e-13
73201,18.8,-74.0,6.359670855266588e-13
73202,18.8,-73.0,1.0399367272504792e-12
73203,18.8,-72.0,1.691473900258792e-12
73204,18.8,-71.0,2.7365903614986514e-12
73205,18.8,-70.0,4.403929850900172e-12
73206,18.8,-69.0,7.049480274923893e-12
73207,18.8,-68.0,1.122431675802876e-11
73208,18.8,-67.0,1.77766055731677e-11
73209,18.8,-66.0,2.8004244842742217e-11
73210,18.8,-65.0,4.388185754543739e-11
73211,18.8,-64.0,6.839624321237078e-11
73212,18.8,-63.0,1.060389943313883e-10
73213,18.8,-62.0,1.63525339755598e-10
73214,18.8,-61.0,2.508364395607053e-10
73215,18.8,-60.0,3.827210089417987e-10
73216,18.8,-59.0,5.808447735057035e-10
73217,18.8,-58.0,8.768473157544747e-10
73218,18.8,-57.0,1.316661012496892e-09
73219,18.8,-56.0,1.966573050560382e-09
73220,18.8,-55.0,2.921677659303555e-09
73221,18.8,-54.0,4.317582307862238e-09
73222,18.8,-53.0,6.346511355284824e-09
73223,18.8,-52.0,9.279308399810184e-09
73224,18.8,-51.0,1.3495291483888055e-08
73225,18.8,-50.0,1.9522482630089637e-08
73226,18.8,-49.0,2.809143593688556e-08
73227,18.8,-48.0,4.020674879749675e-08
73228,18.8,-47.0,5.724138093959998e-08
73229,18.8,-46.0,8.106014668698181e-08
73230,18.8,-45.0,1.141802043313978e-07
73231,18.8,-44.0,1.5997805367693906e-07
73232,18.8,-43.0,2.2295446979606658e-07
73233,18.8,-42.0,3.090709349338746e-07
73234,18.8,-41.0,4.261734495251814e-07
73235,18.8,-40.0,5.845220512588967e-07
73236,18.8,-39.0,7.974468615940687e-07
73237,18.8,-38.0,1.0821538895300026e-06
73238,18.8,-37.0,1.4607059886576942e-06
73239,18.8,-36.0,1.961206500144167e-06
73240,18.8,-35.0,2.6205907830105007e-06
73241,18.8,-34.0,4.2228272735273345e-06
73242,18.8,-33.0,7.10015736334617e-05
73243,18.8,-32.0,0.0009895391888221337
73244,18.8,-31.0,0.002424050694631801
73245,18.8,-30.0,0.0010700294450656732
73246,18.8,-29.0,0.0012085887346828645
73247,18.8,-28.0,0.002790260921163072
73248,18.8,-27.0,0.0011519023900851283
73249,18.8,-26.0,0.00019621549469633556
73250,18.8,-25.0,0.001400644547358773
73251,18.8,-24.0,0.0033968848476892523
73252,18.8,-23.0,0.0015271691020509804
73253,18.8,-22.0,0.0017421519299369976
73254,18.8,-21.0,0.003969319219534047
73255,18.8,-20.0,0.0016887212545819168
73256,18.8,-19.0,0.0003676736223809198
73257,18.8,-18.0,0.002097277259865858
73258,18.8,-17.0,0.004953642191950016
73259,18.8,-16.0,0.0023247057487182027
73260,18.8,-15.0,0.0026818951265012814
73261,18.8,-14.0,0.005916601071933968
73262,18.8,-13.0,0.002673090674891339
73263,18.8,-12.0,0.000814293035800089
73264,18.8,-11.0,0.003391138520004466
73265,18.8,-10.0,0.007623076750323983
73266,18.8,-9.0,0.00382285314215038
73267,18.8,-8.0,0.004446257091560565
73268,18.8,-7.0,0.009325242201573488
73269,18.8,-6.0,0.004544918417265859
73270,18.8,-5.0,0.0018316463893180924
73271,18.8,-4.0,0.00583072098972531
73272,18.8,-3.0,0.012360544106328515
73273,18.8,-2.0,0.006239834528417665
73274,18.8,-1.0,0.0023944471039771213
73275,18.8,0.0,0.0006022854288325276
73276,18.8,1.0,0.002945762538840814
73277,18.8,2.0,0.00915617749982683
73278,18.8,3.0,0.018723047605187285
73279,18.8,4.0,0.009668147863949941
73280,18.8,5.0,0.004537195985759052
73281,18.8,6.0,0.01244884774926217
73282,18.8,7.0,0.025323510117247434
73283,18.8,8.0,0.01370558429115088
73284,18.8,9.0,0.01629833168755147
73285,18.8,10.0,0.03223532348537476
73286,18.8,11.0,0.01617091221497145
73287,18.8,12.0,0.007055530313068859
73288,18.8,13.0,0.022113143122884465
73289,18.8,14.0,0.04667523288581989
73290,18.8,15.0,0.024089154233354317
73291,18.8,16.0,0.03209413581679673
73292,18.8,17.0,0.06778580323866862
73293,18.8,18.0,0.031091306480531253
73294,18.8,19.0,0.009754304369660339
73295,18.8,20.0,0.0314462309387116
73296,18.8,21.0,0.06808988157515272
73297,18.8,22.0,0.032435360851586346
73298,18.8,23.0,0.02473411465082827
73299,18.8,24.0,0.047772412952614154
73300,18.8,25.0,0.02271971052063614
73301,18.8,26.0,0.007361481270701108
73302,18.8,27.0,0.016736308682892175
73303,18.8,28.0,0.033251349449649976
73304,18.8,29.0,0.01684100152191446
73305,18.8,30.0,0.014192312148066226
73306,18.8,31.0,0.02618504490857658
73307,18.8,32.0,0.012875959689644275
73308,18.8,33.0,0.004696112928343545
73309,18.8,34.0,0.010009819712026767
73310,18.8,35.0,0.019394031240790758
73311,18.8,36.0,0.009833511292750764
73312,18.8,37.0,0.008428763138800355
73313,18.8,38.0,0.015607072146749845
73314,18.8,39.0,0.007804123237871727
73315,18.8,40.0,0.006699981663124546
73316,18.8,41.0,0.01261532425592303
73317,18.8,42.0,0.005941277100654021
73318,18.8,43.0,0.0018466595521659129
73319,18.8,44.0,0.004646992265716735
73320,18.8,45.0,0.009584790711653654
73321,18.8,46.0,0.004363848860757421
73322,18.8,47.0,0.0009855277663718448
73323,18.8,48.0,0.0006459014421739826
73324,18.8,49.0,0.0005491202059934078
73325,18.8,50.0,0.00046625880731934695
73326,18.8,51.0,0.00039380369023176
73327,18.8,52.0,0.0003323632474985105
73328,18.8,53.0,0.0004129027412898593
73329,18.8,54.0,0.0022505711247077505
73330,18.8,55.0,0.005152583540152641
73331,18.8,56.0,0.0021770239673274583
73332,18.8,57.0,0.00026425675523288766
73333,18.8,58.0,0.00010552792443315108
73334,18.8,59.0,8.41759485637011e-05
73335,18.8,60.0,6.776383394450004e-05
73336,18.8,61.0,5.426360553735813e-05
73337,18.8,62.0,4.3222057582346633e-05
73338,18.8,63.0,3.424430335937032e-05
73339,18.8,64.0,2.6987169779586885e-05
73340,18.8,65.0,2.1154971975957048e-05
73341,18.8,66.0,1.6495051467531755e-05
73342,18.8,67.0,1.2793253426286129e-05
73343,18.8,68.0,9.869483803919207e-06
73344,18.8,69.0,7.573453823804679e-06
73345,18.8,70.0,5.780689364848376e-06
73346,18.8,71.0,4.3888565950027145e-06
73347,18.8,72.0,3.3144330907969068e-06
73348,18.8,73.0,2.4897356011342657e-06
73349,18.8,74.0,1.8603013878395863e-06
73350,18.9,-75.0,3.715906119304058e-13
73351,18.9,-74.0,6.111985172726178e-13
73352,18.9,-73.0,9.999676683154587e-13
73353,18.9,-72.0,1.627330379704009e-12
73354,18.9,-71.0,2.6342173959100985e-12
73355,18.9,-70.0,4.241442680544529e-12
73356,18.9,-69.0,6.793001314054025e-12
73357,18.9,-68.0,1.0821710272115953e-11
73358,18.9,-67.0,1.7148108148655465e-11
73359,18.9,-66.0,2.702854284212776e-11
73360,18.9,-65.0,4.237553156999355e-11
73361,18.9,-64.0,6.60836151162404e-11
73362,18.9,-63.0,1.0250818279134279e-10
73363,18.9,-62.0,1.5816463511770573e-10
73364,18.9,-61.0,2.427427907083698e-10
73365,18.9,-60.0,3.7056927256410573e-10
73366,18.9,-59.0,5.627021534632885e-10
73367,18.9,-58.0,8.499117968906477e-10
73368,18.9,-57.0,1.2768951741064046e-09
73369,18.9,-56.0,1.9081949503061707e-09
73370,18.9,-55.0,2.8364579371880097e-09
73371,18.9,-54.0,4.193880604704206e-09
73372,18.9,-53.0,6.167964810560131e-09
73373,18.9,-52.0,9.023059547758005e-09
73374,18.9,-51.0,1.3129611405992963e-08
73375,18.9,-50.0,1.9003606833870716e-08
73376,18.9,-49.0,2.7359384253841554e-08
73377,18.9,-48.0,3.917984590969149e-08
73378,18.9,-47.0,5.580913050793391e-08
73379,18.9,-46.0,7.907403945307025e-08
73380,18.9,-45.0,1.1144195962879101e-07
73381,18.9,-44.0,1.5622470603558764e-07
73382,18.9,-43.0,2.1783962045430207e-07
73383,18.9,-42.0,3.021413962819951e-07
73384,18.9,-41.0,4.1684042483046395e-07
73385,18.9,-40.0,5.720259206757031e-07
73386,18.9,-39.0,7.808145991353306e-07
73387,18.9,-38.0,1.060148127764936e-06
73388,18.9,-37.0,1.4317647946116586e-06
73389,18.9,-36.0,1.9233730483615765e-06
73390,18.9,-35.0,2.571439518071598e-06
73391,18.9,-34.0,4.163225081828632e-06
73392,18.9,-33.0,7.126681980961432e-05
73393,18.9,-32.0,0.0009945702081986937
73394,18.9,-31.0,0.002436532763298166
73395,18.9,-30.0,0.0010753868348663664
73396,18.9,-29.0,0.0012144910490696444
73397,18.9,-28.0,0.002804158310747845
73398,18.9,-27.0,0.0011573500939930268
73399,18.9,-26.0,0.00019666728737401904
73400,18.9,-25.0,0.001406900721601738
73401,18.9,-24.0,0.003412833256064147
73402,18.9,-23.0,0.001533709587107829
73403,18.9,-22.0,0.0017493357330773042
73404,18.9,-21.0,0.0039868968911326
73405,18.9,-20.0,0.0016951220400683639
73406,18.9,-19.0,0.00036742690692155263
73407,18.9,-18.0,0.002104536190763906
73408,18.9,-17.0,0.0049734898746051385
73409,18.9,-16.0,0.0023321237828775676
73410,18.9,-15.0,0.0026900490209284225
73411,18.9,-14.0,0.005938243476976315
73412,18.9,-13.0,0.002680071424076915
73413,18.9,-12.0,0.0008125660814427167
73414,18.9,-11.0,0.0033991414430185403
73415,18.9,-10.0,0.007647421860968047
73416,18.9,-9.0,0.0038311981877003844
73417,18.9,-8.0,0.004455616375203133
73418,18.9,-7.0,0.009352101345361994
73419,18.9,-6.0,0.004553354785602353
73420,18.9,-5.0,0.0018293762972056578
73421,18.9,-4.0,0.005841106768665779
73422,18.9,-3.0,0.012391943743157269
73423,18.9,-2.0,0.0062510756955627056
73424,18.9,-1.0,0.002393215637797414
73425,18.9,0.0,0.0006081833141043292
73426,18.9,1.0,0.002947471980115345
73427,18.9,2.0,0.009174879269027809
73428,18.9,3.0,0.01876769048066976
73429,18.9,4.0,0.00969072902251172
73430,18.9,5.0,0.004547654277000571
73431,18.9,6.0,0.012474658820897079
73432,18.9,7.0,0.02537380437614071
73433,18.9,8.0,0.013737977912411105
73434,18.9,9.0,0.016327792383245738
73435,18.9,10.0,0.03227910830836287
73436,18.9,11.0,0.016206679556593207
73437,18.9,12.0,0.007085729025079112
73438,18.9,13.0,0.022119879857036555
73439,18.9,14.0,0.04664384999531716
73440,18.9,15.0,0.02409176234200452
73441,18.9,16.0,0.0319613759375364
73442,18.9,17.0,0.06739937901215934
73443,18.9,18.0,0.030968144925937444
73444,18.9,19.0,0.009659336550965614
73445,18.9,20.0,0.03155091840386999
73446,18.9,21.0,0.06843217138369923
73447,18.9,22.0,0.03255020420584571
73448,18.9,23.0,0.024730383290414062
73449,18.9,24.0,0.047803954471066175
73450,18.9,25.0,0.022713443626486654
73451,18.9,26.0,0.007332055155498628
73452,18.9,27.0,0.01670243932309577
73453,18.9,28.0,0.033211111755134984
73454,18.9,29.0,0.016813692469602747
73455,18.9,30.0,0.01416197223679426
73456,18.9,31.0,0.02613806339790168
73457,18.9,32.0,0.012852185783673592
73458,18.9,33.0,0.0046869027231925915
73459,18.9,34.0,0.009988979033470284
73460,18.9,35.0,0.019351974055407003
73461,18.9,36.0,0.009815422016526194
73462,18.9,37.0,0.008412573306122481
73463,18.9,38.0,0.015570559859942401
73464,18.9,39.0,0.007790204119186529
73465,18.9,40.0,0.00668779374619413
73466,18.9,41.0,0.012583675028108079
73467,18.9,42.0,0.005931017960932842
73468,18.9,43.0,0.0018492238086515458
73469,18.9,44.0,0.004638716484333135
73470,18.9,45.0,0.009557948420210594
73471,18.9,46.0,0.004355424620267951
73472,18.9,47.0,0.0009887895236466936
73473,18.9,48.0,0.0006497737750498593
73474,18.9,49.0,0.0005527284139212539
73475,18.9,50.0,0.0004695727033245256
73476,18.9,51.0,0.00039681394705262787
73477,18.9,52.0,0.00033506321886109047
73478,18.9,53.0,0.0004147195052898516
73479,18.9,54.0,0.00224390734557747
73480,18.9,55.0,0.005132856044546001
73481,18.9,56.0,0.002169847560891613
73482,18.9,57.0,0.00026505262162831593
73483,18.9,58.0,0.00010670784257687977
73484,18.9,59.0,8.518165648506898e-05
73485,18.9,60.0,6.86100374834218e-05
73486,18.9,61.0,5.49705045785613e-05
73487,18.9,62.0,4.380845158204815e-05
73488,18.9,63.0,3.4727393695247946e-05
73489,18.9,64.0,2.7382467784730493e-05
73490,18.9,65.0,2.1476281495389582e-05
73491,18.9,66.0,1.6754508709663413e-05
73492,18.9,67.0,1.3001408831154865e-05
73493,18.9,68.0,1.0035412758877426e-05
73494,18.9,69.0,7.704885198727116e-06
73495,18.9,70.0,5.884142910752794e-06
73496,18.9,71.0,4.469782177191632e-06
73497,18.9,72.0,3.377346460053877e-06
73498,18.9,73.0,2.538346915505072e-06
73499,18.9,74.0,1.8976339723128472e-06
73500,19.0,-75.0,3.534990500650493e-13
73501,19.0,-74.0,5.817510812247625e-13
73502,19.0,-73.0,9.522966458559778e-13
73503,19.0,-72.0,1.5505772857221935e-12
73504,19.0,-71.0,2.511312094994662e-12
73505,19.0,-70.0,4.045703641536051e-12
73506,19.0,-69.0,6.482963134319692e-12
73507,19.0,-68.0,1.0333302543857247e-11
73508,19.0,-67.0,1.6382902464662445e-11
73509,19.0,-66.0,2.583620095480553e-11
73510,19.0,-65.0,4.052775709719687e-11
73511,19.0,-64.0,6.323573819226649e-11
73512,19.0,-63.0,9.814286312182507e-11
73513,19.0,-62.0,1.5150988266622284e-10
73514,19.0,-61.0,2.3265334865320495e-10
73515,19.0,-60.0,3.5535608906532345e-10
73516,19.0,-59.0,5.398888060307402e-10
73517,19.0,-58.0,8.158888391950835e-10
73518,19.0,-57.0,1.2264328363531196e-09
73519,19.0,-56.0,1.8337606770183533e-09
73520,19.0,-55.0,2.7272669528829677e-09
73521,19.0,-54.0,4.034583925021515e-09
73522,19.0,-53.0,5.9368485163738195e-09
73523,19.0,-52.0,8.689590140493851e-09
73524,19.0,-51.0,1.265111286865487e-08
73525,19.0,-50.0,1.8320793635928255e-08
73526,19.0,-49.0,2.639039880286781e-08
73527,19.0,-48.0,3.781235663265022e-08
73528,19.0,-47.0,5.388993564592793e-08
73529,19.0,-46.0,7.639548979515552e-08
73530,19.0,-45.0,1.0772435926129198e-07
73531,19.0,-44.0,1.5109367296190718e-07
73532,19.0,-43.0,2.1079718899131352e-07
73533,19.0,-42.0,2.925294223828e-07
73534,19.0,-41.0,4.037946179308914e-07
73535,19.0,-40.0,5.544185779843254e-07
73536,19.0,-39.0,7.571838704081577e-07
73537,19.0,-38.0,1.0286114042845856e-06
73538,19.0,-37.0,1.389913613433202e-06
73539,19.0,-36.0,1.8681467528572045e-06
73540,19.0,-35.0,2.498968787782727e-06
73541,19.0,-34.0,4.065406200091784e-06
73542,19.0,-33.0,7.085181380219628e-05
73543,19.0,-32.0,0.0009900817206036536
73544,19.0,-31.0,0.0024256905217330932
73545,19.0,-30.0,0.0010704523563412813
73546,19.0,-29.0,0.0012087708455697586
73547,19.0,-28.0,0.0027912151312057586
73548,19.0,-27.0,0.0011517245714555747
73549,19.0,-26.0,0.00019524457013282855
73550,19.0,-25.0,0.0013996980931626018
73551,19.0,-24.0,0.003396121411166354
73552,19.0,-23.0,0.0015255810523286662
73553,19.0,-22.0,0.0017397891175435873
73554,19.0,-21.0,0.003966327182579554
73555,19.0,-20.0,0.001685316165838569
73556,19.0,-19.0,0.0003636855439243997
73557,19.0,-18.0,0.0020916761458988913
73558,19.0,-17.0,0.0049457609185557016
73559,19.0,-16.0,0.0023172496479575443
73560,19.0,-15.0,0.002672489014433702
73561,19.0,-14.0,0.005903087479858952
73562,19.0,-13.0,0.0026614371369144095
73563,19.0,-12.0,0.0008030975337916414
73564,19.0,-11.0,0.0033746529887879353
73565,19.0,-10.0,0.007598625151914805
73566,19.0,-9.0,0.0038029144877449864
73567,19.0,-8.0,0.004422373967145226
73568,19.0,-7.0,0.00928951160096037
73569,19.0,-6.0,0.004518241486657365
73570,19.0,-5.0,0.001809606358021803
73571,19.0,-4.0,0.005795617408061822
73572,19.0,-3.0,0.01230480880925037
73573,19.0,-2.0,0.006202489439367458
73574,19.0,-1.0,0.0023690297339445483
73575,19.0,0.0,0.000608270898021353
73576,19.0,1.0,0.00292088019556144
73577,19.0,2.0,0.00910574949855171
73578,19.0,3.0,0.018632813267442556
73579,19.0,4.0,0.009620495043391537
73580,19.0,5.0,0.004514420909211263
73581,19.0,6.0,0.012381116040713376
73582,19.0,7.0,0.025181635428368643
73583,19.0,8.0,0.013638922359798867
73584,19.0,9.0,0.016201280552543305
73585,19.0,10.0,0.03201502793491479
73586,19.0,11.0,0.016087593112033022
73587,19.0,12.0,0.007047988272735157
73588,19.0,13.0,0.021916730512802608
73589,19.0,14.0,0.0461709714700654
73590,19.0,15.0,0.02386642976515964
73591,19.0,16.0,0.03153453015597002
73592,19.0,17.0,0.06639696856059393
73593,19.0,18.0,0.030560316853937654
73594,19.0,19.0,0.009442117796511268
73595,19.0,20.0,0.0319739966083694
73596,19.0,21.0,0.06946840432673386
73597,19.0,22.0,0.032993275726576496
73598,19.0,23.0,0.024970459174633062
73599,19.0,24.0,0.04830677941739914
73600,19.0,25.0,0.022930569418903257
73601,19.0,26.0,0.007374018869153998
73602,19.0,27.0,0.016831783847643358
73603,19.0,28.0,0.033496000695945716
73604,19.0,29.0,0.016950730318475566
73605,19.0,30.0,0.01426984083176588
73606,19.0,31.0,0.026346504508709317
73607,19.0,32.0,0.012953850059397974
73608,19.0,33.0,0.0047232520396087605
73609,19.0,34.0,0.0100655340027052
73610,19.0,35.0,0.019498841442746426
73611,19.0,36.0,0.009893088781575804
73612,19.0,37.0,0.008478428498671618
73613,19.0,38.0,0.01568602357427123
73614,19.0,39.0,0.007852294769139768
73615,19.0,40.0,0.006740852895737396
73616,19.0,41.0,0.012674848193876426
73617,19.0,42.0,0.005978648490588281
73618,19.0,43.0,0.0018698404104767134
73619,19.0,44.0,0.004675725024057916
73620,19.0,45.0,0.00962440588607587
73621,19.0,46.0,0.0043895338242752255
73622,19.0,47.0,0.0010017334458761527
73623,19.0,48.0,0.000660022518010572
73624,19.0,49.0,0.0005617674009813034
73625,19.0,50.0,0.0004775061989951152
73626,19.0,51.0,0.0004037331886014556
73627,19.0,52.0,0.00034106826893106257
73628,19.0,53.0,0.00042061631666227806
73629,19.0,54.0,0.0022591643098726
73630,19.0,55.0,0.005163227371427272
73631,19.0,56.0,0.002183864117972771
73632,19.0,57.0,0.00026845808617620084
73633,19.0,58.0,0.00010895007236873192
73634,19.0,59.0,8.703712249162805e-05
73635,19.0,60.0,7.014193134729874e-05
73636,19.0,61.0,5.622781096617464e-05
73637,19.0,62.0,4.483433630564958e-05
73638,19.0,63.0,3.5559563537608596e-05
73639,19.0,64.0,2.8053574516319562e-05
73640,19.0,65.0,2.201436168445596e-05
73641,19.0,66.0,1.718343943534285e-05
73642,19.0,67.0,1.3341363069462935e-05
73643,19.0,68.0,1.0303301706879113e-05
73644,19.0,69.0,7.914778017357276e-06
73645,19.0,70.0,6.047657227658905e-06
73646,19.0,71.0,4.596441156426285e-06
73647,19.0,72.0,3.4749003019745217e-06
73648,19.0,73.0,2.6130583064414644e-06
73649,19.0,74.0,1.9545282845782035e-06
73650,19.1,-75.0,3.3939995454297076e-13
73651,19.1,-74.0,5.588459618309842e-13
73652,19.1,-73.0,9.152896720742388e-13
73653,19.1,-72.0,1.4911149147232881e-12
73654,19.1,-71.0,2.4162939919349437e-12
73655,19.1,-70.0,3.894704760091211e-12
73656,19.1,-69.0,6.244323812135163e-12
73657,19.1,-68.0,9.958235636696596e-12
73658,19.1,-67.0,1.579666791939091e-11
73659,19.1,-66.0,2.4924972384581054e-11
73660,19.1,-65.0,3.911920234045649e-11
73661,19.1,-64.0,6.107048980482486e-11
73662,19.1,-63.0,9.483287634602956e-11
73663,19.1,-62.0,1.4647805035566894e-10
73664,19.1,-61.0,2.250465119187463e-10
73665,19.1,-60.0,3.439205518191419e-10
73666,19.1,-59.0,5.227933800174916e-10
73667,19.1,-58.0,7.904749979931844e-10
73668,19.1,-57.0,1.1888643514274922e-09
73669,19.1,-56.0,1.7785356697628396e-09
73670,19.1,-55.0,2.646543052844029e-09
73671,19.1,-54.0,3.91725150549766e-09
73672,19.1,-53.0,5.767267014226542e-09
73673,19.1,-52.0,8.445877396710628e-09
73674,19.1,-51.0,1.230284632032504e-08
73675,19.1,-50.0,1.7825944088320197e-08
73676,19.1,-49.0,2.5691271480958164e-08
73677,19.1,-48.0,3.683025944018066e-08
73678,19.1,-47.0,5.2518230469415754e-08
73679,19.1,-46.0,7.44906090984276e-08
73680,19.1,-45.0,1.0509428753739908e-07
73681,19.1,-44.0,1.4748330209861476e-07
73682,19.1,-43.0,2.0586986064596021e-07
73683,19.1,-42.0,2.858438728846777e-07
73684,19.1,-41.0,3.947764476639518e-07
73685,19.1,-40.0,5.42325285427111e-07
73686,19.1,-39.0,7.410624312713543e-07
73687,19.1,-38.0,1.0072473514735185e-06
73688,19.1,-37.0,1.3617705997164626e-06
73689,19.1,-36.0,1.8312952489132841e-06
73690,19.1,-35.0,2.4496245319739265e-06
73691,19.1,-34.0,3.259324462149341e-06
73692,19.1,-33.0,4.313629736067694e-06
73693,19.1,-32.0,5.680247211802082e-06
73694,19.1,-31.0,8.293826999702907e-06
73695,19.1,-30.0,8.631412725008888e-05
73696,19.1,-29.0,0.0011474951654485736
73697,19.1,-28.0,0.002803458152940045
73698,19.1,-27.0,0.0011568033022803764
73699,19.1,-26.0,0.00019564396977384452
73700,19.1,-25.0,0.0014055082832327864
73701,19.1,-24.0,0.0034109705713260673
73702,19.1,-23.0,0.001531638623430331
73703,19.1,-22.0,0.0017464215320403694
73704,19.1,-21.0,0.003982624477551949
73705,19.1,-20.0,0.001691188227772774
73706,19.1,-19.0,0.0003633462034647891
73707,19.1,-18.0,0.0020982765479349713
73708,19.1,-17.0,0.004964014230416722
73709,19.1,-16.0,0.002323937431804837
73710,19.1,-15.0,0.002679796169775446
73711,19.1,-14.0,0.005922822247652696
73712,19.1,-13.0,0.0026675711956260745
73713,19.1,-12.0,0.0008011290990388036
73714,19.1,-11.0,0.003381566958120143
73715,19.1,-10.0,0.007620491488034534
73716,19.1,-9.0,0.0038100112802361835
73717,19.1,-8.0,0.00443027220197869
73718,19.1,-7.0,0.009313307281784741
73719,19.1,-6.0,0.004525147843185005
73720,19.1,-5.0,0.001806665303487658
73721,19.1,-4.0,0.005804018268651672
73722,19.1,-3.0,0.012332089783772881
73723,19.1,-2.0,0.006211546195861232
73724,19.1,-1.0,0.002366813763813507
73725,19.1,0.0,0.0006140202954670758
73726,19.1,1.0,0.002921343911436065
73727,19.1,2.0,0.00912122082481668
73728,19.1,3.0,0.018671192456746418
73729,19.1,4.0,0.009639598014959642
73730,19.1,5.0,0.00452297398900158
73731,19.1,6.0,0.012402668769413915
73732,19.1,7.0,0.025223860598866707
73733,19.1,8.0,0.013666644237101205
73734,19.1,9.0,0.01622561811673933
73735,19.1,10.0,0.03204952258674827
73736,19.1,11.0,0.016118256151319097
73737,19.1,12.0,0.007075609785243166
73738,19.1,13.0,0.021919020052599228
73739,19.1,14.0,0.04613196721183038
73740,19.1,15.0,0.023865415397378832
73741,19.1,16.0,0.03141173088664285
73742,19.1,17.0,0.06603869327207902
73743,19.1,18.0,0.030447396024348275
73744,19.1,19.0,0.009321492374169316
73745,19.1,20.0,0.03239135583740817
73746,19.1,21.0,0.07049686941288769
73747,19.1,22.0,0.03343023301918295
73748,19.1,23.0,0.0251989535904213
73749,19.1,24.0,0.048787473270947686
73750,19.1,25.0,0.023136448800647663
73751,19.1,26.0,0.007411369675765008
73752,19.1,27.0,0.016951494050287154
73753,19.1,28.0,0.033762567497373906
73754,19.1,29.0,0.017078172889912795
73755,19.1,30.0,0.014369337656859712
73756,19.1,31.0,0.02653991475633985
73757,19.1,32.0,0.013047959888598715
73758,19.1,33.0,0.004756651983420815
73759,19.1,34.0,0.010136095977267851
73760,19.1,35.0,0.019634326562990006
73761,19.1,36.0,0.00996494017317362
73762,19.1,37.0,0.008539267245776777
73763,19.1,38.0,0.015792272147924537
73764,19.1,39.0,0.007909784137280489
73765,19.1,40.0,0.006789953046038815
73766,19.1,41.0,0.012758555031928907
73767,19.1,42.0,0.006022798934199494
73768,19.1,43.0,0.0018894229703331562
73769,19.1,44.0,0.004710017765876966
73770,19.1,45.0,0.009685178462167118
73771,19.1,46.0,0.004421102696972012
73772,19.1,47.0,0.0010141704120530757
73773,19.1,48.0,0.0006699667457428986
73774,19.1,49.0,0.000570556858631399
73775,19.1,50.0,0.0004852358032614472
73776,19.1,51.0,0.0004104872091459811
73777,19.1,52.0,0.00034693965674055787
73778,19.1,53.0,0.0004263239358468166
73779,19.1,54.0,0.0022731008521343103
73780,19.1,55.0,0.00519049560088838
73781,19.1,56.0,0.002196593342852948
73782,19.1,57.0,0.0002717416789420341
73783,19.1,58.0,0.00011116246915786297
73784,19.1,59.0,8.887111423633965e-05
73785,19.1,60.0,7.165812434694322e-05
73786,19.1,61.0,5.747384889067359e-05
73787,19.1,62.0,4.585231213108293e-05
73788,19.1,63.0,3.6386334356049256e-05
73789,19.1,64.0,2.872112712746298e-05
73790,19.1,65.0,2.2550218801666827e-05
73791,19.1,66.0,1.7611086430563645e-05
73792,19.1,67.0,1.3680678732387164e-05
73793,19.1,68.0,1.0570979916186806e-05
73794,19.1,69.0,8.12473039499667e-06
73795,19.1,70.0,6.211389691590993e-06
73796,19.1,71.0,4.723399756355203e-06
73797,19.1,72.0,3.572783797812407e-06
73798,19.1,73.0,2.688096634652928e-06
73799,19.1,74.0,2.0117273743502605e-06
73800,19.2,-75.0,3.258069901201673e-13
73801,19.2,-74.0,5.367500879990391e-13
73802,19.2,-73.0,8.795690889252502e-13
73803,19.2,-72.0,1.4336855231716957e-12
73804,19.2,-71.0,2.3244700187640462e-12
73805,19.2,-70.0,3.74869498805019e-12
73806,19.2,-69.0,6.013431519857687e-12
73807,19.2,-68.0,9.595127306371804e-12
73808,19.2,-67.0,1.522878377328392e-11
73809,19.2,-66.0,2.404173506482654e-11
73810,19.2,-65.0,3.775308980754865e-11
73811,19.2,-64.0,5.896920907987818e-11
73812,19.2,-63.0,9.161871834538455e-11
73813,19.2,-62.0,1.4158890692078295e-10
73814,19.2,-61.0,2.1765084291954324e-10
73815,19.2,-60.0,3.327956075547718e-10
73816,19.2,-59.0,5.061519629346902e-10
73817,19.2,-58.0,7.657206744542131e-10
73818,19.2,-57.0,1.1522479098437158e-09
73819,19.2,-56.0,1.7246762905497882e-09
73820,19.2,-55.0,2.5677655375029284e-09
73821,19.2,-54.0,3.802675334233917e-09
73822,19.2,-53.0,5.601563189199761e-09
73823,19.2,-52.0,8.207584112157485e-09
73824,19.2,-51.0,1.1962103537725166e-08
73825,19.2,-50.0,1.7341469102631277e-08
73826,19.2,-49.0,2.5006351580671335e-08
73827,19.2,-48.0,3.586748293237573e-08
73828,19.2,-47.0,5.1172613026783457e-08
73829,19.2,-46.0,7.262069833289816e-08
73830,19.2,-45.0,1.0251074523632271e-07
73831,19.2,-44.0,1.439343718163155e-07
73832,19.2,-43.0,2.0102303057443383e-07
73833,19.2,-42.0,2.792629438115224e-07
73834,19.2,-41.0,3.8589311882409223e-07
73835,19.2,-40.0,5.304042847667675e-07
73836,19.2,-39.0,7.251591511422241e-07
73837,19.2,-38.0,9.861569188870576e-07
73838,19.2,-37.0,1.3339673277558346e-06
73839,19.2,-36.0,1.7948615013865756e-06
73840,19.2,-35.0,2.4021682082456166e-06
73841,19.2,-34.0,3.197884596806172e-06
73842,19.2,-33.0,4.234570135683961e-06
73843,19.2,-32.0,5.5791460444980895e-06
73844,19.2,-31.0,8.16931684946719e-06
73845,19.2,-30.0,8.650885995688521e-05
73846,19.2,-29.0,0.0011525789036760116
73847,19.2,-28.0,0.002816187140911388
73848,19.2,-27.0,0.0011617789291720813
73849,19.2,-26.0,0.0001960286778241239
73850,19.2,-25.0,0.0014111903844027803
73851,19.2,-24.0,0.0034255035369842083
73852,19.2,-23.0,0.0015375570652708405
73853,19.2,-22.0,0.0017528938370473537
73854,19.2,-21.0,0.0039985499706286605
73855,19.2,-20.0,0.0016969056751352408
73856,19.2,-19.0,0.00036297770180058336
73857,19.2,-18.0,0.0021046811534939556
73858,19.2,-17.0,0.004981796704544897
73859,19.2,-16.0,0.0023304055113095613
73860,19.2,-15.0,0.002686846050339064
73861,19.2,-14.0,0.005941984517793169
73862,19.2,-13.0,0.002673442846866503
73863,19.2,-12.0,0.0007990733285110054
73864,19.2,-11.0,0.0033881370822765474
73865,19.2,-10.0,0.007641595169142415
73866,19.2,-9.0,0.0038167074028341726
73867,19.2,-8.0,0.004437698268938009
73868,19.2,-7.0,0.009336142238067661
73869,19.2,-6.0,0.00453154868731237
73870,19.2,-5.0,0.0018034703884641748
73871,19.2,-4.0,0.0058117573663191025
73872,19.2,-3.0,0.01235805027255586
73873,19.2,-2.0,0.0062198649948784525
73874,19.2,-1.0,0.002364218862702676
73875,19.2,0.0,0.0006197501521552316
73876,19.2,1.0,0.002921336677421128
73877,19.2,2.0,0.00913560349944374
73878,19.2,3.0,0.018707542653183962
73879,19.2,4.0,0.009657528812097915
73880,19.2,5.0,0.004530838869364423
73881,19.2,6.0,0.012422805746234028
73882,19.2,7.0,0.02526349368872955
73883,19.2,8.0,0.01369283076019141
73884,19.2,9.0,0.01624830269133569
73885,19.2,10.0,0.032081108124730646
73886,19.2,11.0,0.016147294391096786
73887,19.2,12.0,0.0071024027749955814
73888,19.2,13.0,0.02192011758436411
73889,19.2,14.0,0.046091120230557454
73890,19.2,15.0,0.02386362717952967
73891,19.2,16.0,0.031293837265763985
73892,19.2,17.0,0.06569353993648441
73893,19.2,18.0,0.0303395185927011
73894,19.2,19.0,0.009411013337622601
73895,19.2,20.0,0.03251070439867896
73896,19.2,21.0,0.07088039908838577
73897,19.2,22.0,0.033559315467308865
73898,19.2,23.0,0.025188885934567078
73899,19.2,24.0,0.048806077031230015
73900,19.2,25.0,0.023122664846649224
73901,19.2,26.0,0.007377633375674764
73902,19.2,27.0,0.016909155850595204
73903,19.2,28.0,0.03370694871523151
73904,19.2,29.0,0.01704239234904465
73905,19.2,30.0,0.014331279381257143
73906,19.2,31.0,0.026479593331798765
73907,19.2,32.0,0.013017169591565857
73908,19.2,33.0,0.0047443306268677736
73909,19.2,34.0,0.010109531252565564
73910,19.2,35.0,0.019581913506478508
73911,19.2,36.0,0.00994135457089804
73912,19.2,37.0,0.008518297031666247
73913,19.2,38.0,0.01574735819838918
73914,19.2,39.0,0.0078915283782626
73915,19.2,40.0,0.006774024879430501
73916,19.2,41.0,0.01272013897892868
73917,19.2,42.0,0.006009293538480303
73918,19.2,43.0,0.0018909128650758794
73919,19.2,44.0,0.004699230031138039
73920,19.2,45.0,0.009653258964611116
73921,19.2,46.0,0.004410372288913678
73922,19.2,47.0,0.0010169232879257697
73923,19.2,48.0,0.0006735252240463243
73924,19.2,49.0,0.0005739144884708583
73925,19.2,50.0,0.000488351496514703
73926,19.2,51.0,0.00041334307675394287
73927,19.2,52.0,0.00034952064972583984
73928,19.2,53.0,0.000427979715194122
73929,19.2,54.0,0.0022653002718934787
73930,19.2,55.0,0.005168089585298285
73931,19.2,56.0,0.0021883137718140323
73932,19.2,57.0,0.0002724453040108299
73933,19.2,58.0,0.00011233019026389248
73934,19.2,59.0,8.987162439345734e-05
73935,19.2,60.0,7.250350696713339e-05
73936,19.2,61.0,5.818288454710114e-05
73937,19.2,62.0,4.6442714557178076e-05
73938,19.2,63.0,3.687449244407848e-05
73939,19.2,64.0,2.912196085734604e-05
73940,19.2,65.0,2.2877116505097465e-05
73941,19.2,66.0,1.7875905968237026e-05
73942,19.2,67.0,1.3893796917636648e-05
73943,19.2,68.0,1.0741376493857484e-05
73944,19.2,69.0,8.260094945598708e-06
73945,19.2,70.0,6.318241866584686e-06
73946,19.2,71.0,4.807215176802177e-06
73947,19.2,72.0,3.63811970677496e-06
73948,19.2,73.0,2.7387129471628508e-06
73949,19.2,74.0,2.0507000998923595e-06
73950,19.3,-75.0,3.1271134713864767e-13
73951,19.3,-74.0,5.154502519717981e-13
73952,19.3,-73.0,8.451153297691725e-13
73953,19.3,-72.0,1.3782605019567484e-12
73954,19.3,-71.0,2.235798954234682e-12
73955,19.3,-70.0,3.6076159179770787e-12
73956,19.3,-69.0,5.7902051041669625e-12
73957,19.3,-68.0,9.243867434930335e-12
73958,19.3,-67.0,1.467910500161535e-11
73959,19.3,-66.0,2.3186305455391464e-11
73960,19.3,-65.0,3.6429200192273326e-11
73961,19.3,-64.0,5.693165741145826e-11
73962,19.3,-63.0,8.850017425407132e-11
73963,19.3,-62.0,1.368423525700072e-10
73964,19.3,-61.0,2.1046653230691713e-10
73965,19.3,-60.0,3.2198205431539375e-10
73966,19.3,-59.0,4.899665097005959e-10
73967,19.3,-58.0,7.416299038265854e-10
73968,19.3,-57.0,1.1165911413622625e-09
73969,19.3,-56.0,1.672196196339738e-09
73970,19.3,-55.0,2.4909579317934913e-09
73971,19.3,-54.0,3.6908947758048175e-09
73972,19.3,-53.0,5.439801403538969e-09
73973,19.3,-52.0,7.974813516239918e-09
73974,19.3,-51.0,1.1629047379833932e-08
73975,19.3,-50.0,1.6867621912584514e-08
73976,19.3,-49.0,2.433602777318859e-08
73977,19.3,-48.0,3.492461662281463e-08
73978,19.3,-47.0,4.985396771788604e-08
73979,19.3,-46.0,7.078707078988276e-08
73980,19.3,-45.0,9.997566382066933e-08
73981,19.3,-44.0,1.4044969683076504e-07
73982,19.3,-43.0,1.9626076490335776e-07
73983,19.3,-42.0,2.7279245985283345e-07
73984,19.3,-41.0,3.771529076961616e-07
73985,19.3,-40.0,5.186672434588561e-07
73986,19.3,-39.0,7.094903525549249e-07
73987,19.3,-38.0,9.65362771238701e-07
73988,19.3,-37.0,1.3065350392200122e-06
73989,19.3,-36.0,1.7588878416575767e-06
73990,19.3,-35.0,2.355276722356697e-06
73991,19.3,-34.0,3.137130701573229e-06
73992,19.3,-33.0,4.156333942880067e-06
73993,19.3,-32.0,5.479020618619645e-06
73994,19.3,-31.0,8.045884843556626e-06
73995,19.3,-30.0,8.669935285534007e-05
73996,19.3,-29.0,0.0011575819135245138
73997,19.3,-28.0,0.002828715895823279
73998,19.3,-27.0,0.0011666740457827074
73999,19.3,-26.0,0.00019640286906226408
74000,19.3,-25.0,0.0014167736351934086
74001,19.3,-24.0,0.003439791070858786
74002,19.3,-23.0,0.0015433683348693142
74003,19.3,-22.0,0.0017592425572941354
74004,19.3,-21.0,0.004014186609530046
74005,19.3,-20.0,0.001702504073343842
74006,19.3,-19.0,0.00036258820957131815
74007,19.3,-18.0,0.0021109343220400657
74008,19.3,-17.0,0.004999212408649127
74009,19.3,-16.0,0.0023367032645372995
74010,19.3,-15.0,0.0026936957244467212
74011,19.3,-14.0,0.005960699150503162
74012,19.3,-13.0,0.0026791093455350106
74013,19.3,-12.0,0.0007969488295524244
74014,19.3,-11.0,0.0033944362102344733
74015,19.3,-10.0,0.0076620980089833705
74016,19.3,-9.0,0.003823085212162849
74017,19.3,-8.0,0.004444747975820932
74018,19.3,-7.0,0.009358215102172234
74019,19.3,-6.0,0.0045375423059249125
74020,19.3,-5.0,0.001800062994559358
74021,19.3,-4.0,0.005818960649354865
74022,19.3,-3.0,0.012382954218931727
74023,19.3,-2.0,0.006227580500746855
74024,19.3,-1.0,0.0023612983700965254
74025,19.3,0.0,0.0006254726462939085
74026,19.3,1.0,0.0029209227686131578
74027,19.3,2.0,0.009149093023182219
74028,19.3,3.0,0.018742261625583522
74029,19.3,4.0,0.009674492641388527
74030,19.3,5.0,0.004538111289859192
74031,19.3,6.0,0.012441789942628578
74032,19.3,7.0,0.025301070209970696
74033,19.3,8.0,0.013717769536255102
74034,19.3,9.0,0.016269674636455126
74035,19.3,10.0,0.03211046038060963
74036,19.3,11.0,0.016175043116400376
74037,19.3,12.0,0.007128506872549376
74038,19.3,13.0,0.021920452935745308
74039,19.3,14.0,0.04604933594843857
74040,19.3,15.0,0.023861496664901265
74041,19.3,16.0,0.03118095353327204
74042,19.3,17.0,0.06536155263215918
74043,19.3,18.0,0.030236769235797843
74044,19.3,19.0,0.009502205048215294
74045,19.3,20.0,0.032637413765690605
74046,19.3,21.0,0.0712826724645075
74047,19.3,22.0,0.033695602774309684
74048,19.3,23.0,0.02517817605304624
74049,19.3,24.0,0.0488227499745644
74050,19.3,25.0,0.023107650280953004
74051,19.3,26.0,0.00734305396216167
74052,19.3,27.0,0.016865084791307897
74053,19.3,28.0,0.033648167198524974
74054,19.3,29.0,0.01700483381629038
74055,19.3,30.0,0.01429157700340147
74056,19.3,31.0,0.02641646724426282
74057,19.3,32.0,0.012984853968837428
74058,19.3,33.0,0.0047312738850931405
74059,19.3,34.0,0.010081705261718331
74060,19.3,35.0,0.019527310624614377
74061,19.3,36.0,0.009916553409037179
74062,19.3,37.0,0.008496265929964173
74063,19.3,38.0,0.015700676199100833
74064,19.3,39.0,0.007872311418834403
74065,19.3,40.0,0.00675726693604915
74066,19.3,41.0,0.012680315924062284
74067,19.3,42.0,0.005995071278911245
74068,19.3,43.0,0.0018921154645222804
74069,19.3,44.0,0.0046878919331666295
74070,19.3,45.0,0.009620311256322968
74071,19.3,46.0,0.0043991473083016585
74072,19.3,47.0,0.0010195300278360046
74073,19.3,48.0,0.0006769815525216954
74074,19.3,49.0,0.0005771883277603618
74075,19.3,50.0,0.0004913990361876692
74076,19.3,51.0,0.00041614415563638515
74077,19.3,52.0,0.00035205800557035406
74078,19.3,53.0,0.00042958832393953243
74079,19.3,54.0,0.0022572790750234302
74080,19.3,55.0,0.005145186356574938
74081,19.3,56.0,0.002179825078126534
74082,19.3,57.0,0.00027312512740918936
74083,19.3,58.0,0.00011349027438038587
74084,19.3,59.0,9.086709718621842e-05
74085,19.3,60.0,7.334570435974583e-05
74086,19.3,61.0,5.889010216469819e-05
74087,19.3,62.0,4.7032281285506965e-05
74088,19.3,63.0,3.7362496631867425e-05
74089,19.3,64.0,2.952309205794648e-05
74090,19.3,65.0,2.3204590040863916e-05
74091,19.3,66.0,1.814145295572972e-05
74092,19.3,67.0,1.4107704075226322e-05
74093,19.3,68.0,1.0912561974139077e-05
74094,19.3,69.0,8.396208457423366e-06
74095,19.3,70.0,6.425779362418851e-06
74096,19.3,71.0,4.8916402942871e-06
74097,19.3,72.0,3.7039859077008074e-06
74098,19.3,73.0,2.789781853917441e-06
74099,19.3,74.0,2.090052869174534e-06
74100,19.4,-75.0,3.0009849318119114e-13
74101,19.4,-74.0,4.949237784435014e-13
74102,19.4,-73.0,8.118932530856361e-13
74103,19.4,-72.0,1.3247857635724857e-12
74104,19.4,-71.0,2.1501981309277823e-12
74105,19.4,-70.0,3.4713420974332622e-12
74106,19.4,-69.0,5.5744555611637934e-12
74107,19.4,-68.0,8.90417337749254e-12
74108,19.4,-67.0,1.414721212302819e-11
74109,19.4,-66.0,2.235806582900263e-11
74110,19.4,-65.0,3.51466311104111e-11
74111,19.4,-64.0,5.4956527489442434e-11
74112,19.4,-63.0,8.547536639857727e-11
74113,19.4,-62.0,1.3223571458579452e-10
74114,19.4,-61.0,2.034898114487259e-10
74115,19.4,-60.0,3.114746309745179e-10
74116,19.4,-59.0,4.742297533436758e-10
74117,19.4,-58.0,7.181927628177579e-10
74118,19.4,-57.0,1.081880663312566e-09
74119,19.4,-56.0,1.6210775860598368e-09
74120,19.4,-55.0,2.4160969215476883e-09
74121,19.4,-54.0,3.5818798346507704e-09
74122,19.4,-53.0,5.281943869518069e-09
74123,19.4,-52.0,7.74751921615909e-09
74124,19.4,-51.0,1.1303622741128612e-08
74125,19.4,-50.0,1.6404339953596738e-08
74126,19.4,-49.0,2.3680233667807114e-08
74127,19.4,-48.0,3.400159784123967e-08
74128,19.4,-47.0,4.856224931129911e-08
74129,19.4,-46.0,6.898972182349287e-08
74130,19.4,-45.0,9.748911641756451e-08
74131,19.4,-44.0,1.370294856981279e-07
74132,19.4,-43.0,1.9158349456687626e-07
74133,19.4,-42.0,2.6643320250815095e-07
74134,19.4,-41.0,3.6855713172732753e-07
74135,19.4,-40.0,5.071162785168962e-07
74136,19.4,-39.0,6.940593213480827e-07
74137,19.4,-38.0,9.448698733456282e-07
74138,19.4,-37.0,1.279481073761934e-06
74139,19.4,-36.0,1.7233849220456068e-06
74140,19.4,-35.0,2.308965288907903e-06
74141,19.4,-34.0,3.0770842002881975e-06
74142,19.4,-33.0,4.078950938582308e-06
74143,19.4,-32.0,5.3799118513267496e-06
74144,19.4,-31.0,7.923590153984833e-06
74145,19.4,-30.0,8.688600125717254e-05
74146,19.4,-29.0,0.001162509042572507
74147,19.4,-28.0,0.0028410562098513284
74148,19.4,-27.0,0.0011714935767706696
74149,19.4,-26.0,0.0001967674773470192
74150,19.4,-25.0,0.0014222641145393397
74151,19.4,-24.0,0.0034538477625650327
74152,19.4,-23.0,0.001549079140289078
74153,19.4,-22.0,0.0017654754180804148
74154,19.4,-21.0,0.004029551715803736
74155,19.4,-20.0,0.001707991077423228
74156,19.4,-19.0,0.00036217983618661855
74157,19.4,-18.0,0.002117045760143164
74158,19.4,-17.0,0.005016283537466545
74159,19.4,-16.0,0.0023428416674324444
74160,19.4,-15.0,0.002700357964836474
74161,19.4,-14.0,0.0059789932469700305
74162,19.4,-13.0,0.002684583812901577
74163,19.4,-12.0,0.0007947608128017761
74164,19.4,-11.0,0.003400481219246122
74165,19.4,-10.0,0.007682035923210386
74166,19.4,-9.0,0.003829163983861839
74167,19.4,-8.0,0.004451443771353497
74168,19.4,-7.0,0.009379570549316709
74169,19.4,-6.0,0.004543152027023203
74170,19.4,-5.0,0.001796454390751612
74171,19.4,-4.0,0.005825657916879671
74172,19.4,-3.0,0.01240686158131446
74173,19.4,-2.0,0.006234724500641696
74174,19.4,-1.0,0.0023580662725413977
74175,19.4,0.0,0.0006311899445038648
74176,19.4,1.0,0.0029201180149897124
74177,19.4,2.0,0.009161733930891963
74178,19.4,3.0,0.01877543824365984
74179,19.4,4.0,0.009690535281691212
74180,19.4,5.0,0.004544812258567968
74181,19.4,6.0,0.012459679069306978
74182,19.4,7.0,0.025336708002357416
74183,19.4,8.0,0.013741522132988909
74184,19.4,9.0,0.016289805652037297
74185,19.4,10.0,0.032137723874777084
74186,19.4,11.0,0.016201570955806977
74187,19.4,12.0,0.007153945337431288
74188,19.4,13.0,0.021920093393839622
74189,19.4,14.0,0.04600675564005719
74190,19.4,15.0,0.023859064577689944
74191,19.4,16.0,0.03107272014938099
74192,19.4,17.0,0.06504181862025575
74193,19.4,18.0,0.030138785240266464
74194,19.4,19.0,0.009595194114886046
74195,19.4,20.0,0.03277216227436256
74196,19.4,21.0,0.07170540818132337
74197,19.4,22.0,0.03383976413574001
74198,19.4,23.0,0.025166703256076485
74199,19.4,24.0,0.04883713099206598
74200,19.4,25.0,0.023091235663213774
74201,19.4,26.0,0.007307578027093471
74202,19.4,27.0,0.016819135177888793
74203,19.4,28.0,0.033585919499267695
74204,19.4,29.0,0.016965346989847658
74205,19.4,30.0,0.014250103991090753
74206,19.4,31.0,0.026350295895800836
74207,19.4,32.0,0.012950895791031683
74208,19.4,33.0,0.004717440008169096
74209,19.4,34.0,0.010052526533176035
74210,19.4,35.0,0.01947033944029863
74211,19.4,36.0,0.009890445053064032
74212,19.4,37.0,0.00847309526722759
74213,19.4,38.0,0.015652082350160915
74214,19.4,39.0,0.007852059444229328
74215,19.4,40.0,0.0067396156596661915
74216,19.4,41.0,0.01263896973685403
74217,19.4,42.0,0.00598007526068863
74218,19.4,43.0,0.0018930103259630117
74219,19.4,44.0,0.004675958791367575
74220,19.4,45.0,0.009586247770229123
74221,19.4,46.0,0.0043873860025148495
74222,19.4,47.0,0.0010219786373584171
74223,19.4,48.0,0.0006803269889019132
74224,19.4,49.0,0.0005803707727766931
74225,19.4,50.0,0.0004943718337078972
74226,19.4,51.0,0.00041888477329506135
74227,19.4,52.0,0.0003545468589110948
74228,19.4,53.0,0.00043114448367318696
74229,19.4,54.0,0.0022490166853083578
74230,19.4,55.0,0.005121741014849089
74231,19.4,56.0,0.0021711077326793593
74232,19.4,57.0,0.0002737779779651688
74233,19.4,58.0,0.00011464104915678135
74234,19.4,59.0,9.185617633235094e-05
74235,19.4,60.0,7.418361536668121e-05
74236,19.4,61.0,5.959461363774998e-05
74237,19.4,62.0,4.762030082470914e-05
74238,19.4,63.0,3.7849780752177526e-05
74239,19.4,64.0,2.9924073255308883e-05
74240,19.4,65.0,2.353228816101412e-05
74241,19.4,66.0,1.840745357953855e-05
74242,19.4,67.0,1.4322188242453886e-05
74243,19.4,68.0,1.108437343041782e-05
74244,19.4,69.0,8.532946590018404e-06
74245,19.4,70.0,6.533907973837373e-06
74246,19.4,71.0,4.976604260695401e-06
74247,19.4,72.0,3.7703295179924502e-06
74248,19.4,73.0,2.8412641842678673e-06
74249,19.4,74.0,2.129756895346722e-06
74250,19.5,-75.0,2.8795391031446673e-13
74251,19.5,-74.0,4.75147966300153e-13
74252,19.5,-73.0,7.798675979016837e-13
74253,19.5,-72.0,1.2732069067442368e-12
74254,19.5,-71.0,2.067584190235145e-12
74255,19.5,-70.0,3.339746681586312e-12
74256,19.5,-69.0,5.365991233669976e-12
74257,19.5,-68.0,8.575757625854362e-12
74258,19.5,-67.0,1.3632676999460164e-11
74259,19.5,-66.0,2.1556383405394498e-11
74260,19.5,-65.0,3.3904454505561513e-11
74261,19.5,-64.0,5.304246894364906e-11
74262,19.5,-63.0,8.254234592962602e-11
74263,19.5,-62.0,1.2776620413506983e-10
74264,19.5,-61.0,1.9671672453577777e-10
74265,19.5,-60.0,3.0126777799493764e-10
74266,19.5,-59.0,4.5893395603231393e-10
74267,19.5,-58.0,6.953985923658637e-10
74268,19.5,-57.0,1.0481019538894898e-09
74269,19.5,-56.0,1.5713009105310994e-09
74270,19.5,-55.0,2.3431565326809867e-09
74271,19.5,-54.0,3.475596500990708e-09
74272,19.5,-53.0,5.127946789398186e-09
74273,19.5,-52.0,7.525645890521133e-09
74274,19.5,-51.0,1.0985761351560955e-08
74275,19.5,-50.0,1.595154139416695e-08
74276,19.5,-49.0,2.3038874879737622e-08
74277,19.5,-48.0,3.309832353218895e-08
74278,19.5,-47.0,4.729735472218025e-08
74279,19.5,-46.0,6.722856448210342e-08
74280,19.5,-45.0,9.505105985815617e-08
74281,19.5,-44.0,1.3367378375655822e-07
74282,19.5,-43.0,1.8699142295154525e-07
74283,19.5,-42.0,2.60185638135064e-07
74284,19.5,-41.0,3.6010667475740063e-07
74285,19.5,-40.0,4.957529142093912e-07
74286,19.5,-39.0,6.788685382738858e-07
74287,19.5,-38.0,9.246821034959398e-07
74288,19.5,-37.0,1.2528113139528125e-06
74289,19.5,-36.0,1.688361453141971e-06
74290,19.5,-35.0,2.2632465510855556e-06
74291,19.5,-34.0,3.017763132625672e-06
74292,19.5,-33.0,4.002446477407996e-06
74293,19.5,-32.0,5.281854905182309e-06
74294,19.5,-31.0,7.802484115765988e-06
74295,19.5,-30.0,8.706915492021486e-05
74296,19.5,-29.0,0.0011673645928863814
74297,19.5,-28.0,0.002853218549871844
74298,19.5,-27.0,0.0011762418933884207
74299,19.5,-26.0,0.00019712333231696887
74300,19.5,-25.0,0.0014276672223294178
74301,19.5,-24.0,0.0034676865713334022
74302,19.5,-23.0,0.0015546954437520852
74303,19.5,-22.0,0.001771599289575109
74304,19.5,-21.0,0.004044660687951915
74305,19.5,-20.0,0.0017133735028784668
74306,19.5,-19.0,0.0003617544762051939
74307,19.5,-18.0,0.002123024121293572
74308,19.5,-17.0,0.005033029851824357
74309,19.5,-16.0,0.0023488305186671224
74310,19.5,-15.0,0.0027068441810734413
74311,19.5,-14.0,0.005996890970067906
74312,19.5,-13.0,0.002689877994201495
74313,19.5,-12.0,0.0007925140042608381
74314,19.5,-11.0,0.003406287232483407
74315,19.5,-10.0,0.007701440993689113
74316,19.5,-9.0,0.0038349610119297866
74317,19.5,-8.0,0.0044578057977714336
74318,19.5,-7.0,0.00940024853093492
74319,19.5,-6.0,0.004548398814561458
74320,19.5,-5.0,0.0017926548211733616
74321,19.5,-4.0,0.0058318759381863075
74322,19.5,-3.0,0.012429826016024425
74323,19.5,-2.0,0.006241325559725157
74324,19.5,-1.0,0.002354535277325343
74325,19.5,0.0,0.0006369039638337015
74326,19.5,1.0,0.002918936735792317
74327,19.5,2.0,0.009173566088390208
74328,19.5,3.0,0.018807151832071527
74329,19.5,4.0,0.009705697643160994
74330,19.5,5.0,0.00455096057425296
74331,19.5,6.0,0.012476524499563563
74332,19.5,7.0,0.02537051183548282
74333,19.5,8.0,0.013764143201542102
74334,19.5,9.0,0.016308759096733932
74335,19.5,10.0,0.032163026277778
74336,19.5,11.0,0.016226938357443436
74337,19.5,12.0,0.007178738247662835
74338,19.5,13.0,0.021919095874534215
74339,19.5,14.0,0.04596349842884492
74340,19.5,15.0,0.023856363734989273
74341,19.5,16.0,0.030968812128293128
74342,19.5,17.0,0.06473351479574412
74343,19.5,18.0,0.030045239198182815
74344,19.5,19.0,0.009690126153919867
74345,19.5,20.0,0.032915734034088075
74346,19.5,21.0,0.07215059380426721
74347,19.5,22.0,0.03399257273921345
74348,19.5,23.0,0.025154323353099164
74349,19.5,24.0,0.048848792246647094
74350,19.5,25.0,0.023073220616611025
74351,19.5,26.0,0.007271143170862529
74352,19.5,27.0,0.016771138668253582
74353,19.5,28.0,0.03351985559045618
74354,19.5,29.0,0.016923758473920508
74355,19.5,30.0,0.014206714765089837
74356,19.5,31.0,0.026280802842497154
74357,19.5,32.0,0.012915160386634183
74358,19.5,33.0,0.0047027810948431885
74359,19.5,34.0,0.010021890215297148
74360,19.5,35.0,0.0194107953672305
74361,19.5,36.0,0.009862924576080881
74362,19.5,37.0,0.008448695029563963
74363,19.5,38.0,0.015601411977576692
74364,19.5,39.0,0.007830688059894978
74365,19.5,40.0,0.0067209984273487264
74366,19.5,41.0,0.012595967498077568
74367,19.5,42.0,0.005964240498001964
74368,19.5,43.0,0.0018935742604854044
74369,19.5,44.0,0.004663379597074697
74370,19.5,45.0,0.009550968282644125
74371,19.5,46.0,0.004375040684829523
74372,19.5,47.0,0.0010242555465374828
74373,19.5,48.0,0.0006835516730244582
74374,19.5,49.0,0.0005834532487818166
74375,19.5,50.0,0.0004972624590028811
74376,19.5,51.0,0.0004215585318467988
74377,19.5,52.0,0.0003569817205294008
74378,19.5,53.0,0.0004326422149304332
74379,19.5,54.0,0.0022404895491394063
74380,19.5,55.0,0.005097702073708543
74381,19.5,56.0,0.0021621393603902484
74382,19.5,57.0,0.00027440024807761124
74383,19.5,58.0,0.00011578061974540832
74384,19.5,59.0,9.283732346437237e-05
74385,19.5,60.0,7.501598935524505e-05
74386,19.5,61.0,6.0295408828041866e-05
74387,19.5,62.0,4.820596260394086e-05
74388,19.5,63.0,3.8335698638635196e-05
74389,19.5,64.0,3.0324392740212218e-05
74390,19.5,65.0,2.3859808326513864e-05
74391,19.5,66.0,1.867359329902832e-05
74392,19.5,67.0,1.4537005298322753e-05
74393,19.5,68.0,1.125662268598286e-05
74394,19.5,69.0,8.670165288344621e-06
74395,19.5,70.0,6.642518189621534e-06
74396,19.5,71.0,5.0620244117699425e-06
74397,19.5,72.0,3.837088584646997e-06
74398,19.5,73.0,2.8931138443574874e-06
74399,19.5,74.0,2.1697781372996533e-06
74400,19.6,-75.0,2.762631610978572e-13
74401,19.6,-74.0,4.561001975944682e-13
74402,19.6,-73.0,7.490031625327331e-13
74403,19.6,-72.0,1.2234695077161087e-12
74404,19.6,-71.0,1.9878735540364905e-12
74405,19.6,-70.0,3.212702192164459e-12
74406,19.6,-69.0,5.1646190247734306e-12
74407,19.6,-68.0,8.258329736832182e-12
74408,19.6,-67.0,1.3135065881372388e-11
74409,19.6,-66.0,2.078061513076478e-11
74410,19.6,-65.0,3.270172410462415e-11
74411,19.6,-64.0,5.118809990299425e-11
74412,19.6,-63.0,7.969911063542723e-11
74413,19.6,-62.0,1.2343094355522055e-10
74414,19.6,-61.0,1.9014317012768113e-10
74415,19.6,-60.0,2.9135570030952916e-10
74416,19.6,-59.0,4.440710036814584e-10
74417,19.6,-58.0,6.732361391372392e-10
74418,19.6,-57.0,1.015239562535584e-09
74419,19.6,-56.0,1.5228451834332959e-09
74420,19.6,-55.0,2.2721085881382254e-09
74421,19.6,-54.0,3.372007418362561e-09
74422,19.6,-53.0,4.9777613249499824e-09
74423,19.6,-52.0,7.309130689290485e-09
74424,19.6,-51.0,1.0675383786354147e-08
74425,19.6,-50.0,1.5509128004550335e-08
74426,19.6,-49.0,2.241183310116498e-08
74427,19.6,-48.0,3.22146559993118e-08
74428,19.6,-47.0,4.6059131071254656e-08
74429,19.6,-46.0,6.550344075026368e-08
74430,19.6,-45.0,9.266135027042481e-08
74431,19.6,-44.0,1.3038249463121012e-07
74432,19.6,-43.0,1.8248455538751552e-07
74433,19.6,-42.0,2.5404995816420584e-07
74434,19.6,-41.0,3.5180204154861536e-07
74435,19.6,-40.0,4.845781555849301e-07
74436,19.6,-39.0,6.639197775804809e-07
74437,19.6,-38.0,9.048023848898605e-07
74438,19.6,-37.0,1.2265303595584763e-06
74439,19.6,-36.0,1.653824433597084e-06
74440,19.6,-35.0,2.2181308819621694e-06
74441,19.6,-34.0,2.9591825469838876e-06
74442,19.6,-33.0,3.926841997153775e-06
74443,19.6,-32.0,5.184879845291055e-06
74444,19.6,-31.0,7.682611110481435e-06
74445,19.6,-30.0,8.724912277047661e-05
74446,19.6,-29.0,0.0011721523764035599
74447,19.6,-28.0,0.0028652121918542194
74448,19.6,-27.0,0.001180922869721339
74449,19.6,-26.0,0.00019747117017527153
74450,19.6,-25.0,0.0014329877485818178
74451,19.6,-24.0,0.0034813189917928737
74452,19.6,-23.0,0.0015602225377062422
74453,19.6,-22.0,0.0017776202741619067
74454,19.6,-21.0,0.004059527197440691
74455,19.6,-20.0,0.0017186574116258967
74456,19.6,-19.0,0.00036131383186921017
74457,19.6,-18.0,0.002128877114011314
74458,19.6,-17.0,0.005049468927651429
74459,19.6,-16.0,0.0023546785607328267
74460,19.6,-15.0,0.002713164560004896
74461,19.6,-14.0,0.006014413845970076
74462,19.6,-13.0,0.0026950024008926066
74463,19.6,-12.0,0.0007902126967953947
74464,19.6,-11.0,0.003411867801003294
74465,19.6,-10.0,0.007720341864027587
74466,19.6,-9.0,0.00384049181482936
74467,19.6,-8.0,0.004463852131134386
74468,19.6,-7.0,0.00942028476405623
74469,19.6,-6.0,0.004553301515727567
74470,19.6,-5.0,0.0017886736153025211
74471,19.6,-4.0,0.005837638770673133
74472,19.6,-3.0,0.012451895533918645
74473,19.6,-2.0,0.006247409360127583
74474,19.6,-1.0,0.002350716951272055
74475,19.6,0.0,0.0006426163952909395
74476,19.6,1.0,0.0029173919034168093
74477,19.6,2.0,0.009184625185897966
74478,19.6,3.0,0.018837473172384583
74479,19.6,4.0,0.009720016281709841
74480,19.6,5.0,0.004556573063837902
74481,19.6,6.0,0.012492371942761512
74482,19.6,7.0,0.02540257479294213
74483,19.6,8.0,0.013785681210420331
74484,19.6,9.0,0.01632659088439458
74485,19.6,10.0,0.03218648022506913
74486,19.6,11.0,0.016251198465097875
74487,19.6,12.0,0.007202902840729099
74488,19.6,13.0,0.021917508139718492
74489,19.6,14.0,0.0459196639324561
74490,19.6,15.0,0.02385341989791267
74491,19.6,16.0,0.030868933899266444
74492,19.6,17.0,0.06443589456187601
74493,19.6,18.0,0.029955833843645707
74494,19.6,19.0,0.009787169943308917
74495,19.6,20.0,0.033069043484551454
74496,19.6,21.0,0.0726205483728825
74497,19.6,22.0,0.03415492992044274
74498,19.6,23.0,0.02514086290560329
74499,19.6,24.0,0.048857222995006264
74500,19.6,25.0,0.023053366352568508
74501,19.6,26.0,0.0072336758792396596
74502,19.6,27.0,0.016720899063560297
74503,19.6,28.0,0.033449568203967384
74504,19.6,29.0,0.016879866474845184
74505,19.6,30.0,0.01416124032649122
74506,19.6,31.0,0.02620766760321635
74507,19.6,32.0,0.012877491643253407
74508,19.6,33.0,0.004687241667195745
74509,19.6,34.0,0.00998967500518084
74510,19.6,35.0,0.019348441738292144
74511,19.6,36.0,0.009833870714960523
74512,19.6,37.0,0.008422961264247446
74513,19.6,38.0,0.015548474757621538
74514,19.6,39.0,0.007808099872202528
74515,19.6,40.0,0.006701331476076653
74516,19.6,41.0,0.01255115565890859
74517,19.6,42.0,0.0059474920672641885
74518,19.6,43.0,0.0018937807116554753
74519,19.6,44.0,0.004650095570420022
74520,19.6,45.0,0.00951435701764155
74521,19.6,46.0,0.00436205638230149
74522,19.6,47.0,0.0010263452583437254
74523,19.6,48.0,0.0006866443800947993
74524,19.6,49.0,0.0005864259965981651
74525,19.6,50.0,0.0005000624562826309
74526,19.6,51.0,0.0004241581498516969
74527,19.6,52.0,0.0003593563418186359
74528,19.6,53.0,0.0004340746830937637
74529,19.6,54.0,0.002231670456090483
74530,19.6,55.0,0.005073009948338911
74531,19.6,56.0,0.0021528940895908133
74532,19.6,57.0,0.00027498779767158794
74533,19.6,58.0,0.0001169068214297123
74534,19.6,59.0,9.380877950098314e-05
74535,19.6,60.0,7.584139459271334e-05
74536,19.6,61.0,6.099132980915913e-05
74537,19.6,62.0,4.878833610831661e-05
74538,19.6,63.0,3.881950731282514e-05
74539,19.6,64.0,3.072346109180294e-05
74540,19.6,65.0,2.4186685962457892e-05
74541,19.6,66.0,1.8939508324924484e-05
74542,19.6,67.0,1.475187224110144e-05
74543,19.6,68.0,1.1429091038960167e-05
74544,19.6,69.0,8.807696665428461e-06
74545,19.6,70.0,6.75148199594769e-06
74546,19.6,71.0,5.147803798482424e-06
74547,19.6,72.0,3.904190187983478e-06
74548,19.6,73.0,2.945276368259335e-06
74549,19.6,74.0,2.210076198548961e-06
74550,19.7,-75.0,2.650119413200782e-13
74551,19.7,-74.0,4.3775802494576304e-13
74552,19.7,-73.0,7.192649484463131e-13
74553,19.7,-72.0,1.1755193554700047e-12
74554,19.7,-71.0,1.9109828067396992e-12
74555,19.7,-70.0,3.0900811338997585e-12
74556,19.7,-69.0,4.970145386046481e-12
74557,19.7,-68.0,7.951597906299071e-12
74558,19.7,-67.0,1.2653941898915471e-11
74559,19.7,-66.0,2.003011159554094e-11
74560,19.7,-65.0,3.153748154049345e-11
74561,19.7,-64.0,4.939201650445913e-11
74562,19.7,-63.0,7.694361961837406e-11
74563,19.7,-62.0,1.1922698886761576e-10
74564,19.7,-61.0,1.8376493547648703e-10
74565,19.7,-60.0,2.8173241933192716e-10
74566,19.7,-59.0,4.2963248428724964e-10
74567,19.7,-58.0,6.516936727970648e-10
74568,19.7,-57.0,9.832772844471732e-10
74569,19.7,-56.0,1.475688239429291e-09
74570,19.7,-55.0,2.2029230874309007e-09
74571,19.7,-54.0,3.2710724383727865e-09
74572,19.7,-53.0,4.8313344035111834e-09
74573,19.7,-52.0,7.097904398104903e-09
74574,19.7,-51.0,1.0372401137936123e-08
74575,19.7,-50.0,1.5076987543578496e-08
74576,19.7,-49.0,2.179896948876035e-08
74577,19.7,-48.0,3.135042768517312e-08
74578,19.7,-47.0,4.4847382390060076e-08
74579,19.7,-46.0,6.381413090064894e-08
74580,19.7,-45.0,9.031975604738476e-08
74581,19.7,-44.0,1.2715539811367618e-07
74582,19.7,-43.0,1.780627236578868e-07
74583,19.7,-42.0,2.480261125049368e-07
74584,19.7,-41.0,3.436434030572239e-07
74585,19.7,-40.0,4.7359254947567335e-07
74586,19.7,-39.0,6.492141887480489e-07
74587,19.7,-38.0,8.85232794535142e-07
74588,19.7,-37.0,1.2006416718000547e-06
74589,19.7,-36.0,1.6197793401565289e-06
74590,19.7,-35.0,2.1736266334279958e-06
74591,19.7,-34.0,2.901354824739431e-06
74592,19.7,-33.0,3.852155438807704e-06
74593,19.7,-32.0,5.08901218037442e-06
74594,19.7,-31.0,7.564009289312825e-06
74595,19.7,-30.0,8.742617646588047e-05
74596,19.7,-29.0,0.0011768757557600092
74597,19.7,-28.0,0.0028770453197967684
74598,19.7,-27.0,0.0011855399242076394
74599,19.7,-26.0,0.00019781164184211903
74600,19.7,-25.0,0.0014382299246465033
74601,19.7,-24.0,0.0034947551763729913
74602,19.7,-23.0,0.0015656651012322857
74603,19.7,-22.0,0.0017835437713037661
74604,19.7,-21.0,0.0040741633337979775
74605,19.7,-20.0,0.0017238481760068313
74606,19.7,-19.0,0.00036085943048118097
74607,19.7,-18.0,0.0021346115826069234
74608,19.7,-17.0,0.00506561634103516
74609,19.7,-16.0,0.002360393570598942
74610,19.7,-15.0,0.0027193281710392097
74611,19.7,-14.0,0.00603158098898113
74612,19.7,-13.0,0.0026999664176399624
74613,19.7,-12.0,0.0007878607900999761
74614,19.7,-11.0,0.003417235040839696
74615,19.7,-10.0,0.007738764035547131
74616,19.7,-9.0,0.0038457702909355652
74617,19.7,-8.0,0.004469598962675887
74618,19.7,-7.0,0.009439711098405464
74619,19.7,-6.0,0.0045578770478357945
74620,19.7,-5.0,0.0017845192728784137
74621,19.7,-4.0,0.005842968000264398
74622,19.7,-3.0,0.012473112994248263
74623,19.7,-2.0,0.006252998957166818
74624,19.7,-1.0,0.0023466218271181783
74625,19.7,0.0,0.0006483287201697735
74626,19.7,1.0,0.0029154952681197045
74627,19.7,2.0,0.009194943110443936
74628,19.7,3.0,0.01886646525778323
74629,19.7,4.0,0.009733523786378121
74630,19.7,5.0,0.0045616647609651945
74631,19.7,6.0,0.012507261952782917
74632,19.7,7.0,0.02543297931866701
74633,19.7,8.0,0.013806178998394572
74634,19.7,9.0,0.01634335016219923
74635,19.7,10.0,0.0322081846946524
74636,19.7,11.0,0.01627439777901107
74637,19.7,12.0,0.007226453764916943
74638,19.7,13.0,0.021915369711568013
74639,19.7,14.0,0.04587533425816855
74640,19.7,15.0,0.02385025237349035
74641,19.7,16.0,0.030772814914391166
74642,19.7,17.0,0.06414827667652502
74643,19.7,18.0,0.02987029766632762
74644,19.7,19.0,0.0098865228772825
74645,19.7,20.0,0.03323316783052035
74646,19.7,21.0,0.07311800501247322
74647,19.7,22.0,0.034327897063027524
74648,19.7,23.0,0.02512611161419617
74649,19.7,24.0,0.04886180817356249
74650,19.7,25.0,0.0230313857762423
74651,19.7,26.0,0.007195088714822419
74652,19.7,27.0,0.016668185434638834
74653,19.7,28.0,0.03337457877003876
74654,19.7,29.0,0.016833433803869976
74655,19.7,30.0,0.014113482485820972
74656,19.7,31.0,0.026130514853165268
74657,19.7,32.0,0.012837706730754713
74658,19.7,33.0,0.004670756787971306
74659,19.7,34.0,0.009955739094469654
74660,19.7,35.0,0.019283001924349473
74661,19.7,36.0,0.00980314185290931
74662,19.7,37.0,0.008395772649794365
74663,19.7,38.0,0.015493048413078888
74664,19.7,39.0,0.00778418129532779
74665,19.7,40.0,0.006680517166001077
74666,19.7,41.0,0.012504354970583647
74667,19.7,42.0,0.005929742669774548
74668,19.7,43.0,0.0018935989362662226
74669,19.7,44.0,0.004636038255698981
74670,19.7,45.0,0.00947627882409108
74671,19.7,46.0,0.0043483690513109454
74672,19.7,47.0,0.0010282298856471783
74673,19.7,48.0,0.0006895921960273846
74674,19.7,49.0,0.0005892777918816098
74675,19.7,50.0,0.0005027621018154521
74676,19.7,51.0,0.00042667525441051013
74677,19.7,52.0,0.0003616635367011689
74678,19.7,53.0,0.00043543399568613054
74679,19.7,54.0,0.002222527642017094
74680,19.7,55.0,0.005047594958654136
74681,19.7,56.0,0.002143341693019781
74682,19.7,57.0,0.0002755358278572247
74683,19.7,58.0,0.00011801715752150362
74684,19.7,59.0,9.476851403060444e-05
74685,19.7,60.0,7.665817682336596e-05
74686,19.7,61.0,6.168103714561676e-05
74687,19.7,62.0,4.93663435731385e-05
74688,19.7,63.0,3.93003449901383e-05
74689,19.7,64.0,3.112059355555764e-05
74690,19.7,65.0,2.451238041377218e-05
74691,19.7,66.0,1.9204774485654673e-05
74692,19.7,67.0,1.4966458408850086e-05
74693,19.7,68.0,1.1601522375939889e-05
74694,19.7,69.0,8.94534362953609e-06
74695,19.7,70.0,6.8606487066962334e-06
74696,19.7,71.0,5.233827968245144e-06
74697,19.7,72.0,3.971547970107069e-06
74698,19.7,73.0,2.997687030306739e-06
74699,19.7,74.0,2.250602893173302e-06
74700,19.8,-75.0,2.5418612176636114e-13
74701,19.8,-74.0,4.2009924108941124e-13
74702,19.8,-73.0,6.906182752403839e-13
74703,19.8,-72.0,1.1293026404630645e-12
74704,19.8,-71.0,1.8368290029404116e-12
74705,19.8,-70.0,2.971756492606147e-12
74706,19.8,-69.0,4.782377118447312e-12
74707,19.8,-68.0,7.655270248423832e-12
74708,19.8,-67.0,1.218886709170206e-11
74709,19.8,-66.0,1.9304220233981032e-11
74710,19.8,-65.0,3.0410761363047504e-11
74711,19.8,-64.0,4.765280069058516e-11
74712,19.8,-63.0,7.427380535131369e-11
74713,19.8,-62.0,1.1515134830086807e-10
74714,19.8,-61.0,1.7757772480722959e-10
74715,19.8,-60.0,2.7239181586480306e-10
74716,19.8,-59.0,4.1560975262542086e-10
74717,19.8,-58.0,6.307590829621403e-10
74718,19.8,-57.0,9.521983049705032e-10
74719,19.8,-56.0,1.4298069479080676e-09
74720,19.8,-55.0,2.1355685211091002e-09
74721,19.8,-54.0,3.172749080568575e-09
74722,19.8,-53.0,4.688609386435333e-09
74723,19.8,-52.0,6.891892404070944e-09
74724,19.8,-51.0,1.0076716403009323e-08
74725,19.8,-50.0,1.465499573889241e-08
74726,19.8,-49.0,2.1200127473951934e-08
74727,19.8,-48.0,3.0505445135877876e-08
74728,19.8,-47.0,4.366187518109631e-08
74729,19.8,-46.0,6.21603612459708e-08
74730,19.8,-45.0,8.80259685913403e-08
74731,19.8,-44.0,1.2399216496659255e-07
74732,19.8,-43.0,1.7372560627911597e-07
74733,19.8,-42.0,2.4211383716530296e-07
74734,19.8,-41.0,3.356306338309985e-07
74735,19.8,-40.0,4.627962348406598e-07
74736,19.8,-39.0,6.347523638681593e-07
74737,19.8,-38.0,8.659746529081448e-07
74738,19.8,-37.0,1.175147691979973e-06
74739,19.8,-36.0,1.5862302837098888e-06
74740,19.8,-35.0,2.12974034029522e-06
74741,19.8,-34.0,2.8442899456836363e-06
74742,19.8,-33.0,3.7784015897847153e-06
74743,19.8,-32.0,4.994273304127405e-06
74744,19.8,-31.0,7.446711157056378e-06
74745,19.8,-30.0,8.760055288141918e-05
74746,19.8,-29.0,0.0011815376713827676
74747,19.8,-28.0,0.002888725091181166
74748,19.8,-27.0,0.001190096047280288
74749,19.8,-26.0,0.00019814531865968945
74750,19.8,-25.0,0.0014433974574881076
74751,19.8,-24.0,0.003508004016810842
74752,19.8,-23.0,0.0015710272379621292
74753,19.8,-22.0,0.001789374521286037
74754,19.8,-21.0,0.004088579701793191
74755,19.8,-20.0,0.001728950522249277
74756,19.8,-19.0,0.000360392637059712
74757,19.8,-18.0,0.0021402335623454368
74758,19.8,-17.0,0.0050814857932312855
74759,19.8,-16.0,0.0023659824219306887
74760,19.8,-15.0,0.00272534303857983
74761,19.8,-14.0,0.006048409254425113
74762,19.8,-13.0,0.00270477837644423
74763,19.8,-12.0,0.0007854618201803433
74764,19.8,-11.0,0.0034223997283548747
74765,19.8,-10.0,0.007756730070212353
74766,19.8,-9.0,0.003850808826910163
74767,19.8,-8.0,0.004475060725383899
74768,19.8,-7.0,0.009458555769431692
74769,19.8,-6.0,0.004562140529205435
74770,19.8,-5.0,0.0017801995257568592
74771,19.8,-4.0,0.005847882909963172
74772,19.8,-3.0,0.012493516446964734
74773,19.8,-2.0,0.006258114958826842
74774,19.8,-1.0,0.002342259480210004
74775,19.8,0.0,0.0006540422193678122
74776,19.8,1.0,0.0029132574466413166
74777,19.8,2.0,0.00920454820589586
74778,19.8,3.0,0.01889418381780025
74779,19.8,4.0,0.00974624904853046
74780,19.8,5.0,0.004566249029778704
74781,19.8,6.0,0.01252123028326468
74782,19.8,7.0,0.025461797949759942
74783,19.8,8.0,0.013825674159114898
74784,19.8,9.0,0.016359079786424657
74785,19.8,10.0,0.032228225980575696
74786,19.8,11.0,0.016296576616674528
74787,19.8,12.0,0.007249403246424312
74788,19.8,13.0,0.021912712508599694
74789,19.8,14.0,0.045830575404276264
74790,19.8,15.0,0.023846874378101235
74791,19.8,16.0,0.030680205805431043
74792,19.8,17.0,0.06387003557762283
74793,19.8,18.0,0.02978838110863299
74794,19.8,19.0,0.009988418261509743
74795,19.8,20.0,0.03340939069116005
74796,19.8,21.0,0.07364622211226327
74797,19.8,22.0,0.03451273852310612
74798,19.8,23.0,0.02510981204852316
74799,19.8,24.0,0.048861799530271914
74800,19.8,25.0,0.023006930147030785
74801,19.8,26.0,0.007155276531367344
74802,19.8,27.0,0.016612722879123774
74803,19.8,28.0,0.03329431852111254
74804,19.8,29.0,0.016784178469717206
74805,19.8,30.0,0.01406320610117047
74806,19.8,31.0,0.02604889989462551
74807,19.8,32.0,0.012795589004629297
74808,19.8,33.0,0.004653249526401483
74809,19.8,34.0,0.009919914715188943
74810,19.8,35.0,0.01921414873390863
74811,19.8,36.0,0.009770570615704877
74812,19.8,37.0,0.008366985881869383
74813,19.8,38.0,0.015434870233302745
74814,19.8,39.0,0.007758798256244055
74815,19.8,40.0,0.006658440299081971
74816,19.8,41.0,0.012455353663021529
74817,19.8,42.0,0.00591088935347853
74818,19.8,43.0,0.0018929929034721031
74819,19.8,44.0,0.004621126959599273
74820,19.8,45.0,0.009436574031877077
74821,19.8,46.0,0.004333903177502677
74822,19.8,47.0,0.0010298885296946185
74823,19.8,48.0,0.0006923800820845899
74824,19.8,49.0,0.0005919955688015292
74825,19.8,50.0,0.0005053500793316795
74826,19.8,51.0,0.00042910010265775054
74827,19.8,52.0,0.0003638949431475366
74828,19.8,53.0,0.00043671093060763965
74829,19.8,54.0,0.002213023582412134
74830,19.8,55.0,0.0050213746413870775
74831,19.8,56.0,0.002133446431976971
74832,19.8,57.0,0.00027603871154157706
74833,19.8,58.0,0.00011910871637686455
74834,19.8,59.0,9.571415770697656e-05
74835,19.8,60.0,7.746440396488395e-05
74836,19.8,61.0,6.236296489013616e-05
74837,19.8,62.0,4.9938723557091875e-05
74838,19.8,63.0,3.9777201750615064e-05
74839,19.8,64.0,3.151498655379341e-05
74840,19.8,65.0,2.4836256232261677e-05
74841,19.8,66.0,1.946889239858731e-05
74842,19.8,67.0,1.5180373790876039e-05
74843,19.8,68.0,1.1773614007491739e-05
74844,19.8,69.0,9.082872736795979e-06
74845,19.8,70.0,6.96983941878526e-06
74846,19.8,71.0,5.319960686395548e-06
74847,19.8,72.0,4.039058850942891e-06
74848,19.8,73.0,3.0502683378819693e-06
74849,19.8,74.0,2.291300341806396e-06
74850,19.9,-75.0,2.437717807172949e-13
74851,19.9,-74.0,4.031019333217477e-13
74852,19.9,-73.0,6.630288711441418e-13
74853,19.9,-72.0,1.084766103920556e-12
74854,19.9,-71.0,1.7653299118728986e-12
74855,19.9,-70.0,2.8576021325318437e-12
74856,19.9,-69.0,4.6011220136021285e-12
74857,19.9,-68.0,7.369055823361851e-12
74858,19.9,-67.0,1.1739404044348545e-11
74859,19.9,-66.0,1.860228790932976e-11
74860,19.9,-65.0,2.9320595097736026e-11
74861,19.9,-64.0,4.5969026538809144e-11
74862,19.9,-63.0,7.168758348296436e-11
74863,19.9,-62.0,1.1120099738210913e-10
74864,19.9,-61.0,1.7157718239398561e-10
74865,19.9,-60.0,2.6332766515852213e-10
74866,19.9,-59.0,4.0199398317469104e-10
74867,19.9,-58.0,6.104199585856169e-10
74868,19.9,-57.0,9.219853179276377e-10
74869,19.9,-56.0,1.3851773882487148e-09
74870,19.9,-55.0,2.070012128743647e-09
74871,19.9,-54.0,3.0769929098220706e-09
74872,19.9,-53.0,4.549526617732384e-09
74873,19.9,-52.0,6.691015488472437e-09
74874,19.9,-51.0,9.788225620887618e-09
74875,19.9,-50.0,1.4243017911631913e-08
74876,19.9,-49.0,2.0615135067659774e-08
74877,19.9,-48.0,2.9679492250685904e-08
74878,19.9,-47.0,4.250234297200901e-08
74879,19.9,-46.0,6.05418104830034e-08
74880,19.9,-45.0,8.577961109809345e-08
74881,19.9,-44.0,1.2089236901373393e-07
74882,19.9,-43.0,1.694727450416896e-07
74883,19.9,-42.0,2.363126767466636e-07
74884,19.9,-41.0,3.2776334241892785e-07
74885,19.9,-40.0,4.521889836315035e-07
74886,19.9,-39.0,6.205343922351682e-07
74887,19.9,-38.0,8.470285964497011e-07
74888,19.9,-37.0,1.150049937186017e-06
74889,19.9,-36.0,1.5531801348880187e-06
74890,19.9,-35.0,2.086476884155856e-06
74891,19.9,-34.0,2.787995700540718e-06
74892,19.9,-33.0,3.7055923579391235e-06
74893,19.9,-32.0,4.900680846467677e-06
74894,19.9,-31.0,7.330744028925905e-06
74895,19.9,-30.0,8.777245550002364e-05
74896,19.9,-29.0,0.001186140654407696
74897,19.9,-28.0,0.0029002576678423975
74898,19.9,-27.0,0.0011945938147010066
74899,19.9,-26.0,0.00019847269561837637
74900,19.9,-25.0,0.0014484935465586303
74901,19.9,-24.0,0.0035210731835046707
74902,19.9,-23.0,0.0015763124949981714
74903,19.9,-22.0,0.0017951166272799398
74904,19.9,-21.0,0.004102785469320541
74905,19.9,-20.0,0.0017339685528853408
74906,19.9,-19.0,0.00035991466230995853
74907,19.9,-18.0,0.002145748308462137
74908,19.9,-17.0,0.005097089174088534
74909,19.9,-16.0,0.0023714511183093694
74910,19.9,-15.0,0.0027312161810066336
74911,19.9,-14.0,0.006064913317931684
74912,19.9,-13.0,0.0027094455974069655
74913,19.9,-12.0,0.0007830189785328242
74914,19.9,-11.0,0.0034273713532814902
74915,19.9,-10.0,0.007774259698691953
74916,19.9,-9.0,0.0038556183584188782
74917,19.9,-8.0,0.004480250165164443
74918,19.9,-7.0,0.00947684353528431
74919,19.9,-6.0,0.0045661053534608
74920,19.9,-5.0,0.0017757213769659785
74921,19.9,-4.0,0.005852400575853837
74922,19.9,-3.0,0.012513139321219106
74923,19.9,-2.0,0.0062627756277540084
74924,19.9,-1.0,0.0023376385757127643
74925,19.9,0.0,0.0006597579751971724
74926,19.9,1.0,0.002910687974708719
74927,19.9,2.0,0.009213465419358843
74928,19.9,3.0,0.018920677609941608
74929,19.9,4.0,0.009758217411303113
74930,19.9,5.0,0.004570337633209335
74931,19.9,6.0,0.012534308087911382
74932,19.9,7.0,0.025489093732555573
74933,19.9,8.0,0.013844199255212164
74934,19.9,9.0,0.01637381659405501
74935,19.9,10.0,0.032246678260053514
74936,19.9,11.0,0.016317769371297895
74937,19.9,12.0,0.007271761169931003
74938,19.9,13.0,0.021909561203820392
74939,19.9,14.0,0.045785438071942214
74940,19.9,15.0,0.02384329315031443
74941,19.9,16.0,0.030590874911680957
74942,19.9,17.0,0.06360059275522092
74943,19.9,18.0,0.029709853177075366
74944,19.9,19.0,0.010093135280570526
74945,19.9,20.0,0.0335992621190961
74946,19.9,21.0,0.07420913620957956
74947,19.9,22.0,0.034710980648376855
74948,19.9,23.0,0.02509164549796521
74949,19.9,24.0,0.04885627587808693
74950,19.9,25.0,0.022979570710020294
74951,19.9,26.0,0.007114111259784109
74952,19.9,27.0,0.016554179819892923
74953,19.9,28.0,0.033208102539780585
74954,19.9,29.0,0.01673176075321099
74955,19.9,30.0,0.014010128409186416
74956,19.9,31.0,0.025962288693129866
74957,19.9,32.0,0.012750878252436534
74958,19.9,33.0,0.004634627472264918
74959,19.9,34.0,0.009882000641093487
74960,19.9,35.0,0.01914148984225944
74961,19.9,36.0,0.009735956443616184
74962,19.9,37.0,0.008336429329924453
74963,19.9,38.0,0.015373625416274472
74964,19.9,39.0,0.007731790290741671
74965,19.9,40.0,0.00663496305834479
74966,19.9,41.0,0.01240389806613209
74967,19.9,42.0,0.005890809006891833
74968,19.9,43.0,0.0018919197830563521
74969,19.9,44.0,0.004605265229911071
74970,19.9,45.0,0.009395051378951486
74971,19.9,46.0,0.004318568476850652
74972,19.9,47.0,0.0010312964275164013
74973,19.9,48.0,0.0006949902782427632
74974,19.9,49.0,0.0005945639044903062
74975,19.9,50.0,0.0005078130354788294
74976,19.9,51.0,0.00043142120046461076
74977,19.9,52.0,0.0003660406967828082
74978,19.9,53.0,0.0004378945637677923
74979,19.9,54.0,0.0022031133333744813
74980,19.9,55.0,0.004994250052519425
74981,19.9,56.0,0.0021231654668837224
74982,19.9,57.0,0.0002764897613190744
74983,19.9,58.0,0.00012017805805834986
74984,19.9,59.0,9.664290995774155e-05
74985,19.9,60.0,7.825779063810886e-05
74986,19.9,61.0,6.30352591939254e-05
74987,19.9,62.0,5.050398127029055e-05
74988,19.9,63.0,4.0248879560855605e-05
74989,19.9,64.0,3.1905685679957176e-05
74990,19.9,65.0,2.5157557689125244e-05
74991,19.9,66.0,1.973126728079063e-05
74992,19.9,67.0,1.5393153120090747e-05
74993,19.9,68.0,1.1945004200537221e-05
74994,19.9,69.0,9.220004471489864e-06
74995,19.9,70.0,7.0788394749123025e-06
74996,19.9,71.0,5.406038122351714e-06
74997,19.9,72.0,4.106598567541383e-06
74998,19.9,73.0,3.1029266271007356e-06
74999,19.9,74.0,2.332098387328039e-06
75000,20.0,-75.0,2.2529677318022556e-13
75001,20.0,-74.0,3.727501373110911e-13
75002,20.0,-73.0,6.13432469952897e-13
75003,20.0,-72.0,1.0041574522997656e-12
75004,20.0,-71.0,1.6350196586328865e-12
75005,20.0,-70.0,2.6480748054853573e-12
75006,20.0,-69.0,4.2660272711483734e-12
75007,20.0,-68.0,6.836016668377832e-12
75008,20.0,-67.0,1.0896040431766522e-11
75009,20.0,-66.0,1.7275093503457527e-11
75010,20.0,-65.0,2.7243206033307733e-11
75011,20.0,-64.0,4.273484474742099e-11
75012,20.0,-63.0,6.667947223563425e-11
75013,20.0,-62.0,1.034875926767897e-10
75014,20.0,-61.0,1.5976090899658576e-10
75015,20.0,-60.0,2.453233400214489e-10
75016,20.0,-59.0,3.7470830818090494e-10
75017,20.0,-58.0,5.692904310312785e-10
75018,20.0,-57.0,8.603210582449679e-10
75019,20.0,-56.0,1.2932227344580785e-09
75020,20.0,-55.0,1.9336248400907713e-09
75021,20.0,-54.0,2.8757902771847872e-09
75022,20.0,-53.0,4.254301989688944e-09
75023,20.0,-52.0,6.2601613760101174e-09
75024,20.0,-51.0,9.162813641083766e-09
75025,20.0,-50.0,1.3340075618481725e-08
75026,20.0,-49.0,1.9318519645763587e-08
75027,20.0,-48.0,2.7827584757733476e-08
75028,20.0,-47.0,3.987156719171579e-08
75029,20.0,-46.0,5.682470973545499e-08
75030,20.0,-45.0,8.055588637607986e-08
75031,20.0,-44.0,1.1359088432912871e-07
75032,20.0,-43.0,1.5932203306635253e-07
75033,20.0,-42.0,2.222769230266536e-07
75034,20.0,-41.0,3.0846018494436617e-07
75035,20.0,-40.0,4.2578473478647916e-07
75036,20.0,-39.0,5.84611475005233e-07
75037,20.0,-38.0,7.984190950794565e-07
75038,20.0,-37.0,1.084628210786646e-06
75039,20.0,-36.0,1.46560645680478e-06
75040,20.0,-35.0,1.9698830875020065e-06
75041,20.0,-34.0,2.633602881391178e-06
75042,20.0,-33.0,3.5022498603125722e-06
75043,20.0,-32.0,4.634261992049581e-06
75044,20.0,-31.0,6.955013997936091e-06
75045,20.0,-30.0,8.475986296238859e-05
75046,20.0,-29.0,0.0011476017073880252
75047,20.0,-28.0,0.0028062899398255503
75048,20.0,-27.0,0.0011556481750703044
75049,20.0,-26.0,0.00019160080505962999
75050,20.0,-25.0,0.0014009250894453462
75051,20.0,-24.0,0.003406092107973467
75052,20.0,-23.0,0.0015242962688388206
75053,20.0,-22.0,0.0017356123904038877
75054,20.0,-21.0,0.003967821980604871
75055,20.0,-20.0,0.001675983275449955
75056,20.0,-19.0,0.0003464206809904701
75057,20.0,-18.0,0.0020733203556165506
75058,20.0,-17.0,0.004927442552292033
75059,20.0,-16.0,0.002290799886099697
75060,20.0,-15.0,0.002637916685062396
75061,20.0,-14.0,0.00586106028398557
75062,20.0,-13.0,0.0026157689703840536
75063,20.0,-12.0,0.0007522913825665198
75064,20.0,-11.0,0.003307965155998505
75065,20.0,-10.0,0.007509438362964712
75066,20.0,-9.0,0.0037205263700127995
75067,20.0,-8.0,0.004322881744591797
75068,20.0,-7.0,0.00915103283485851
75069,20.0,-6.0,0.004404425160663196
75070,20.0,-5.0,0.001707004014367996
75071,20.0,-4.0,0.005644616573920756
75072,20.0,-3.0,0.012078538450829884
75073,20.0,-2.0,0.006040225017672595
75074,20.0,-1.0,0.0022483554918127932
75075,20.0,0.0,0.0006413965206358478
75076,20.0,1.0,0.002802576469237941
75077,20.0,2.0,0.008888027637902042
75078,20.0,3.0,0.018260426055018923
75079,20.0,4.0,0.009415942182140567
75080,20.0,5.0,0.004408432258151677
75081,20.0,6.0,0.012092524856978816
75082,20.0,7.0,0.024591660466277632
75083,20.0,8.0,0.013360191946309866
75084,20.0,9.0,0.01579460489075556
75085,20.0,10.0,0.031096142138594962
75086,20.0,11.0,0.01574681229477303
75087,20.0,12.0,0.007029617800461907
75088,20.0,13.0,0.021113264995731934
75089,20.0,14.0,0.04408485310367744
75090,20.0,15.0,0.022976874842062033
75091,20.0,16.0,0.029400792965500622
75092,20.0,17.0,0.061047466218695605
75093,20.0,18.0,0.02856217116353003
75094,20.0,19.0,0.009831888335115883
75095,20.0,20.0,0.03618509511067656
75096,20.0,21.0,0.07733294491383248
75097,20.0,22.0,0.036101551858443624
75098,20.0,23.0,0.025916184626386295
75099,20.0,24.0,0.050490274549160385
75100,20.0,25.0,0.02372221304016597
75101,20.0,26.0,0.007309762419171728
75102,20.0,27.0,0.017047983445203488
75103,20.0,28.0,0.0342311679903707
75104,20.0,29.0,0.017237786690200284
75105,20.0,30.0,0.01442419106214921
75106,20.0,31.0,0.02674192485625547
75107,20.0,32.0,0.013131393586617635
75108,20.0,33.0,0.004770309228968755
75109,20.0,34.0,0.010173447217838376
75110,20.0,35.0,0.019707077843639873
75111,20.0,36.0,0.010025941436701387
75112,20.0,37.0,0.008583759433450378
75113,20.0,38.0,0.01582488604095257
75114,20.0,39.0,0.007962574411318635
75115,20.0,40.0,0.006832691296174525
75116,20.0,41.0,0.012765899435826056
75117,20.0,42.0,0.0060671662102689825
75118,20.0,43.0,0.0019540373521233635
75119,20.0,44.0,0.004742976132586392
75120,20.0,45.0,0.009666649997254272
75121,20.0,46.0,0.004447253737879196
75122,20.0,47.0,0.0010672194303857653
75123,20.0,48.0,0.0007209059187883599
75124,20.0,49.0,0.0006170837246040488
75125,20.0,50.0,0.0005273279845166531
75126,20.0,51.0,0.0004482391806596362
75127,20.0,52.0,0.00038049463979908854
75128,20.0,53.0,0.0004537663681162241
75129,20.0,54.0,0.0022666439703592995
75130,20.0,55.0,0.005133472557482591
75131,20.0,56.0,0.0021836421997543493
75132,20.0,57.0,0.00028621259357646987
75133,20.0,58.0,0.00012530655708191364
75134,20.0,59.0,0.00010083917548541393
75135,20.0,60.0,8.169932146233554e-05
75136,20.0,61.0,6.584242217179071e-05
75137,20.0,62.0,5.2781200095727193e-05
75138,20.0,63.0,4.208611423861177e-05
75139,20.0,64.0,3.3379859648561076e-05
75140,20.0,65.0,2.6333967204204097e-05
75141,20.0,66.0,2.066494158463506e-05
75142,20.0,67.0,1.6130141643180234e-05
75143,20.0,68.0,1.2523574039601886e-05
75144,20.0,69.0,9.671737520868727e-06
75145,20.0,70.0,7.429623794158345e-06
75146,20.0,71.0,5.676952397021353e-06
75147,20.0,72.0,4.314691897781862e-06
75148,20.0,73.0,3.261898427127111e-06
75149,20.0,74.0,2.4528849863489808e-06
75150,20.1,-75.0,2.0752648521186827e-13
75151,20.1,-74.0,3.435324450664458e-13
75152,20.1,-73.0,5.656503989277972e-13
75153,20.1,-72.0,9.264341222883665e-13
75154,20.1,-71.0,1.5092705395901327e-12
75155,20.1,-70.0,2.445714479150526e-12
75156,20.1,-69.0,3.9421261881066704e-12
75157,20.1,-68.0,6.3203539018088805e-12
75158,20.1,-67.0,1.0079485842680256e-11
75159,20.1,-66.0,1.5989006131596237e-11
75160,20.1,-65.0,2.522845566676316e-11
75161,20.1,-64.0,3.959551275474493e-11
75162,20.1,-63.0,6.181407629328582e-11
75163,20.1,-62.0,9.598754934338327e-11
75164,20.1,-61.0,1.4826154839946511e-10
75165,20.1,-60.0,2.2778664952158615e-10
75166,20.1,-59.0,3.4810808455801553e-10
75167,20.1,-58.0,5.291588454801108e-10
75168,20.1,-57.0,8.000997206677927e-10
75169,20.1,-56.0,1.2033398120167167e-09
75170,20.1,-55.0,1.8001908930549414e-09
75171,20.1,-54.0,2.6787670232348732e-09
75172,20.1,-53.0,3.964947459807188e-09
75173,20.1,-52.0,5.837488521223309e-09
75174,20.1,-51.0,8.54871332181067e-09
75175,20.1,-50.0,1.245264420671243e-08
75176,20.1,-49.0,1.8042990508129462e-08
75177,20.1,-48.0,2.6004085123122757e-08
75178,20.1,-47.0,3.72786999778897e-08
75179,20.1,-46.0,5.3157685739870303e-08
75180,20.1,-45.0,7.539759724638316e-08
75181,20.1,-44.0,1.06373902167591e-07
75182,20.1,-43.0,1.4927903995931673e-07
75183,20.1,-42.0,2.0837650579072507e-07
75184,20.1,-41.0,2.893242713941e-07
75185,20.1,-40.0,3.995831952990811e-07
75186,20.1,-39.0,5.489285688768284e-07
75187,20.1,-38.0,7.500855128408732e-07
75188,20.1,-37.0,1.0195114666539838e-06
75189,20.1,-36.0,1.378351344714066e-06
75190,20.1,-35.0,1.853592866106574e-06
75191,20.1,-34.0,2.4794508476146938e-06
75192,20.1,-33.0,3.2990100544936766e-06
75193,20.1,-32.0,4.367690575518475e-06
75194,20.1,-31.0,6.5769118485497535e-06
75195,20.1,-30.0,8.158488844472345e-05
75196,20.1,-29.0,0.001106673720478855
75197,20.1,-28.0,0.002706457016915689
75198,20.1,-27.0,0.001114307811533451
75199,20.1,-26.0,0.00018436583783698428
75200,20.1,-25.0,0.0013504795593684347
75201,20.1,-24.0,0.0032840604286030386
75202,20.1,-23.0,0.001469169663991383
75203,20.1,-22.0,0.0016725861689404807
75204,20.1,-21.0,0.0038247198271480665
75205,20.1,-20.0,0.0016146373488048565
75206,20.1,-19.0,0.00033235017362183086
75207,20.1,-18.0,0.001996784140923276
75208,20.1,-17.0,0.004747836817275958
75209,20.1,-16.0,0.0022056546115430792
75210,20.1,-15.0,0.0025394709063009855
75211,20.1,-14.0,0.005645507701236523
75212,20.1,-13.0,0.0025170719460835375
75213,20.1,-12.0,0.000720400119588111
75214,20.1,-11.0,0.003182270818945138
75215,20.1,-10.0,0.007229878500919915
75216,20.1,-9.0,0.0035784102723134268
75217,20.1,-8.0,0.0041573762875262545
75218,20.1,-7.0,0.008807469164995172
75219,20.1,-6.0,0.004234535030684423
75220,20.1,-5.0,0.0016355169213579045
75221,20.1,-4.0,0.00542634013480742
75222,20.1,-3.0,0.011620802130286906
75223,20.1,-2.0,0.0058064337104686975
75224,20.1,-1.0,0.0021552863031148286
75225,20.1,0.0,0.0006214965282074598
75226,20.1,1.0,0.002689499224013801
75227,20.1,2.0,0.008545878476682478
75228,20.1,3.0,0.01756539188537177
75229,20.1,4.0,0.009055750459503725
75230,20.1,5.0,0.004238130378237527
75231,20.1,6.0,0.011627968841622335
75232,20.1,7.0,0.023648108608522452
75233,20.1,8.0,0.012850731291840696
75234,20.1,9.0,0.015185960491351
75235,20.1,10.0,0.02988875531912956
75236,20.1,11.0,0.015146029406315742
75237,20.1,12.0,0.006773066726478333
75238,20.1,13.0,0.020279985180930053
75239,20.1,14.0,0.042310455728178334
75240,20.1,15.0,0.022070474137681574
75241,20.1,16.0,0.028168469816150024
75242,20.1,17.0,0.05841439448704171
75243,20.1,18.0,0.027373008633960867
75244,20.1,19.0,0.009548821356600085
75245,20.1,20.0,0.03702550990260167
75246,20.1,21.0,0.0809700881233371
75247,20.1,22.0,0.037722890275935714
75248,20.1,23.0,0.026877154457473403
75249,20.1,24.0,0.05238917281549111
75250,20.1,25.0,0.024587163454379616
75251,20.1,26.0,0.007540203566929323
75252,20.1,27.0,0.01762565996653904
75253,20.1,28.0,0.03542514275043102
75254,20.1,29.0,0.017829047886926033
75255,20.1,30.0,0.014908732473692038
75256,20.1,31.0,0.027653286955191415
75257,20.1,32.0,0.01357627826836323
75258,20.1,33.0,0.00492900914978838
75259,20.1,34.0,0.01051443392120739
75260,20.1,35.0,0.02036895849045869
75261,20.1,36.0,0.010364962025537586
75262,20.1,37.0,0.008872981137585566
75263,20.1,38.0,0.016353247735606768
75264,20.1,39.0,0.008232332144046225
75265,20.1,40.0,0.007063833740365818
75266,20.1,41.0,0.013189972000711118
75267,20.1,42.0,0.006273266808793004
75268,20.1,43.0,0.002026037344709552
75269,20.1,44.0,0.004903936423181118
75270,20.1,45.0,0.009985112525305439
75271,20.1,46.0,0.004597731060174996
75272,20.1,47.0,0.0011086867246865916
75273,20.1,48.0,0.0007506755680414469
75274,20.1,49.0,0.0006429293424026917
75275,20.1,50.0,0.000549707162334998
75276,20.1,51.0,0.00046751091055356666
75277,20.1,52.0,0.0003970467607834472
75278,20.1,53.0,0.00047205236819570557
75279,20.1,54.0,0.0023411733287413664
75280,20.1,55.0,0.005297288814054937
75281,20.1,56.0,0.0022546689816186527
75282,20.1,57.0,0.00029744514912095107
75283,20.1,58.0,0.00013115881789782012
75284,20.1,59.0,0.0001056238951813194
75285,20.1,60.0,8.56215170257691e-05
75286,20.1,61.0,6.904013900290786e-05
75287,20.1,62.0,5.5374077973899996e-05
75288,20.1,63.0,4.417712674962647e-05
75289,20.1,64.0,3.505698251826656e-05
75290,20.1,65.0,2.7671818814169374e-05
75291,20.1,66.0,2.1726360742400305e-05
75292,20.1,67.0,1.6967676465637418e-05
75293,20.1,68.0,1.3180863740388941e-05
75294,20.1,69.0,1.0184775814360026e-05
75295,20.1,70.0,7.82789848067436e-06
75296,20.1,71.0,5.98446047632839e-06
75297,20.1,72.0,4.550833317393505e-06
75298,20.1,73.0,3.442254389129816e-06
75299,20.1,74.0,2.5898887149859873e-06
75300,20.2,-75.0,1.985382419095927e-13
75301,20.2,-74.0,3.288287570286722e-13
75302,20.2,-73.0,5.417282919763521e-13
75303,20.2,-72.0,8.877268413592229e-13
75304,20.2,-71.0,1.4469825474912935e-12
75305,20.2,-70.0,2.346028815215658e-12
75306,20.2,-69.0,3.783463064882398e-12
75307,20.2,-68.0,6.069204382086838e-12
75308,20.2,-67.0,9.684119375469499e-12
75309,20.2,-66.0,1.5370026399312028e-11
75310,20.2,-65.0,2.42647153005027e-11
75311,20.2,-64.0,3.810323894778713e-11
75312,20.2,-63.0,5.951613167522385e-11
75313,20.2,-62.0,9.246845582705616e-11
75314,20.2,-61.0,1.429021036492718e-10
75315,20.2,-60.0,2.1966949241045777e-10
75316,20.2,-59.0,3.35882191896728e-10
75317,20.2,-58.0,5.108463780290586e-10
75318,20.2,-57.0,7.728225153151792e-10
75319,20.2,-56.0,1.1629346805697692e-09
75320,20.2,-55.0,1.7406721712420476e-09
75321,20.2,-54.0,2.591580830499447e-09
75322,20.2,-53.0,3.837944063381004e-09
75323,20.2,-52.0,5.653516090132856e-09
75324,20.2,-51.0,8.283707113876204e-09
75325,20.2,-50.0,1.2073048636272855e-08
75326,20.2,-49.0,1.7502306282520708e-08
75327,20.2,-48.0,2.523827835940939e-08
75328,20.2,-47.0,3.620014360664931e-08
75329,20.2,-46.0,5.164722441743848e-08
75330,20.2,-45.0,7.329423459746367e-08
75331,20.2,-44.0,1.0346150316084436e-07
75332,20.2,-43.0,1.4526932206274993e-07
75333,20.2,-42.0,2.0288746184833972e-07
75334,20.2,-41.0,2.818530279655489e-07
75335,20.2,-40.0,3.8947216743889423e-07
75336,20.2,-39.0,5.35323633229016e-07
75337,20.2,-38.0,7.31884795443204e-07
75338,20.2,-37.0,9.953032430435373e-07
75339,20.2,-36.0,1.3463394942540197e-06
75340,20.2,-35.0,1.8115083298915108e-06
75341,20.2,-34.0,2.4244476332682476e-06
75342,20.2,-33.0,3.227544538953753e-06
75343,20.2,-32.0,4.275386000300608e-06
75344,20.2,-31.0,6.459899345249061e-06
75345,20.2,-30.0,8.156832807417009e-05
75346,20.2,-29.0,0.0011084764261927893
75347,20.2,-28.0,0.002711111728543964
75348,20.2,-27.0,0.001115999248020016
75349,20.2,-26.0,0.00018427018744414966
75350,20.2,-25.0,0.001352199896442814
75351,20.2,-24.0,0.0032888521501731965
75352,20.2,-23.0,0.0014708048104200423
75353,20.2,-22.0,0.0016741908993931215
75354,20.2,-21.0,0.003829359995668744
75355,20.2,-20.0,0.0016157054485918918
75356,20.2,-19.0,0.00033119289545286844
75357,20.2,-18.0,0.0019974593244889865
75358,20.2,-17.0,0.004751709946352343
75359,20.2,-16.0,0.002205821148982882
75360,20.2,-15.0,0.002539262759180299
75361,20.2,-14.0,0.0056482004867535384
75362,20.2,-13.0,0.0025157892895017763
75363,20.2,-12.0,0.0007165403503930405
75364,20.2,-11.0,0.0031797640740743134
75365,20.2,-10.0,0.0072299408774895825
75366,20.2,-9.0,0.00357483826649262
75367,20.2,-8.0,0.004152841212783947
75368,20.2,-7.0,0.008804645006656127
75369,20.2,-6.0,0.00422863847039294
75370,20.2,-5.0,0.001627576906848098
75371,20.2,-4.0,0.0054182229967921144
75372,20.2,-3.0,0.011612788872643835
75373,20.2,-2.0,0.005797503930795577
75374,20.2,-1.0,0.0021458652671002415
75375,20.2,0.0,0.0006254981580547761
75376,20.2,1.0,0.0026806653582250985
75377,20.2,2.0,0.008534577626283603
75378,20.2,3.0,0.017550218922431825
75379,20.2,4.0,0.009046019896277529
75380,20.2,5.0,0.0042317866427343835
75381,20.2,6.0,0.011613575838634597
75382,20.2,7.0,0.02362027929225937
75383,20.2,8.0,0.012838616606581588
75384,20.2,9.0,0.015165449256939136
75385,20.2,10.0,0.029839653794880152
75386,20.2,11.0,0.015131572367168299
75387,20.2,12.0,0.00677805849012026
75388,20.2,13.0,0.020233673651035206
75389,20.2,14.0,0.04218000553280441
75390,20.2,15.0,0.022020766718504472
75391,20.2,16.0,0.028035373007994305
75392,20.2,17.0,0.05806566881091413
75393,20.2,18.0,0.02725186548307684
75394,20.2,19.0,0.009635785567673852
75395,20.2,20.0,0.03798657573204735
75396,20.2,21.0,0.08176545298505981
75397,20.2,22.0,0.038012921081103636
75398,20.2,23.0,0.02686263978091851
75399,20.2,24.0,0.05238408766615374
75400,20.2,25.0,0.024557213963185873
75401,20.2,26.0,0.0074943929156478005
75402,20.2,27.0,0.017559043008858993
75403,20.2,28.0,0.0353256184401156
75404,20.2,29.0,0.017768780261925254
75405,20.2,30.0,0.014847923920795985
75406,20.2,31.0,0.027553773974721075
75407,20.2,32.0,0.01352463798604434
75408,20.2,33.0,0.004907155352946674
75409,20.2,34.0,0.010470655231896197
75410,20.2,35.0,0.020285757106202278
75411,20.2,36.0,0.01032480746696688
75412,20.2,37.0,0.008837547931233198
75413,20.2,38.0,0.01628329285000302
75414,20.2,39.0,0.00820094384907361
75415,20.2,40.0,0.007036555600884711
75416,20.2,41.0,0.013131404832797124
75417,20.2,42.0,0.0062499153878354035
75418,20.2,43.0,0.0020240536766471446
75419,20.2,44.0,0.004885532394556698
75420,20.2,45.0,0.009938153327134304
75421,20.2,46.0,0.0045800514647092875
75422,20.2,47.0,0.0011097480732006428
75423,20.2,48.0,0.0007531395397742758
75424,20.2,49.0,0.0006454040054206494
75425,20.2,50.0,0.0005521171356643341
75426,20.2,51.0,0.00046981074000495497
75427,20.2,52.0,0.00039919432826255946
75428,20.2,53.0,0.00047317149270959013
75429,20.2,54.0,0.0023300392995856726
75430,20.2,55.0,0.005267119395669154
75431,20.2,56.0,0.0022431764168883337
75432,20.2,57.0,0.0002978577247875097
75433,20.2,58.0,0.00013227320996933218
75434,20.2,59.0,0.00010659684001162763
75435,20.2,60.0,8.645629919555535e-05
75436,20.2,61.0,6.975041076036694e-05
75437,20.2,62.0,5.597357031457252e-05
75438,20.2,63.0,4.4679196796497416e-05
75439,20.2,64.0,3.547429818409059e-05
75440,20.2,65.0,2.8016144892722607e-05
75441,20.2,66.0,2.2008429098373417e-05
75442,20.2,67.0,1.7197123989969325e-05
75443,20.2,68.0,1.3366223155827856e-05
75444,20.2,69.0,1.033350610123101e-05
75445,20.2,70.0,7.946443508976977e-06
75446,20.2,71.0,6.078326266167308e-06
75447,20.2,72.0,4.624676119287203e-06
75448,20.2,73.0,3.499973416672106e-06
75449,20.2,74.0,2.6347188337743757e-06
75450,20.3,-75.0,1.8989190514010451e-13
75451,20.3,-74.0,3.1467588332101133e-13
75452,20.3,-73.0,5.186884480893124e-13
75453,20.3,-72.0,8.504245699320043e-13
75454,20.3,-71.0,1.386919102450757e-12
75455,20.3,-70.0,2.2498448402643233e-12
75456,20.3,-69.0,3.6302799244731232e-12
75457,20.3,-68.0,5.826580718721811e-12
75458,20.3,-67.0,9.301939878437931e-12
75459,20.3,-66.0,1.4771323058824522e-11
75460,20.3,-65.0,2.3331968017429093e-11
75461,20.3,-64.0,3.665805815514271e-11
75462,20.3,-63.0,5.7289317285108946e-11
75463,20.3,-62.0,8.905615597989763e-11
75464,20.3,-61.0,1.3770203276825838e-10
75465,20.3,-60.0,2.117887392612757e-10
75466,20.3,-59.0,3.240048315556898e-10
75467,20.3,-58.0,4.930446101445383e-10
75468,20.3,-57.0,7.46289020911148e-10
75469,20.3,-56.0,1.12360586506252e-09
75470,20.3,-55.0,1.6827013793520574e-09
75471,20.3,-54.0,2.506606794652262e-09
75472,20.3,-53.0,3.7140819623227113e-09
75473,20.3,-52.0,5.473975688482287e-09
75474,20.3,-51.0,8.024913424169739e-09
75475,20.3,-50.0,1.1702104160642007e-08
75476,20.3,-49.0,1.6973588817402363e-08
75477,20.3,-48.0,2.448891319782347e-08
75478,20.3,-47.0,3.514402238994939e-08
75479,20.3,-46.0,5.0167163655009345e-08
75480,20.3,-45.0,7.123177407002503e-08
75481,20.3,-44.0,1.0060373763611821e-07
75482,20.3,-43.0,1.413320393288891e-07
75483,20.3,-42.0,1.974937274336879e-07
75484,20.3,-41.0,2.74506214926196e-07
75485,20.3,-40.0,3.7952228296902075e-07
75486,20.3,-39.0,5.219256495758878e-07
75487,20.3,-38.0,7.139475603965519e-07
75488,20.3,-37.0,9.714274379371067e-07
75489,20.3,-36.0,1.3147430412051006e-06
75490,20.3,-35.0,1.7699376447340351e-06
75491,20.3,-34.0,2.3700731996526896e-06
75492,20.3,-33.0,3.156839469679066e-06
75493,20.3,-32.0,4.1839890848642056e-06
75494,20.3,-31.0,6.3437982067358825e-06
75495,20.3,-30.0,8.153895195102607e-05
75496,20.3,-29.0,0.0011100724049992545
75497,20.3,-28.0,0.0027152568892459586
75498,20.3,-27.0,0.001117484066395115
75499,20.3,-26.0,0.00018414530175752417
75500,20.3,-25.0,0.0013536708681994069
75501,20.3,-24.0,0.0032930289964971018
75502,20.3,-23.0,0.0014721707101164262
75503,20.3,-22.0,0.0016754894213160223
75504,20.3,-21.0,0.003833287737868008
75505,20.3,-20.0,0.0016164816922788444
75506,20.3,-19.0,0.0003299884817943187
75507,20.3,-18.0,0.001997774307524799
75508,20.3,-17.0,0.004754704441924679
75509,20.3,-16.0,0.0022055914679736783
75510,20.3,-15.0,0.0025385974369393524
75511,20.3,-14.0,0.005649851556587704
75512,20.3,-13.0,0.0025140555529527186
75513,20.3,-12.0,0.0007125683062443381
75514,20.3,-11.0,0.003176682485381418
75515,20.3,-10.0,0.007228667770601208
75516,20.3,-9.0,0.003570613160354289
75517,20.3,-8.0,0.004147543441955492
75518,20.3,-7.0,0.0088001859536776
75519,20.3,-6.0,0.004221952568963072
75520,20.3,-5.0,0.001619323678748105
75521,20.3,-4.0,0.0054090831613048266
75522,20.3,-3.0,0.0116025978522434
75523,20.3,-2.0,0.00578745309770546
75524,20.3,-1.0,0.0021359792667691177
75525,20.3,0.0,0.0006294020324705425
75526,20.3,1.0,0.0026712257647292124
75527,20.3,2.0,0.008521595663143535
75528,20.3,3.0,0.01753171998899295
75529,20.3,4.0,0.009034468568957258
75530,20.3,5.0,0.004224468459329446
75531,20.3,6.0,0.01159692290182822
75532,20.3,7.0,0.02358811098200124
75533,20.3,8.0,0.012823994081288623
75534,20.3,9.0,0.01514213690410339
75535,20.3,10.0,0.029785418452146852
75536,20.3,11.0,0.015114290753753777
75537,20.3,12.0,0.006781579728227495
75538,20.3,13.0,0.020184388488678137
75539,20.3,14.0,0.04204409871752484
75540,20.3,15.0,0.02196806983556644
75541,20.3,16.0,0.02790132476367771
75542,20.3,17.0,0.05771684892554453
75543,20.3,18.0,0.02712994193263326
75544,20.3,19.0,0.00972549593143588
75545,20.3,20.0,0.03900598156274275
75546,20.3,21.0,0.08263419142122831
75547,20.3,22.0,0.03833164061961456
75548,20.3,23.0,0.026844899044502414
75549,20.3,24.0,0.05236833489234973
75550,20.3,25.0,0.024521926803632285
75551,20.3,26.0,0.007446455910795951
75552,20.3,27.0,0.0174873992994706
75553,20.3,28.0,0.03521616339850114
75554,20.3,29.0,0.01770336037507844
75555,20.3,30.0,0.014782644646575189
75556,20.3,31.0,0.027446139630038977
75557,20.3,32.0,0.01346887023847697
75558,20.3,33.0,0.004883627849343222
75559,20.3,34.0,0.010423594561189449
75560,20.3,35.0,0.020196444319253555
75561,20.3,36.0,0.010281426317877115
75562,20.3,37.0,0.008799330637455798
75563,20.3,38.0,0.01620842022275089
75564,20.3,39.0,0.008166985349361592
75565,20.3,40.0,0.007007065061490366
75566,20.3,41.0,0.01306889251369269
75567,20.3,42.0,0.006224613707983061
75568,20.3,43.0,0.002021351917098747
75569,20.3,44.0,0.004865612180187378
75570,20.3,45.0,0.009888253376449954
75571,20.3,46.0,0.004560974570599519
75572,20.3,47.0,0.0011104159096814931
75573,20.3,48.0,0.0007553244099061519
75574,20.3,49.0,0.0006476416210688522
75575,20.3,50.0,0.0005543266286833078
75576,20.3,51.0,0.00047194220346260054
75577,20.3,52.0,0.0004012010695258642
75578,20.3,53.0,0.00047413568735189696
75579,20.3,54.0,0.002318236570331494
75580,20.3,55.0,0.00523546445284802
75581,20.3,56.0,0.002231047573079468
75582,20.3,57.0,0.00029818089053904127
75583,20.3,58.0,0.0001333467378327063
75584,20.3,59.0,0.00010753780559056623
75585,20.3,60.0,8.726599589530454e-05
75586,20.3,61.0,7.044117095855757e-05
75587,20.3,62.0,5.6558019855715226e-05
75588,20.3,63.0,4.516977558245544e-05
75589,20.3,64.0,3.588292002713786e-05
75590,20.3,65.0,2.835396043543714e-05
75591,20.3,66.0,2.2285674774438186e-05
75592,20.3,67.0,1.7423040863690726e-05
75593,20.3,68.0,1.3549030785755904e-05
75594,20.3,69.0,1.0480418170857302e-05
75595,20.3,70.0,8.063713717458896e-06
75596,20.3,71.0,6.171314761044224e-06
75597,20.3,72.0,4.697928492597527e-06
75598,20.3,73.0,3.557305910716671e-06
75599,20.3,74.0,2.6793048693618983e-06
75600,20.4,-75.0,1.8157238799111778e-13
75601,20.4,-74.0,3.0104970284570587e-13
75602,20.4,-73.0,4.964925176806203e-13
75603,20.4,-72.0,8.144666772328312e-13
75604,20.4,-71.0,1.3289848816965506e-12
75605,20.4,-70.0,2.157013524171111e-12
75606,20.4,-69.0,3.4823450655485394e-12
75607,20.4,-68.0,5.5921246802186006e-12
75608,20.4,-67.0,8.93239656409172e-12
75609,20.4,-66.0,1.4192053950638565e-11
75610,20.4,-65.0,2.2428933256795954e-11
75611,20.4,-64.0,3.525803391964537e-11
75612,20.4,-63.0,5.5130720900152305e-11
75613,20.4,-62.0,8.57462940987946e-11
75614,20.4,-61.0,1.3265485660938366e-10
75615,20.4,-60.0,2.0413480460823315e-10
75616,20.4,-59.0,3.124618991080344e-10
75617,20.4,-58.0,4.757328995934259e-10
75618,20.4,-57.0,7.204691884330118e-10
75619,20.4,-56.0,1.0853098552817945e-09
75620,20.4,-55.0,1.6262158480032494e-09
75621,20.4,-54.0,2.4237551230861845e-09
75622,20.4,-53.0,3.5932331696166777e-09
75623,20.4,-52.0,5.298685826476435e-09
75624,20.4,-51.0,7.772076204354212e-09
75625,20.4,-50.0,1.133945136219702e-08
75626,20.4,-49.0,1.6456336105055e-08
75627,20.4,-48.0,2.375529191579767e-08
75628,20.4,-47.0,3.4109371286326584e-08
75629,20.4,-46.0,4.87161750454333e-08
75630,20.4,-45.0,6.920839566438772e-08
75631,20.4,-44.0,9.779812359963456e-08
75632,20.4,-43.0,1.374638223378685e-07
75633,20.4,-42.0,1.9219074877086016e-07
75634,20.4,-41.0,2.6727770470636876e-07
75635,20.4,-40.0,3.69725331880246e-07
75636,20.4,-39.0,5.087236638124524e-07
75637,20.4,-38.0,6.962592522014982e-07
75638,20.4,-37.0,9.478647879341946e-07
75639,20.4,-36.0,1.2835365915022085e-06
75640,20.4,-35.0,1.7288474632804911e-06
75641,20.4,-34.0,2.3162839198075383e-06
75642,20.4,-33.0,3.086837981645185e-06
75643,20.4,-32.0,4.093425938311267e-06
75644,20.4,-31.0,6.228491807285249e-06
75645,20.4,-30.0,8.149475623696838e-05
75646,20.4,-29.0,0.0011114336454581802
75647,20.4,-28.0,0.002718823893693387
75648,20.4,-27.0,0.0011187341282517193
75649,20.4,-26.0,0.00018398671206409573
75650,20.4,-25.0,0.0013548585825421662
75651,20.4,-24.0,0.003296508252636498
75652,20.4,-23.0,0.0014732306402264145
75653,20.4,-22.0,0.0016764400997711724
75654,20.4,-21.0,0.003836407326258663
75655,20.4,-20.0,0.0016169261982339823
75656,20.4,-19.0,0.0003287295580971682
75657,20.4,-18.0,0.0019976802207583065
75658,20.4,-17.0,0.00475670273734236
75659,20.4,-16.0,0.002204912015018661
75660,20.4,-15.0,0.0025374135695385653
75661,20.4,-14.0,0.005650322446694638
75662,20.4,-13.0,0.0025118107086172757
75663,20.4,-12.0,0.0007084692308074463
75664,20.4,-11.0,0.003172950825219443
75665,20.4,-10.0,0.007225884270745291
75666,20.4,-9.0,0.003565651013285175
75667,20.4,-8.0,0.0041413857079158406
75668,20.4,-7.0,0.008793880997371412
75669,20.4,-6.0,0.004214379336397978
75670,20.4,-5.0,0.0016107237240306036
75671,20.4,-4.0,0.005398795356483113
75672,20.4,-3.0,0.011589953536345735
75673,20.4,-2.0,0.0057761475326070615
75674,20.4,-1.0,0.0021255836695761566
75675,20.4,0.0,0.0006331906009183376
75676,20.4,1.0,0.0026611225105921316
75677,20.4,2.0,0.008506733598814452
75678,20.4,3.0,0.017509478844229286
75679,20.4,4.0,0.009020883971131132
75680,20.4,5.0,0.0042160782897377996
75681,20.4,6.0,0.011577736144677152
75682,20.4,7.0,0.023551043304026412
75683,20.4,8.0,0.012806557694770324
75684,20.4,9.0,0.015115662008023351
75685,20.4,10.0,0.029725340138617665
75686,20.4,11.0,0.015093819451765434
75687,20.4,12.0,0.006783459033288452
75688,20.4,13.0,0.020131631730259877
75689,20.4,14.0,0.041901706669574955
75690,20.4,15.0,0.02191182752127237
75691,20.4,16.0,0.027765489314307522
75692,20.4,17.0,0.057366167393468045
75693,20.4,18.0,0.027006424703497227
75694,20.4,19.0,0.00981849176915301
75695,20.4,20.0,0.040094752422719
75696,20.4,21.0,0.08359234304029142
75697,20.4,22.0,0.03868532058481704
75698,20.4,23.0,0.026822921519758788
75699,20.4,24.0,0.05233878131337111
75700,20.4,25.0,0.024479847673139685
75701,20.4,26.0,0.0073959689889765545
75702,20.4,27.0,0.017409675401656204
75703,20.4,28.0,0.035094618413178354
75704,20.4,29.0,0.017631713945601743
75705,20.4,30.0,0.01471200449935662
75706,20.4,31.0,0.027328713135055194
75707,20.4,32.0,0.013408159463074507
75708,20.4,33.0,0.004858135747538351
75709,20.4,34.0,0.010372623388919611
75710,20.4,35.0,0.020099797306645444
75711,20.4,36.0,0.01023419469136283
75712,20.4,37.0,0.008757796035136638
75713,20.4,38.0,0.016127650338111456
75714,20.4,39.0,0.008129959580712325
75715,20.4,40.0,0.006974935733611565
75716,20.4,41.0,0.013001646474529092
75717,20.4,42.0,0.00619698167513474
75718,20.4,43.0,0.0020178030329938727
75719,20.4,44.0,0.004843878461015798
75720,20.4,45.0,0.009834817908491117
75721,20.4,46.0,0.00454022188921622
75722,20.4,47.0,0.0011106168235849297
75723,20.4,48.0,0.0007571783684550791
75724,20.4,49.0,0.0006495973394610762
75725,20.4,50.0,0.0005562969106701703
75726,20.4,51.0,0.0004738720377796369
75727,20.4,52.0,0.00040303848442972256
75728,20.4,53.0,0.00047491276989727627
75729,20.4,54.0,0.0023056255197742544
75730,20.4,55.0,0.005202014041228675
75731,20.4,56.0,0.0022181489080870735
75732,20.4,57.0,0.00029839471139529223
75733,20.4,58.0,0.00013436949311326099
75734,20.4,59.0,0.00010843872534834516
75735,20.4,60.0,8.804401684179238e-05
75736,20.4,61.0,7.110706529139578e-05
75737,20.4,62.0,5.7123100719833436e-05
75738,20.4,63.0,4.564538763277643e-05
75739,20.4,64.0,3.6280071405015023e-05
75740,20.4,65.0,2.868305952786922e-05
75741,20.4,66.0,2.255635509211939e-05
75742,20.4,67.0,1.7644058089074603e-05
75743,20.4,68.0,1.3728217225733867e-05
75744,20.4,69.0,1.0624681346728127e-05
75745,20.4,70.0,8.179067498646923e-06
75746,20.4,71.0,6.262933183066831e-06
75747,20.4,72.0,4.770214102816009e-06
75748,20.4,73.0,3.6139660894953124e-06
75749,20.4,74.0,2.723431032815683e-06
75750,20.5,-75.0,1.7356372746938154e-13
75751,20.5,-74.0,2.879245888081499e-13
75752,20.5,-73.0,4.750995833694263e-13
75753,20.5,-72.0,7.797881862601708e-13
75754,20.5,-71.0,1.273077259800676e-12
75755,20.5,-70.0,2.067373654171133e-12
75756,20.5,-69.0,3.3394066049285108e-12
75757,20.5,-68.0,5.365444830442869e-12
75758,20.5,-67.0,8.574884381482985e-12
75759,20.5,-66.0,1.3631288823747192e-11
75760,20.5,-65.0,2.1554188381782914e-11
75761,20.5,-64.0,3.3901002113906665e-11
75762,20.5,-63.0,5.303706778383674e-11
75763,20.5,-62.0,8.253394088343326e-11
75764,20.5,-61.0,1.2775319407537822e-10
75765,20.5,-60.0,1.966966934458204e-10
75766,20.5,-59.0,3.012371007763304e-10
75767,20.5,-58.0,4.588872241269334e-10
75768,20.5,-57.0,6.953277819566683e-10
75769,20.5,-56.0,1.0479952287263273e-09
75770,20.5,-55.0,1.5711409095450965e-09
75771,20.5,-54.0,2.3429179358895794e-09
75772,20.5,-53.0,3.4752425911422635e-09
75773,20.5,-52.0,5.1274246255421245e-09
75774,20.5,-51.0,7.524879575963098e-09
75775,20.5,-50.0,1.0984642703543594e-08
75776,20.5,-49.0,1.5949917095260082e-08
75777,20.5,-48.0,2.3036528898345738e-08
75778,20.5,-47.0,3.309495322649849e-08
75779,20.5,-46.0,4.729253857058245e-08
75780,20.5,-45.0,6.722171879358342e-08
75781,20.5,-44.0,9.504138108612974e-08
75782,20.5,-43.0,1.3366017214527458e-07
75783,20.5,-42.0,1.8697238216066568e-07
75784,20.5,-41.0,2.601591441908637e-07
75785,20.5,-40.0,3.600700061456527e-07
75786,20.5,-39.0,4.957024331369526e-07
75787,20.5,-38.0,6.787994110718569e-07
75788,20.5,-37.0,9.245879458159518e-07
75789,20.5,-36.0,1.2526837438329427e-06
75790,20.5,-35.0,1.6881895322225462e-06
75791,20.5,-34.0,2.2630160913186883e-06
75792,20.5,-33.0,3.0174563192019652e-06
75793,20.5,-32.0,4.003586829198283e-06
75794,20.5,-31.0,6.113807022183245e-06
75795,20.5,-30.0,8.143286769283681e-05
75796,20.5,-29.0,0.001112520104059273
75797,20.5,-28.0,0.002721714682198304
75798,20.5,-27.0,0.0011197091950738045
75799,20.5,-26.0,0.00018378799296834563
75800,20.5,-25.0,0.001355714527058952
75801,20.5,-24.0,0.0032991715776047622
75802,20.5,-23.0,0.0014739320023064953
75803,20.5,-22.0,0.001676983261406464
75804,20.5,-21.0,0.003838581667520096
75805,20.5,-20.0,0.0016169817323145712
75806,20.5,-19.0,0.0003274053498879299
75807,20.5,-18.0,0.001997106824049362
75808,20.5,-17.0,0.004757536169965255
75809,20.5,-16.0,0.0022037057077202663
75810,20.5,-15.0,0.0025356227543601676
75811,20.5,-14.0,0.0056494141978643804
75812,20.5,-13.0,0.0025089680803145778
75813,20.5,-12.0,0.0007042211991750305
75814,20.5,-11.0,0.003168460306056774
75815,20.5,-10.0,0.007221338470486739
75816,20.5,-9.0,0.0035598302622048793
75817,20.5,-8.0,0.004134227095296092
75818,20.5,-7.0,0.008785425749305773
75819,20.5,-6.0,0.004205776521888473
75820,20.5,-5.0,0.0016017272344220276
75821,20.5,-4.0,0.005387177693558501
75822,20.5,-3.0,0.011574457825024477
75823,20.5,-2.0,0.00576339305201514
75824,20.5,-1.0,0.002114612311069456
75825,20.5,0.0,0.0006368391097618178
75826,20.5,1.0,0.0026502704345514883
75827,20.5,2.0,0.008489703214635852
75828,20.5,3.0,0.0174828945182933
75829,20.5,4.0,0.009004958795543009
75830,20.5,5.0,0.004206474676915962
75831,20.5,6.0,0.011555620143667745
75832,20.5,7.0,0.02350826812069239
75833,20.5,8.0,0.012785866605349333
75834,20.5,9.0,0.015085504552815722
75835,20.5,10.0,0.029658398263214633
75836,20.5,11.0,0.015069634381364036
75837,20.5,12.0,0.006783452673798341
75838,20.5,13.0,0.020074696338439522
75839,20.5,14.0,0.04175136870413209
75840,20.5,15.0,0.0218512568558037
75841,20.5,16.0,0.02762676097056237
75842,20.5,17.0,0.05701131087362733
75843,20.5,18.0,0.02688024104300041
75844,20.5,19.0,0.009915532582144504
75845,20.5,20.0,0.04126831631760732
75846,20.5,21.0,0.08466272068470626
75847,20.5,22.0,0.0390828772957186
75848,20.5,23.0,0.026795245575653603
75849,20.5,24.0,0.052290917363004376
75850,20.5,25.0,0.024428884820387162
75851,20.5,26.0,0.007342326120775535
75852,20.5,27.0,0.017324375890697918
75853,20.5,28.0,0.034957923049840696
75854,20.5,29.0,0.017552317209260385
75855,20.5,30.0,0.01463474158153315
75856,20.5,31.0,0.027199128855965576
75857,20.5,32.0,0.013341350372724586
75858,20.5,33.0,0.004830266438875492
75859,20.5,34.0,0.01031685169930384
75860,20.5,35.0,0.01999408538067504
75861,20.5,36.0,0.01018222980755884
75862,20.5,37.0,0.008712189728173001
75863,20.5,38.0,0.016039597130984594
75864,20.5,39.0,0.008089163695726511
75865,20.5,40.0,0.006939564802881586
75866,20.5,41.0,0.012928550964683799
75867,20.5,42.0,0.006166482153451302
75868,20.5,43.0,0.0020132254974114592
75869,20.5,44.0,0.0048199111871281
75870,20.5,45.0,0.009777005303491071
75871,20.5,46.0,0.004517399948363367
75872,20.5,47.0,0.001110247893650046
75873,20.5,48.0,0.0007586290217560414
75874,20.5,49.0,0.0006512085416920153
75875,20.5,50.0,0.0005579739436735231
75876,20.5,51.0,0.0004755538630458534
75877,20.5,52.0,0.00040466685507069554
75878,20.5,53.0,0.0004754577100195986
75879,20.5,54.0,0.0022920086315506762
75880,20.5,55.0,0.005166328963707639
75881,20.5,56.0,0.002204291383168508
75882,20.5,57.0,0.0002984712391070916
75883,20.5,58.0,0.00013532769578867955
75884,20.5,59.0,0.00010928838426853794
75885,20.5,60.0,8.878120007411476e-05
75886,20.5,61.0,7.174064999931932e-05
75887,20.5,62.0,5.766279839910577e-05
75888,20.5,63.0,4.6101200029928884e-05
75889,20.5,64.0,3.6661890267539525e-05
75890,20.5,65.0,2.900037298266419e-05
75891,20.5,66.0,2.281804442686216e-05
75892,20.5,67.0,1.785826925662651e-05
75893,20.5,68.0,1.3902292432167432e-05
75894,20.5,69.0,1.0765137465909815e-05
75895,20.5,70.0,8.291609640377669e-06
75896,20.5,71.0,6.3524934099573224e-06
75897,20.5,72.0,4.841006949300324e-06
75898,20.5,73.0,3.669554113600601e-06
75899,20.5,74.0,2.7667950776939264e-06
75900,20.6,-75.0,1.6584818210010754e-13
75901,20.6,-74.0,2.752719069854094e-13
75902,20.6,-73.0,4.544636739452162e-13
75903,20.6,-72.0,7.463156798363558e-13
75904,20.6,-71.0,1.2190796021776413e-12
75905,20.6,-70.0,1.9807409062102867e-12
75906,20.6,-69.0,3.201174762132175e-12
75907,20.6,-68.0,5.1460879624805495e-12
75908,20.6,-67.0,8.228698195366236e-12
75909,20.6,-66.0,1.3087936224198983e-11
75910,20.6,-65.0,2.070605263706962e-11
75911,20.6,-64.0,3.2584387727330767e-11
75912,20.6,-63.0,5.100443294452034e-11
75913,20.6,-62.0,7.941314391130142e-11
75914,20.6,-61.0,1.2298806354937323e-10
75915,20.6,-60.0,1.8946092136677537e-10
75916,20.6,-59.0,2.903102929704934e-10
75917,20.6,-58.0,4.4247764173313073e-10
75918,20.6,-57.0,6.708205145244017e-10
75919,20.6,-56.0,1.0115968025400644e-09
75920,20.6,-55.0,1.5173810942485461e-09
75921,20.6,-54.0,2.2639560824875637e-09
75922,20.6,-53.0,3.3599083885557152e-09
75923,20.6,-52.0,4.959900722890222e-09
75924,20.6,-51.0,7.282904949219367e-09
75925,20.6,-50.0,1.0637079663436966e-08
75926,20.6,-49.0,1.5453480024363996e-08
75927,20.6,-48.0,2.2331417668138226e-08
75928,20.6,-47.0,3.209906726097438e-08
75929,20.6,-46.0,4.589386725935619e-08
75930,20.6,-45.0,6.526840921451657e-08
75931,20.6,-44.0,9.232887400339192e-08
75932,20.6,-43.0,1.299146719092779e-07
75933,20.6,-42.0,1.8182978634314766e-07
75934,20.6,-41.0,2.5313840678400485e-07
75935,20.6,-40.0,3.50539747947591e-07
75936,20.6,-39.0,4.828394507658833e-07
75937,20.6,-38.0,6.615375808111151e-07
75938,20.6,-37.0,9.015558822385101e-07
75939,20.6,-36.0,1.2221294714410636e-06
75940,20.6,-35.0,1.647890380484266e-06
75941,20.6,-34.0,2.210172052622677e-06
75942,20.6,-33.0,2.948565242521966e-06
75943,20.6,-32.0,3.914301405019552e-06
75944,20.6,-31.0,5.999475144162395e-06
75945,20.6,-30.0,8.134894094364357e-05
75946,20.6,-29.0,0.0011132713621959003
75947,20.6,-28.0,0.0027237813169061842
75948,20.6,-27.0,0.0011203485380627534
75949,20.6,-26.0,0.0001835394056773224
75950,20.6,-25.0,0.0013561654298277985
75951,20.6,-24.0,0.0033008402973987287
75952,20.6,-23.0,0.0014741953123178892
75953,20.6,-22.0,0.0016770286830539258
75954,20.6,-21.0,0.003839603611010345
75955,20.6,-20.0,0.0016165616714151562
75956,20.6,-19.0,0.0003259993229650334
75957,20.6,-18.0,0.001995947679034644
75958,20.6,-17.0,0.004756949532116849
75959,20.6,-16.0,0.0022018556077215146
75960,20.6,-15.0,0.002533090794673355
75961,20.6,-14.0,0.005646825375217189
75962,20.6,-13.0,0.002505395843266677
75963,20.6,-12.0,0.0006997901290936223
75964,20.6,-11.0,0.0031630452731646287
75965,20.6,-10.0,0.0072146480083512135
75966,20.6,-9.0,0.003552965583955241
75967,20.6,-8.0,0.004125852710793179
75968,20.6,-7.0,0.008774357586415904
75969,20.6,-6.0,0.004195926842420716
75970,20.6,-5.0,0.0015922567353414882
75971,20.6,-4.0,0.005373952291637353
75972,20.6,-3.0,0.011555504877672613
75973,20.6,-2.0,0.005748892869812066
75974,20.6,-1.0,0.0021029624429627918
75975,20.6,0.0,0.0006403106367452574
75976,20.6,1.0,0.002638538114889526
75977,20.6,2.0,0.008470064955517442
75978,20.6,3.0,0.017451052867635576
75979,20.6,4.0,0.00898622494125715
75980,20.6,5.0,0.004195441584476911
75981,20.6,6.0,0.01152997333641037
75982,20.6,7.0,0.023458557213230598
75983,20.6,8.0,0.012761251317972568
75984,20.6,9.0,0.015050875527697408
75985,20.6,10.0,0.029583044095445907
75986,20.6,11.0,0.01504094186058965
75987,20.6,12.0,0.0067811941941947635
75988,20.6,13.0,0.02001252007433614
75989,20.6,14.0,0.04159088985619219
75990,20.6,15.0,0.021785188673407663
75991,20.6,16.0,0.027483564588330237
75992,20.6,17.0,0.05664901149190101
75993,20.6,18.0,0.026749866633772344
75994,20.6,19.0,0.010017754175241313
75995,20.6,20.0,0.04254961955399302
75996,20.6,21.0,0.08587980552413199
75997,20.6,22.0,0.03953778233575593
75998,20.6,23.0,0.026759631707879032
75999,20.6,24.0,0.05221786123895845
76000,20.6,25.0,0.024365847390246078
76001,20.6,26.0,0.007284606178608928
76002,20.6,27.0,0.017229244193195027
76003,20.6,28.0,0.034801466152290274
76004,20.6,29.0,0.01746287255160486
76005,20.6,30.0,0.014548953618114435
76006,20.6,31.0,0.02705382481609534
76007,20.6,32.0,0.013266702565065269
76008,20.6,33.0,0.004799397442147577
76009,20.6,34.0,0.01025493891740439
76010,20.6,35.0,0.019876703044094075
76011,20.6,36.0,0.010124202928615478
76012,20.6,37.0,0.008661376280469
76013,20.6,38.0,0.01594217412624751
76014,20.6,39.0,0.008043540389700368
76015,20.6,40.0,0.006900045547665544
76016,20.6,41.0,0.012847926498014823
76017,20.6,42.0,0.006132307535290568
76018,20.6,43.0,0.0020073475129094823
76019,20.6,44.0,0.004793078932053202
76020,20.6,45.0,0.009713548548310242
76021,20.6,46.0,0.004491917246320624
76022,20.6,47.0,0.0011091555305721632
76023,20.6,48.0,0.0007595686883902786
76024,20.6,49.0,0.0006523821610589522
76025,20.6,50.0,0.0005592774725012485
76026,20.6,51.0,0.00047691884431986386
76027,20.6,52.0,0.00040602726799896535
76028,20.6,53.0,0.0004757034529368305
76029,20.6,54.0,0.002277088634306844
76030,20.6,55.0,0.005127747147731392
76031,20.6,56.0,0.002189190313994815
76032,20.6,57.0,0.0002983687851992988
76033,20.6,58.0,0.00013620095914689426
76034,20.6,59.0,0.00011007019787595261
76035,20.6,60.0,8.946399989780826e-05
76036,20.6,61.0,7.233092128420412e-05
76037,20.6,62.0,5.816822262965395e-05
76038,20.6,63.0,4.653006919771739e-05
76039,20.6,64.0,3.702266782529497e-05
76040,20.6,65.0,2.9301363494363572e-05
76041,20.6,66.0,2.306715623582795e-05
76042,20.6,67.0,1.806285483835672e-05
76043,20.6,68.0,1.4069051968700556e-05
76044,20.6,69.0,1.0900072421596207e-05
76045,20.6,70.0,8.400014593755154e-06
76046,20.6,71.0,6.438975983135417e-06
76047,20.6,72.0,4.9095272777468e-06
76048,20.6,73.0,3.7234768409524376e-06
76049,20.6,74.0,2.808948288731406e-06
76050,20.7,-75.0,1.5840421601191903e-13
76051,20.7,-74.0,2.630566600222817e-13
76052,20.7,-73.0,4.345282079236577e-13
76053,20.7,-72.0,7.139581487041874e-13
76054,20.7,-71.0,1.166846270779937e-12
76055,20.7,-70.0,1.8968834083359274e-12
76056,20.7,-69.0,3.067282244839546e-12
76057,20.7,-68.0,4.933475218384379e-12
76058,20.7,-67.0,7.892930320995787e-12
76059,20.7,-66.0,1.2560580008069693e-11
76060,20.7,-65.0,1.9882327679086266e-11
76061,20.7,-64.0,3.130479524142117e-11
76062,20.7,-63.0,4.902759788373372e-11
76063,20.7,-62.0,7.637592285846516e-11
76064,20.7,-61.0,1.183473217086032e-10
76065,20.7,-60.0,1.8240910169881592e-10
76066,20.7,-59.0,2.796537728839267e-10
76067,20.7,-58.0,4.264626182152974e-10
76068,20.7,-57.0,6.468854198407447e-10
76069,20.7,-56.0,9.76022578582785e-10
76070,20.7,-55.0,1.464800482441581e-09
76071,20.7,-54.0,2.186669728084593e-09
76072,20.7,-53.0,3.2469381796272043e-09
76073,20.7,-52.0,4.795688395427433e-09
76074,20.7,-51.0,7.045535438223205e-09
76075,20.7,-50.0,1.0295872654512975e-08
76076,20.7,-49.0,1.4965748209893284e-08
76077,20.7,-48.0,2.1638134783953108e-08
76078,20.7,-47.0,3.1119121485816976e-08
76079,20.7,-46.0,4.4516494477592385e-08
76080,20.7,-45.0,6.334330465763646e-08
76081,20.7,-44.0,8.965336898217815e-08
76082,20.7,-43.0,1.262172344573251e-07
76083,20.7,-42.0,1.767489612980901e-07
76084,20.7,-41.0,2.461961541387953e-07
76085,20.7,-40.0,3.4110797195264055e-07
76086,20.7,-39.0,4.700983421952281e-07
76087,20.7,-38.0,6.444242296420551e-07
76088,20.7,-37.0,8.787014694985085e-07
76089,20.7,-36.0,1.1917832324613142e-06
76090,20.7,-35.0,1.6078284664163152e-06
76091,20.7,-34.0,2.157589425907804e-06
76092,20.7,-33.0,2.879948852119979e-06
76093,20.7,-32.0,3.825283836723262e-06
76094,20.7,-31.0,5.885045600651797e-06
76095,20.7,-30.0,8.123584287871705e-05
76096,20.7,-29.0,0.001113588432849209
76097,20.7,-28.0,0.0027247814464263285
76098,20.7,-27.0,0.0011205526409553755
76099,20.7,-26.0,0.0001832249361036498
76100,20.7,-25.0,0.001356091144907611
76101,20.7,-24.0,0.0033012215219837293
76102,20.7,-23.0,0.001473890184713776
76103,20.7,-22.0,0.0016764282983967966
76104,20.7,-21.0,0.003839133367255438
76105,20.7,-20.0,0.0016155237419505785
76106,20.7,-19.0,0.00032448402256566943
76107,20.7,-18.0,0.001994027792155328
76108,20.7,-17.0,0.004754523732442752
76109,20.7,-16.0,0.002199169285607883
76110,20.7,-15.0,0.002529596747109863
76111,20.7,-14.0,0.00564206046182378
76112,20.7,-13.0,0.002500876631751226
76113,20.7,-12.0,0.0006951188563347075
76114,20.7,-11.0,0.0031564323076750302
76115,20.7,-10.0,0.0072051833884146065
76116,20.7,-9.0,0.003544750809818331
76117,20.7,-8.0,0.004115907437774683
76118,20.7,-7.0,0.008759914061025054
76119,20.7,-6.0,0.004184470758950075
76120,20.7,-5.0,0.001582182187993886
76121,20.7,-4.0,0.0053586592507992555
76122,20.7,-3.0,0.011532095119373129
76123,20.7,-2.0,0.005732155617090833
76124,20.7,-1.0,0.002090461780882664
76125,20.7,0.0,0.0006435452941284495
76126,20.7,1.0,0.002625706230455482
76127,20.7,2.0,0.008447092246108357
76128,20.7,3.0,0.017412446053047367
76129,20.7,4.0,0.00896390935622722
76130,20.7,5.0,0.00418262138983259
76131,20.7,6.0,0.011499803200802437
76132,20.7,7.0,0.023399885878775672
76133,20.7,8.0,0.012731608732694409
76134,20.7,9.0,0.015010475735557268
76135,20.7,10.0,0.02949672730832628
76136,20.7,11.0,0.015006436960380398
76137,20.7,12.0,0.00677608442681861
76138,20.7,13.0,0.0199433661971281
76139,20.7,14.0,0.0414166802955528
76140,20.7,15.0,0.021711719644951107
76141,20.7,16.0,0.027333420987849247
76142,20.7,17.0,0.05627415706302218
76143,20.7,18.0,0.02661290736294415
76144,20.7,19.0,0.010127009729509652
76145,20.7,20.0,0.04397592601296388
76146,20.7,21.0,0.08730050132655974
76147,20.7,22.0,0.04007225972807164
76148,20.7,23.0,0.026712345113397772
76149,20.7,24.0,0.052108174549321984
76150,20.7,25.0,0.02428543220691082
76151,20.7,26.0,0.007221281036475132
76152,20.7,27.0,0.017120561162289362
76153,20.7,28.0,0.034617659240323846
76154,20.7,29.0,0.01735959577806586
76155,20.7,30.0,0.01445150740762502
76156,20.7,31.0,0.02688694057332388
76157,20.7,32.0,0.013181351129174164
76158,20.7,33.0,0.0047645025060124415
76159,20.7,34.0,0.01018467821258396
76160,20.7,35.0,0.01974336329315618
76161,20.7,36.0,0.010057928124701706
76162,20.7,37.0,0.008603487744787546
76163,20.7,38.0,0.015831948332113845
76164,20.7,39.0,0.007991351069285843
76165,20.7,40.0,0.006854887084653186
76166,20.7,41.0,0.012757009701639864
76167,20.7,42.0,0.006093130400681866
76168,20.7,43.0,0.001999724067116917
76169,20.7,44.0,0.004762344031250776
76170,20.7,45.0,0.009642362607110279
76171,20.7,46.0,0.004462801697662426
76172,20.7,47.0,0.0011070890688534031
76173,20.7,48.0,0.0007598221791055876
76174,20.7,49.0,0.0006529669090040331
76175,20.7,50.0,0.0005600771320294659
76176,20.7,51.0,0.0004778552467970893
76177,20.7,52.0,0.0004070241525969685
76178,20.7,53.0,0.00047554080934574704
76179,20.7,54.0,0.0022603764497683056
76180,20.7,55.0,0.00508517766100305
76181,20.7,56.0,0.0021723770662633924
76182,20.7,57.0,0.00029801936688646745
76183,20.7,58.0,0.00013695631343425415
76184,20.7,59.0,0.00011075736087493678
76185,20.7,60.0,9.007052997871671e-05
76186,20.7,61.0,7.286010501253575e-05
76187,20.7,62.0,5.8625016662547754e-05
76188,20.7,63.0,4.692046127100512e-05
76189,20.7,64.0,3.7353188054427566e-05
76190,20.7,65.0,2.9578706846920748e-05
76191,20.7,66.0,2.329790121402385e-05
76192,20.7,67.0,1.8253263504061852e-05
76193,20.7,68.0,1.4224937099021092e-05
76194,20.7,69.0,1.102671864928601e-05
76195,20.7,70.0,8.502141721386484e-06
76196,20.7,71.0,6.520734140651825e-06
76197,20.7,72.0,4.974515119178739e-06
76198,20.7,73.0,3.7747754690656054e-06
76199,20.7,74.0,2.8491649984106687e-06
76200,20.8,-75.0,1.5120104618524605e-13
76201,20.8,-74.0,2.5122841052702644e-13
76202,20.8,-73.0,4.1521096379727725e-13
76203,20.8,-72.0,6.825822368423239e-13
76204,20.8,-71.0,1.1161620681568466e-12
76205,20.8,-70.0,1.8154556496315065e-12
76206,20.8,-69.0,2.9371771162119235e-12
76207,20.8,-68.0,4.7267293495775e-12
76208,20.8,-67.0,7.566193477841059e-12
76209,20.8,-66.0,1.2047037361025336e-11
76210,20.8,-65.0,1.9079596211410992e-11
76211,20.8,-64.0,3.0056901561201655e-11
76212,20.8,-63.0,4.709831241558064e-11
76213,20.8,-62.0,7.340955490621008e-11
76214,20.8,-61.0,1.1381144652052197e-10
76215,20.8,-60.0,1.75511429334967e-10
76216,20.8,-59.0,2.692222630596084e-10
76217,20.8,-58.0,4.107737150480145e-10
76218,20.8,-57.0,6.234195664849018e-10
76219,20.8,-56.0,9.411185197756398e-10
76220,20.8,-55.0,1.4131697056758043e-09
76221,20.8,-54.0,2.110719032972767e-09
76222,20.8,-53.0,3.135830953213802e-09
76223,20.8,-52.0,4.634052699458314e-09
76224,20.8,-51.0,6.811698302669364e-09
76225,20.8,-50.0,9.959463670430305e-09
76226,20.8,-49.0,1.4484470120467165e-08
76227,20.8,-48.0,2.0953442663352123e-08
76228,20.8,-47.0,3.015048359308277e-08
76229,20.8,-46.0,4.315382533928687e-08
76230,20.8,-45.0,6.143706290922172e-08
76231,20.8,-44.0,8.700169789219001e-08
76232,20.8,-43.0,1.2254939139043244e-07
76233,20.8,-42.0,1.7170413408117955e-07
76234,20.8,-41.0,2.3929659910208375e-07
76235,20.8,-40.0,3.317252337601819e-07
76236,20.8,-39.0,4.5741113507282843e-07
76237,20.8,-38.0,6.273663815503176e-07
76238,20.8,-37.0,8.55898166646477e-07
76239,20.8,-36.0,1.1614736663789915e-06
76240,20.8,-35.0,1.5677728986028685e-06
76241,20.8,-34.0,2.1049586689301923e-06
76242,20.8,-33.0,2.811194247960169e-06
76243,20.8,-32.0,3.7359858661567943e-06
76244,20.8,-31.0,5.769655375034973e-06
76245,20.8,-30.0,8.108017345368366e-05
76246,20.8,-29.0,0.0011132856893301631
76247,20.8,-28.0,0.0027242606373605654
76248,20.8,-27.0,0.0011201348516992607
76249,20.8,-26.0,0.00018281446043812873
76250,20.8,-25.0,0.0013552662093278807
76251,20.8,-24.0,0.0032997657589936696
76252,20.8,-23.0,0.0014727718592639795
76253,20.8,-22.0,0.0016749040564612212
76254,20.8,-21.0,0.0038365331137326817
76255,20.8,-20.0,0.0016136005948506143
76256,20.8,-19.0,0.0003228073996903316
76257,20.8,-18.0,0.001991018059993953
76258,20.8,-17.0,0.0047494713559391695
76259,20.8,-16.0,0.0021952845848417324
76260,20.8,-15.0,0.0025247246136210918
76261,20.8,-14.0,0.005634187656662263
76262,20.8,-13.0,0.0024950006866144444
76263,20.8,-12.0,0.0006900981528822012
76264,20.8,-11.0,0.0031481055623026697
76265,20.8,-10.0,0.00719175940006555
76266,20.8,-9.0,0.0035346078669960626
76267,20.8,-8.0,0.0041037206280734005
76268,20.8,-7.0,0.008740658368960794
76269,20.8,-6.0,0.004170728543660107
76270,20.8,-5.0,0.001571254943608436
76271,20.8,-4.0,0.005340428932223063
76272,20.8,-3.0,0.01150234313969078
76273,20.8,-2.0,0.005712251849878488
76274,20.8,-1.0,0.00207678110520363
76275,20.8,0.0,0.0006464317801755352
76276,20.8,1.0,0.0026113571898597867
76277,20.8,2.0,0.008419412339261413
76278,20.8,3.0,0.017364230243312077
76279,20.8,4.0,0.00893655250055279
76280,20.8,5.0,0.00416733745877407
76281,20.8,6.0,0.011463237065702457
76282,20.8,7.0,0.02332843676435414
76283,20.8,8.0,0.012694859763269936
76284,20.8,9.0,0.014961857393749497
76285,20.8,10.0,0.02939464269365322
76286,20.8,11.0,0.014963664044911881
76287,20.8,12.0,0.006767000660880603
76288,20.8,13.0,0.019863978100208853
76289,20.8,14.0,0.041222005773897445
76290,20.8,15.0,0.021627291368720283
76291,20.8,16.0,0.027171797511509374
76292,20.8,17.0,0.05587743717644117
76293,20.8,18.0,0.026464993396864697
76294,20.8,19.0,0.010246773159782238
76295,20.8,20.0,0.04561680838540669
76296,20.8,21.0,0.089032787710469
76297,20.8,22.0,0.04072846762944737
76298,20.8,23.0,0.02664624718921023
76299,20.8,24.0,0.051940053186281705
76300,20.8,25.0,0.024177527466739825
76301,20.8,26.0,0.007149436423771212
76302,20.8,27.0,0.01699127539750618
76303,20.8,28.0,0.03439213605083681
76304,20.8,29.0,0.017235316675725185
76305,20.8,30.0,0.014336464222977354
76306,20.8,31.0,0.026687379527017243
76307,20.8,32.0,0.013079868623958515
76308,20.8,33.0,0.0047236343541085975
76309,20.8,34.0,0.010101887943882323
76310,20.8,35.0,0.01958594664918117
76311,20.8,36.0,0.009979265806389713
76312,20.8,37.0,0.008534986454682232
76313,20.8,38.0,0.01570241725638828
76314,20.8,39.0,0.007929304445139994
76315,20.8,40.0,0.006801267117545377
76316,20.8,41.0,0.012650566099177765
76317,20.8,42.0,0.006046438755645235
76318,20.8,43.0,0.001989516063917173
76319,20.8,44.0,0.004725743061233291
76320,20.8,45.0,0.009559497170248826
76321,20.8,46.0,0.004428213917693238
76322,20.8,47.0,0.001103577314210316
76323,20.8,48.0,0.0007590611775557939
76324,20.8,49.0,0.0006526794924208318
76325,20.8,50.0,0.0005601289936417056
76326,20.8,51.0,0.00047815415456668037
76327,20.8,52.0,0.0004074789327398844
76328,20.8,53.0,0.0004747650079319577
76329,20.8,54.0,0.0022409456725197975
76330,20.8,55.0,0.0050365510289356406
76331,20.8,56.0,0.002152963490028799
76332,20.8,57.0,0.0002972953314520329
76333,20.8,58.0,0.0001375323697463315
76334,20.8,59.0,0.00011129999680920891
76335,20.8,60.0,9.05600853650063e-05
76336,20.8,61.0,7.329515831350252e-05
76337,20.8,62.0,5.900650105702789e-05
76338,20.8,63.0,4.7250950136052325e-05
76339,20.8,64.0,3.763633594521648e-05
76340,20.8,65.0,2.9818804969839498e-05
76341,20.8,66.0,2.3499533452335497e-05
76342,20.8,67.0,1.8421048805505107e-05
76343,20.8,68.0,1.4363344393840765e-05
76344,20.8,69.0,1.113994128730822e-05
76345,20.8,70.0,8.594019554540822e-06
76346,20.8,71.0,6.594712707400495e-06
76347,20.8,72.0,5.03363280463617e-06
76348,20.8,73.0,3.821670935267238e-06
76349,20.8,74.0,2.8860985397447606e-06
76350,20.9,-75.0,1.4417771794033712e-13
76351,20.9,-74.0,2.3968645433399745e-13
76352,20.9,-73.0,3.9634642225105757e-13
76353,20.9,-72.0,6.519172923871472e-13
76354,20.9,-71.0,1.0665867085409372e-12
76355,20.9,-70.0,1.7357450729593159e-12
76356,20.9,-69.0,2.8097121046104492e-12
76357,20.9,-68.0,4.524012657057129e-12
76358,20.9,-67.0,7.245559173804678e-12
76359,20.9,-66.0,1.1542665533740609e-11
76360,20.9,-65.0,1.8290535591805307e-11
76361,20.9,-64.0,2.882921664378086e-11
76362,20.9,-63.0,4.519864008808502e-11
76363,20.9,-62.0,7.048618447239786e-11
76364,20.9,-61.0,1.0933740034426756e-10
76365,20.9,-60.0,1.6870175198959898e-10
76366,20.9,-59.0,2.5891460530902375e-10
76367,20.9,-58.0,3.952570400364902e-10
76368,20.9,-57.0,6.001900429064384e-10
76369,20.9,-56.0,9.065339357649467e-10
76370,20.9,-55.0,1.3619634554747565e-09
76371,20.9,-54.0,2.0353211766637203e-09
76372,20.9,-53.0,3.0254261522641343e-09
76373,20.9,-52.0,4.473281938925649e-09
76374,20.9,-51.0,6.578881992028857e-09
76375,20.9,-50.0,9.624186550175597e-09
76376,20.9,-49.0,1.4004321797254147e-08
76377,20.9,-48.0,2.026964981526782e-08
76378,20.9,-47.0,2.9182099105434143e-08
76379,20.9,-46.0,4.17900540328029e-08
76380,20.9,-45.0,5.9527201429687084e-08
76381,20.9,-44.0,8.434204639172392e-08
76382,20.9,-43.0,1.1886635606335104e-07
76383,20.9,-42.0,1.6663258251536513e-07
76384,20.9,-41.0,2.3235235611324138e-07
76385,20.9,-40.0,3.22270416919833e-07
76386,20.9,-39.0,4.446108317238855e-07
76387,20.9,-38.0,6.101349706249953e-07
76388,20.9,-37.0,8.328334001792338e-07
76389,20.9,-36.0,1.1307764620664982e-06
76390,20.9,-35.0,1.5271506750202662e-06
76391,20.9,-34.0,2.0515100022962335e-06
76392,20.9,-33.0,2.741272670650926e-06
76393,20.9,-32.0,3.6450391423529003e-06
76394,20.9,-31.0,5.651156113782685e-06
76395,20.9,-30.0,8.08492327806773e-05
76396,20.9,-29.0,0.0011119109541408115
76397,20.9,-28.0,0.0027211120083912186
76398,20.9,-27.0,0.0011186404242803194
76399,20.9,-26.0,0.00018223439201439128
76400,20.9,-25.0,0.0013531410724527155
76401,20.9,-24.0,0.0032951339658245037
76402,20.9,-23.0,0.0014702435807397816
76403,20.9,-22.0,0.0016717778262323104
76404,20.9,-21.0,0.003830247843984941
76405,20.9,-20.0,0.0016101398391027014
76406,20.9,-19.0,0.00032084149180574087
76407,20.9,-18.0,0.001986114843719524
76408,20.9,-17.0,0.004739871173478614
76409,20.9,-16.0,0.0021893166288339465
76410,20.9,-15.0,0.0025174575979364255
76411,20.9,-14.0,0.0056209318123944035
76412,20.9,-13.0,0.002486765464215928
76413,20.9,-12.0,0.0006844578110060841
76414,20.9,-11.0,0.0031368020657284684
76415,20.9,-10.0,0.007171479141501022
76416,20.9,-9.0,0.0035211205613269302
76417,20.9,-8.0,0.004087648947009124
76418,20.9,-7.0,0.00871307602440139
76419,20.9,-6.0,0.004153033150381618
76420,20.9,-5.0,0.0015588595587995174
76421,20.9,-4.0,0.005317128091816259
76422,20.9,-3.0,0.011461633413371636
76423,20.9,-2.0,0.005686900989305439
76424,20.9,-1.0,0.0020611058820866287
76425,20.9,0.0,0.0006487012127830288
76426,20.9,1.0,0.0025944607062215407
76427,20.9,2.0,0.008383659687195366
76428,20.9,3.0,0.017299443314071832
76429,20.9,4.0,0.00890057795701956
76430,20.9,5.0,0.004147928664864696
76431,20.9,6.0,0.011415688017301912
76432,20.9,7.0,0.023234865407768784
76433,20.9,8.0,0.012645916163957525
76434,20.9,9.0,0.01489903059022167
76435,20.9,10.0,0.02926503079677126
76436,20.9,11.0,0.014906619794705193
76437,20.9,12.0,0.0067512073549403275
76438,20.9,13.0,0.01976640877973963
76439,20.9,14.0,0.04099042346154385
76440,20.9,15.0,0.021523236996098472
76441,20.9,16.0,0.026987796102330357
76442,20.9,17.0,0.05543650873928835
76443,20.9,18.0,0.026295631374721216
76444,20.9,19.0,0.010385529623396025
76445,20.9,20.0,0.04764160601348636
76446,20.9,21.0,0.09134397970002643
76447,20.9,22.0,0.0416107413014471
76448,20.9,23.0,0.02654359793239749
76449,20.9,24.0,0.051659425609926625
76450,20.9,25.0,0.02401703979658607
76451,20.9,26.0,0.007061822334202968
76452,20.9,27.0,0.016823935291554983
76453,20.9,28.0,0.03408939455843385
76454,20.9,29.0,0.017072300103657068
76455,20.9,30.0,0.014189125543347527
76456,20.9,31.0,0.026427703886647332
76457,20.9,32.0,0.012948828012444447
76458,20.9,33.0,0.004671967720208909
76459,20.9,34.0,0.009996219077178377
76460,20.9,35.0,0.01938436721344022
76461,20.9,36.0,0.009877976608059691
76462,20.9,37.0,0.0084471207883339
76463,20.9,38.0,0.015537492556735278
76464,20.9,39.0,0.00784926152772412
76465,20.9,40.0,0.006732206285596565
76466,20.9,41.0,0.012515643150690054
76467,20.9,42.0,0.005986022557490887
76468,20.9,43.0,0.0019746563209840137
76469,20.9,44.0,0.00467842250371986
76470,20.9,45.0,0.00945517504002157
76471,20.9,46.0,0.004383606888907557
76472,20.9,47.0,0.0010974628930513826
76473,20.9,48.0,0.000756481664583439
76474,20.9,49.0,0.0006508267214119134
76475,20.9,50.0,0.0005588366489492905
76476,20.9,51.0,0.00047730515242197307
76477,20.9,52.0,0.0004069556182098369
76478,20.9,53.0,0.0004728742879598187
76479,20.9,54.0,0.0022165038249352975
76480,20.9,55.0,0.004976738766894668
76481,20.9,56.0,0.0021287506630643656
76482,20.9,57.0,0.00029588354274403525
76483,20.9,58.0,0.00013777983556978538
76484,20.9,59.0,0.0001115769078959874
76485,20.9,60.0,9.083381232071558e-05
76486,20.9,61.0,7.355587995510905e-05
76487,20.9,62.0,5.92479543598141e-05
76488,20.9,63.0,4.746958473015172e-05
76489,20.9,64.0,3.7830633359030534e-05
76490,20.9,65.0,2.9988717951811536e-05
76491,20.9,66.0,2.3646033169866576e-05
76492,20.9,67.0,1.854576689718808e-05
76493,20.9,68.0,1.446829671482142e-05
76494,20.9,69.0,1.1227320594089034e-05
76495,20.9,70.0,8.666045180268379e-06
76496,20.9,71.0,6.653526351657447e-06
76497,20.9,72.0,5.081230791093406e-06
76498,20.9,73.0,3.859864583968944e-06
76499,20.9,74.0,2.9164955857301834e-06
76500,21.0,-75.0,1.2238635028126649e-13
76501,21.0,-74.0,2.0356809700339962e-13
76502,21.0,-73.0,3.368003679727569e-13
76503,21.0,-72.0,5.542701690117536e-13
76504,21.0,-71.0,9.073118037643819e-13
76505,21.0,-70.0,1.4773307037326805e-12
76506,21.0,-69.0,2.3926820667070954e-12
76507,21.0,-68.0,3.854591617508806e-12
76508,21.0,-67.0,6.1767191985124105e-12
76509,21.0,-66.0,9.84517525154459e-12
76510,21.0,-65.0,1.560900256321691e-11
76511,21.0,-64.0,2.461574362645489e-11
76512,21.0,-63.0,3.861329613455722e-11
76513,21.0,-62.0,6.02485915825379e-11
76514,21.0,-61.0,9.350676446583957e-11
76515,21.0,-60.0,1.4435281855524936e-10
76516,21.0,-59.0,2.2166320792679496e-10
76517,21.0,-58.0,3.385696836711074e-10
76518,21.0,-57.0,5.143853951009635e-10
76519,21.0,-56.0,7.773476653337645e-10
76520,21.0,-55.0,1.168498276025332e-09
76521,21.0,-54.0,1.7471370027164234e-09
76522,21.0,-53.0,2.5984355916144514e-09
76523,21.0,-52.0,3.84399717711877e-09
76524,21.0,-51.0,5.656402088054474e-09
76525,21.0,-50.0,8.279108971614545e-09
76526,21.0,-49.0,1.2053496236110872e-08
76527,21.0,-48.0,1.745535111621409e-08
76528,21.0,-47.0,2.5143762129256348e-08
76529,21.0,-46.0,3.6026166478948766e-08
76530,21.0,-45.0,5.1344268541136977e-08
76531,21.0,-44.0,7.278669934115141e-08
76532,21.0,-43.0,1.0263564734376578e-07
76533,21.0,-42.0,1.4395626987558091e-07
76534,21.0,-41.0,2.0083949534470515e-07
76535,21.0,-40.0,2.7871083976959805e-07
76536,21.0,-39.0,3.8472006043444026e-07
76537,21.0,-38.0,5.282288058247752e-07
76538,21.0,-37.0,7.214158174670517e-07
76539,21.0,-36.0,9.800215853487383e-07
76540,21.0,-35.0,1.3242565046814028e-06
76541,21.0,-34.0,1.77989833492225e-06
76542,21.0,-33.0,2.3796063066579018e-06
76543,21.0,-32.0,3.1658532369161384e-06
76544,21.0,-31.0,4.927753828950602e-06
76545,21.0,-30.0,7.177404123296987e-05
76546,21.0,-29.0,0.0009886692467099372
76547,21.0,-28.0,0.0024196978714754822
76548,21.0,-27.0,0.0009945554957534765
76549,21.0,-26.0,0.0001617260703208438
76550,21.0,-25.0,0.0012027640463299523
76551,21.0,-24.0,0.0029294138719445574
76552,21.0,-23.0,0.00130666038986007
76553,21.0,-22.0,0.0014855491322328873
76554,21.0,-21.0,0.0034043417311359113
76555,21.0,-20.0,0.001430382388956269
76556,21.0,-19.0,0.0002839034876198187
76557,21.0,-18.0,0.0017638223819791477
76558,21.0,-17.0,0.004211210894216243
76559,21.0,-16.0,0.0019437843753079076
76560,21.0,-15.0,0.0022347653762891757
76561,21.0,-14.0,0.00499234911201021
76562,21.0,-13.0,0.002206586488920578
76563,21.0,-12.0,0.0006043700780084379
76564,21.0,-11.0,0.0027825706089196897
76565,21.0,-10.0,0.006366518576160987
76566,21.0,-9.0,0.0031227766606866827
76567,21.0,-8.0,0.0036248434784113765
76568,21.0,-7.0,0.007732468001738665
76569,21.0,-6.0,0.0036816053201362796
76570,21.0,-5.0,0.0013768094286920006
76571,21.0,-4.0,0.004712977355404977
76572,21.0,-3.0,0.010167753749958758
76573,21.0,-2.0,0.005040332672121028
76574,21.0,-1.0,0.001820988576043296
76575,21.0,0.0,0.0005795372356531438
76576,21.0,1.0,0.0022946942066787252
76577,21.0,2.0,0.007431885952935374
76578,21.0,3.0,0.015343546071404913
76579,21.0,4.0,0.007891839600982652
76580,21.0,5.0,0.003675382794369831
76581,21.0,6.0,0.010120710355262021
76582,21.0,7.0,0.0206021915894904
76583,21.0,8.0,0.011214671684249116
76584,21.0,9.0,0.013208332428968517
76585,21.0,10.0,0.025938941359197425
76586,21.0,11.0,0.013220177018857917
76587,21.0,12.0,0.005996122216991802
76588,21.0,13.0,0.017511314916859404
76589,21.0,14.0,0.0362886482640311
76590,21.0,15.0,0.019069798241623925
76591,21.0,16.0,0.023865768633279494
76592,21.0,17.0,0.04896901359713346
76593,21.0,18.0,0.023263871967110147
76594,21.0,19.0,0.009490324757663092
76595,21.0,20.0,0.04600808032899311
76596,21.0,21.0,0.10586403522969458
76597,21.0,22.0,0.04831680202933012
76598,21.0,23.0,0.029088934323431865
76599,21.0,24.0,0.056294471124303413
76600,21.0,25.0,0.02613837285929039
76601,21.0,26.0,0.007641122499738519
76602,21.0,27.0,0.018248624297680843
76603,21.0,28.0,0.03701565141691604
76604,21.0,29.0,0.018525297063408747
76605,21.0,30.0,0.015383704047359474
76606,21.0,31.0,0.028668759017726454
76607,21.0,32.0,0.01404262066527426
76608,21.0,33.0,0.0050616848391459015
76609,21.0,34.0,0.010835621599901599
76610,21.0,35.0,0.02101595777336333
76611,21.0,36.0,0.010710841141844885
76612,21.0,37.0,0.009157964368734424
76613,21.0,38.0,0.016841642239105673
76614,21.0,39.0,0.008511539363639296
76615,21.0,40.0,0.007299780637420843
76616,21.0,41.0,0.013563922618906895
76617,21.0,42.0,0.006491772441157018
76618,21.0,43.0,0.002146886008181745
76619,21.0,44.0,0.005073591367594582
76620,21.0,45.0,0.010244571490193387
76621,21.0,46.0,0.004753607674125886
76622,21.0,47.0,0.0011955024588998751
76623,21.0,48.0,0.0008258166479803815
76624,21.0,49.0,0.0007108765531174096
76625,21.0,50.0,0.0006107241748424741
76626,21.0,51.0,0.000521900505084011
76627,21.0,52.0,0.0004451974134802471
76628,21.0,53.0,0.0005159354070118404
76629,21.0,54.0,0.0024015907772000538
76630,21.0,55.0,0.005387009539774165
76631,21.0,56.0,0.002305719055281319
76632,21.0,57.0,0.00032258869606067303
76633,21.0,58.0,0.00015119277258203044
76634,21.0,59.0,0.00012252279626605157
76635,21.0,60.0,9.979796052826422e-05
76636,21.0,61.0,8.085798394798825e-05
76637,21.0,62.0,6.516437928810085e-05
76638,21.0,63.0,5.2237661204921505e-05
76639,21.0,64.0,4.165271295538804e-05
76640,21.0,65.0,3.303611506041751e-05
76641,21.0,66.0,2.606278096177826e-05
76642,21.0,67.0,2.0452134763132223e-05
76643,21.0,68.0,1.5964034027563843e-05
76644,21.0,69.0,1.2394606726807511e-05
76645,21.0,70.0,9.57213831746444e-06
76646,21.0,71.0,7.353113796870366e-06
76647,21.0,72.0,5.6184913464306614e-06
76648,21.0,73.0,4.2702593565733405e-06
76649,21.0,74.0,3.2283075150260987e-06
76650,21.1,-75.0,1.0837689760171457e-13
76651,21.1,-74.0,1.8036191467331191e-13
76652,21.1,-73.0,2.9856511799605735e-13
76653,21.1,-72.0,4.916085235201856e-13
76654,21.1,-71.0,8.051667812136348e-13
76655,21.1,-70.0,1.311711726831343e-12
76656,21.1,-69.0,2.1255780714133336e-12
76657,21.1,-68.0,3.426114148489716e-12
76658,21.1,-67.0,5.493039261853187e-12
76659,21.1,-66.0,8.760112540104756e-12
76660,21.1,-65.0,1.3896095029383263e-11
76661,21.1,-64.0,2.1926129398195693e-11
76662,21.1,-63.0,3.4412583461944156e-11
76663,21.1,-62.0,5.372280623669336e-11
76664,21.1,-61.0,8.342307810348596e-11
76665,21.1,-60.0,1.2885457349917162e-10
76666,21.1,-59.0,1.979700865785316e-10
76667,21.1,-58.0,3.0254182052976913e-10
76668,21.1,-57.0,4.5989360075980237e-10
76669,21.1,-56.0,6.953691592757352e-10
76670,21.1,-55.0,1.045826378625267e-09
76671,21.1,-54.0,1.5645515121473272e-09
76672,21.1,-53.0,2.3281247633578633e-09
76673,21.1,-52.0,3.4459481868052735e-09
76674,21.1,-51.0,5.073379455621907e-09
76675,21.1,-50.0,7.429713374371952e-09
76676,21.1,-49.0,1.082263186588067e-08
76677,21.1,-48.0,1.5681219248503483e-08
76678,21.1,-47.0,2.2600231374544474e-08
76679,21.1,-46.0,3.239903426148142e-08
76680,21.1,-45.0,4.619951024495503e-08
76681,21.1,-44.0,6.552828660516046e-08
76682,21.1,-43.0,9.244988969302438e-08
76683,21.1,-42.0,1.2973887858298493e-07
76684,21.1,-41.0,1.8110067020592652e-07
76685,21.1,-40.0,2.514526254170689e-07
76686,21.1,-39.0,3.4727899960260395e-07
76687,21.1,-38.0,4.770755289399739e-07
76688,21.1,-37.0,6.519016554758091e-07
76689,21.1,-36.0,8.86060591106628e-07
76690,21.1,-35.0,1.1979294467949951e-06
76691,21.1,-34.0,1.6109633332758816e-06
76692,21.1,-33.0,2.1548988476038126e-06
76693,21.1,-32.0,2.86845724515161e-06
76694,21.1,-31.0,4.482941520496994e-06
76695,21.1,-30.0,6.647622998901468e-05
76696,21.1,-29.0,0.0009171218879851772
76697,21.1,-28.0,0.0022447615728215346
76698,21.1,-27.0,0.0009224933021333926
76699,21.1,-26.0,0.00014973967901755241
76700,21.1,-25.0,0.001115357433907827
76701,21.1,-24.0,0.002716961433645984
76702,21.1,-23.0,0.0012115271483975798
76703,21.1,-22.0,0.0013771862727780975
76704,21.1,-21.0,0.0031567133923009858
76705,21.1,-20.0,0.0013256811893403379
76706,21.1,-19.0,0.00026209670908856637
76707,21.1,-18.0,0.0016341956812506552
76708,21.1,-17.0,0.0039034086704760355
76709,21.1,-16.0,0.0018004735954154642
76710,21.1,-15.0,0.002069668196050757
76711,21.1,-14.0,0.004625925127234071
76712,21.1,-13.0,0.0020427088833401452
76713,21.1,-12.0,0.0005567462738440225
76714,21.1,-11.0,0.0025751584891397215
76715,21.1,-10.0,0.0058964738744712
76716,21.1,-9.0,0.002889340929295905
76717,21.1,-8.0,0.0033535304340269693
76718,21.1,-7.0,0.007159149943273505
76719,21.1,-6.0,0.0034049042461234778
76720,21.1,-5.0,0.0012686000886947234
76721,21.1,-4.0,0.004358211566675139
76722,21.1,-3.0,0.009410209042747027
76723,21.1,-2.0,0.004660531363932838
76724,21.1,-1.0,0.001678374791499549
76725,21.1,0.0,0.0005401445684191776
76726,21.1,1.0,0.002117273162676763
76727,21.1,2.0,0.006873143284206606
76728,21.1,3.0,0.014197561998525624
76729,21.1,4.0,0.007300078888332319
76730,21.1,5.0,0.003397425792553859
76731,21.1,6.0,0.009360764963802719
76732,21.1,7.0,0.019058238098543494
76733,21.1,8.0,0.0103756193525053
76734,21.1,9.0,0.01221610336191497
76735,21.1,10.0,0.02398585502187175
76736,21.1,11.0,0.012231774387091436
76737,21.1,12.0,0.005555722080449139
76738,21.1,13.0,0.016185125714876496
76739,21.1,14.0,0.03351746474621153
76740,21.1,15.0,0.017627649623859584
76741,21.1,16.0,0.022020034375707997
76742,21.1,17.0,0.04513238845248734
76743,21.1,18.0,0.02146938365925904
76744,21.1,19.0,0.00860886637226917
76745,21.1,20.0,0.03966315993749463
76746,21.1,21.0,0.08979694632534356
76747,21.1,22.0,0.05014228476586884
76748,21.1,23.0,0.032608322779439154
76749,21.1,24.0,0.06378290757330758
76750,21.1,25.0,0.029579684327944115
76751,21.1,26.0,0.008595982037236084
76752,21.1,27.0,0.02057952852433466
76753,21.1,28.0,0.041788739924880525
76754,21.1,29.0,0.020899720666370972
76755,21.1,30.0,0.017340413716775117
76756,21.1,31.0,0.032333731622537665
76757,21.1,32.0,0.015832809479821422
76758,21.1,33.0,0.005701162692209505
76759,21.1,34.0,0.012211193268191384
76760,21.1,35.0,0.023688557305151816
76761,21.1,36.0,0.012074431408728319
76762,21.1,37.0,0.010322261889695827
76763,21.1,38.0,0.018979219121854424
76764,21.1,39.0,0.009595648116669391
76765,21.1,40.0,0.008229022908024656
76766,21.1,41.0,0.015282965666784174
76767,21.1,42.0,0.007319403982275988
76768,21.1,43.0,0.0024266159716794574
76769,21.1,44.0,0.005720308603505381
76770,21.1,45.0,0.011540084447113984
76771,21.1,46.0,0.005359262357186903
76772,21.1,47.0,0.0013538976070925242
76773,21.1,48.0,0.0009372031736576811
76774,21.1,49.0,0.0008072121705512848
76775,21.1,50.0,0.0006938571044069917
76776,21.1,51.0,0.0005932585535459318
76777,21.1,52.0,0.0005063178025339824
76778,21.1,53.0,0.0005852327866797454
76779,21.1,54.0,0.0027053543312044923
76780,21.1,55.0,0.006062381068939756
76781,21.1,56.0,0.002596466521519622
76782,21.1,57.0,0.0003656571660289041
76783,21.1,58.0,0.0001724814123179469
76784,21.1,59.0,0.0001398698719627903
76785,21.1,60.0,0.000113988355078953
76786,21.1,61.0,9.240449938256554e-05
76787,21.1,62.0,7.450953650263721e-05
76788,21.1,63.0,5.976084265886431e-05
76789,21.1,64.0,4.767686284635745e-05
76790,21.1,65.0,3.7834215810440364e-05
76791,21.1,66.0,2.986399540625539e-05
76792,21.1,67.0,2.34475349005051e-05
76793,21.1,68.0,1.831186505764326e-05
76794,21.1,69.0,1.4225058961136783e-05
76795,21.1,70.0,1.099161931408876e-05
76796,21.1,71.0,8.448028871444812e-06
76797,21.1,72.0,6.4585527020896195e-06
76798,21.1,73.0,4.911352817028522e-06
76799,21.1,74.0,3.7149516609113075e-06
76800,21.2,-75.0,1.0474216186912796e-13
76801,21.2,-74.0,1.7440584873129001e-13
76802,21.2,-73.0,2.888595058827797e-13
76803,21.2,-72.0,4.758810274290175e-13
76804,21.2,-71.0,7.798233313625506e-13
76805,21.2,-70.0,1.271101309588004e-12
76806,21.2,-69.0,2.0608681870572173e-12
76807,21.2,-68.0,3.323581797781701e-12
76808,21.2,-67.0,5.3314904534287406e-12
76809,21.2,-66.0,8.507011257120854e-12
76810,21.2,-65.0,1.3501794281098793e-11
76811,21.2,-64.0,2.1315330615924128e-11
76812,21.2,-63.0,3.3471776843506314e-11
76813,21.2,-62.0,5.22819249238003e-11
76814,21.2,-61.0,8.122888247762974e-11
76815,21.2,-60.0,1.2553230265727374e-10
76816,21.2,-59.0,1.9296858829677422e-10
76817,21.2,-58.0,2.950555932602146e-10
76818,21.2,-57.0,4.4875282099069817e-10
76819,21.2,-56.0,6.78885666588961e-10
76820,21.2,-55.0,1.0215795608595168e-09
76821,21.2,-54.0,1.5290928562097768e-09
76822,21.2,-53.0,2.2765732684628904e-09
76823,21.2,-52.0,3.3714406117385824e-09
76824,21.2,-51.0,4.96632921966045e-09
76825,21.2,-50.0,7.276819598789847e-09
76826,21.2,-49.0,1.0605565325506062e-08
76827,21.2,-48.0,1.537489479406197e-08
76828,21.2,-47.0,2.217055674238178e-08
76829,21.2,-46.0,3.180000341086533e-08
76830,21.2,-45.0,4.536948611260744e-08
76831,21.2,-44.0,6.438529458673171e-08
76832,21.2,-43.0,9.088572103906731e-08
76833,21.2,-42.0,1.2761178483946712e-07
76834,21.2,-41.0,1.782264194558038e-07
76835,21.2,-40.0,2.4759369322006923e-07
76836,21.2,-39.0,3.4213168841460096e-07
76837,21.2,-38.0,4.7025485720649626e-07
76838,21.2,-37.0,6.429239409751778e-07
76839,21.2,-36.0,8.743237835613495e-07
76840,21.2,-35.0,1.182691454892363e-06
76841,21.2,-34.0,1.5913188548654175e-06
76842,21.2,-33.0,2.1297555684252106e-06
76843,21.2,-32.0,2.836528830783718e-06
76844,21.2,-31.0,4.4513568540670535e-06
76845,21.2,-30.0,6.720241117405693e-05
76846,21.2,-29.0,0.0009285606491804163
76847,21.2,-28.0,0.002272928776292991
76848,21.2,-27.0,0.0009339105233749877
76849,21.2,-26.0,0.00015132580556007414
76850,21.2,-25.0,0.0011289016835933177
76851,21.2,-24.0,0.002750384859655482
76852,21.2,-23.0,0.001226062811942312
76853,21.2,-22.0,0.00139350237529021
76854,21.2,-21.0,0.0031948101871085233
76855,21.2,-20.0,0.0013410240639389823
76856,21.2,-19.0,0.0002641042030028053
76857,21.2,-18.0,0.001652586313041598
76858,21.2,-17.0,0.003949024305437208
76859,21.2,-16.0,0.0018202739944983178
76860,21.2,-15.0,0.0020920917487129765
76861,21.2,-14.0,0.004678444206415311
76862,21.2,-13.0,0.002063971070085887
76863,21.2,-12.0,0.0005597862215474172
76864,21.2,-11.0,0.0026011934320883745
76865,21.2,-10.0,0.005960628345419938
76866,21.2,-9.0,0.0029178753487419952
76867,21.2,-8.0,0.003386295222775166
76868,21.2,-7.0,0.00723458621848978
76869,21.2,-6.0,0.0034370091600340463
76870,21.2,-5.0,0.0012757690186689613
76871,21.2,-4.0,0.004398739598399167
76872,21.2,-3.0,0.009505642742193537
76873,21.2,-2.0,0.004703451131280164
76874,21.2,-1.0,0.0016883315516419324
76875,21.2,0.0,0.0005494686368033711
76876,21.2,1.0,0.0021321391823877207
76877,21.2,2.0,0.00693769082763007
76878,21.2,3.0,0.014338654725693373
76879,21.2,4.0,0.0073701838786059135
76880,21.2,5.0,0.0034275648637718827
76881,21.2,6.0,0.00944964004963411
76882,21.2,7.0,0.01924244516001921
76883,21.2,8.0,0.010477189805579391
76884,21.2,9.0,0.012331734769979662
76885,21.2,10.0,0.024208611366234353
76886,21.2,11.0,0.012352298094829276
76887,21.2,12.0,0.005618282235977036
76888,21.2,13.0,0.016327940986806937
76889,21.2,14.0,0.03379054518940911
76890,21.2,15.0,0.017785418081487564
76891,21.2,16.0,0.02217714367272176
76892,21.2,17.0,0.045405373243043765
76893,21.2,18.0,0.021628617809979815
76894,21.2,19.0,0.008631022151909402
76895,21.2,20.0,0.03876243807252568
76896,21.2,21.0,0.08746180149898443
76897,21.2,22.0,0.0480627155020836
76898,21.2,23.0,0.03268350521215457
76899,21.2,24.0,0.06434247430798595
76900,21.2,25.0,0.02980197635382396
76901,21.2,26.0,0.008608152901094122
76902,21.2,27.0,0.020659547738888985
76903,21.2,28.0,0.04199699860707949
76904,21.2,29.0,0.02098916913248905
76905,21.2,30.0,0.017399161131923024
76906,21.2,31.0,0.03246214894444467
76907,21.2,32.0,0.015890477327701862
76908,21.2,33.0,0.005715861661367313
76909,21.2,34.0,0.012249700429945928
76910,21.2,35.0,0.02376822690143984
76911,21.2,36.0,0.012116416213338851
76912,21.2,37.0,0.010356506734800647
76913,21.2,38.0,0.01903879546078442
76914,21.2,39.0,0.009629510264240968
76915,21.2,40.0,0.008257518759824469
76916,21.2,41.0,0.015328405079024355
76917,21.2,42.0,0.007346024883408279
76918,21.2,43.0,0.002441430891622879
76919,21.2,44.0,0.005741007157543975
76920,21.2,45.0,0.011571560179276639
76921,21.2,46.0,0.005378403499125436
76922,21.2,47.0,0.0013648111736955899
76923,21.2,48.0,0.0009467287291816624
76924,21.2,49.0,0.0008158732831726144
76925,21.2,50.0,0.0007016757481493933
76926,21.2,51.0,0.0006002633108914362
76927,21.2,52.0,0.0005125491786484599
76928,21.2,53.0,0.0005909111833545321
76929,21.2,54.0,0.002712818248713301
76930,21.2,55.0,0.006073067545666471
76931,21.2,56.0,0.0026027389239474813
76932,21.2,57.0,0.00036895393637645184
76933,21.2,58.0,0.00017514439585269328
76934,21.2,59.0,0.0001421258112448373
76935,21.2,60.0,0.00011588862391672422
76936,21.2,61.0,9.399501623922719e-05
76937,21.2,62.0,7.5832427714892e-05
76938,21.2,63.0,6.085429001141935e-05
76939,21.2,64.0,4.857508256219759e-05
76940,21.2,65.0,3.856754567403732e-05
76941,21.2,66.0,3.045906481795072e-05
76942,21.2,67.0,2.392749505742164e-05
76943,21.2,68.0,1.869665924053933e-05
76944,21.2,69.0,1.45317158743103e-05
76945,21.2,70.0,1.1234555408650918e-05
76946,21.2,71.0,8.639348448507827e-06
76947,21.2,72.0,6.6083372439273e-06
76948,21.2,73.0,5.027933365521248e-06
76949,21.2,74.0,3.805160116344621e-06
76950,21.3,-75.0,1.0099094558641916e-13
76951,21.3,-74.0,1.682493283999772e-13
76952,21.3,-73.0,2.7881128473257995e-13
76953,21.3,-72.0,4.595718968402849e-13
76954,21.3,-71.0,7.53499011136523e-13
76955,21.3,-70.0,1.2288475770479629e-12
76956,21.3,-69.0,1.99342295870558e-12
76957,21.3,-68.0,3.2165255214321706e-12
76958,21.3,-67.0,5.162507017189125e-12
76959,21.3,-66.0,8.241768579916234e-12
76960,21.3,-65.0,1.3087788983909898e-11
76961,21.3,-64.0,2.0672750353870253e-11
76962,21.3,-63.0,3.2480024151105705e-11
76963,21.3,-62.0,5.0759873890364615e-11
76964,21.3,-61.0,7.890614622274857e-11
76965,21.3,-60.0,1.2200769967249155e-10
76966,21.3,-59.0,1.8765051157444986e-10
76967,21.3,-58.0,2.8707698344156253e-10
76968,21.3,-57.0,4.3685076763457805e-10
76969,21.3,-56.0,6.612321176510162e-10
76970,21.3,-55.0,9.955449761987698e-10
76971,21.3,-54.0,1.4909186190154577e-09
76972,21.3,-53.0,2.220920946850797e-09
76973,21.3,-52.0,3.2907763778672555e-09
76974,21.3,-51.0,4.850089489519989e-09
76975,21.3,-50.0,7.110288840845197e-09
76976,21.3,-49.0,1.0368378601720488e-08
76977,21.3,-48.0,1.503905559827983e-08
76978,21.3,-47.0,2.1697834858938154e-08
76979,21.3,-46.0,3.113854779654824e-08
76980,21.3,-45.0,4.4449454474952466e-08
76981,21.3,-44.0,6.311326509246493e-08
76982,21.3,-43.0,8.91376137351185e-08
76983,21.3,-42.0,1.2522398298621687e-07
76984,21.3,-41.0,1.7498474713500814e-07
76985,21.3,-40.0,2.4321987958821135e-07
76986,21.3,-39.0,3.362669365776879e-07
76987,21.3,-38.0,4.624401443077576e-07
76988,21.3,-37.0,6.325767149520944e-07
76989,21.3,-36.0,8.607108022937538e-07
76990,21.3,-35.0,1.1648976481545873e-06
76991,21.3,-34.0,1.5682122933072103e-06
76992,21.3,-33.0,2.0999489167778846e-06
76993,21.3,-32.0,2.798351357292379e-06
76994,21.3,-31.0,4.40994054562504e-06
76995,21.3,-30.0,6.778250799175108e-05
76996,21.3,-29.0,0.0009379844696555202
76997,21.3,-28.0,0.002296164240196937
76998,21.3,-27.0,0.000943300640378402
76999,21.3,-26.0,0.00015258195999996716
77000,21.3,-25.0,0.0011399913718418688
77001,21.3,-24.0,0.002777830208577899
77002,21.3,-23.0,0.00123793087543298
77003,21.3,-22.0,0.0014067828550503093
77004,21.3,-21.0,0.0032259516078775503
77005,21.3,-20.0,0.0013534416829077433
77006,21.3,-19.0,0.0002655259846817671
77007,21.3,-18.0,0.0016673627705447698
77008,21.3,-17.0,0.00398601862496195
77009,21.3,-16.0,0.0018360863173843005
77010,21.3,-15.0,0.0021099245564936246
77011,21.3,-14.0,0.004720722824957993
77012,21.3,-13.0,0.0020806898694792296
77013,21.3,-12.0,0.0005615557045525798
77014,21.3,-11.0,0.002621484415245012
77015,21.3,-10.0,0.006011682152267192
77016,21.3,-9.0,0.002939949091646476
77017,21.3,-8.0,0.0034115520906643887
77018,21.3,-7.0,0.007294068934951041
77019,21.3,-6.0,0.0034614627537780983
77020,21.3,-5.0,0.001280002810687069
77021,21.3,-4.0,0.004429454578330707
77022,21.3,-3.0,0.009580026144313547
77023,21.3,-2.0,0.0047358493606143625
77024,21.3,-1.0,0.0016943715373672853
77025,21.3,0.0,0.000557667106339355
77026,21.3,1.0,0.0021420807310023383
77027,21.3,2.0,0.006986709615270486
77028,21.3,3.0,0.014447896785402899
77029,21.3,4.0,0.007423788154417458
77030,21.3,5.0,0.003449885577977468
77031,21.3,6.0,0.009517386779728559
77032,21.3,7.0,0.019383887140713298
77033,21.3,8.0,0.01055537893502694
77034,21.3,9.0,0.012419876301076459
77035,21.3,10.0,0.024377608689747816
77036,21.3,11.0,0.012445346721578364
77037,21.3,12.0,0.005668320587062398
77038,21.3,13.0,0.016434606412572536
77039,21.3,14.0,0.03398892347198616
77040,21.3,15.0,0.017903976134396017
77041,21.3,16.0,0.022285976334633646
77042,21.3,17.0,0.04557969631216955
77043,21.3,18.0,0.021741182702194675
77044,21.3,19.0,0.00865564471850238
77045,21.3,20.0,0.03808932741445144
77046,21.3,21.0,0.08570212684193006
77047,21.3,22.0,0.046373602101303806
77048,21.3,23.0,0.03276180843151253
77049,21.3,24.0,0.06485376761669108
77050,21.3,25.0,0.030000639758960352
77051,21.3,26.0,0.008611831980187978
77052,21.3,27.0,0.02071955139990685
77053,21.3,28.0,0.042165413252665644
77054,21.3,29.0,0.02105830868079958
77055,21.3,30.0,0.017440592572921496
77056,21.3,31.0,0.03255869005493132
77057,21.3,32.0,0.015932309800597073
77058,21.3,33.0,0.005724578123579091
77059,21.3,34.0,0.012275790986006558
77060,21.3,35.0,0.02382414233712154
77061,21.3,36.0,0.012146177053485538
77062,21.3,37.0,0.010380247451267408
77063,21.3,38.0,0.019079251624725072
77064,21.3,39.0,0.009653643468145926
77065,21.3,40.0,0.008277651861927077
77066,21.3,41.0,0.015358428421355154
77067,21.3,42.0,0.007365237584950197
77068,21.3,43.0,0.0024537625842683893
77069,21.3,44.0,0.005755920501947034
77070,21.3,45.0,0.011591404280545206
77071,21.3,46.0,0.005392148465669326
77072,21.3,47.0,0.0013743713388107539
77073,21.3,48.0,0.0009553280624163816
77074,21.3,49.0,0.0008237448435714468
77075,21.3,50.0,0.0007088231279503589
77076,21.3,51.0,0.0006067008128006563
77077,21.3,52.0,0.0005183023130807542
77078,21.3,53.0,0.0005960315707082074
77079,21.3,54.0,0.0027175784673173593
77080,21.3,55.0,0.006077652613380794
77081,21.3,56.0,0.0026064146434452103
77082,21.3,57.0,0.00037190885054668804
77083,21.3,58.0,0.0001776586397675726
77084,21.3,59.0,0.00014426358652693273
77085,21.3,60.0,0.00011769448466216336
77086,21.3,61.0,9.551058875504417e-05
77087,21.3,62.0,7.70962126727707e-05
77088,21.3,63.0,6.190142877827988e-05
77089,21.3,64.0,4.943726200601251e-05
77090,21.3,65.0,3.927301599460316e-05
77091,21.3,66.0,3.103274596518638e-05
77092,21.3,67.0,2.439114936033944e-05
77093,21.3,68.0,1.9069110373315647e-05
77094,21.3,69.0,1.482909702883523e-05
77095,21.3,70.0,1.147057235428225e-05
77096,21.3,71.0,8.825545902121614e-06
77097,21.3,72.0,6.754359543061755e-06
77098,21.3,73.0,5.141772762410302e-06
77099,21.3,74.0,3.893388047115841e-06
77100,21.4,-75.0,9.724683092127952e-14
77101,21.4,-74.0,1.620980339672272e-13
77102,21.4,-73.0,2.6876093605209445e-13
77103,21.4,-72.0,4.4324173893336873e-13
77104,21.4,-71.0,7.271119170262856e-13
77105,21.4,-70.0,1.1864460168124086e-12
77106,21.4,-69.0,1.9256653248728617e-12
77107,21.4,-68.0,3.10884983650987e-12
77108,21.4,-67.0,4.9923472747816016e-12
77109,21.4,-66.0,7.974361838132093e-12
77110,21.4,-65.0,1.266990024643983e-11
77111,21.4,-64.0,2.002334179295276e-11
77112,21.4,-63.0,3.1476470861879646e-11
77113,21.4,-62.0,4.9217733863519906e-11
77114,21.4,-61.0,7.65496662084446e-11
77115,21.4,-60.0,1.1842710056573925e-10
77116,21.4,-59.0,1.8224054250416847e-10
77117,21.4,-58.0,2.7894912930018944e-10
77118,21.4,-57.0,4.24708671680823e-10
77119,21.4,-56.0,6.431960292589642e-10
77120,21.4,-55.0,9.689060970825633e-10
77121,21.4,-54.0,1.4517977908654761e-09
77122,21.4,-53.0,2.163797836317957e-09
77123,21.4,-52.0,3.2078447545074116e-09
77124,21.4,-51.0,4.73038089427925e-09
77125,21.4,-50.0,6.93849040874495e-09
77126,21.4,-49.0,1.0123250525124175e-08
77127,21.4,-48.0,1.4691329218315977e-08
77128,21.4,-47.0,2.1207443259801914e-08
77129,21.4,-46.0,3.045100682182031e-08
77130,21.4,-45.0,4.349117332561784e-08
77131,21.4,-44.0,6.17855225419628e-08
77132,21.4,-43.0,8.730888951000714e-08
77133,21.4,-42.0,1.2272028577207856e-07
77134,21.4,-41.0,1.7157753371602798e-07
77135,21.4,-40.0,2.386111177779679e-07
77136,21.4,-39.0,3.300708332844101e-07
77137,21.4,-38.0,4.5416104645072547e-07
77138,21.4,-37.0,6.21582704077647e-07
77139,21.4,-36.0,8.462025547541505e-07
77140,21.4,-35.0,1.145872234811837e-06
77141,21.4,-34.0,1.5434217610469895e-06
77142,21.4,-33.0,2.0678537490280863e-06
77143,21.4,-32.0,2.7570810570492245e-06
77144,21.4,-31.0,4.363558433006453e-06
77145,21.4,-30.0,6.828425239932315e-05
77146,21.4,-29.0,0.0009463225261493193
77147,21.4,-28.0,0.0023167416025954776
77148,21.4,-27.0,0.0009515986042954179
77149,21.4,-26.0,0.00015366090115432685
77150,21.4,-25.0,0.0011497578657772224
77151,21.4,-24.0,0.0028020518314367643
77152,21.4,-23.0,0.0012483609196672766
77153,21.4,-22.0,0.0014184261741766009
77154,21.4,-21.0,0.0032533405108208877
77155,21.4,-20.0,0.0013642815746197092
77156,21.4,-19.0,0.00026663232815545094
77157,21.4,-18.0,0.001680188099198449
77158,21.4,-17.0,0.00401835758914876
77159,21.4,-16.0,0.001849744554806282
77160,21.4,-15.0,0.002125276036503894
77161,21.4,-14.0,0.004757466701572064
77162,21.4,-13.0,0.0020949504725092517
77163,21.4,-12.0,0.0005626333822550698
77164,21.4,-11.0,0.002638662922160505
77165,21.4,-10.0,0.006055643674744383
77166,21.4,-9.0,0.0029585171621140877
77167,21.4,-8.0,0.003432731993348608
77168,21.4,-7.0,0.007344901978927301
77169,21.4,-6.0,0.003481752736145718
77170,21.4,-5.0,0.0012826186005382531
77171,21.4,-4.0,0.004454822502329103
77172,21.4,-3.0,0.009642972847778979
77173,21.4,-2.0,0.004762503084765543
77174,21.4,-1.0,0.001698234932291568
77175,21.4,0.0,0.0005652784141408694
77176,21.4,1.0,0.002149284030941176
77177,21.4,2.0,0.007027238701467899
77178,21.4,3.0,0.014539801009370053
77179,21.4,4.0,0.007468361580846007
77180,21.4,5.0,0.0034678718601897224
77181,21.4,6.0,0.009573586805625619
77182,21.4,7.0,0.01950206268357552
77183,21.4,8.0,0.010620795225336125
77184,21.4,9.0,0.012493032401843254
77185,21.4,10.0,0.024517418347369323
77186,21.4,11.0,0.01252342240607306
77187,21.4,12.0,0.005711483344218699
77188,21.4,13.0,0.016521721326554013
77189,21.4,14.0,0.034147061939192314
77190,21.4,15.0,0.018001391654704654
77191,21.4,16.0,0.02236921056514122
77192,21.4,17.0,0.04570200550046305
77193,21.4,18.0,0.02182905311174347
77194,21.4,19.0,0.008681622306417601
77195,21.4,20.0,0.03753900325299063
77196,21.4,21.0,0.08425290207792172
77197,21.4,22.0,0.04490300569603174
77198,21.4,23.0,0.03284378512382887
77199,21.4,24.0,0.0653431297046691
77200,21.4,25.0,0.0301879738391086
77201,21.4,26.0,0.008610604628392332
77202,21.4,27.0,0.020767988752773744
77203,21.4,28.0,0.0423110674173116
77204,21.4,29.0,0.021115704008269075
77205,21.4,30.0,0.0174718274597333
77206,21.4,31.0,0.03263659645700604
77207,21.4,32.0,0.015964798182221303
77208,21.4,33.0,0.005729657558714048
77209,21.4,34.0,0.012294477049958317
77210,21.4,35.0,0.02386601942477378
77211,21.4,36.0,0.01216866244594412
77212,21.4,37.0,0.01039771613587539
77213,21.4,38.0,0.019108376630715032
77214,21.4,39.0,0.009671977945004106
77215,21.4,40.0,0.008292793030926383
77216,21.4,41.0,0.01537931107422593
77217,21.4,42.0,0.007380037905839079
77218,21.4,43.0,0.0024645924015182868
77219,21.4,44.0,0.0057673897942424265
77220,21.4,45.0,0.011604359876530038
77221,21.4,46.0,0.0054026912921824165
77222,21.4,47.0,0.0013831207241626114
77223,21.4,48.0,0.000963373080804715
77224,21.4,49.0,0.0008311463756137226
77225,21.4,50.0,0.0007155732571186244
77226,21.4,51.0,0.000612804806922393
77227,21.4,52.0,0.0005237762846322883
77228,21.4,53.0,0.0006008269436892089
77229,21.4,54.0,0.002720746798132576
77230,21.4,55.0,0.00607863884057767
77231,21.4,56.0,0.002608562461694492
77232,21.4,57.0,0.00037466809476717527
77233,21.4,58.0,0.000180091145248176
77234,21.4,59.0,0.00014633738994655464
77235,21.4,60.0,0.00011945001977589292
77236,21.4,61.0,9.698688831626809e-05
77237,21.4,62.0,7.832960507366652e-05
77238,21.4,63.0,6.292525084018699e-05
77239,21.4,64.0,5.0281714933110524e-05
77240,21.4,65.0,3.9965137832019325e-05
77241,21.4,66.0,3.159647660772937e-05
77242,21.4,67.0,2.4847465987068364e-05
77243,21.4,68.0,1.9436213495118667e-05
77244,21.4,69.0,1.512262992785939e-05
77245,21.4,70.0,1.1703859391648801e-05
77246,21.4,71.0,9.00983783277861e-06
77247,21.4,72.0,6.899076495736842e-06
77248,21.4,73.0,5.254737841583508e-06
77249,21.4,74.0,3.981046544107931e-06
77250,21.5,-75.0,9.355889671797221e-14
77251,21.5,-74.0,1.5603383081740128e-13
77252,21.5,-73.0,2.588442713998875e-13
77253,21.5,-72.0,4.2711463445586865e-13
77254,21.5,-71.0,7.010297583623408e-13
77255,21.5,-70.0,1.1444967486554023e-12
77256,21.5,-69.0,1.8585693894376507e-12
77257,21.5,-68.0,3.0021273040235223e-12
77258,21.5,-67.0,4.82353613361474e-12
77259,21.5,-66.0,7.708823026372981e-12
77260,21.5,-65.0,1.2254531780108937e-11
77261,21.5,-64.0,1.9377220300611558e-11
77262,21.5,-63.0,3.047700867864131e-11
77263,21.5,-62.0,4.768033610648358e-11
77264,21.5,-61.0,7.419803179077758e-11
77265,21.5,-60.0,1.148501507854326e-10
77266,21.5,-59.0,1.7683037253784295e-10
77267,21.5,-58.0,2.7081222271370185e-10
77268,21.5,-57.0,4.1253971977710703e-10
77269,21.5,-56.0,6.250998355149137e-10
77270,21.5,-55.0,9.421479510767862e-10
77271,21.5,-54.0,1.4124560381633011e-09
77272,21.5,-53.0,2.1062837619233596e-09
77273,21.5,-52.0,3.1242438867958676e-09
77274,21.5,-51.0,4.6095559147976626e-09
77275,21.5,-50.0,6.764868465297708e-09
77276,21.5,-49.0,9.875196310799942e-09
77277,21.5,-48.0,1.4338979128184638e-08
77278,21.5,-47.0,2.0709844765109454e-08
77279,21.5,-46.0,2.9752370543921664e-08
77280,21.5,-45.0,4.2516003025744315e-08
77281,21.5,-44.0,6.043234061876936e-08
77282,21.5,-43.0,8.544222340270632e-08
77283,21.5,-42.0,1.201605254255653e-07
77284,21.5,-41.0,1.6808821446134483e-07
77285,21.5,-40.0,2.338831303184491e-07
77286,21.5,-39.0,3.2370301813933275e-07
77287,21.5,-38.0,4.456366011239886e-07
77288,21.5,-37.0,6.102408262972021e-07
77289,21.5,-36.0,8.312047754258161e-07
77290,21.5,-35.0,1.126162973121326e-06
77291,21.5,-34.0,1.5176827768268338e-06
77292,21.5,-33.0,2.0344523946451084e-06
77293,21.5,-32.0,2.714023359245843e-06
77294,21.5,-31.0,4.314215527633548e-06
77295,21.5,-30.0,6.873500163005412e-05
77296,21.5,-29.0,0.0009539494065864426
77297,21.5,-28.0,0.0023355773715717874
77298,21.5,-27.0,0.0009591813794464192
77299,21.5,-26.0,0.00015462436204959556
77300,21.5,-25.0,0.0011586574610386957
77301,21.5,-24.0,0.0028241603664451247
77302,21.5,-23.0,0.0012578489518352502
77303,21.5,-22.0,0.0014289965767967587
77304,21.5,-21.0,0.003278268784012388
77305,21.5,-20.0,0.001374087642063495
77306,21.5,-19.0,0.0002675329041528278
77307,21.5,-18.0,0.0016917338430474896
77308,21.5,-17.0,0.0040476417117448335
77309,21.5,-16.0,0.0018619895522326176
77310,21.5,-15.0,0.0021389984751206586
77311,21.5,-14.0,0.004790575745909629
77312,21.5,-13.0,0.0021075958883272957
77313,21.5,-12.0,0.0005632547957726426
77314,21.5,-11.0,0.0026537932329947327
77315,21.5,-10.0,0.006094940305078984
77316,21.5,-9.0,0.0029747750751413613
77317,21.5,-8.0,0.003451223165569466
77318,21.5,-7.0,0.007390037444420075
77319,21.5,-6.0,0.0034992909552399986
77320,21.5,-5.0,0.0012841523154336074
77321,21.5,-4.0,0.004476651433374413
77322,21.5,-3.0,0.009698370348152333
77323,21.5,-2.0,0.004785346449549203
77324,21.5,-1.0,0.0017006293477282036
77325,21.5,0.0,0.0005725185057921136
77326,21.5,1.0,0.0021546365769232498
77327,21.5,2.0,0.0070621267781022755
77328,21.5,3.0,0.014620236525612673
77329,21.5,4.0,0.007506926053176607
77330,21.5,5.0,0.003482934000696976
77331,21.5,6.0,0.009622116326222691
77332,21.5,7.0,0.019604858631453836
77333,21.5,8.0,0.01067772819040136
77334,21.5,9.0,0.012556260705930244
77335,21.5,10.0,0.02463798177986978
77336,21.5,11.0,0.012591578778199648
77337,21.5,12.0,0.005750047152995889
77338,21.5,13.0,0.016595999915872413
77339,21.5,14.0,0.03427891254531517
77340,21.5,15.0,0.018084969549890174
77341,21.5,16.0,0.02243601079631524
77342,21.5,17.0,0.045791167046133084
77343,21.5,18.0,0.021901104719537975
77344,21.5,19.0,0.008708487067527138
77345,21.5,20.0,0.0370690735602314
77346,21.5,21.0,0.08300698121640347
77347,21.5,22.0,0.043580225748071896
77348,21.5,23.0,0.03292980687727591
77349,21.5,24.0,0.06582174007114452
77350,21.5,25.0,0.030369178442630915
77351,21.5,26.0,0.0086059535440609
77352,21.5,27.0,0.020808303553993837
77353,21.5,28.0,0.042440909774209966
77354,21.5,29.0,0.021164841901288114
77355,21.5,30.0,0.017495762200350037
77356,21.5,31.0,0.0327012468728828
77357,21.5,32.0,0.015990580637403398
77358,21.5,33.0,0.005732054581517549
77359,21.5,34.0,0.012307795343741202
77360,21.5,35.0,0.02389780447839336
77361,21.5,36.0,0.012185881334653231
77362,21.5,37.0,0.01041063089074422
77363,21.5,38.0,0.01912933428120853
77364,21.5,39.0,0.00968610815213682
77365,21.5,40.0,0.008304309659469955
77366,21.5,41.0,0.015393602287696241
77367,21.5,42.0,0.007391640471417811
77368,21.5,43.0,0.0024743152861856775
77369,21.5,44.0,0.0057763640496579565
77370,21.5,45.0,0.011612354555364336
77371,21.5,46.0,0.005410921503535135
77372,21.5,47.0,0.0013912764698130618
77373,21.5,48.0,0.0009710116854241661
77374,21.5,49.0,0.0008382047524382454
77375,21.5,50.0,0.0007220347837730514
77376,21.5,51.0,0.0006186678487005801
77377,21.5,52.0,0.0005290498262686068
77378,21.5,53.0,0.0006053901801027917
77379,21.5,54.0,0.002722774993408664
77380,21.5,55.0,0.006077045721911305
77381,21.5,56.0,0.0026096170723077065
77382,21.5,57.0,0.0003772901222746815
77383,21.5,58.0,0.00018246824399333872
77384,21.5,59.0,0.00014836849246614752
77385,21.5,60.0,0.00012117251919802272
77386,21.5,61.0,9.843789682401389e-05
77387,21.5,62.0,7.954385349342312e-05
77388,21.5,63.0,6.393475927421359e-05
77389,21.5,64.0,5.111561020270533e-05
77390,21.5,65.0,4.0649590270823956e-05
77391,21.5,66.0,3.2154732634998096e-05
77392,21.5,67.0,2.5299954529476446e-05
77393,21.5,68.0,1.980070648104743e-05
77394,21.5,69.0,1.5414439546592142e-05
77395,21.5,70.0,1.1936057415615042e-05
77396,21.5,71.0,9.193484899642264e-06
77397,21.5,72.0,7.0434517268060315e-06
77398,21.5,73.0,5.367561452812027e-06
77399,21.5,74.0,4.068690133158591e-06
77400,21.6,-75.0,8.995157477337725e-14
77401,21.6,-74.0,1.5009763155988835e-13
77402,21.6,-73.0,2.4912941914879783e-13
77403,21.6,-72.0,4.1130339944279714e-13
77404,21.6,-71.0,6.754383106341706e-13
77405,21.6,-70.0,1.1033039895450034e-12
77406,21.6,-69.0,1.792630555193515e-12
77407,21.6,-68.0,2.897160185423684e-12
77408,21.6,-67.0,4.657365580895814e-12
77409,21.6,-66.0,7.447221273731398e-12
77410,21.6,-65.0,1.1844978970425878e-11
77411,21.6,-64.0,1.87396052246298e-11
77412,21.6,-63.0,2.9489858506554416e-11
77413,21.6,-62.0,4.616055772867396e-11
77414,21.6,-61.0,7.187130220466361e-11
77415,21.6,-60.0,1.113079252068931e-10
77416,21.6,-59.0,1.7146787628423928e-10
77417,21.6,-58.0,2.6273961426979133e-10
77418,21.6,-57.0,4.0045567700138613e-10
77419,21.6,-56.0,6.071128978135063e-10
77420,21.6,-55.0,9.155257671933279e-10
77421,21.6,-54.0,1.3732758812091365e-09
77422,21.6,-53.0,2.0489488738071986e-09
77423,21.6,-52.0,3.0408189284583478e-09
77424,21.6,-51.0,4.488860485842598e-09
77425,21.6,-50.0,6.591249719540383e-09
77426,21.6,-49.0,9.626879498938491e-09
77427,21.6,-48.0,1.3985867807794182e-08
77428,21.6,-47.0,2.021060984158969e-08
77429,21.6,-46.0,2.9050628774728564e-08
77430,21.6,-45.0,4.153534088540848e-08
77431,21.6,-44.0,5.906988858561736e-08
77432,21.6,-43.0,8.356042940606635e-08
77433,21.6,-42.0,1.17576715713967e-07
77434,21.6,-41.0,1.6456146779271393e-07
77435,21.6,-40.0,2.290979306133622e-07
77436,21.6,-39.0,3.172490965428528e-07
77437,21.6,-38.0,4.369843375183394e-07
77438,21.6,-37.0,5.987115614428086e-07
77439,21.6,-36.0,8.159353990458858e-07
77440,21.6,-35.0,1.1060642136681156e-06
77441,21.6,-34.0,1.4913907409319896e-06
77442,21.6,-33.0,2.000273109053417e-06
77443,21.6,-32.0,2.6698804572017715e-06
77444,21.6,-31.0,4.262987297174985e-06
77445,21.6,-30.0,6.914918151637148e-05
77446,21.6,-29.0,0.0009610623057652729
77447,21.6,-28.0,0.002353153985813953
77448,21.6,-27.0,0.0009662474358537327
77449,21.6,-26.0,0.0001555049143289612
77450,21.6,-25.0,0.0011669304659435258
77451,21.6,-24.0,0.0028447406201944675
77452,21.6,-23.0,0.0012666562465724785
77453,21.6,-22.0,0.0014387913393116413
77454,21.6,-21.0,0.003301416876949887
77455,21.6,-20.0,0.0013831465543447188
77456,21.6,-19.0,0.00026828581441993394
77457,21.6,-18.0,0.0017023540977810353
77458,21.6,-17.0,0.004074714428930597
77459,21.6,-16.0,0.0018732120945270225
77460,21.6,-15.0,0.002151541536568848
77461,21.6,-14.0,0.0048210516218213165
77462,21.6,-13.0,0.0021190711629509563
77463,21.6,-12.0,0.0005635451435855079
77464,21.6,-11.0,0.002667437429057416
77465,21.6,-10.0,0.006130852621749585
77466,21.6,-9.0,0.002989354438242455
77467,21.6,-8.0,0.003467759113356392
77468,21.6,-7.0,0.007431033413095057
77469,21.6,-6.0,0.0035148237520032334
77470,21.6,-5.0,0.0012848887457668108
77471,21.6,-4.0,0.004495897250128242
77472,21.6,-3.0,0.009748271379546649
77473,21.6,-2.0,0.004805402081985069
77474,21.6,-1.0,0.0017019305708318483
77475,21.6,0.0,0.0005795005336872175
77476,21.6,1.0,0.002158608866260854
77477,21.6,2.0,0.007092879199375697
77478,21.6,3.0,0.01469230248218554
77479,21.6,4.0,0.007541077808782411
77480,21.6,5.0,0.003495817410129325
77481,21.6,6.0,0.009665022636969264
77482,21.6,7.0,0.019696439857070605
77483,21.6,8.0,0.010728442231109747
77484,21.6,9.0,0.012612231605028546
77485,21.6,10.0,0.02474454953674418
77486,21.6,11.0,0.01265248239491102
77487,21.6,12.0,0.005785210125864781
77488,21.6,13.0,0.01666098566789498
77489,21.6,14.0,0.03439184467787694
77490,21.6,15.0,0.018158562782320965
77491,21.6,16.0,0.0224912019724916
77492,21.6,17.0,0.045857118798938924
77493,21.6,18.0,0.02196200784160539
77494,21.6,19.0,0.008735982263996456
77495,21.6,20.0,0.03665717073372279
77496,21.6,21.0,0.08190784598877475
77497,21.6,22.0,0.04236735804564369
77498,21.6,23.0,0.033020207284795954
77499,21.6,24.0,0.06629592305004645
77500,21.6,25.0,0.030547174580476958
77501,21.6,26.0,0.008598678301881492
77502,21.6,27.0,0.02084231189900339
77503,21.6,28.0,0.042558595558449104
77504,21.6,29.0,0.021207558369469696
77505,21.6,30.0,0.01751391943923693
77506,21.6,31.0,0.03275546291503608
77507,21.6,32.0,0.016011042116867553
77508,21.6,33.0,0.005732271308598657
77509,21.6,34.0,0.01231681461063559
77510,21.6,35.0,0.023921566810961012
77511,21.6,36.0,0.012198886510844841
77512,21.6,37.0,0.010419892034626522
77513,21.6,38.0,0.019143783452312862
77514,21.6,39.0,0.00969686882140287
77515,21.6,40.0,0.008312917490958999
77516,21.6,41.0,0.015402638782935331
77517,21.6,42.0,0.007400680584184392
77518,21.6,43.0,0.0024831358209054712
77519,21.6,44.0,0.005783339482585983
77520,21.6,45.0,0.011616399515114697
77521,21.6,46.0,0.005417304288111905
77522,21.6,47.0,0.0013989501768237194
77523,21.6,48.0,0.0009783192447049675
77524,21.6,49.0,0.0008449844855548933
77525,21.6,50.0,0.0007282628410250716
77526,21.6,51.0,0.0006243368132318912
77527,21.6,52.0,0.000534162743967846
77528,21.6,53.0,0.0006097687523934952
77529,21.6,54.0,0.002723899952012858
77530,21.6,55.0,0.006073409702068563
77531,21.6,56.0,0.0026098067207285043
77532,21.6,57.0,0.0003798049354531272
77533,21.6,58.0,0.00018480313066465364
77534,21.6,59.0,0.00015036753425469207
77535,21.6,60.0,0.00012287062304125232
77536,21.6,61.0,9.98705953780752e-05
77537,21.6,62.0,8.074457044811877e-05
77538,21.6,63.0,6.493444389447444e-05
77539,21.6,64.0,5.194252172637113e-05
77540,21.6,65.0,4.1329204126306e-05
77541,21.6,66.0,3.270974524991554e-05
77542,21.6,67.0,2.5750364970526812e-05
77543,21.6,68.0,2.0163955181215552e-05
77544,21.6,69.0,1.570558673464261e-05
77545,21.6,70.0,1.2167986386866462e-05
77546,21.6,71.0,9.37711780921585e-06
77547,21.6,72.0,7.187968031562709e-06
77548,21.6,73.0,5.480611391463071e-06
77549,21.6,74.0,4.156597659182068e-06
77550,21.7,-75.0,8.643819467158606e-14
77551,21.7,-74.0,1.4431190029452616e-13
77552,21.7,-73.0,2.396540158381273e-13
77553,21.7,-72.0,3.9587072235703387e-13
77554,21.7,-71.0,6.504413819548246e-13
77555,21.7,-70.0,1.0630386420722763e-12
77556,21.7,-69.0,1.728128557345454e-12
77557,21.7,-68.0,2.794403713719011e-12
77558,21.7,-67.0,4.494572188453818e-12
77559,21.7,-66.0,7.1907415231263775e-12
77560,21.7,-65.0,1.144313715507156e-11
77561,21.7,-64.0,1.8113510876702293e-11
77562,21.7,-63.0,2.85197869309274e-11
77563,21.7,-62.0,4.466589334304794e-11
77564,21.7,-61.0,6.958119450320632e-11
77565,21.7,-60.0,1.0781863842090581e-10
77566,21.7,-59.0,1.6618120880818528e-10
77567,21.7,-58.0,2.547745786411179e-10
77568,21.7,-57.0,3.8852268196319827e-10
77569,21.7,-56.0,5.89335729568056e-10
77570,21.7,-55.0,8.89191440681395e-10
77571,21.7,-54.0,1.3344855742828047e-09
77572,21.7,-53.0,1.99213424819866e-09
77573,21.7,-52.0,2.958076689105257e-09
77574,21.7,-51.0,4.369043469856035e-09
77575,21.7,-50.0,6.418734508972366e-09
77576,21.7,-49.0,9.379907841918902e-09
77577,21.7,-48.0,1.3634331319417628e-08
77578,21.7,-47.0,1.9713113881175977e-08
77579,21.7,-46.0,2.835063150577099e-08
77580,21.7,-45.0,4.05561169661592e-08
77581,21.7,-44.0,5.770801368942606e-08
77582,21.7,-43.0,8.167742230201083e-08
77583,21.7,-42.0,1.1498841011331276e-07
77584,21.7,-41.0,1.6102461867613285e-07
77585,21.7,-40.0,2.242934925816637e-07
77586,21.7,-39.0,3.1076154964457203e-07
77587,21.7,-38.0,4.2827638553758665e-07
77588,21.7,-37.0,5.870934973629964e-07
77589,21.7,-36.0,8.00528433191329e-07
77590,21.7,-35.0,1.0857571051183646e-06
77591,21.7,-34.0,1.4647891778465776e-06
77592,21.7,-33.0,1.9656414693051197e-06
77593,21.7,-32.0,2.625085399942793e-06
77594,21.7,-31.0,4.210535692449777e-06
77595,21.7,-30.0,6.953554426276308e-05
77596,21.7,-29.0,0.0009677806874261559
77597,21.7,-28.0,0.0023697636931741552
77598,21.7,-27.0,0.0009729170238525652
77599,21.7,-26.0,0.0001563223320778943
77600,21.7,-25.0,0.001174722522664804
77601,21.7,-24.0,0.0028641469599144224
77602,21.7,-23.0,0.001274941184662763
77603,21.7,-22.0,0.001447990701420972
77604,21.7,-21.0,0.003323197237055266
77605,21.7,-20.0,0.0013916321871260862
77606,21.7,-19.0,0.0002689264797925275
77607,21.7,-18.0,0.0017122637303411826
77608,21.7,-17.0,0.0041000872457398465
77609,21.7,-16.0,0.0018836494055062927
77610,21.7,-15.0,0.002163178247022227
77611,21.7,-14.0,0.004849502073763591
77612,21.7,-13.0,0.0021296466944984395
77613,21.7,-12.0,0.000563581024461372
77614,21.7,-11.0,0.0026799371556491714
77615,21.7,-10.0,0.00616415810863027
77616,21.7,-9.0,0.0030026392990836316
77617,21.7,-8.0,0.0034827858929792864
77618,21.7,-7.0,0.0074688362858491624
77619,21.7,-6.0,0.003528805222279849
77620,21.7,-5.0,0.0012850021160517751
77621,21.7,-4.0,0.004513141584244269
77622,21.7,-3.0,0.009793923389046015
77623,21.7,-2.0,0.00482329229426722
77624,21.7,-1.0,0.0017023683566254543
77625,21.7,0.0,0.0005862927557072614
77626,21.7,1.0,0.002161488032907337
77627,21.7,2.0,0.0071204114628162386
77628,21.7,3.0,0.014757882131951214
77629,21.7,4.0,0.0075717871967270365
77630,21.7,5.0,0.003506975523655632
77631,21.7,6.0,0.009703550027129405
77632,21.7,7.0,0.0197793371124675
77633,21.7,8.0,0.01077431278474451
77634,21.7,9.0,0.012662567276558838
77635,21.7,10.0,0.02484031200980095
77636,21.7,11.0,0.012707751971263264
77637,21.7,12.0,0.005817697519005234
77638,21.7,13.0,0.01671882913309202
77639,21.7,14.0,0.03449033430116377
77640,21.7,15.0,0.018224507986714468
77641,21.7,16.0,0.022537701199013962
77642,21.7,17.0,0.04590587048398801
77643,21.7,18.0,0.022014584328022196
77644,21.7,19.0,0.008763945789960016
77645,21.7,20.0,0.03628972316770929
77646,21.7,21.0,0.08092121367195328
77647,21.7,22.0,0.04124103525690812
77648,21.7,23.0,0.03311532144686467
77649,21.7,24.0,0.06676989948266014
77650,21.7,25.0,0.030723891688709096
77651,21.7,26.0,0.008589274784151998
77652,21.7,27.0,0.020871103080889825
77653,21.7,28.0,0.04266630997724362
77654,21.7,29.0,0.02124495242574353
77655,21.7,30.0,0.017527208126589262
77656,21.7,31.0,0.03280092395254476
77657,21.7,32.0,0.01602700779661052
77658,21.7,33.0,0.005730607776578122
77659,21.7,34.0,0.012322171173904608
77660,21.7,35.0,0.02393853711340391
77661,21.7,36.0,0.012208303668514187
77662,21.7,37.0,0.010426034589905084
77663,21.7,38.0,0.01915271058701706
77664,21.7,39.0,0.009704755335301503
77665,21.7,40.0,0.008319041192744177
77666,21.7,41.0,0.01540721545152309
77667,21.7,42.0,0.0074075347795729786
77668,21.7,43.0,0.0024911736911953667
77669,21.7,44.0,0.005788610046119466
77670,21.7,45.0,0.011617096390280211
77671,21.7,46.0,0.005422115265765072
77672,21.7,47.0,0.0014062064048684225
77673,21.7,48.0,0.000985338827370617
77674,21.7,49.0,0.0008515223188894203
77675,21.7,50.0,0.0007342887353522891
77676,21.7,51.0,0.0006298382385786428
77677,21.7,52.0,0.0005391375139673746
77678,21.7,53.0,0.0006139898936090928
77679,21.7,54.0,0.0027242625318629476
77680,21.7,55.0,0.006068051216156841
77681,21.7,56.0,0.002609267353360966
77682,21.7,57.0,0.00038222984539183655
77683,21.7,58.0,0.00018710315215446995
77684,21.7,59.0,0.00015234042357047199
77685,21.7,60.0,0.0001245491212336503
77686,21.7,61.0,0.00010128884886386475
77687,21.7,62.0,8.19348596747529e-05
77688,21.7,63.0,6.592678548641024e-05
77689,21.7,64.0,5.276442312916426e-05
77690,21.7,65.0,4.2005542280229146e-05
77691,21.7,66.0,3.326274638840525e-05
77692,21.7,67.0,2.6199663949976552e-05
77693,21.7,68.0,2.052671463423188e-05
77694,21.7,69.0,1.599665859513441e-05
77695,21.7,70.0,1.2400100782826552e-05
77696,21.7,71.0,9.561086808167847e-06
77697,21.7,72.0,7.332894135948243e-06
77698,21.7,73.0,5.594092928770332e-06
77699,21.7,74.0,4.2449252345788035e-06
77700,21.8,-75.0,8.302619419880502e-14
77701,21.8,-74.0,1.3868930696088216e-13
77702,21.8,-73.0,2.3043950438140015e-13
77703,21.8,-72.0,3.8085266117175444e-13
77704,21.8,-71.0,6.260992219292466e-13
77705,21.8,-70.0,1.0238007447319043e-12
77706,21.8,-69.0,1.6652284638105924e-12
77707,21.8,-68.0,2.6941285721642257e-12
77708,21.8,-67.0,4.335597102161663e-12
77709,21.8,-66.0,6.940098340907623e-12
77710,21.8,-65.0,1.105015675940139e-11
77711,21.8,-64.0,1.7500778218241382e-11
77712,21.8,-63.0,2.7569722247869452e-11
77713,21.8,-62.0,4.320097296113402e-11
77714,21.8,-61.0,6.733498577632567e-11
77715,21.8,-60.0,1.0439366023174324e-10
77716,21.8,-59.0,1.60988029595761e-10
77717,21.8,-58.0,2.469443831521637e-10
77718,21.8,-57.0,3.767825904323343e-10
77719,21.8,-56.0,5.718322048890785e-10
77720,21.8,-55.0,8.632418793969361e-10
77721,21.8,-54.0,1.2962312896841296e-09
77722,21.8,-53.0,1.936059089918526e-09
77723,21.8,-52.0,2.8763439977450507e-09
77724,21.8,-51.0,4.250589354525192e-09
77725,21.8,-50.0,6.2480369062156305e-09
77726,21.8,-49.0,9.135327757334293e-09
77727,21.8,-48.0,1.3285894333310608e-08
77728,21.8,-47.0,1.9219565702373103e-08
77729,21.8,-46.0,2.7655560457809355e-08
77730,21.8,-45.0,3.9582888346447535e-08
77731,21.8,-44.0,5.6353205824732645e-08
77732,21.8,-43.0,7.980239217594299e-08
77733,21.8,-42.0,1.124085486789141e-07
77734,21.8,-41.0,1.5749578431396373e-07
77735,21.8,-40.0,2.1949503872415975e-07
77736,21.8,-39.0,3.042752939372553e-07
77737,21.8,-38.0,4.1956080939889164e-07
77738,21.8,-37.0,5.754524248540556e-07
77739,21.8,-36.0,7.850734274408245e-07
77740,21.8,-35.0,1.0653628523579323e-06
77741,21.8,-34.0,1.4380412190807269e-06
77742,21.8,-33.0,1.9307758085718914e-06
77743,21.8,-32.0,2.5799288793052668e-06
77744,21.8,-31.0,4.157304568823722e-06
77745,21.8,-30.0,6.989989059825982e-05
77746,21.8,-29.0,0.0009741836312760828
77747,21.8,-28.0,0.002385599936940566
77748,21.8,-27.0,0.0009792697526660177
77749,21.8,-26.0,0.00015708973036398315
77750,21.8,-25.0,0.0011821300786637977
77751,21.8,-24.0,0.0028826140172584724
77752,21.8,-23.0,0.001282808670350904
77753,21.8,-22.0,0.0014567140693460187
77754,21.8,-21.0,0.003343883034643486
77755,21.8,-20.0,0.0013996597755973742
77756,21.8,-19.0,0.00026947849348714765
77757,21.8,-18.0,0.0017216052071583618
77758,21.8,-17.0,0.00412409911872174
77759,21.8,-16.0,0.0018934588404914735
77760,21.8,-15.0,0.0021740897515162114
77761,21.8,-14.0,0.004876330025444339
77762,21.8,-13.0,0.0021395020073634884
77763,21.8,-12.0,0.0005634136584639489
77764,21.8,-11.0,0.002691519337597209
77765,21.8,-10.0,0.006195372577006961
77766,21.8,-9.0,0.0030148848502654503
77767,21.8,-8.0,0.0034965999338107913
77768,21.8,-7.0,0.007504074240313136
77769,21.8,-6.0,0.0035415373074875246
77770,21.8,-5.0,0.0012846089411871493
77771,21.8,-4.0,0.004528771207544672
77772,21.8,-3.0,0.00983615477363384
77773,21.8,-2.0,0.0048394309628366616
77774,21.8,-1.0,0.001702096272545873
77775,21.8,0.0,0.0005929401803225255
77776,21.8,1.0,0.0021634656273158115
77777,21.8,2.0,0.007145331996822506
77778,21.8,3.0,0.014818225947355282
77779,21.8,4.0,0.00759969880154231
77780,21.8,5.0,0.0035167097759085555
77781,21.8,6.0,0.009738524789609569
77782,21.8,7.0,0.01985523054032748
77783,21.8,8.0,0.01081625264703119
77784,21.8,9.0,0.012708344230026118
77785,21.8,10.0,0.024927386894201625
77786,21.8,11.0,0.012758460901826774
77787,21.8,12.0,0.0058479888164069595
77788,21.8,13.0,0.016770955408763933
77789,21.8,14.0,0.034577349632157764
77790,21.8,15.0,0.0182843521876347
77791,21.8,16.0,0.022577431615634972
77792,21.8,17.0,0.04594138403838563
77793,21.8,18.0,0.022060693208442075
77794,21.8,19.0,0.008792265780815234
77795,21.8,20.0,0.03595773941377559
77796,21.8,21.0,0.08002437814540449
77797,21.8,22.0,0.04018552400264217
77798,21.8,23.0,0.033215503302742706
77799,21.8,24.0,0.06724683252290364
77800,21.8,25.0,0.030900756620254523
77801,21.8,26.0,0.008578078855906978
77802,21.8,27.0,0.02089537948014046
77803,21.8,28.0,0.04276545569497042
77804,21.8,29.0,0.021277730758846994
77805,21.8,30.0,0.01753621035801323
77806,21.8,31.0,0.03283870086570229
77807,21.8,32.0,0.016039004727195234
77808,21.8,33.0,0.005727256489288024
77809,21.8,34.0,0.012324271075957153
77810,21.8,35.0,0.023949499331386678
77811,21.8,36.0,0.012214531048303326
77812,21.8,37.0,0.010429399050197886
77813,21.8,38.0,0.019156743918813626
77814,21.8,39.0,0.009710082355218572
77815,21.8,40.0,0.008322950423856645
77816,21.8,41.0,0.01540783853878599
77817,21.8,42.0,0.007412441779592539
77818,21.8,43.0,0.002498503413362244
77819,21.8,44.0,0.005792361968554364
77820,21.8,45.0,0.011614828606670059
77821,21.8,46.0,0.005425529076572906
77822,21.8,47.0,0.001413084680040802
77823,21.8,48.0,0.0009920963172256002
77824,21.8,49.0,0.0008578402202417745
77825,21.8,50.0,0.0007401310917703445
77826,21.8,51.0,0.0006351878363464727
77827,21.8,52.0,0.000543987384835938
77828,21.8,53.0,0.0006180700552063704
77829,21.8,54.0,0.002723952407950505
77830,21.8,55.0,0.006061175576555527
77831,21.8,56.0,0.0026080857245743072
77832,21.8,57.0,0.0003845753974653783
77833,21.8,58.0,0.00018937253626661417
77834,21.8,59.0,0.00015429054390026252
77835,21.8,60.0,0.00012621074868334744
77836,21.8,61.0,0.00010269485831412914
77837,21.8,62.0,8.311648490482174e-05
77838,21.8,63.0,6.691319136549555e-05
77839,21.8,64.0,5.358243264753938e-05
77840,21.8,65.0,4.2679489620379765e-05
77841,21.8,66.0,3.381443345215291e-05
77842,21.8,67.0,2.6648398917541096e-05
77843,21.8,68.0,2.088941289171879e-05
77844,21.8,69.0,1.6287988524259646e-05
77845,21.8,70.0,1.2632659279994013e-05
77846,21.8,71.0,9.745591837347387e-06
77847,21.8,72.0,7.478383999828734e-06
77848,21.8,73.0,5.708124174228428e-06
77849,21.8,74.0,4.333763128580421e-06
77850,21.9,-75.0,7.971954835443354e-14
77851,21.9,-74.0,1.3323676082768233e-13
77852,21.9,-73.0,2.2149779623332096e-13
77853,21.9,-72.0,3.6626958881555077e-13
77854,21.9,-71.0,6.02446408543935e-13
77855,21.9,-70.0,9.856485469319218e-13
77856,21.9,-69.0,1.6040276850505375e-12
77857,21.9,-68.0,2.5964964976872556e-12
77858,21.9,-67.0,4.180706984273126e-12
77859,21.9,-66.0,6.6957283586810526e-12
77860,21.9,-65.0,1.0666747878956845e-11
77861,21.9,-64.0,1.6902554367409458e-11
77862,21.9,-63.0,2.664150534277687e-11
77863,21.9,-62.0,4.176873157088476e-11
77864,21.9,-61.0,6.513732521478145e-11
77865,21.9,-60.0,1.0104030822029018e-10
77866,21.9,-59.0,1.558997832823974e-10
77867,21.9,-58.0,2.392668148390829e-10
77868,21.9,-57.0,3.6526287460446645e-10
77869,21.9,-56.0,5.546444925073179e-10
77870,21.9,-55.0,8.377414132166648e-10
77871,21.9,-54.0,1.2586105659421395e-09
77872,21.9,-53.0,1.8808703917402766e-09
77873,21.9,-52.0,2.7958410384733623e-09
77874,21.9,-51.0,4.133825977590127e-09
77875,21.9,-50.0,6.079642118126907e-09
77876,21.9,-49.0,8.893853085380196e-09
77877,21.9,-48.0,1.2941600827853176e-08
77878,21.9,-47.0,1.873148308267223e-08
77879,21.9,-46.0,2.6967609242985908e-08
77880,21.9,-45.0,3.861880680098287e-08
77881,21.9,-44.0,5.500996695557728e-08
77882,21.9,-43.0,7.794173207445019e-08
77883,21.9,-42.0,1.0984615708666276e-07
77884,21.9,-41.0,1.539876331784228e-07
77885,21.9,-40.0,2.1472024763229527e-07
77886,21.9,-39.0,2.978148570693409e-07
77887,21.9,-38.0,4.108714432025204e-07
77888,21.9,-37.0,5.638347472485829e-07
77889,21.9,-36.0,7.696336586136323e-07
77890,21.9,-35.0,1.0449672472154998e-06
77891,21.9,-34.0,1.4112625178517946e-06
77892,21.9,-33.0,1.8958311457401568e-06
77893,21.9,-32.0,2.534617572966394e-06
77894,21.9,-31.0,4.10360942903581e-06
77895,21.9,-30.0,7.024630808827109e-05
77896,21.9,-29.0,0.000980326807386209
77897,21.9,-28.0,0.0024007988895462093
77898,21.9,-27.0,0.0009853616709428134
77899,21.9,-26.0,0.00015781635810871306
77900,21.9,-25.0,0.001189221057195277
77901,21.9,-24.0,0.0029003070078555174
77902,21.9,-23.0,0.0012903325973070419
77903,21.9,-22.0,0.0014650455686958774
77904,21.9,-21.0,0.0033636666808095537
77905,21.9,-20.0,0.0014073105387259134
77906,21.9,-19.0,0.0002699585663867499
77907,21.9,-18.0,0.0017304789868658695
77908,21.9,-17.0,0.004146988924667552
77909,21.9,-16.0,0.0019027514051371509
77910,21.9,-15.0,0.0021844038683782293
77911,21.9,-14.0,0.004901819574149615
77912,21.9,-13.0,0.0021487638676453463
77913,21.9,-12.0,0.0005630794780247103
77914,21.9,-11.0,0.0027023442842447004
77915,21.9,-10.0,0.00622485997975065
77916,21.9,-9.0,0.003026271450711395
77917,21.9,-8.0,0.0035094107631371283
77918,21.9,-7.0,0.00753719073594639
77919,21.9,-6.0,0.0035532335613319213
77920,21.9,-5.0,0.0012837921285547688
77921,21.9,-4.0,0.00454305969022864
77922,21.9,-3.0,0.009875550626768273
77923,21.9,-2.0,0.004854110875219657
77924,21.9,-1.0,0.001701223539832211
77925,21.9,0.0,0.0005994743818317767
77926,21.9,1.0,0.0021646776122628826
77927,21.9,2.0,0.0071680708774436355
77928,21.9,3.0,0.01487421697485513
77929,21.9,4.0,0.007625268034701928
77930,21.9,5.0,0.0035252333214026254
77931,21.9,6.0,0.009770530458928863
77932,21.9,7.0,0.01992530627586674
77933,21.9,8.0,0.010854905985128047
77934,21.9,9.0,0.012750322052728686
77935,21.9,10.0,0.02500726871428498
77936,21.9,11.0,0.012805365950378574
77937,21.9,12.0,0.005876420989137338
77938,21.9,13.0,0.016818368084736017
77939,21.9,14.0,0.03465498236469953
77940,21.9,15.0,0.018339183701230066
77941,21.9,16.0,0.02261173889820656
77942,21.9,17.0,0.04596643106517648
77943,21.9,18.0,0.022101634269030498
77944,21.9,19.0,0.008820860109948881
77945,21.9,20.0,0.0356548885054408
77946,21.9,21.0,0.0792013568980001
77947,21.9,22.0,0.039189560736251225
77948,21.9,23.0,0.03332113649905607
77949,21.9,24.0,0.06772931421666692
77950,21.9,25.0,0.031078920686154737
77951,21.9,26.0,0.008565332304654148
77952,21.9,27.0,0.020915611507182352
77953,21.9,28.0,0.04285696595679919
77954,21.9,29.0,0.02130636480396514
77955,21.9,30.0,0.01754131217273628
77956,21.9,31.0,0.03286949932260692
77957,21.9,32.0,0.016047381120993243
77958,21.9,33.0,0.0057223455594967755
77959,21.9,34.0,0.012323382272169808
77960,21.9,35.0,0.02395496936654519
77961,21.9,36.0,0.012217830470449468
77962,21.9,37.0,0.010430209257179345
77963,21.9,38.0,0.019156296789659327
77964,21.9,39.0,0.00971305615049574
77965,21.9,40.0,0.008324821881056543
77966,21.9,41.0,0.015404841137503086
77967,21.9,42.0,0.00741555763949532
77968,21.9,43.0,0.002505172412767349
77969,21.9,44.0,0.005794716856637155
77970,21.9,45.0,0.011609848688557767
77971,21.9,46.0,0.0054276597736384125
77972,21.9,47.0,0.0014196094937466547
77973,21.9,48.0,0.000998607268474744
77974,21.9,49.0,0.0008639512707559414
77975,21.9,50.0,0.0007458009039982997
77976,21.9,51.0,0.0006403947991743124
77977,21.9,52.0,0.0005487200454314345
77978,21.9,53.0,0.0006220191980695023
77979,21.9,54.0,0.002723028538671936
77980,21.9,55.0,0.006052919038038603
77981,21.9,56.0,0.002606319069347168
77982,21.9,57.0,0.0003868480611661883
77983,21.9,58.0,0.00019161362355382826
77984,21.9,59.0,0.00015621974971629778
77985,21.9,60.0,0.0001278569947559987
77986,21.9,61.0,0.00010408981546900629
77987,21.9,62.0,8.429039633787182e-05
77988,21.9,63.0,6.78944165748218e-05
77989,21.9,64.0,5.4397148308781435e-05
77990,21.9,65.0,4.33515183489523e-05
77991,21.9,66.0,3.436517819332721e-05
77992,21.9,67.0,2.709686171824841e-05
77993,21.9,68.0,2.1252278446110704e-05
77994,21.9,69.0,1.657975494510041e-05
77995,21.9,70.0,1.286580084782101e-05
77996,21.9,71.0,9.930740864944424e-06
77997,21.9,72.0,7.624521296846381e-06
77998,21.9,73.0,5.82276981156501e-06
77999,21.9,74.0,4.423161218273849e-06
78000,22.0,-75.0,7.363863985586835e-14
78001,22.0,-74.0,1.2313921587851303e-13
78002,22.0,-73.0,2.048203560713315e-13
78003,22.0,-72.0,3.3887221184753475e-13
78004,22.0,-71.0,5.576797889642235e-13
78005,22.0,-70.0,9.128931765356105e-13
78006,22.0,-69.0,1.4864185755422428e-12
78007,22.0,-68.0,2.4074007670281083e-12
78008,22.0,-67.0,3.8783033256657035e-12
78009,22.0,-66.0,6.214715587633624e-12
78010,22.0,-65.0,9.90573832682804e-12
78011,22.0,-64.0,1.5705022103060787e-11
78012,22.0,-63.0,2.476716857281866e-11
78013,22.0,-62.0,3.885082770723007e-11
78014,22.0,-61.0,6.061921372937702e-11
78015,22.0,-60.0,9.408197588373362e-11
78016,22.0,-59.0,1.4524081195243831e-10
78017,22.0,-58.0,2.230267799512884e-10
78018,22.0,-57.0,3.406524115776167e-10
78019,22.0,-56.0,5.17549661923265e-10
78020,22.0,-55.0,7.821295573747047e-10
78021,22.0,-54.0,1.1756863501074464e-09
78022,22.0,-53.0,1.7578846011209732e-09
78023,22.0,-52.0,2.6144199947696362e-09
78024,22.0,-51.0,3.867643713059375e-09
78025,22.0,-50.0,5.691197721117335e-09
78026,22.0,-49.0,8.330038313867658e-09
78027,22.0,-48.0,1.2127643905535225e-08
78028,22.0,-47.0,1.7562728559148328e-08
78029,22.0,-46.0,2.5298435207168737e-08
78030,22.0,-45.0,3.6247783197482676e-08
78031,22.0,-44.0,5.1660115310908043e-08
78032,22.0,-43.0,7.323445026880912e-08
78033,22.0,-42.0,1.0326701552950434e-07
78034,22.0,-41.0,1.4484182388424434e-07
78035,22.0,-40.0,2.0207496928657764e-07
78036,22.0,-39.0,2.8042534308111915e-07
78037,22.0,-38.0,3.8708668463236795e-07
78038,22.0,-37.0,5.314782310626889e-07
78039,22.0,-36.0,7.258536420204617e-07
78040,22.0,-35.0,9.860502358842958e-07
78041,22.0,-34.0,1.332402733117491e-06
78042,22.0,-33.0,1.790847873792072e-06
78043,22.0,-32.0,2.395568192610575e-06
78044,22.0,-31.0,3.897190645411457e-06
78045,22.0,-30.0,6.792015618380496e-05
78046,22.0,-29.0,0.0009491132878044818
78047,22.0,-28.0,0.0023245050946112448
78048,22.0,-27.0,0.0009539085012168043
78049,22.0,-26.0,0.00015254027716218955
78050,22.0,-25.0,0.0011510076341460472
78051,22.0,-24.0,0.002807493027486248
78052,22.0,-23.0,0.001248706677472405
78053,22.0,-22.0,0.0014175786591101103
78054,22.0,-21.0,0.003255312582345153
78055,22.0,-20.0,0.00136137501430277
78056,22.0,-19.0,0.00026019778051279333
78057,22.0,-18.0,0.0016734775449914702
78058,22.0,-17.0,0.004011948924665215
78059,22.0,-16.0,0.0018396261511627152
78060,22.0,-15.0,0.002111590371964145
78061,22.0,-14.0,0.0047406817840023804
78062,22.0,-13.0,0.0020762828929810624
78063,22.0,-12.0,0.0005414203223701415
78064,22.0,-11.0,0.002610388395633769
78065,22.0,-10.0,0.006017432413812663
78066,22.0,-9.0,0.002922574817772419
78067,22.0,-8.0,0.0033887737522807194
78068,22.0,-7.0,0.007283516049993566
78069,22.0,-6.0,0.003429845344628578
78070,22.0,-5.0,0.001234315789689156
78071,22.0,-4.0,0.004384642491559854
78072,22.0,-3.0,0.009539280093792405
78073,22.0,-2.0,0.00468425807374953
78074,22.0,-1.0,0.0016358232234066211
78075,22.0,0.0,0.0005831022871972407
78076,22.0,1.0,0.002083692057873343
78077,22.0,2.0,0.006918241776296658
78078,22.0,3.0,0.014364440321130592
78079,22.0,4.0,0.007360809853498377
78080,22.0,5.0,0.0033996776425134494
78081,22.0,6.0,0.009430972891240515
78082,22.0,7.0,0.019237687338060888
78083,22.0,8.0,0.010480650178888535
78084,22.0,9.0,0.012307480975656919
78085,22.0,10.0,0.02413661707467769
78086,22.0,11.0,0.012365186788238112
78087,22.0,12.0,0.005680951297897953
78088,22.0,13.0,0.016226863813797985
78089,22.0,14.0,0.03341718959628713
78090,22.0,15.0,0.017697322892861786
78091,22.0,16.0,0.021789021938073895
78092,22.0,17.0,0.044251514764395546
78093,22.0,18.0,0.021304722227509593
78094,22.0,19.0,0.008516425660155924
78095,22.0,20.0,0.03404438271747686
78096,22.0,21.0,0.07548666037868945
78097,22.0,22.0,0.03765565894525312
78098,22.0,23.0,0.034838490949080037
78099,22.0,24.0,0.07108827226133449
78100,22.0,25.0,0.032573842601243345
78101,22.0,26.0,0.008910797068350617
78102,22.0,27.0,0.021812315723294003
78103,22.0,28.0,0.044747160002148546
78104,22.0,29.0,0.022228150205248716
78105,22.0,30.0,0.018280446799552232
78106,22.0,31.0,0.03427697308140972
78107,22.0,32.0,0.016727372000687565
78108,22.0,33.0,0.005956317880443172
78109,22.0,34.0,0.012837726423904142
78110,22.0,35.0,0.024962610171122723
78111,22.0,36.0,0.012732158502458046
78112,22.0,37.0,0.010867137080005753
78113,22.0,38.0,0.01995697059435103
78114,22.0,39.0,0.010122278947232497
78115,22.0,40.0,0.008674829010505387
78116,22.0,41.0,0.016045949293800172
78117,22.0,42.0,0.007728869330006646
78118,22.0,43.0,0.002616807043008173
78119,22.0,44.0,0.0060394661257600415
78120,22.0,45.0,0.012090202517366044
78121,22.0,46.0,0.0056568542145860315
78122,22.0,47.0,0.0014857503181937238
78123,22.0,48.0,0.0010471357685211825
78124,22.0,49.0,0.0009064405176923256
78125,22.0,50.0,0.0007828965531097094
78126,22.0,51.0,0.0006726058475172961
78127,22.0,52.0,0.0005766074962881636
78128,22.0,53.0,0.0006521597696362403
78129,22.0,54.0,0.002835970405651317
78130,22.0,55.0,0.006297497195592119
78131,22.0,56.0,0.002713504017775639
78132,22.0,57.0,0.00040541127942770845
78133,22.0,58.0,0.00020197796525774975
78134,22.0,59.0,0.0001647782121815297
78135,22.0,60.0,0.00013493352320867862
78136,22.0,61.0,0.00010990944020699197
78137,22.0,62.0,8.905047543237611e-05
78138,22.0,63.0,7.176680240503005e-05
78139,22.0,64.0,5.7530355552378724e-05
78140,22.0,65.0,4.587294551041045e-05
78141,22.0,66.0,3.63833181206063e-05
78142,22.0,67.0,2.8703449213258543e-05
78143,22.0,68.0,2.2524335079100137e-05
78144,22.0,69.0,1.7581502166668464e-05
78145,22.0,70.0,1.3650422233259564e-05
78146,22.0,71.0,1.054198270171397e-05
78147,22.0,72.0,8.098127699315887e-06
78148,22.0,73.0,6.1877541484890594e-06
78149,22.0,74.0,4.702919951197793e-06
78150,22.1,-75.0,6.896601986553914e-14
78151,22.1,-74.0,1.153870785392685e-13
78152,22.1,-73.0,1.920283277565701e-13
78153,22.1,-72.0,3.1787731040154827e-13
78154,22.1,-71.0,5.234074103363157e-13
78155,22.1,-70.0,8.572476669570018e-13
78156,22.1,-69.0,1.3965576372281503e-12
78157,22.1,-68.0,2.263067584466793e-12
78158,22.1,-67.0,3.6477266934611675e-12
78159,22.1,-66.0,5.848347449989303e-12
78160,22.1,-65.0,9.326745976735793e-12
78161,22.1,-64.0,1.479494102550522e-11
78162,22.1,-63.0,2.3344384928137536e-11
78163,22.1,-62.0,3.6638504686257637e-11
78164,22.1,-61.0,5.719777738392441e-11
78165,22.1,-60.0,8.881916236880891e-11
78166,22.1,-59.0,1.371893191400751e-10
78167,22.1,-58.0,2.1077545523042746e-10
78168,22.1,-57.0,3.221112393821602e-10
78169,22.1,-56.0,4.89641060086396e-10
78170,22.1,-55.0,7.403479668702473e-10
78171,22.1,-54.0,1.1134739336454609e-09
78172,22.1,-53.0,1.6657519471937614e-09
78173,22.1,-52.0,2.47871567523575e-09
78174,22.1,-51.0,3.6688436638442715e-09
78175,22.1,-50.0,5.401542641096001e-09
78176,22.1,-49.0,7.910292134431307e-09
78177,22.1,-48.0,1.1522675964570204e-08
78178,22.1,-47.0,1.669553306155845e-08
78179,22.1,-46.0,2.4062090079416955e-08
78180,22.1,-45.0,3.4494712375553954e-08
78181,22.1,-44.0,4.918784939481447e-08
78182,22.1,-43.0,6.976687578602291e-08
78183,22.1,-42.0,9.842985838327732e-08
78184,22.1,-41.0,1.3813082404025808e-07
78185,22.1,-40.0,1.928148684728064e-07
78186,22.1,-39.0,2.6771742391568114e-07
78187,22.1,-38.0,3.6974216912396926e-07
78188,22.1,-37.0,5.079343729626095e-07
78189,22.1,-36.0,6.940688392530284e-07
78190,22.1,-35.0,9.433739595711924e-07
78191,22.1,-34.0,1.2754155380034588e-06
78192,22.1,-33.0,1.7151658404302666e-06
78193,22.1,-32.0,2.294284507981382e-06
78194,22.1,-31.0,3.0526382808188574e-06
78195,22.1,-30.0,4.040085581632129e-06
78196,22.1,-29.0,5.318550029401091e-06
78197,22.1,-28.0,6.965961411474153e-06
78198,22.1,-27.0,9.91297248504685e-06
78199,22.1,-26.0,8.694700844716681e-05
78200,22.1,-25.0,0.0011288596934605503
78201,22.1,-24.0,0.0027555459579275666
78202,22.1,-23.0,0.0012252801291747233
78203,22.1,-22.0,0.0013907838037343675
78204,22.1,-21.0,0.0031943870189907004
78205,22.1,-20.0,0.001335313365123659
78206,22.1,-19.0,0.000254296753118389
78207,22.1,-18.0,0.0016409353107044312
78208,22.1,-17.0,0.003935445297744016
78209,22.1,-16.0,0.0018034149444479256
78210,22.1,-15.0,0.002069688132679085
78211,22.1,-14.0,0.00464879902627358
78212,22.1,-13.0,0.0020342459049598033
78213,22.1,-12.0,0.0005278607971013272
78214,22.1,-11.0,0.0025567492027117104
78215,22.1,-10.0,0.005898065346198184
78216,22.1,-9.0,0.0028618132523082302
78217,22.1,-8.0,0.00331793863950786
78218,22.1,-7.0,0.00713656312005639
78219,22.1,-6.0,0.0033569238182405235
78220,22.1,-5.0,0.0012032699734698443
78221,22.1,-4.0,0.004290766996697204
78222,22.1,-3.0,0.009342981064867919
78223,22.1,-2.0,0.004583370753050597
78224,22.1,-1.0,0.0015948006140097727
78225,22.1,0.0,0.000575082929276958
78226,22.1,1.0,0.002033612616351562
78227,22.1,2.0,0.006770177074123709
78228,22.1,3.0,0.01406556714190347
78229,22.1,4.0,0.007204520899967268
78230,22.1,5.0,0.003324171411400419
78231,22.1,6.0,0.009230079654646641
78232,22.1,7.0,0.01883283453239695
78233,22.1,8.0,0.010260310178453434
78234,22.1,9.0,0.012045647634792798
78235,22.1,10.0,0.023621326495495056
78236,22.1,11.0,0.012106579360334437
78237,22.1,12.0,0.005568370573394293
78238,22.1,13.0,0.015874749706033874
78239,22.1,14.0,0.03267392306036015
78240,22.1,15.0,0.01731645865908714
78241,22.1,16.0,0.021290311724216648
78242,22.1,17.0,0.04319786179950919
78243,22.1,18.0,0.0208242636964555
78244,22.1,19.0,0.008339099172897501
78245,22.1,20.0,0.03298494670891976
78246,22.1,21.0,0.0730088824095208
78247,22.1,22.0,0.0346381592356926
78248,22.1,23.0,0.03625860705796877
78249,22.1,24.0,0.07426680279705292
78250,22.1,25.0,0.03398105926662096
78251,22.1,26.0,0.009224869795307325
78252,22.1,27.0,0.022635743106757762
78253,22.1,28.0,0.046491773471029466
78254,22.1,29.0,0.023075866496635348
78255,22.1,30.0,0.018956597597814675
78256,22.1,31.0,0.03556841404580188
78257,22.1,32.0,0.017349959251607407
78258,22.1,33.0,0.006168906924828366
78259,22.1,34.0,0.013307180774942513
78260,22.1,35.0,0.025883904579991398
78261,22.1,36.0,0.013202337414990028
78262,22.1,37.0,0.011266157316283465
78263,22.1,38.0,0.020688120537618065
78264,22.1,39.0,0.0104963971092572
78265,22.1,40.0,0.008994671970588229
78266,22.1,41.0,0.016630925485095545
78267,22.1,42.0,0.008015448580172894
78268,22.1,43.0,0.002719770364792026
78269,22.1,44.0,0.006263321973660022
78270,22.1,45.0,0.012528063729496467
78271,22.1,46.0,0.005866502520750962
78272,22.1,47.0,0.0015472091280779427
78273,22.1,48.0,0.0010925184375933101
78274,22.1,49.0,0.0009462517943386611
78275,22.1,50.0,0.0008177173257037736
78276,22.1,51.0,0.0007028955997723592
78277,22.1,52.0,0.0006028750677821259
78278,22.1,53.0,0.0006803591905785746
78279,22.1,54.0,0.002938989964676507
78280,22.1,55.0,0.006519530795099738
78281,22.1,56.0,0.0028111280749511867
78282,22.1,57.0,0.0004227635524809569
78283,22.1,58.0,0.00021183607797486048
78284,22.1,59.0,0.00017293423650345386
78285,22.1,60.0,0.00014168783730053345
78286,22.1,61.0,0.00011547264034835127
78287,22.1,62.0,9.360773397629863e-05
78288,22.1,63.0,7.547975388908422e-05
78289,22.1,64.0,6.053901161948188e-05
78290,22.1,65.0,4.8297681649372664e-05
78291,22.1,66.0,3.832686971361662e-05
78292,22.1,67.0,3.0252865998288892e-05
78293,22.1,68.0,2.3752854287762166e-05
78294,22.1,69.0,1.855031090888766e-05
78295,22.1,70.0,1.4410288935380957e-05
78296,22.1,71.0,1.1134745424708952e-05
78297,22.1,72.0,8.55803391075937e-06
78298,22.1,73.0,6.542652005574481e-06
78299,22.1,74.0,4.975305434609064e-06
78300,22.2,-75.0,6.618861857024958e-14
78301,22.2,-74.0,1.1079922457180744e-13
78302,22.2,-73.0,1.844914450434931e-13
78303,22.2,-72.0,3.0556376430340617e-13
78304,22.2,-71.0,5.034004252599941e-13
78305,22.2,-70.0,8.249192004069298e-13
78306,22.2,-69.0,1.3446069561799883e-12
78307,22.2,-68.0,2.1800447212074273e-12
78308,22.2,-67.0,3.5157789320341064e-12
78309,22.2,-66.0,5.639801561380707e-12
78310,22.2,-65.0,8.99895738155891e-12
78311,22.2,-64.0,1.4282580290284644e-11
78312,22.2,-63.0,2.2547960263480122e-11
78313,22.2,-62.0,3.5407393289580156e-11
78314,22.2,-61.0,5.5305300533289004e-11
78315,22.2,-60.0,8.592621185918608e-11
78316,22.2,-59.0,1.3279162416485239e-10
78317,22.2,-58.0,2.0412763655492942e-10
78318,22.2,-57.0,3.1211816097183416e-10
78319,22.2,-56.0,4.74703440361541e-10
78320,22.2,-55.0,7.18144480586113e-10
78321,22.2,-54.0,1.0806557852325947e-09
78322,22.2,-53.0,1.6175177191589893e-09
78323,22.2,-52.0,2.408223663950746e-09
78324,22.2,-51.0,3.5664053405473704e-09
78325,22.2,-50.0,5.253523668856737e-09
78326,22.2,-49.0,7.697625812824544e-09
78327,22.2,-48.0,1.121886729510086e-08
78328,22.2,-47.0,1.6263999049243305e-08
78329,22.2,-46.0,2.345264267554887e-08
78330,22.2,-45.0,3.363894401670941e-08
78331,22.2,-44.0,4.7993127034930304e-08
78332,22.2,-43.0,6.810858766645257e-08
78333,22.2,-42.0,9.614148912030758e-08
78334,22.2,-41.0,1.3499135929716518e-07
78335,22.2,-40.0,1.885329529343346e-07
78336,22.2,-39.0,2.619116192382066e-07
78337,22.2,-38.0,3.619165873733424e-07
78338,22.2,-37.0,4.974489030950875e-07
78339,22.2,-36.0,6.801031489850924e-07
78340,22.2,-35.0,9.248844544981593e-07
78341,22.2,-34.0,1.2510845085812583e-06
78342,22.2,-33.0,1.6833421424281373e-06
78343,22.2,-32.0,2.252915322445268e-06
78344,22.2,-31.0,2.9991918062896354e-06
78345,22.2,-30.0,3.9714649458966464e-06
78346,22.2,-29.0,5.2309992942677045e-06
78347,22.2,-28.0,6.854974642116397e-06
78348,22.2,-27.0,9.77819802843052e-06
78349,22.2,-26.0,8.72226711591733e-05
78350,22.2,-25.0,0.0011353158788907267
78351,22.2,-24.0,0.002771670202509861
78352,22.2,-23.0,0.0012321306869261923
78353,22.2,-22.0,0.0013983592010219114
78354,22.2,-21.0,0.003212385901871567
78355,22.2,-20.0,0.001342259341409876
78356,22.2,-19.0,0.00025470595537957816
78357,22.2,-18.0,0.0016489644248222006
78358,22.2,-17.0,0.003956203132960238
78359,22.2,-16.0,0.0018118013223891011
78360,22.2,-15.0,0.002078973268024861
78361,22.2,-14.0,0.004671834855228308
78362,22.2,-13.0,0.0020425361222533842
78363,22.2,-12.0,0.0005274177862133134
78364,22.2,-11.0,0.0025663741428534463
78365,22.2,-10.0,0.005924544133302329
78366,22.2,-9.0,0.0028718724989824887
78367,22.2,-8.0,0.003329215050837773
78368,22.2,-7.0,0.007166116818297144
78369,22.2,-6.0,0.00336709169685338
78370,22.2,-5.0,0.0012020859817650886
78371,22.2,-4.0,0.004303095797812823
78372,22.2,-3.0,0.009377805533000539
78373,22.2,-2.0,0.004595921156369963
78374,22.2,-1.0,0.0015933155753023256
78375,22.2,0.0,0.0005812434820699054
78376,22.2,1.0,0.0020338907592228448
78377,22.2,2.0,0.00678962015393759
78378,22.2,3.0,0.014114646384258295
78379,22.2,4.0,0.007226432211408211
78380,22.2,5.0,0.0033308507401041266
78381,22.2,6.0,0.009257532477242212
78382,22.2,7.0,0.01889399119985386
78383,22.2,8.0,0.010293737288802347
78384,22.2,9.0,0.01208187281552336
78385,22.2,10.0,0.02369081750245766
78386,22.2,11.0,0.012147431169532423
78387,22.2,12.0,0.005593249932583296
78388,22.2,13.0,0.015915879617139507
78389,22.2,14.0,0.032740827973597654
78390,22.2,15.0,0.01736458227607416
78391,22.2,16.0,0.021320434512725594
78392,22.2,17.0,0.04321875971212298
78393,22.2,18.0,0.020860986947355723
78394,22.2,19.0,0.008369744045154429
78395,22.2,20.0,0.03277318624262128
78396,22.2,21.0,0.07241605804436248
78397,22.2,22.0,0.03447761289505835
78398,22.2,23.0,0.036325798029798524
78399,22.2,24.0,0.07468150798919182
78400,22.2,25.0,0.034120489354399174
78401,22.2,26.0,0.009189984122307262
78402,22.2,27.0,0.022604052484400873
78403,22.2,28.0,0.04648256699646245
78404,22.2,29.0,0.023052083634535897
78405,22.2,30.0,0.018915559909985183
78406,22.2,31.0,0.03551530261453509
78407,22.2,32.0,0.017316204520533503
78408,22.2,33.0,0.006147538529356527
78409,22.2,34.0,0.013272718144531584
78410,22.2,35.0,0.0258256426277778
78411,22.2,36.0,0.013172753886423295
78412,22.2,37.0,0.011238570583975541
78413,22.2,38.0,0.020636064845737406
78414,22.2,39.0,0.010473161266382647
78415,22.2,40.0,0.008973960922139555
78416,22.2,41.0,0.016586175529204893
78417,22.2,42.0,0.007998626305807806
78418,22.2,43.0,0.0027199140889299506
78419,22.2,44.0,0.006250096767442731
78420,22.2,45.0,0.012491474229538987
78421,22.2,46.0,0.005854117027394815
78422,22.2,47.0,0.0015502951162624226
78423,22.2,48.0,0.0010967511197540738
78424,22.2,49.0,0.0009504460950223833
78425,22.2,50.0,0.0008217796579286986
78426,22.2,51.0,0.000706763933623086
78427,22.2,52.0,0.0006064960343784073
78428,22.2,53.0,0.0006829554138353418
78429,22.2,54.0,0.0029307407427026813
78430,22.2,55.0,0.006494503622645166
78431,22.2,56.0,0.0028022964753498013
78432,22.2,57.0,0.0004242103805761658
78433,22.2,58.0,0.00021377169097659847
78434,22.2,59.0,0.0001746286698210606
78435,22.2,60.0,0.0001431524057117344
78436,22.2,61.0,0.00011672840871925791
78437,22.2,62.0,9.467615024124172e-05
78438,22.2,63.0,7.638194668985995e-05
78439,22.2,64.0,6.129527005224312e-05
78440,22.2,65.0,4.8927081441607345e-05
78441,22.2,66.0,3.884702503141077e-05
78442,22.2,67.0,3.067978614498211e-05
78443,22.2,68.0,2.4100885425549377e-05
78444,22.2,69.0,1.8832144406065277e-05
78445,22.2,70.0,1.4637019816863734e-05
78446,22.2,71.0,1.1315966508867747e-05
78447,22.2,72.0,8.701953405870714e-06
78448,22.2,73.0,6.656224497678143e-06
78449,22.2,74.0,5.064368237415582e-06
78450,22.3,-75.0,6.350606392287104e-14
78451,22.3,-74.0,1.0636530492734057e-13
78452,22.3,-73.0,1.772029266105852e-13
78453,22.3,-72.0,2.936485755783679e-13
78454,22.3,-71.0,4.840285894899742e-13
78455,22.3,-70.0,7.935974023869678e-13
78456,22.3,-69.0,1.294242236103066e-12
78457,22.3,-68.0,2.0995054519065067e-12
78458,22.3,-67.0,3.3876969455736407e-12
78459,22.3,-66.0,5.437236277810424e-12
78460,22.3,-65.0,8.680364591627822e-12
78461,22.3,-64.0,1.3784272025723731e-11
78462,22.3,-63.0,2.1772876591145525e-11
78463,22.3,-62.0,3.420848921474327e-11
78464,22.3,-61.0,5.3461123995536015e-11
78465,22.3,-60.0,8.31052353742157e-11
78466,22.3,-59.0,1.2850049183907333e-10
78467,22.3,-58.0,1.976365679862679e-10
78468,22.3,-57.0,3.0235414377077704e-10
78469,22.3,-56.0,4.6009832700727993e-10
78470,22.3,-55.0,6.964204108923548e-10
78471,22.3,-54.0,1.0485241458765389e-09
78472,22.3,-53.0,1.5702597159834309e-09
78473,22.3,-52.0,2.33911002971211e-09
78474,22.3,-51.0,3.4658991540981252e-09
78475,22.3,-50.0,5.108193061092169e-09
78476,22.3,-49.0,7.488671744644688e-09
78477,22.3,-48.0,1.0920144822591081e-08
78478,22.3,-47.0,1.5839377730763366e-08
78479,22.3,-46.0,2.2852512248824736e-08
78480,22.3,-45.0,3.2795624520024434e-08
78481,22.3,-44.0,4.68148877271038e-08
78482,22.3,-43.0,6.64719163439822e-08
78483,22.3,-42.0,9.388118321278858e-08
78484,22.3,-41.0,1.318879336875544e-07
78485,22.3,-40.0,1.8429677906839631e-07
78486,22.3,-39.0,2.561631293436475e-07
78487,22.3,-38.0,3.5416180171777975e-07
78488,22.3,-37.0,4.87049474329831e-07
78489,22.3,-36.0,6.662400751386074e-07
78490,22.3,-35.0,9.065146029540918e-07
78491,22.3,-34.0,1.2268891318487343e-06
78492,22.3,-33.0,1.6516666696966949e-06
78493,22.3,-32.0,2.21169989813732e-06
78494,22.3,-31.0,2.9458923391874512e-06
78495,22.3,-30.0,3.902964851943264e-06
78496,22.3,-29.0,5.1435126872710174e-06
78497,22.3,-28.0,6.743951534652371e-06
78498,22.3,-27.0,9.643076240589543e-06
78499,22.3,-26.0,8.748458206275969e-05
78500,22.3,-25.0,0.0011415741979536962
78501,22.3,-24.0,0.0027873090206324506
78502,22.3,-23.0,0.0012387667023146854
78503,22.3,-22.0,0.0014056897100430898
78504,22.3,-21.0,0.0032298190170614322
78505,22.3,-20.0,0.001348970430035313
78506,22.3,-19.0,0.00025507238517712973
78507,22.3,-18.0,0.0016567016716743056
78508,22.3,-17.0,0.003976257102815384
78509,22.3,-16.0,0.0018198653353534444
78510,22.3,-15.0,0.0020878852230538057
78511,22.3,-14.0,0.004694030416276408
78512,22.3,-13.0,0.002050455706553807
78513,22.3,-12.0,0.0005268728809926293
78514,22.3,-11.0,0.002575524303357446
78515,22.3,-10.0,0.005949935746164629
78516,22.3,-9.0,0.0028813913550684955
78517,22.3,-8.0,0.0033398586965989723
78518,22.3,-7.0,0.007194330563899701
78519,22.3,-6.0,0.0033766026663877677
78520,22.3,-5.0,0.0012006288864417963
78521,22.3,-4.0,0.004314569629343637
78522,22.3,-3.0,0.009410828603580416
78523,22.3,-2.0,0.004607534655361367
78524,22.3,-1.0,0.0015914303601365799
78525,22.3,0.0,0.0005873440581163327
78526,22.3,1.0,0.002033652527240558
78527,22.3,2.0,0.006807648143268768
78528,22.3,3.0,0.014160935605865052
78529,22.3,4.0,0.007246813500964817
78530,22.3,5.0,0.0033367065985245004
78531,22.3,6.0,0.009283053022735134
78532,22.3,7.0,0.018951423543012994
78533,22.3,8.0,0.010325020448743024
78534,22.3,9.0,0.012115639810214157
78535,22.3,10.0,0.0237557387518612
78536,22.3,11.0,0.012185812876160154
78537,22.3,12.0,0.005616867719779202
78538,22.3,13.0,0.01595403307227508
78539,22.3,14.0,0.0328019499099665
78540,22.3,15.0,0.01740956394957637
78541,22.3,16.0,0.02134734228299913
78542,22.3,17.0,0.043233682006834646
78543,22.3,18.0,0.020894662215315895
78544,22.3,19.0,0.008400204192699691
78545,22.3,20.0,0.03257508676913669
78546,22.3,21.0,0.07185830933553387
78547,22.3,22.0,0.03433235123322178
78548,22.3,23.0,0.03640353117446309
78549,22.3,24.0,0.0751156164987352
78550,22.3,25.0,0.03426735719649069
78551,22.3,26.0,0.009154819374709038
78552,22.3,27.0,0.02257059602568804
78553,22.3,28.0,0.04647014480490906
78554,22.3,29.0,0.023026417461923642
78555,22.3,30.0,0.01887249803897893
78556,22.3,31.0,0.03545860280860235
78557,22.3,32.0,0.017280509672861682
78558,22.3,33.0,0.006125237001185955
78559,22.3,34.0,0.01323657027848571
78560,22.3,35.0,0.025764394616673757
78561,22.3,36.0,0.013141507023292004
78562,22.3,37.0,0.011209513856503567
78563,22.3,38.0,0.020581546096464644
78564,22.3,39.0,0.010448566885573251
78565,22.3,40.0,0.008952065198572536
78566,22.3,41.0,0.016539437484714748
78567,22.3,42.0,0.007980763721509842
78568,22.3,43.0,0.0027196077948703204
78569,22.3,44.0,0.006236060105013662
78570,22.3,45.0,0.012453418369025129
78571,22.3,46.0,0.0058409990232052515
78572,22.3,47.0,0.0015531292895046745
78573,22.3,48.0,0.001100795703313977
78574,22.3,49.0,0.0009544813193778072
78575,22.3,50.0,0.0008257084728021612
78576,22.3,51.0,0.0007105212996492517
78577,22.3,52.0,0.0006100255208218216
78578,22.3,53.0,0.0006854596247622494
78579,22.3,54.0,0.0029221691143878144
78580,22.3,55.0,0.0064687839505190225
78581,22.3,56.0,0.002793165017040975
78582,22.3,57.0,0.00042561075614502077
78583,22.3,58.0,0.00021568531105453705
78584,22.3,59.0,0.0001763068883352033
78585,22.3,60.0,0.00014460519573666325
78586,22.3,61.0,0.00011797587340646084
78587,22.3,62.0,9.573894016716035e-05
78588,22.3,63.0,7.728053808910533e-05
78589,22.3,64.0,6.204942575810161e-05
78590,22.3,65.0,4.955545904301067e-05
78591,22.3,66.0,3.936691185242755e-05
78592,22.3,67.0,3.1106940580223025e-05
78593,22.3,68.0,2.444946491962388e-05
78594,22.3,69.0,1.9114701740087595e-05
78595,22.3,70.0,1.486455116320767e-05
78596,22.3,71.0,1.1497996762712967e-05
78597,22.3,72.0,8.84664645124578e-06
78598,22.3,73.0,6.770508197991575e-06
78599,22.3,74.0,5.1540659655686975e-06
78600,22.4,-75.0,6.091725387180578e-14
78601,22.4,-74.0,1.0208372285107193e-13
78602,22.4,-73.0,1.701605144090421e-13
78603,22.4,-72.0,2.8212864778437846e-13
78604,22.4,-71.0,4.652878289671864e-13
78605,22.4,-70.0,7.632772267870455e-13
78606,22.4,-69.0,1.2454578232588286e-12
78607,22.4,-68.0,2.0214446421124994e-12
78608,22.4,-67.0,3.2634787384771073e-12
78609,22.4,-66.0,5.240658135046646e-12
78610,22.4,-65.0,8.37099302965471e-12
78611,22.4,-64.0,1.33000795301523e-11
78612,22.4,-63.0,2.1019268749217363e-11
78613,22.4,-62.0,3.304205697350744e-11
78614,22.4,-61.0,5.166574021469692e-11
78615,22.4,-60.0,8.03571163762722e-11
78616,22.4,-59.0,1.2431746307491786e-10
78617,22.4,-58.0,1.9130487705336268e-10
78618,22.4,-57.0,2.928235844320683e-10
78619,22.4,-56.0,4.458329584787006e-10
78620,22.4,-55.0,6.751875055232713e-10
78621,22.4,-54.0,1.0170978380093084e-09
78622,22.4,-53.0,1.5240077431261526e-09
78623,22.4,-52.0,2.271421459556238e-09
78624,22.4,-51.0,3.3673974952816983e-09
78625,22.4,-50.0,4.965661992445882e-09
78626,22.4,-49.0,7.2835991176361165e-09
78627,22.4,-48.0,1.0626763784161652e-08
78628,22.4,-47.0,1.542205094015305e-08
78629,22.4,-46.0,2.2262265408586402e-08
78630,22.4,-45.0,3.196558809665635e-08
78631,22.4,-44.0,4.565435029789543e-08
78632,22.4,-43.0,6.485862932117643e-08
78633,22.4,-42.0,9.165148514082973e-08
78634,22.4,-41.0,1.2882418400968063e-07
78635,22.4,-40.0,1.8011150834844083e-07
78636,22.4,-39.0,2.5047922884138404e-07
78637,22.4,-38.0,3.4648799500215894e-07
78638,22.4,-37.0,4.767502442640899e-07
78639,22.4,-36.0,6.524991703168963e-07
78640,22.4,-35.0,8.88291230233697e-07
78641,22.4,-34.0,1.202865970367303e-06
78642,22.4,-33.0,1.6201889336883466e-06
78643,22.4,-32.0,2.170704850381707e-06
78644,22.4,-31.0,2.8928289353811387e-06
78645,22.4,-30.0,3.834703601098448e-06
78646,22.4,-29.0,5.056246369416739e-06
78647,22.4,-28.0,6.6330969643792536e-06
78648,22.4,-27.0,9.5078899868683e-06
78649,22.4,-26.0,8.773450112656944e-05
78650,22.4,-25.0,0.0011476560396965726
78651,22.4,-24.0,0.0028025144371390965
78652,22.4,-23.0,0.0012452114832331503
78653,22.4,-22.0,0.001412801896310219
78654,22.4,-21.0,0.0032467470549824187
78655,22.4,-20.0,0.0013554723330361281
78656,22.4,-19.0,0.00025540146595937947
78657,22.4,-18.0,0.001664178926749989
78658,22.4,-17.0,0.003995682782315458
78659,22.4,-16.0,0.0018276422933432492
78660,22.4,-15.0,0.0020964647128152636
78661,22.4,-14.0,0.004715475846523098
78662,22.4,-13.0,0.0020580452060167775
78663,22.4,-12.0,0.0005262382067461675
78664,22.4,-11.0,0.002584251102984235
78665,22.4,-10.0,0.005974356143194685
78666,22.4,-9.0,0.002890427830250687
78667,22.4,-8.0,0.003349937017400935
78668,22.4,-7.0,0.007221346070926349
78669,22.4,-6.0,0.003385525725871785
78670,22.4,-5.0,0.001198926423793137
78671,22.4,-4.0,0.004325276929828583
78672,22.4,-3.0,0.009442237819319108
78673,22.4,-2.0,0.004618306022797357
78674,22.4,-1.0,0.0015891814820234399
78675,22.4,0.0,0.0005933944007857928
78676,22.4,1.0,0.002032942896918257
78677,22.4,2.0,0.006824399644981162
78678,22.4,3.0,0.01420471758947377
78679,22.4,4.0,0.007265811157731318
78680,22.4,5.0,0.003341807994133504
78681,22.4,6.0,0.00930682827844443
78682,22.4,7.0,0.01900551060010399
78683,22.4,8.0,0.010354365203571645
78684,22.4,9.0,0.012147190627879622
78685,22.4,10.0,0.023816566542500202
78686,22.4,11.0,0.012221964398652438
78687,22.4,12.0,0.005639328923535085
78688,22.4,13.0,0.015989525817910414
78689,22.4,14.0,0.03285794915279609
78690,22.4,15.0,0.017451744000135924
78691,22.4,16.0,0.02137144432084012
78692,22.4,17.0,0.04324347102820462
78693,22.4,18.0,0.020925683174674244
78694,22.4,19.0,0.008430476038120865
78695,22.4,20.0,0.0323890797837472
78696,22.4,21.0,0.07133165788059267
78697,22.4,22.0,0.03420095399955496
78698,22.4,23.0,0.03649222230210592
78699,22.4,24.0,0.07557095801650757
78700,22.4,25.0,0.03442238771689371
78701,22.4,26.0,0.009119381404829492
78702,22.4,27.0,0.02253520061263763
78703,22.4,28.0,0.04645413341528277
78704,22.4,29.0,0.02299868637647708
78705,22.4,30.0,0.018827254552530502
78706,22.4,31.0,0.03539800481280709
78707,22.4,32.0,0.01724272718284591
78708,22.4,33.0,0.006101953833404092
78709,22.4,34.0,0.013198623431362012
78710,22.4,35.0,0.025699933112815203
78711,22.4,36.0,0.013108481173615434
78712,22.4,37.0,0.011178888547638958
78713,22.4,38.0,0.02052438221675363
78714,22.4,39.0,0.01042252037326879
78715,22.4,40.0,0.00892890444670073
78716,22.4,41.0,0.016490564777240632
78717,22.4,42.0,0.007961788073778616
78718,22.4,43.0,0.0027188241360471023
78719,22.4,44.0,0.006221154686403378
78720,22.4,45.0,0.012413785953956332
78721,22.4,46.0,0.005827094640637103
78722,22.4,47.0,0.0015556943995896728
78723,22.4,48.0,0.001104638984579403
78724,22.4,49.0,0.0009583457447391086
78725,22.4,50.0,0.0008294934069787807
78726,22.4,51.0,0.0007141585948601796
78727,22.4,52.0,0.0006134555671660357
78728,22.4,53.0,0.000687863556889684
78729,22.4,54.0,0.0029132487422229175
78730,22.4,55.0,0.0064423165944129095
78731,22.4,56.0,0.0027837089771303525
78732,22.4,57.0,0.0004269596511926279
78733,22.4,58.0,0.00021757385851858916
78734,22.4,59.0,0.00017796633657067118
78735,22.4,60.0,0.0001460440902066105
78736,22.4,61.0,0.00011921329187287064
78737,22.4,62.0,9.679467901754104e-05
78738,22.4,63.0,7.817437091038835e-05
78739,22.4,64.0,6.280054513467425e-05
78740,22.4,65.0,5.018206627615009e-05
78741,22.4,66.0,3.988593464025275e-05
78742,22.4,67.0,3.153385848774618e-05
78743,22.4,68.0,2.479822310388955e-05
78744,22.4,69.0,1.939769467025835e-05
78745,22.4,70.0,1.509265979330798e-05
78746,22.4,71.0,1.1680664600636141e-05
78747,22.4,72.0,8.991982072674523e-06
78748,22.4,73.0,6.885403857323811e-06
78749,22.4,74.0,5.244323965101976e-06
78750,22.5,-75.0,5.842067404597908e-14
78751,22.5,-74.0,9.795218659556531e-14
78752,22.5,-73.0,1.633607860674035e-13
78753,22.5,-72.0,2.7099894569924395e-13
78754,22.5,-71.0,4.47170860704274e-13
78755,22.5,-70.0,7.339483481420894e-13
78756,22.5,-69.0,1.1982394300805896e-12
78757,22.5,-68.0,1.945843121512906e-12
78758,22.5,-67.0,3.143099632243365e-12
78759,22.5,-66.0,5.0500372277212014e-12
78760,22.5,-65.0,8.070809917603767e-12
78761,22.5,-64.0,1.2829973692239282e-11
78762,22.5,-63.0,2.0287125705537257e-11
78763,22.5,-62.0,3.1908132157264706e-11
78764,22.5,-61.0,4.99192844622802e-11
78765,22.5,-60.0,7.768218427053994e-11
78766,22.5,-59.0,1.2024322426733437e-10
78767,22.5,-58.0,1.8513388094777365e-10
78768,22.5,-57.0,2.835288818291149e-10
78769,22.5,-56.0,4.319115447833942e-10
78770,22.5,-55.0,6.544529475779082e-10
78771,22.5,-54.0,9.86388843197798e-10
78772,22.5,-53.0,1.4787814121543357e-09
78773,22.5,-52.0,2.2051895363094207e-09
78774,22.5,-51.0,3.2709505018211356e-09
78775,22.5,-50.0,4.826009037387657e-09
78776,22.5,-49.0,7.082529630557387e-09
78777,22.5,-48.0,1.0338910628875562e-08
78778,22.5,-47.0,1.50123014317681e-08
78779,22.5,-46.0,2.1682326854625178e-08
78780,22.5,-45.0,3.1149466842940984e-08
78781,22.5,-44.0,4.4512447322129855e-08
78782,22.5,-43.0,6.327009095180311e-08
78783,22.5,-42.0,8.945437476791208e-08
78784,22.5,-41.0,1.2580296071025798e-07
78785,22.5,-40.0,1.7598121317168413e-07
78786,22.5,-39.0,2.448656923730789e-07
78787,22.5,-38.0,3.3890329564180013e-07
78788,22.5,-37.0,4.6656257222329205e-07
78789,22.5,-36.0,6.388961967548844e-07
78790,22.5,-35.0,8.702360557656558e-07
78791,22.5,-34.0,1.1790447466767384e-06
78792,22.5,-33.0,1.5889493331104479e-06
78793,22.5,-32.0,2.129984720581937e-06
78794,22.5,-31.0,2.8400747411680995e-06
78795,22.5,-30.0,3.7667786457717855e-06
78796,22.5,-29.0,4.969329329356285e-06
78797,22.5,-28.0,6.52258058112821e-06
78798,22.5,-27.0,9.372873974600267e-06
78799,22.5,-26.0,8.797388403928795e-05
78800,22.5,-25.0,0.0011535790743218092
78801,22.5,-24.0,0.0028173294285445114
78802,22.5,-23.0,0.0012514842891915494
78803,22.5,-22.0,0.0014197177167642341
78804,22.5,-21.0,0.003263220168728369
78805,22.5,-20.0,0.0013617863031803036
78806,22.5,-19.0,0.0002556977041873893
78807,22.5,-18.0,0.001671422563978042
78808,22.5,-17.0,0.0040145426673665165
78809,22.5,-16.0,0.0018351614294239646
78810,22.5,-15.0,0.0021047454566920326
78811,22.5,-14.0,0.004736245733379281
78812,22.5,-13.0,0.0020653382355204962
78813,22.5,-12.0,0.0005255239044828321
78814,22.5,-11.0,0.0025925971980564396
78815,22.5,-10.0,0.005997901375886406
78816,22.5,-9.0,0.00289903008407687
78817,22.5,-8.0,0.0033595060127312626
78818,22.5,-7.0,0.007247280811874616
78819,22.5,-6.0,0.003393918226940482
78820,22.5,-5.0,0.0011970018428163099
78821,22.5,-4.0,0.004335291219803983
78822,22.5,-3.0,0.009472188758171117
78823,22.5,-2.0,0.004628314078462646
78824,22.5,-1.0,0.0015865995588480132
78825,22.5,0.0,0.0005994025311971294
78826,22.5,1.0,0.002031799495430974
78827,22.5,2.0,0.006839989805216977
78828,22.5,3.0,0.0142462268497354
78829,22.5,4.0,0.007283546726071084
78830,22.5,5.0,0.0033462123538928515
78831,22.5,6.0,0.00932901333261728
78832,22.5,7.0,0.019056566455025053
78833,22.5,8.0,0.010381941845755277
78834,22.5,9.0,0.012176725627256312
78835,22.5,10.0,0.02387369512147713
78836,22.5,11.0,0.012256084110907624
78837,22.5,12.0,0.005660720003755432
78838,22.5,13.0,0.016022618153298796
78839,22.5,14.0,0.0329093703122624
78840,22.5,15.0,0.017491402487065048
78841,22.5,16.0,0.021393074512775924
78842,22.5,17.0,0.04324881345125137
78843,22.5,18.0,0.020954370505495666
78844,22.5,19.0,0.008460554651898603
78845,22.5,20.0,0.032213862393826
78846,22.5,21.0,0.07083280209192333
78847,22.5,22.0,0.0340822814314916
78848,22.5,23.0,0.03659243966043238
78849,22.5,24.0,0.07604963422821595
78850,22.5,25.0,0.03458641165923734
78851,22.5,26.0,0.00908367405555576
78852,22.5,27.0,0.02249765878748383
78853,22.5,28.0,0.04643408627973854
78854,22.5,29.0,0.0229686733217503
78855,22.5,30.0,0.018779643357233224
78856,22.5,31.0,0.035333143699165306
78857,22.5,32.0,0.017202683134791397
78858,22.5,33.0,0.006077631733321374
78859,22.5,34.0,0.013158744058934425
78860,22.5,35.0,0.02563199150738256
78861,22.5,36.0,0.013073540829598829
78862,22.5,37.0,0.01114657926897594
78863,22.5,38.0,0.020464360111917525
78864,22.5,39.0,0.010394912358384207
78865,22.5,40.0,0.008904384846308379
78866,22.5,41.0,0.01643938602608051
78867,22.5,42.0,0.007941614517195574
78868,22.5,43.0,0.0027175314902416078
78869,22.5,44.0,0.00620531376308953
78870,22.5,45.0,0.012372448200510235
78871,22.5,46.0,0.005812341133079859
78872,22.5,47.0,0.0015579706207384187
78873,22.5,48.0,0.0011082658541844146
78874,22.5,49.0,0.0009620259688264759
78875,22.5,50.0,0.0008331226206898021
78876,22.5,51.0,0.0007176654252373367
78877,22.5,52.0,0.0006167770877987504
78878,22.5,53.0,0.0006901577314160217
78879,22.5,54.0,0.0029039488877246594
78880,22.5,55.0,0.006415036899926921
78881,22.5,56.0,0.0027738994583728963
78882,22.5,57.0,0.0004282512806767973
78883,22.5,58.0,0.00021943381597466983
78884,22.5,59.0,0.00017960409454234266
78885,22.5,60.0,0.0001474666681725186
78886,22.5,61.0,0.00012043866977880844
78887,22.5,62.0,9.78417344700246e-05
78888,22.5,63.0,7.906211777506753e-05
78889,22.5,64.0,6.354755579042206e-05
78890,22.5,65.0,5.080604240935947e-05
78891,22.5,66.0,4.040340708117505e-05
78892,22.5,67.0,3.195999624061743e-05
78893,22.5,68.0,2.5146732234674884e-05
78894,22.5,69.0,1.9680788886642925e-05
78895,22.5,70.0,1.5321086185120406e-05
78896,22.5,71.0,1.1863769929644548e-05
78897,22.5,72.0,9.137807058328144e-06
78898,22.5,73.0,7.000794976745558e-06
78899,22.5,74.0,5.335054276471847e-06
78900,22.6,-75.0,5.601451032021279e-14
78901,22.6,-74.0,9.396789640913942e-14
78902,22.6,-73.0,1.567994638138475e-13
78903,22.6,-72.0,2.6025300290764844e-13
78904,22.6,-71.0,4.296680222546431e-13
78905,22.6,-70.0,7.055965097258174e-13
78906,22.6,-69.0,1.1525663142480034e-12
78907,22.6,-68.0,1.8726711870767374e-12
78908,22.6,-67.0,3.0265178666460666e-12
78909,22.6,-66.0,4.865316116451552e-12
78910,22.6,-65.0,7.779738364214266e-12
78911,22.6,-64.0,1.23738551511256e-11
78912,22.6,-63.0,1.9576325227575187e-11
78913,22.6,-62.0,3.0806575385095306e-11
78914,22.6,-61.0,4.8221618329242705e-11
78915,22.6,-60.0,7.508034292198549e-11
78916,22.6,-59.0,1.1627780404855351e-10
78917,22.6,-58.0,1.7912388612168355e-10
78918,22.6,-57.0,2.7447089079298886e-10
78919,22.6,-56.0,4.183359509571954e-10
78920,22.6,-55.0,6.342203795110956e-10
78921,22.6,-54.0,9.564038280404027e-10
78922,22.6,-53.0,1.43459240232026e-09
78923,22.6,-52.0,2.140434072517449e-09
78924,22.6,-51.0,3.1765909467200783e-09
78925,22.6,-50.0,4.689287299209999e-09
78926,22.6,-49.0,6.885547834075853e-09
78927,22.6,-48.0,1.0056717937163423e-08
78928,22.6,-47.0,1.4610334290041676e-08
78929,22.6,-46.0,2.1113009936120873e-08
78930,22.6,-45.0,3.034773412473929e-08
78931,22.6,-44.0,4.338988638577471e-08
78932,22.6,-43.0,6.17073484871942e-08
78933,22.6,-42.0,8.729138755063114e-08
78934,22.6,-41.0,1.2282649492432082e-07
78935,22.6,-40.0,1.7190910773313515e-07
78936,22.6,-39.0,2.393271120117863e-07
78937,22.6,-38.0,3.314142116459646e-07
78938,22.6,-37.0,4.564956095965192e-07
78939,22.6,-36.0,6.254439249824337e-07
78940,22.6,-35.0,8.523667678665918e-07
78941,22.6,-34.0,1.1554497818817838e-06
78942,22.6,-33.0,1.5579810692646866e-06
78943,22.6,-32.0,2.089584512747844e-06
78944,22.6,-31.0,2.7876903345973305e-06
78945,22.6,-30.0,3.699270967538464e-06
78946,22.6,-29.0,4.8828690894590185e-06
78947,22.6,-28.0,6.412544207797576e-06
78948,22.6,-27.0,9.238224897218052e-06
78949,22.6,-26.0,8.820394847730825e-05
78950,22.6,-25.0,0.0011593580690829996
78951,22.6,-24.0,0.0028317899090008294
78952,22.6,-23.0,0.0012576012191818247
78953,22.6,-22.0,0.0014264555302348548
78954,22.6,-21.0,0.003279280285793304
78955,22.6,-20.0,0.0013679301188323524
78956,22.6,-19.0,0.0002559648883580974
78957,22.6,-18.0,0.0016784546604661154
78958,22.6,-17.0,0.00403288904201924
78959,22.6,-16.0,0.001842447229721989
78960,22.6,-15.0,0.0021127557091355875
78961,22.6,-14.0,0.004756402521391102
78962,22.6,-13.0,0.0020723629924656725
78963,22.6,-12.0,0.0005247385602814202
78964,22.6,-11.0,0.002600598397579874
78965,22.6,-10.0,0.006020651947161777
78966,22.6,-9.0,0.002907238578337381
78967,22.6,-8.0,0.0033686127410069225
78968,22.6,-7.0,0.007272233323001586
78969,22.6,-6.0,0.003401828418346976
78970,22.6,-5.0,0.0011948748801521628
78971,22.6,-4.0,0.004344674361577053
78972,22.6,-3.0,0.009500812027282144
78973,22.6,-2.0,0.0046376251765415126
78974,22.6,-1.0,0.0015837105983190966
78975,22.6,0.0,0.0006053751282926756
78976,22.6,1.0,0.002030254208349657
78977,22.6,2.0,0.006854515448400292
78978,22.6,3.0,0.014285660200669693
78979,22.6,4.0,0.007300122349639629
78980,22.6,5.0,0.0033499680680977076
78981,22.6,6.0,0.009349738363493272
78982,22.6,7.0,0.019104854456539516
78983,22.6,8.0,0.01040789314418531
78984,22.6,9.0,0.012204412643991615
78985,22.6,10.0,0.02392745464073312
78986,22.6,11.0,0.012288337953555058
78987,22.6,12.0,0.00568111297907698
78988,22.6,13.0,0.016053527094370308
78989,22.6,14.0,0.032956667661852866
78990,22.6,15.0,0.01752877244223555
78991,22.6,16.0,0.021412508065836142
78992,22.6,17.0,0.043250274827154614
78993,22.6,18.0,0.0209809880870793
78994,22.6,19.0,0.00849043396174433
78995,22.6,20.0,0.03204833713403717
78996,22.6,21.0,0.07035896405485494
78997,22.6,22.0,0.03397541892581002
78998,22.6,23.0,0.0367049190142357
78999,22.6,24.0,0.07655408459344121
79000,22.6,25.0,0.034760391491521825
79001,22.6,26.0,0.009047699085666078
79002,22.6,27.0,0.022457721683844467
79003,22.6,28.0,0.04640946863661617
79004,22.6,29.0,0.022936118478563246
79005,22.6,30.0,0.01872944392692959
79006,22.6,31.0,0.035263588338586956
79007,22.6,32.0,0.017160171913042824
79008,22.6,33.0,0.006052202854800066
79009,22.6,34.0,0.013116774855264189
79010,22.6,35.0,0.02556025618908189
79011,22.6,36.0,0.013036526651743404
79012,22.6,37.0,0.011112450467548997
79013,22.6,38.0,0.020401229475887864
79014,22.6,39.0,0.010365614535554526
79015,22.6,40.0,0.00887839641627478
79016,22.6,41.0,0.016385700099772662
79017,22.6,42.0,0.00792014369677523
79018,22.6,43.0,0.002715693096069042
79019,22.6,44.0,0.006188459250251624
79020,22.6,45.0,0.012329254035737954
79021,22.6,46.0,0.005796665103334124
79022,22.6,47.0,0.0015599350295191692
79023,22.6,48.0,0.0011116589116519644
79024,22.6,49.0,0.000965506570391054
79025,22.6,50.0,0.000836582499796859
79026,22.6,51.0,0.000721029845527568
79027,22.6,52.0,0.0006199796448662626
79028,22.6,53.0,0.0006923312142480478
79029,22.6,54.0,0.0028942335380385776
79030,22.6,55.0,0.006386868866448425
79031,22.6,56.0,0.0027637025615904363
79032,22.6,57.0,0.0004294789516066014
79033,22.6,58.0,0.0002212611408973089
79034,22.6,59.0,0.000181216805023699
79035,22.6,60.0,0.00014887014435204776
79036,22.6,61.0,0.0001216497108349452
79037,22.6,62.0,9.88782253072117e-05
79038,22.6,63.0,7.994224725388951e-05
79039,22.6,64.0,6.428921895672595e-05
79040,22.6,65.0,5.1426391790741565e-05
79041,22.6,66.0,4.0918534047989374e-05
79042,22.6,67.0,3.238472293391722e-05
79043,22.6,68.0,2.5494494947798817e-05
79044,22.6,69.0,1.9963594849375247e-05
79045,22.6,70.0,1.554952724424902e-05
79046,22.6,71.0,1.2047078471311675e-05
79047,22.6,72.0,9.283941524152964e-06
79048,22.6,73.0,7.116544362589119e-06
79049,22.6,74.0,5.426152972605629e-06
79050,22.7,-75.0,5.3696731550682924e-14
79051,22.7,-74.0,9.01276820568976e-14
79052,22.7,-73.0,1.504716418035886e-13
79053,22.7,-72.0,2.4988329551748037e-13
79054,22.7,-71.0,4.127678827142082e-13
79055,22.7,-70.0,6.782045170217325e-13
79056,22.7,-69.0,1.1084128851939184e-12
79057,22.7,-68.0,1.8018911866639785e-12
79058,22.7,-67.0,2.9136787320185667e-12
79059,22.7,-66.0,4.686416401011435e-12
79060,22.7,-65.0,7.49766776379359e-12
79061,22.7,-64.0,1.1931570657673444e-11
79062,22.7,-63.0,1.8886659484643595e-11
79063,22.7,-62.0,2.973711214824847e-11
79064,22.7,-61.0,4.657239139832277e-11
79065,22.7,-60.0,7.255116559468813e-11
79066,22.7,-59.0,1.1242071864558871e-10
79067,22.7,-58.0,1.7327440963107531e-10
79068,22.7,-57.0,2.656492573357142e-10
79069,22.7,-56.0,4.051062020084385e-10
79070,22.7,-55.0,6.144906596104514e-10
79071,22.7,-54.0,9.27145271346017e-10
79072,22.7,-53.0,1.3914461310239916e-09
79073,22.7,-52.0,2.0771655726785557e-09
79074,22.7,-51.0,3.0843378479680013e-09
79075,22.7,-50.0,4.555529673427921e-09
79076,22.7,-49.0,6.692708764109165e-09
79077,22.7,-48.0,9.780275431612678e-09
79078,22.7,-47.0,1.4216292726655176e-08
79079,22.7,-46.0,2.0554539193980626e-08
79080,22.7,-45.0,2.9560736572212665e-08
79081,22.7,-44.0,4.228719525293246e-08
79082,22.7,-43.0,6.017119549635142e-08
79083,22.7,-42.0,8.51637031110094e-08
79084,22.7,-41.0,1.1989652151223763e-07
79085,22.7,-40.0,1.678977180228674e-07
79086,22.7,-39.0,2.3386713088625384e-07
79087,22.7,-38.0,3.240259499667875e-07
79088,22.7,-37.0,4.465567340324999e-07
79089,22.7,-36.0,6.121527210169493e-07
79090,22.7,-35.0,8.346978136031286e-07
79091,22.7,-34.0,1.132101052467873e-06
79092,22.7,-33.0,1.5273115525031536e-06
79093,22.7,-32.0,2.049541555297466e-06
79094,22.7,-31.0,2.735726176917304e-06
79095,22.7,-30.0,3.632248287806879e-06
79096,22.7,-29.0,4.796955888477354e-06
79097,22.7,-28.0,6.303107261138249e-06
79098,22.7,-27.0,9.104108855241342e-06
79099,22.7,-26.0,8.842572191403813e-05
79100,22.7,-25.0,0.0011650054751670194
79101,22.7,-24.0,0.0028459261585894844
79102,22.7,-23.0,0.0012635758504193288
79103,22.7,-22.0,0.0014330308244805575
79104,22.7,-21.0,0.0032949627710188354
79105,22.7,-20.0,0.0013739187855672673
79106,22.7,-19.0,0.00025620623277276323
79107,22.7,-18.0,0.0016852938638105945
79108,22.7,-17.0,0.004050766041767862
79109,22.7,-16.0,0.001849520391133497
79110,22.7,-15.0,0.0021205193620814178
79111,22.7,-14.0,0.0047759989645787225
79112,22.7,-13.0,0.002079143348850502
79113,22.7,-12.0,0.0005238895159824892
79114,22.7,-11.0,0.0026082850433659472
79115,22.7,-10.0,0.0060426759499676245
79116,22.7,-9.0,0.0029150876284626086
79117,22.7,-8.0,0.003377297121726846
79118,22.7,-7.0,0.007296287026023667
79119,22.7,-6.0,0.003409297280672213
79120,22.7,-5.0,0.0011925624652772196
79121,22.7,-4.0,0.004353478909919788
79122,22.7,-3.0,0.00952821830282012
79123,22.7,-2.0,0.00464629572058087
79124,22.7,-1.0,0.001580536927426862
79125,22.7,0.0,0.0006113178008797115
79126,22.7,1.0,0.0020283343410393718
79127,22.7,2.0,0.006868058779795885
79128,22.7,3.0,0.01432318437195929
79129,22.7,4.0,0.007315624695989996
79130,22.7,5.0,0.0033531163251720618
79131,22.7,6.0,0.009369113678437702
79132,22.7,7.0,0.019150597469347587
79133,22.7,8.0,0.01043233991560318
79134,22.7,9.0,0.012230393571836478
79135,22.7,10.0,0.023978124107277916
79136,22.7,11.0,0.012318866001487043
79137,22.7,12.0,0.005700568369104177
79138,22.7,13.0,0.016082435148883387
79139,22.7,14.0,0.033000223427144176
79140,22.7,15.0,0.017564049414929367
79141,22.7,16.0,0.021429973568665998
79142,22.7,17.0,0.043248324518914916
79143,22.7,18.0,0.021005754675444202
79144,22.7,19.0,0.008520106853371382
79145,22.7,20.0,0.03189156803063902
79146,22.7,21.0,0.06990777783056269
79147,22.7,22.0,0.033879638991383104
79148,22.7,23.0,0.036830589283651995
79149,22.7,24.0,0.07708717238083278
79150,22.7,25.0,0.03494545519249056
79151,22.7,26.0,0.009011455941903484
79152,22.7,27.0,0.022415089401982835
79153,22.7,28.0,0.04637963693185477
79154,22.7,29.0,0.022900709321704616
79155,22.7,30.0,0.018676393442400137
79156,22.7,31.0,0.03518882632389785
79157,22.7,32.0,0.017114948973671665
79158,22.7,33.0,0.006025586381849956
79159,22.7,34.0,0.013072529349373542
79160,22.7,35.0,0.025484355882183337
79161,22.7,36.0,0.012997250051732741
79162,22.7,37.0,0.01107634184184843
79163,22.7,38.0,0.02033469435403319
79164,22.7,39.0,0.0103344753635842
79165,22.7,40.0,0.008850809342683232
79166,22.7,41.0,0.016329269373360867
79167,22.7,42.0,0.007897258454077325
79168,22.7,43.0,0.0027132658802559574
79169,22.7,44.0,0.006170499154646133
79170,22.7,45.0,0.012284025050401538
79171,22.7,46.0,0.0057799800901534824
79172,22.7,47.0,0.0015615609009501231
79173,22.7,48.0,0.001114797945181721
79174,22.7,49.0,0.0009687696516272507
79175,22.7,50.0,0.0008398572543995582
79176,22.7,51.0,0.0007242380090046066
79177,22.7,52.0,0.0006230511435590298
79178,22.7,53.0,0.0006943712883507888
79179,22.7,54.0,0.0028840602148178965
79180,22.7,55.0,0.006357722582973336
79181,22.7,56.0,0.0027530782563369395
79182,22.7,57.0,0.00043063485956232767
79183,22.7,58.0,0.00022305114864615974
79184,22.7,59.0,0.00018280057632288983
79185,22.7,60.0,0.00015025128825288395
79186,22.7,61.0,0.0001228437498794873
79187,22.7,62.0,9.990196633347261e-05
79188,22.7,63.0,8.081297876897217e-05
79189,22.7,64.0,6.502409276062414e-05
79190,22.7,65.0,5.204195409647018e-05
79191,22.7,66.0,4.14303876267859e-05
79192,22.7,67.0,3.28073011701537e-05
79193,22.7,68.0,2.5840928939749802e-05
79194,22.7,69.0,2.02456556405634e-05
79195,22.7,70.0,1.5777626721455567e-05
79196,22.7,71.0,1.2230314243211642e-05
79197,22.7,72.0,9.430173046050297e-06
79198,22.7,73.0,7.232489571299107e-06
79199,22.7,74.0,5.517496641587281e-06
79200,22.8,-75.0,5.14651514388522e-14
79201,22.8,-74.0,8.642810573300473e-14
79202,22.8,-73.0,1.4437195636536588e-13
79203,22.8,-72.0,2.398815222343831e-13
79204,22.8,-71.0,3.9645770092304647e-13
79205,22.8,-70.0,6.517529831932456e-13
79206,22.8,-69.0,1.0657499102432852e-12
79207,22.8,-68.0,1.7334594597364114e-12
79208,22.8,-67.0,2.8045176746963323e-12
79209,22.8,-66.0,4.513243662163794e-12
79210,22.8,-65.0,7.224461617127186e-12
79211,22.8,-64.0,1.1502925383776849e-11
79212,22.8,-63.0,1.8217854315160245e-11
79213,22.8,-62.0,2.8699362803055342e-11
79214,22.8,-61.0,4.4971087677620046e-11
79215,22.8,-60.0,7.009396644475372e-11
79216,22.8,-59.0,1.0867108135488086e-10
79217,22.8,-58.0,1.675843458551637e-10
79218,22.8,-57.0,2.5706267116304866e-10
79219,22.8,-56.0,3.922208632888282e-10
79220,22.8,-55.0,5.952624318458985e-10
79221,22.8,-54.0,8.986123132059683e-10
79222,22.8,-53.0,1.3493430120498222e-09
79223,22.8,-52.0,2.0153870876961333e-09
79224,22.8,-51.0,2.9941991869016773e-09
79225,22.8,-50.0,4.4247528109119935e-09
79226,22.8,-49.0,6.504043688442273e-09
79227,22.8,-48.0,9.50963826459367e-09
79228,22.8,-47.0,1.3830269968142471e-08
79229,22.8,-46.0,2.000706732009935e-08
79230,22.8,-45.0,2.8788718143935518e-08
79231,22.8,-44.0,4.120475582721251e-08
79232,22.8,-43.0,5.866221953702259e-08
79233,22.8,-42.0,8.307221179154544e-08
79234,22.8,-41.0,1.1701437147958094e-07
79235,22.8,-40.0,1.6394900947279215e-07
79236,22.8,-39.0,2.284886185352175e-07
79237,22.8,-38.0,3.16742656099353e-07
79238,22.8,-37.0,4.3675187506877634e-07
79239,22.8,-36.0,5.990309865403431e-07
79240,22.8,-35.0,8.172409906270832e-07
79241,22.8,-34.0,1.1090149817915192e-06
79242,22.8,-33.0,1.496963455071534e-06
79243,22.8,-32.0,2.0098868940751146e-06
79244,22.8,-31.0,2.6842244458471724e-06
79245,22.8,-30.0,3.5657674676208583e-06
79246,22.8,-29.0,4.711665806222638e-06
79247,22.8,-28.0,6.194370799192206e-06
79248,22.8,-27.0,8.970666886498032e-06
79249,22.8,-26.0,8.864007660770193e-05
79250,22.8,-25.0,0.0011705318554823874
79251,22.8,-24.0,0.0028597638641991406
79252,22.8,-23.0,0.0012694197040228217
79253,22.8,-22.0,0.001439456746347559
79254,22.8,-21.0,0.00331029763885346
79255,22.8,-20.0,0.0013797650479734304
79256,22.8,-19.0,0.00025642448293653164
79257,22.8,-18.0,0.0016919560250285473
79258,22.8,-17.0,0.004068211158409191
79259,22.8,-16.0,0.0018563985204526595
79260,22.8,-15.0,0.002128056749877451
79261,22.8,-14.0,0.00479507991580335
79262,22.8,-13.0,0.0020856996490715035
79263,22.8,-12.0,0.0005229830975163794
79264,22.8,-11.0,0.002615683018629064
79265,22.8,-10.0,0.0060640313587406675
79266,22.8,-9.0,0.002922606537601191
79267,22.8,-8.0,0.0033855932530221806
79268,22.8,-7.0,0.007319513019499085
79269,22.8,-6.0,0.0034163598682153307
79270,22.8,-5.0,0.0011900792385514778
79271,22.8,-4.0,0.004361749831616079
79272,22.8,-3.0,0.009554502012887515
79273,22.8,-2.0,0.0046543740033745265
79274,22.8,-1.0,0.0015770978749779173
79275,22.8,0.0,0.0006172352845121705
79276,22.8,1.0,0.0020260634704430706
79277,22.8,2.0,0.0068806900936523785
79278,22.8,3.0,0.0143589415761339
79279,22.8,4.0,0.007330127826397023
79280,22.8,5.0,0.003355692454474835
79281,22.8,6.0,0.009387233399384265
79282,22.8,7.0,0.019193985369967862
79283,22.8,8.0,0.010455385097946664
79284,22.8,9.0,0.012254789176217439
79285,22.8,10.0,0.024025940857317185
79286,22.8,11.0,0.012347787265257192
79287,22.8,12.0,0.005719137341640988
79288,22.8,13.0,0.016109496738565647
79289,22.8,14.0,0.033040361180742044
79290,22.8,15.0,0.01759739845511256
79291,22.8,16.0,0.02144566181852057
79292,22.8,17.0,0.04324335396603416
79293,22.8,18.0,0.021028852445351208
79294,22.8,19.0,0.008549565181574657
79295,22.8,20.0,0.03174274774366216
79296,22.8,21.0,0.06947720604457168
79297,22.8,22.0,0.03379437590916166
79298,22.8,23.0,0.03697061128921347
79299,22.8,24.0,0.07765229980405561
79300,22.8,25.0,0.03514294139135756
79301,22.8,26.0,0.00897494135181164
79302,22.8,27.0,0.022369397843392633
79303,22.8,28.0,0.046343810709349675
79304,22.8,29.0,0.02286206702553022
79305,22.8,30.0,0.018620176039516868
79306,22.8,31.0,0.035108243368913106
79307,22.8,32.0,0.017066720960125344
79308,22.8,33.0,0.005997685214761341
79309,22.8,34.0,0.01302578450828966
79310,22.8,35.0,0.02540384706078646
79311,22.8,36.0,0.012955485780046508
79312,22.8,37.0,0.011038062066796132
79313,22.8,38.0,0.020264401595269443
79314,22.8,39.0,0.0103013141789147
79315,22.8,40.0,0.008821468952911216
79316,22.8,41.0,0.0162698104969003
79317,22.8,42.0,0.007872819320038988
79318,22.8,43.0,0.00271019885604093
79319,22.8,44.0,0.006151324054859502
79320,22.8,45.0,0.012236548586757134
79321,22.8,46.0,0.005762183265961355
79322,22.8,47.0,0.0015628167493525432
79323,22.8,48.0,0.0011176592240690986
79324,22.8,49.0,0.0009717942161669948
79325,22.8,50.0,0.0008429283735517895
79326,22.8,51.0,0.000727273691968751
79327,22.8,52.0,0.0006259774186591346
79328,22.8,53.0,0.0006962630083903707
79329,22.8,54.0,0.0028733783434415224
79330,22.8,55.0,0.006327490712570608
79331,22.8,56.0,0.002741978834117649
79332,22.8,57.0,0.0004317098121690622
79333,22.8,58.0,0.00022479835430717104
79334,22.8,59.0,0.00018435085093076642
79335,22.8,60.0,0.00015160631497268968
79336,22.8,61.0,0.00012401766257344856
79337,22.8,62.0,0.00010091039409133851
79338,22.8,63.0,8.167222181251692e-05
79339,22.8,64.0,6.575048275494522e-05
79340,22.8,65.0,5.265136428056781e-05
79341,22.8,66.0,4.1937874864562e-05
79342,22.8,67.0,3.3226861224115775e-05
79343,22.8,68.0,2.618534638265957e-05
79344,22.8,69.0,2.0526430649459943e-05
79345,22.8,70.0,1.6004962350806687e-05
79346,22.8,71.0,1.2413149473044769e-05
79347,22.8,72.0,9.576248792830218e-06
79348,22.8,73.0,7.348436805678217e-06
79349,22.8,74.0,5.608937676139977e-06
79350,22.9,-75.0,4.93174753916625e-14
79351,22.9,-74.0,8.28655400936261e-14
79352,22.9,-73.0,1.3849471521368895e-13
79353,22.9,-72.0,2.3023881711945633e-13
79354,22.9,-71.0,3.807237738243284e-13
79355,22.9,-70.0,6.262208962788499e-13
79356,22.9,-69.0,1.0245454329580269e-12
79357,22.9,-68.0,1.6673278159565665e-12
79358,22.9,-67.0,2.698962664407732e-12
79359,22.9,-66.0,4.3456912310231444e-12
79360,22.9,-65.0,6.95996349973622e-12
79361,22.9,-64.0,1.1087692319861744e-11
79362,22.9,-63.0,1.756958394182081e-11
79363,22.9,-62.0,2.7692865485403283e-11
79364,22.9,-61.0,4.341706108592832e-11
79365,22.9,-60.0,6.770785516971446e-11
79366,22.9,-59.0,1.0502768624171653e-10
79367,22.9,-58.0,1.6205209398250007e-10
79368,22.9,-57.0,2.487090587865777e-10
79369,22.9,-56.0,3.7967733140783935e-10
79370,22.9,-55.0,5.765325617153721e-10
79371,22.9,-54.0,8.708014043977683e-10
79372,22.9,-53.0,1.3082794178742919e-09
79373,22.9,-52.0,1.9550956330650125e-09
79374,22.9,-51.0,2.906173986824086e-09
79375,22.9,-50.0,4.2969601478809304e-09
79376,22.9,-49.0,6.3195644994710385e-09
79377,22.9,-48.0,9.244833351999357e-09
79378,22.9,-47.0,1.3452318338636582e-08
79379,22.9,-46.0,1.9470688111518018e-08
79380,22.9,-45.0,2.803183850237669e-08
79381,22.9,-44.0,4.014283007609226e-08
79382,22.9,-43.0,5.718083853209539e-08
79383,22.9,-42.0,8.101756542155348e-08
79384,22.9,-41.0,1.141810424430155e-07
79385,22.9,-40.0,1.600644842383823e-07
79386,22.9,-39.0,2.2319380448544335e-07
79387,22.9,-38.0,3.09567596510154e-07
79388,22.9,-37.0,4.2708576193446244e-07
79389,22.9,-36.0,5.860854936931985e-07
79390,22.9,-35.0,8.000058970693508e-07
79391,22.9,-34.0,1.0862050413993136e-06
79392,22.9,-33.0,1.4669555105099344e-06
79393,22.9,-32.0,1.970646349391216e-06
79394,22.9,-31.0,2.6332204258091934e-06
79395,22.9,-30.0,3.499876326334466e-06
79396,22.9,-29.0,4.627063130010681e-06
79397,22.9,-28.0,6.0864205844904575e-06
79398,22.9,-27.0,8.838019140482875e-06
79399,22.9,-26.0,8.884775532952486e-05
79400,22.9,-25.0,0.0011759461973814276
79401,22.9,-24.0,0.002873324880180017
79402,22.9,-23.0,0.0012751425855368791
79403,22.9,-22.0,0.0014457444895608009
79404,22.9,-21.0,0.003325310439673715
79405,22.9,-20.0,0.0013854797642227673
79406,22.9,-19.0,0.00025662199327904767
79407,22.9,-18.0,0.0016984546620747397
79408,22.9,-17.0,0.004085256341145762
79409,22.9,-16.0,0.001863096646623327
79410,22.9,-15.0,0.0021353852392458554
79411,22.9,-14.0,0.004813683636916455
79412,22.9,-13.0,0.0020920492951424017
79413,22.9,-12.0,0.0005220247839183226
79414,22.9,-11.0,0.002622814488262217
79415,22.9,-10.0,0.0060847677087557265
79416,22.9,-9.0,0.0029298204293632508
79417,22.9,-8.0,0.0033935303793220842
79418,22.9,-7.0,0.007341972125930153
79419,22.9,-6.0,0.0034230462951722156
79420,22.9,-5.0,0.0011874379345612905
79421,22.9,-4.0,0.004369525769516765
79422,22.9,-3.0,0.009579744040545278
79423,22.9,-2.0,0.0046619015597207745
79424,22.9,-1.0,0.001573410276440229
79425,22.9,0.0,0.0006231315837606615
79426,22.9,1.0,0.002023462073931072
79427,22.9,2.0,0.006892469763761747
79428,22.9,3.0,0.014393053596319072
79429,22.9,4.0,0.007343695304483515
79430,22.9,5.0,0.0033577269144286674
79431,22.9,6.0,0.009404178171367503
79432,22.9,7.0,0.019235180553681046
79433,22.9,8.0,0.010477116742382714
79434,22.9,9.0,0.012277702632066338
79435,22.9,10.0,0.024071107521372738
79436,22.9,11.0,0.012375203217508287
79437,22.9,12.0,0.0057368632857529465
79438,22.9,13.0,0.016134842923185372
79439,22.9,14.0,0.03307735570633487
79440,22.9,15.0,0.0176289592478689
79441,22.9,16.0,0.02145973231638067
79442,22.9,17.0,0.043235690141801335
79443,22.9,18.0,0.021050433270802988
79444,22.9,19.0,0.008578799694894456
79445,22.9,20.0,0.03160117241079894
79446,22.9,21.0,0.06906547618701853
79447,22.9,22.0,0.03371921057622231
79448,22.9,23.0,0.03712643426663969
79449,22.9,24.0,0.07825356582069258
79450,22.9,25.0,0.03535446117227356
79451,22.9,26.0,0.008938148681022945
79452,22.9,27.0,0.022320200447631198
79453,22.9,28.0,0.04630103365614937
79454,22.9,29.0,0.022819727612167755
79455,22.9,30.0,0.018560407894744974
79456,22.9,31.0,0.035021094755050095
79457,22.9,32.0,0.017015131995037146
79458,22.9,33.0,0.0059683813639954345
79459,22.9,34.0,0.01297627046971239
79460,22.9,35.0,0.025318193714005566
79461,22.9,36.0,0.012910961640677718
79462,22.9,37.0,0.010997380083812605
79463,22.9,38.0,0.02018992482559496
79464,22.9,39.0,0.010265913026817522
79465,22.9,40.0,0.008790188739981926
79466,22.9,41.0,0.016206981580851414
79467,22.9,42.0,0.007846658260692363
79468,22.9,43.0,0.002706430903596272
79469,22.9,44.0,0.006130802216979506
79470,22.9,45.0,0.012186568141308807
79471,22.9,46.0,0.005743150854705558
79472,22.9,47.0,0.0015636650013167968
79473,22.9,48.0,0.0011202145209887038
79474,22.9,49.0,0.0009745553100197566
79475,22.9,50.0,0.0008457738725145325
79476,22.9,51.0,0.0007301176376405636
79477,22.9,52.0,0.0006287416643056721
79478,22.9,53.0,0.0006979885857285183
79479,22.9,54.0,0.002862126989294393
79480,22.9,55.0,0.006296043607556592
79481,22.9,56.0,0.0027303467607029033
79482,22.9,57.0,0.0004326928473195293
79483,22.9,58.0,0.00022649625517149078
79484,22.9,59.0,0.00018586222496790752
79485,22.9,60.0,0.00015293073516816415
79486,22.9,61.0,0.00012516774139026692
79487,22.9,62.0,0.00010190046490149937
79488,22.9,63.0,8.25174925602836e-05
79489,22.9,64.0,6.646637408300392e-05
79490,22.9,65.0,5.325299768288938e-05
79491,22.9,66.0,4.243969358617668e-05
79492,22.9,67.0,3.3642365668016206e-05
79493,22.9,68.0,2.652692575177717e-05
79494,22.9,69.0,2.0805273254814224e-05
79495,22.9,70.0,1.623102826388004e-05
79496,22.9,71.0,1.2595190814936975e-05
79497,22.9,72.0,9.721864779902228e-06
79498,22.9,73.0,7.464152581111592e-06
79499,22.9,74.0,5.700297845084149e-06
79500,23.0,-75.0,4.5461013521456354e-14
79501,23.0,-74.0,7.642644026418652e-14
79502,23.0,-73.0,1.278010015521486e-13
79503,23.0,-72.0,2.125744139057121e-13
79504,23.0,-71.0,3.517011844141831e-13
79505,23.0,-70.0,5.787923454485397e-13
79506,23.0,-69.0,9.474533473274401e-13
79507,23.0,-68.0,1.5426911835091884e-12
79508,23.0,-67.0,2.498539778482454e-12
79509,23.0,-66.0,4.0251275420829886e-12
79510,23.0,-65.0,6.449991343496266e-12
79511,23.0,-64.0,1.02807482591988e-11
79512,23.0,-63.0,1.629958043707203e-11
79513,23.0,-62.0,2.5704800267202626e-11
79514,23.0,-61.0,4.032163642338378e-11
79515,23.0,-60.0,6.291412668699619e-11
79516,23.0,-59.0,9.764371699271407e-11
79517,23.0,-58.0,1.5073931648291275e-10
79518,23.0,-57.0,2.314700938070445e-10
79519,23.0,-56.0,3.5354877867442107e-10
79520,23.0,-55.0,5.371429781721612e-10
79521,23.0,-54.0,8.117392989950634e-10
79522,23.0,-53.0,1.2201953048260394e-09
79523,23.0,-52.0,1.8244343285245916e-09
79524,23.0,-51.0,2.71339630860704e-09
79525,23.0,-50.0,4.014064379486674e-09
79526,23.0,-49.0,5.9066542173508935e-09
79527,23.0,-48.0,8.645395635216327e-09
79528,23.0,-47.0,1.2586770400782326e-08
79529,23.0,-46.0,1.8227615661139972e-08
79530,23.0,-45.0,2.6256179512853864e-08
79531,23.0,-44.0,3.762004625117782e-08
79532,23.0,-43.0,5.361585608558011e-08
79533,23.0,-42.0,7.600694892932143e-08
79534,23.0,-41.0,1.071764824699914e-07
79535,23.0,-40.0,1.5032522358522163e-07
79536,23.0,-39.0,2.0972509268633933e-07
79537,23.0,-38.0,2.910416429947848e-07
79538,23.0,-37.0,4.017409533639032e-07
79539,23.0,-36.0,5.515988529599537e-07
79540,23.0,-35.0,7.533328986113559e-07
79541,23.0,-34.0,1.0233799754829745e-06
79542,23.0,-33.0,1.3828446327656877e-06
79543,23.0,-32.0,1.8586450967654927e-06
79544,23.0,-31.0,2.484885074314649e-06
79545,23.0,-30.0,3.3044796713722027e-06
79546,23.0,-29.0,4.3710631462525694e-06
79547,23.0,-28.0,5.752776464930968e-06
79548,23.0,-27.0,8.376393139198207e-06
79549,23.0,-26.0,8.567536586341379e-05
79550,23.0,-25.0,0.001136499101257198
79551,23.0,-24.0,0.0027772553028270024
79552,23.0,-23.0,0.0012322259278830206
79553,23.0,-22.0,0.0013968918800859717
79554,23.0,-21.0,0.0032134715751773396
79555,23.0,-20.0,0.0013383653447678336
79556,23.0,-19.0,0.0002470707671407215
79557,23.0,-18.0,0.0016402074682441894
79558,23.0,-17.0,0.003946509342709113
79559,23.0,-16.0,0.0017987886021323062
79560,23.0,-15.0,0.002061340961983911
79561,23.0,-14.0,0.004648767325724407
79562,23.0,-13.0,0.0020187074481945524
79563,23.0,-12.0,0.0005012782437546882
79564,23.0,-11.0,0.0025300608504564906
79565,23.0,-10.0,0.005873615534938048
79566,23.0,-9.0,0.002825479248072706
79567,23.0,-8.0,0.003272266825884349
79568,23.0,-7.0,0.0070847098889994
79569,23.0,-6.0,0.003299445353327545
79570,23.0,-5.0,0.0011397640489990194
79571,23.0,-4.0,0.00421100430598319
79572,23.0,-3.0,0.00924012377219128
79573,23.0,-2.0,0.004492011991252968
79574,23.0,-1.0,0.0015100219205529692
79575,23.0,0.0,0.0006051772847463728
79576,23.0,1.0,0.0019439907242487138
79577,23.0,2.0,0.006641882414765181
79578,23.0,3.0,0.013879047093677963
79579,23.0,4.0,0.007077653148370531
79580,23.0,5.0,0.0032319663382307877
79581,23.0,6.0,0.009063098730953368
79582,23.0,7.0,0.01854403025276499
79583,23.0,8.0,0.010099862476900293
79584,23.0,9.0,0.011833212467843444
79585,23.0,10.0,0.023200140801374086
79586,23.0,11.0,0.01193132683490937
79587,23.0,12.0,0.005535775807767188
79588,23.0,13.0,0.015546346435432144
79589,23.0,14.0,0.03185686898454066
79590,23.0,15.0,0.01698976736624523
79591,23.0,16.0,0.020658745659235322
79592,23.0,17.0,0.041587814951835805
79593,23.0,18.0,0.020272270908987595
79594,23.0,19.0,0.008281655853335337
79595,23.0,20.0,0.030273986959299518
79596,23.0,21.0,0.06606912956952236
79597,23.0,22.0,0.03237874123680653
79598,23.0,23.0,0.03788935779847423
79599,23.0,24.0,0.08202577247041572
79600,23.0,25.0,0.036993513511797416
79601,23.0,26.0,0.009254170073980005
79602,23.0,27.0,0.023150266407499665
79603,23.0,28.0,0.04808484920814256
79604,23.0,29.0,0.02367651909462278
79605,23.0,30.0,0.0192303722758832
79606,23.0,31.0,0.0363119891206582
79607,23.0,32.0,0.01763253311806035
79608,23.0,33.0,0.006173069734959978
79609,23.0,34.0,0.013436334220616093
79610,23.0,35.0,0.02622747715213528
79611,23.0,36.0,0.013373629583253856
79612,23.0,37.0,0.011388555727676905
79613,23.0,38.0,0.020908529877936895
79614,23.0,39.0,0.010633747512969919
79615,23.0,40.0,0.009104118201078638
79616,23.0,41.0,0.016780648274506316
79617,23.0,42.0,0.008128730541969015
79618,23.0,43.0,0.002809070840537414
79619,23.0,44.0,0.006351106171436907
79620,23.0,45.0,0.012615113399106235
79621,23.0,46.0,0.005949750985277521
79622,23.0,47.0,0.0016261059969460323
79623,23.0,48.0,0.0011669562404263408
79624,23.0,49.0,0.0010157810614850877
79625,23.0,50.0,0.0008820217482561158
79626,23.0,51.0,0.0007618145078574699
79627,23.0,52.0,0.0006563680818247119
79628,23.0,53.0,0.000727276564034925
79629,23.0,54.0,0.002963299632542114
79630,23.0,55.0,0.006511682860434214
79631,23.0,56.0,0.002825938446374198
79632,23.0,57.0,0.000450770336412398
79633,23.0,58.0,0.00023718716395557758
79634,23.0,59.0,0.0001947594573409051
79635,23.0,60.0,0.00016033697940392373
79636,23.0,61.0,0.00013129939539628676
79637,23.0,62.0,0.0001069492800326541
79638,23.0,63.0,8.665210391506423e-05
79639,23.0,64.0,6.983392721328015e-05
79640,23.0,65.0,5.598090659696657e-05
79641,23.0,66.0,4.463746231514198e-05
79642,23.0,67.0,3.540341640237208e-05
79643,23.0,68.0,2.793038725365154e-05
79644,23.0,69.0,2.1917693470082272e-05
79645,23.0,70.0,1.7107984492300556e-05
79646,23.0,71.0,1.3282779233886786e-05
79647,23.0,72.0,1.0258058433763425e-05
79648,23.0,73.0,7.8800230937729e-06
79649,23.0,74.0,6.021101098813492e-06
79650,23.1,-75.0,4.1949052723414765e-14
79651,23.1,-74.0,7.055991768437004e-14
79652,23.1,-73.0,1.1805382968952458e-13
79653,23.1,-72.0,1.9646636163704755e-13
79654,23.1,-71.0,3.252238841590696e-13
79655,23.1,-70.0,5.355040621558858e-13
79656,23.1,-69.0,8.770598177701791e-13
79657,23.1,-68.0,1.4288339694884356e-12
79658,23.1,-67.0,2.3153701313410536e-12
79659,23.1,-66.0,3.732030581545974e-12
79660,23.1,-65.0,5.983510654455464e-12
79661,23.1,-64.0,9.542299666771734e-12
79662,23.1,-63.0,1.5136872084833578e-11
79663,23.1,-62.0,2.3883905177260965e-11
79664,23.1,-61.0,3.748526998920695e-11
79665,23.1,-60.0,5.851969523262669e-11
79666,23.1,-59.0,9.087189311136943e-11
79667,23.1,-58.0,1.403599495022533e-10
79668,23.1,-57.0,2.1564676053425488e-10
79669,23.1,-56.0,3.295556649539581e-10
79670,23.1,-55.0,5.009573259692662e-10
79671,23.1,-54.0,7.574584078072632e-10
79672,23.1,-53.0,1.1392078193709641e-09
79673,23.1,-52.0,1.7042497233525409e-09
79674,23.1,-51.0,2.5360021405988808e-09
79675,23.1,-50.0,3.753635593621199e-09
79676,23.1,-49.0,5.5263795832705786e-09
79677,23.1,-48.0,8.093109664049038e-09
79678,23.1,-47.0,1.1788980560990749e-08
79679,23.1,-46.0,1.708138936851831e-08
79680,23.1,-45.0,2.4618197463442744e-08
79681,23.1,-44.0,3.529193174421971e-08
79682,23.1,-43.0,5.032464699479533e-08
79683,23.1,-42.0,7.137928246628072e-08
79684,23.1,-41.0,1.0070470528456027e-07
79685,23.1,-40.0,1.413232138516512e-07
79686,23.1,-39.0,1.97271080371016e-07
79687,23.1,-38.0,2.7390473498385905e-07
79688,23.1,-37.0,3.782874097808247e-07
79689,23.1,-36.0,5.196734220008574e-07
79690,23.1,-35.0,7.101097070769331e-07
79691,23.1,-34.0,9.651766052716981e-07
79692,23.1,-33.0,1.3048921128165363e-06
79693,23.1,-32.0,1.7548056383673531e-06
79694,23.1,-31.0,2.3473085200989253e-06
79695,23.1,-30.0,3.123188872379985e-06
79696,23.1,-29.0,4.133457882977942e-06
79697,23.1,-28.0,5.442994427308059e-06
79698,23.1,-27.0,7.947410113912094e-06
79699,23.1,-26.0,8.270895599687962e-05
79700,23.1,-25.0,0.0010995682997905509
79701,23.1,-24.0,0.0026873079747964717
79702,23.1,-23.0,0.0011920488379385625
79703,23.1,-22.0,0.0013511588090127915
79704,23.1,-21.0,0.0031087650083139076
79705,23.1,-20.0,0.0012942633617602274
79706,23.1,-19.0,0.00023814201491548887
79707,23.1,-18.0,0.0015856874474172028
79708,23.1,-17.0,0.0038166207236272833
79709,23.1,-16.0,0.0017385992463616652
79710,23.1,-15.0,0.0019920399674789617
79711,23.1,-14.0,0.004494389443079732
79712,23.1,-13.0,0.001950070226148152
79713,23.1,-12.0,0.00048188692976135043
79714,23.1,-11.0,0.0024432582576553166
79715,23.1,-10.0,0.005675969401584611
79716,23.1,-9.0,0.002727833220511002
79717,23.1,-8.0,0.0031587830196247546
79718,23.1,-7.0,0.006843909998895441
79719,23.1,-6.0,0.0031837741307950283
79720,23.1,-5.0,0.0010951717601312813
79721,23.1,-4.0,0.004062646477857857
79722,23.1,-3.0,0.008922237963972806
79723,23.1,-2.0,0.004333001645770327
79724,23.1,-1.0,0.0014506966474813537
79725,23.1,0.0,0.0005883738720979086
79726,23.1,1.0,0.0018695820843821574
79727,23.1,2.0,0.0064072999496741214
79728,23.1,3.0,0.013397896790361314
79729,23.1,4.0,0.0068285663915401175
79730,23.1,5.0,0.003114157867099736
79731,23.1,6.0,0.008743780847235243
79732,23.1,7.0,0.017897104357785017
79733,23.1,8.0,0.009746644003559044
79734,23.1,9.0,0.01141711795887458
79735,23.1,10.0,0.022385047138449677
79736,23.1,11.0,0.011515752278644735
79737,23.1,12.0,0.0053473236860293325
79738,23.1,13.0,0.01499569368449208
79739,23.1,14.0,0.030715350977713014
79740,23.1,15.0,0.01639171788736856
79741,23.1,16.0,0.019910022558903923
79742,23.1,17.0,0.040048275097930006
79743,23.1,18.0,0.019544877822789037
79744,23.1,19.0,0.008003991341518552
79745,23.1,20.0,0.02904212040209555
79746,23.1,21.0,0.0632905794282643
79747,23.1,22.0,0.031137389483778064
79748,23.1,23.0,0.03662121837823264
79749,23.1,24.0,0.0860374752992175
79750,23.1,25.0,0.03873237415659324
79751,23.1,26.0,0.009582216309816066
79752,23.1,27.0,0.024009295887985813
79753,23.1,28.0,0.04993393841038054
79754,23.1,29.0,0.02456342925326734
79755,23.1,30.0,0.019922096369314045
79756,23.1,31.0,0.03764616296962637
79757,23.1,32.0,0.018270014370172505
79758,23.1,33.0,0.00638363338082499
79759,23.1,34.0,0.013910637390619722
79760,23.1,35.0,0.027165724787734387
79761,23.1,36.0,0.013850842483493189
79762,23.1,37.0,0.011791835469435909
79763,23.1,38.0,0.021649631291478802
79764,23.1,39.0,0.011013091066671534
79765,23.1,40.0,0.009427797435875969
79766,23.1,41.0,0.01737210999175746
79767,23.1,42.0,0.008419659029620403
79768,23.1,43.0,0.002915067524791105
79769,23.1,44.0,0.006578320429396521
79770,23.1,45.0,0.01305684980685149
79771,23.1,46.0,0.0061628695851192
79772,23.1,47.0,0.0016907276403146747
79773,23.1,48.0,0.0012154015897149842
79774,23.1,49.0,0.0010585355424012426
79775,23.1,50.0,0.0009196361539507256
79776,23.1,51.0,0.0007947258732533655
79777,23.1,52.0,0.0006850694181953782
79778,23.1,53.0,0.0007576649939279062
79779,23.1,54.0,0.0030676304806970416
79780,23.1,55.0,0.006733770771506218
79781,23.1,56.0,0.002924482468424279
79782,23.1,57.0,0.0004695358467067383
79783,23.1,58.0,0.0002483326698389794
79784,23.1,59.0,0.00020404111848822915
79785,23.1,60.0,0.00016806772941341545
79786,23.1,61.0,0.00013770342767519943
79787,23.1,62.0,0.00011222543023534587
79788,23.1,63.0,9.09753876516511e-05
79789,23.1,64.0,7.335718511944025e-05
79790,23.1,65.0,5.883659197993921e-05
79791,23.1,66.0,4.6939500873295834e-05
79792,23.1,67.0,3.724907848483387e-05
79793,23.1,68.0,2.9402124107230898e-05
79794,23.1,69.0,2.3084899450824115e-05
79795,23.1,70.0,1.8028656974241154e-05
79796,23.1,71.0,1.4005056701837482e-05
79797,23.1,72.0,1.0821624863516434e-05
79798,23.1,73.0,8.317373143168304e-06
79799,23.1,74.0,6.358665862242751e-06
79800,23.2,-75.0,4.009855894022683e-14
79801,23.2,-74.0,6.748326113710528e-14
79802,23.2,-73.0,1.1296644600056441e-13
79803,23.2,-72.0,1.881000787199993e-13
79804,23.2,-71.0,3.115405600834236e-13
79805,23.2,-70.0,5.132468857662387e-13
79806,23.2,-69.0,8.410545350631424e-13
79807,23.2,-68.0,1.3709073298509285e-12
79808,23.2,-67.0,2.2226861715759476e-12
79809,23.2,-66.0,3.5845472060876714e-12
79810,23.2,-65.0,5.750115499451995e-12
79811,23.2,-64.0,9.174976061736097e-12
79812,23.2,-63.0,1.4561946090746416e-11
79813,23.2,-62.0,2.2988996045514002e-11
79814,23.2,-61.0,3.609995825806397e-11
79815,23.2,-60.0,5.638706651949326e-11
79816,23.2,-59.0,8.760691971930699e-11
79817,23.2,-58.0,1.353890146661099e-10
79818,23.2,-57.0,2.081203521163696e-10
79819,23.2,-56.0,3.1822316007608317e-10
79820,23.2,-55.0,4.839885907967722e-10
79821,23.2,-54.0,7.32191312712281e-10
79822,23.2,-53.0,1.1017933011666386e-09
79823,23.2,-52.0,1.6491561992648097e-09
79824,23.2,-51.0,2.455328270954302e-09
79825,23.2,-50.0,3.636163861940797e-09
79826,23.2,-49.0,5.356282051107413e-09
79827,23.2,-48.0,7.848190581455163e-09
79828,23.2,-47.0,1.1438307184705556e-08
79829,23.2,-46.0,1.6582121196695335e-08
79830,23.2,-45.0,2.3911373952449544e-08
79831,23.2,-44.0,3.429691829943122e-08
79832,23.2,-43.0,4.893186766010271e-08
79833,23.2,-42.0,6.944078463121965e-08
79834,23.2,-41.0,9.802200675226178e-08
79835,23.2,-40.0,1.3763177639120583e-07
79836,23.2,-39.0,1.9222063808921864e-07
79837,23.2,-38.0,2.6703458355358964e-07
79838,23.2,-37.0,3.68995638572566e-07
79839,23.2,-36.0,5.071789524403395e-07
79840,23.2,-35.0,6.934058965804996e-07
79841,23.2,-34.0,9.429750992356013e-07
79842,23.2,-33.0,1.2755555928028451e-06
79843,23.2,-32.0,1.7162681414782083e-06
79844,23.2,-31.0,2.296982114273888e-06
79845,23.2,-30.0,3.0578556893567386e-06
79846,23.2,-29.0,4.049146862370711e-06
79847,23.2,-28.0,5.334846507894378e-06
79848,23.2,-27.0,7.811598964934041e-06
79849,23.2,-26.0,8.2720812250971e-05
79850,23.2,-25.0,0.001102111562338577
79851,23.2,-24.0,0.0026938190476623854
79852,23.2,-23.0,0.0011946718406978822
79853,23.2,-22.0,0.0013539452971424828
79854,23.2,-21.0,0.0031156686649622626
79855,23.2,-20.0,0.0012966503039097625
79856,23.2,-19.0,0.00023780262313849278
79857,23.2,-18.0,0.001588141261362287
79858,23.2,-17.0,0.0038238046168299926
79859,23.2,-16.0,0.0017408936147262676
79860,23.2,-15.0,0.001994342083557576
79861,23.2,-14.0,0.004501476618277254
79862,23.2,-13.0,0.0019515572819422935
79863,23.2,-12.0,0.00047992017938591
79864,23.2,-11.0,0.002444339962904932
79865,23.2,-10.0,0.005682329137223453
79866,23.2,-9.0,0.0027283300607433498
79867,23.2,-8.0,0.0031589578428171602
79868,23.2,-7.0,0.006849173910813827
79869,23.2,-6.0,0.0031826989631268195
79870,23.2,-5.0,0.0010901637699076035
79871,23.2,-4.0,0.004060534531492921
79872,23.2,-3.0,0.00892525772147004
79873,23.2,-2.0,0.004329979251259425
79874,23.2,-1.0,0.0014437796844379528
79875,23.2,0.0,0.0005926125447554554
79876,23.2,1.0,0.0018626230560645446
79877,23.2,2.0,0.006403321843241911
79878,23.2,3.0,0.013398700579304762
79879,23.2,4.0,0.00682518246470135
79880,23.2,5.0,0.003108462173614897
79881,23.2,6.0,0.00873911176931336
79882,23.2,7.0,0.017894145082615484
79883,23.2,8.0,0.009744049420323404
79884,23.2,9.0,0.011411882790621141
79885,23.2,10.0,0.02237571612324398
79886,23.2,11.0,0.01151441152091752
79887,23.2,12.0,0.005350903732729363
79888,23.2,13.0,0.01498504046824728
79889,23.2,14.0,0.03068078535838603
79890,23.2,15.0,0.0163838608656909
79891,23.2,16.0,0.019879516336394867
79892,23.2,17.0,0.039955227592493696
79893,23.2,18.0,0.01952229034376275
79894,23.2,19.0,0.008014391228255525
79895,23.2,20.0,0.02887018841442465
79896,23.2,21.0,0.06282787017379823
79897,23.2,22.0,0.031032827138011605
79898,23.2,23.0,0.03754482984821837
79899,23.2,24.0,0.08688375549058774
79900,23.2,25.0,0.03903989648684521
79901,23.2,26.0,0.009545904485763014
79902,23.2,27.0,0.02395164972344395
79903,23.2,28.0,0.0498793001607287
79904,23.2,29.0,0.024512680929979123
79905,23.2,30.0,0.019851615490066445
79906,23.2,31.0,0.03754118508105496
79907,23.2,32.0,0.01820849624636881
79908,23.2,33.0,0.006349255592004523
79909,23.2,34.0,0.013852066371779718
79910,23.2,35.0,0.027064065202729474
79911,23.2,36.0,0.013797653897055508
79912,23.2,37.0,0.011743387949767111
79913,23.2,38.0,0.021561631451610698
79914,23.2,39.0,0.010970643665785618
79915,23.2,40.0,0.009390335282006414
79916,23.2,41.0,0.017298143531429777
79917,23.2,42.0,0.00838814414195115
79918,23.2,43.0,0.002909514378422143
79919,23.2,44.0,0.006553601618416716
79920,23.2,45.0,0.012998372797331393
79921,23.2,46.0,0.00614000272131953
79922,23.2,47.0,0.0016907674183578825
79923,23.2,48.0,0.0012174824852004182
79924,23.2,49.0,0.0010609339101492943
79925,23.2,50.0,0.0009222110705706129
79926,23.2,51.0,0.0007973757393807548
79927,23.2,52.0,0.0006877006841164911
79928,23.2,53.0,0.0007591836647796306
79929,23.2,54.0,0.0030544788103265773
79930,23.2,55.0,0.006697748280243889
79931,23.2,56.0,0.002911002586972967
79932,23.2,57.0,0.00047041975359275
79933,23.2,58.0,0.00025006613101577756
79934,23.2,59.0,0.00020559587141624026
79935,23.2,60.0,0.000169438664667636
79936,23.2,61.0,0.00013890066575887282
79937,23.2,62.0,0.00011326148328090522
79938,23.2,63.0,9.186419420352132e-05
79939,23.2,64.0,7.411334286915001e-05
79940,23.2,65.0,5.947475237944039e-05
79941,23.2,66.0,4.7473908686724516e-05
79942,23.2,67.0,3.769323787058718e-05
79943,23.2,68.0,2.976857239509336e-05
79944,23.2,69.0,2.338507019527125e-05
79945,23.2,70.0,1.8272814923075907e-05
79946,23.2,71.0,1.4202288829773663e-05
79947,23.2,72.0,1.0979873413973495e-05
79948,23.2,73.0,8.443498553648169e-06
79949,23.2,74.0,6.458529401109725e-06
79950,23.3,-75.0,3.831901539847831e-14
79951,23.3,-74.0,6.452277349793e-14
79952,23.3,-73.0,1.080681757603532e-13
79953,23.3,-72.0,1.800398826598888e-13
79954,23.3,-71.0,2.9834978519601236e-13
79955,23.3,-70.0,4.917777156542789e-13
79956,23.3,-69.0,8.063026155258057e-13
79957,23.3,-68.0,1.314962595587002e-12
79958,23.3,-67.0,2.133117790067384e-12
79959,23.3,-66.0,3.441932772976609e-12
79960,23.3,-65.0,5.5242845035077625e-12
79961,23.3,-64.0,8.819334152172926e-12
79962,23.3,-63.0,1.400495333531948e-11
79963,23.3,-62.0,2.212145262844615e-11
79964,23.3,-61.0,3.475615500261467e-11
79965,23.3,-60.0,5.43170176425693e-11
79966,23.3,-59.0,8.443572073770967e-11
79967,23.3,-58.0,1.3055773916920613e-10
79968,23.3,-57.0,2.0080065939173544e-10
79969,23.3,-56.0,3.071947264496823e-10
79970,23.3,-55.0,4.67464338150799e-10
79971,23.3,-54.0,7.075698548396397e-10
79972,23.3,-53.0,1.0653106458253927e-09
79973,23.3,-52.0,1.5953990174918451e-09
79974,23.3,-51.0,2.376558352241011e-09
79975,23.3,-50.0,3.5213869711424943e-09
79976,23.3,-49.0,5.189973421512077e-09
79977,23.3,-48.0,7.608562725079261e-09
79978,23.3,-47.0,1.109497247079241e-08
79979,23.3,-46.0,1.609296055430918e-08
79980,23.3,-45.0,2.3218372870351373e-08
79981,23.3,-44.0,3.332067084489261e-08
79982,23.3,-43.0,4.756437748709371e-08
79983,23.3,-42.0,6.753610816512112e-08
79984,23.3,-41.0,9.538418768187725e-08
79985,23.3,-40.0,1.3399941276107614e-07
79986,23.3,-39.0,1.8724730518128742e-07
79987,23.3,-38.0,2.602642102529771e-07
79988,23.3,-37.0,3.5983180663831646e-07
79989,23.3,-36.0,4.948469637897349e-07
79990,23.3,-35.0,6.769063426072399e-07
79991,23.3,-34.0,9.210275804529581e-07
79992,23.3,-33.0,1.2465311920054046e-06
79993,23.3,-32.0,1.6781092676811307e-06
79994,23.3,-31.0,2.247108429617466e-06
79995,23.3,-30.0,2.993055031454322e-06
79996,23.3,-29.0,3.965450407884824e-06
79997,23.3,-28.0,5.227391457352293e-06
79998,23.3,-27.0,7.676370035051312e-06
79999,23.3,-26.0,8.271760429424332e-05
80000,23.3,-25.0,0.0011044206430847376
80001,23.3,-24.0,0.0026997535977193333
80002,23.3,-23.0,0.001197042166044158
80003,23.3,-22.0,0.0013564454320307698
80004,23.3,-21.0,0.003121907007664926
80005,23.3,-20.0,0.0012987652963336903
80006,23.3,-19.0,0.00023742071494978485
80007,23.3,-18.0,0.0015902623607154701
80008,23.3,-17.0,0.003830174737534766
80009,23.3,-16.0,0.0017428248426703007
80010,23.3,-15.0,0.0019962275095996474
80011,23.3,-14.0,0.004507607476420075
80012,23.3,-13.0,0.0019526389215083248
80013,23.3,-12.0,0.0004778659363834083
80014,23.3,-11.0,0.002444911162147052
80015,23.3,-10.0,0.005687480754832905
80016,23.3,-9.0,0.0027282542654421373
80017,23.3,-8.0,0.003158466384119188
80018,23.3,-7.0,0.006852975833857153
80019,23.3,-6.0,0.0031809463880598443
80020,23.3,-5.0,0.0010849233824806953
80021,23.3,-4.0,0.004057548171162993
80022,23.3,-3.0,0.00892635407099515
80023,23.3,-2.0,0.004326007590957302
80024,23.3,-1.0,0.0014365200735354151
80025,23.3,0.0,0.0005967472283154196
80026,23.3,1.0,0.001855200995545301
80027,23.3,2.0,0.006397900245092055
80028,23.3,3.0,0.013396557964123883
80029,23.3,4.0,0.006820228306825212
80030,23.3,5.0,0.003101966873539927
80031,23.3,6.0,0.008732451858176478
80032,23.3,7.0,0.017887269402729743
80033,23.3,8.0,0.009739215169238764
80034,23.3,9.0,0.011404084706899102
80035,23.3,10.0,0.022361591951231777
80036,23.3,11.0,0.011510451220922842
80037,23.3,12.0,0.00535310541848623
80038,23.3,13.0,0.014971232655079138
80039,23.3,14.0,0.030640171267587446
80040,23.3,15.0,0.016372607662464372
80041,23.3,16.0,0.019845446483102106
80042,23.3,17.0,0.03985567744829628
80043,23.3,18.0,0.019496224370604134
80044,23.3,19.0,0.008023458449876062
80045,23.3,20.0,0.02869996298612858
80046,23.3,21.0,0.062371449006380336
80047,23.3,22.0,0.03093385790537848
80048,23.3,23.0,0.03852429234470518
80049,23.3,24.0,0.08780720551377662
80050,23.3,25.0,0.039377797682853204
80051,23.3,26.0,0.00950971388306467
80052,23.3,27.0,0.02388791569819211
80053,23.3,28.0,0.049812231193381344
80054,23.3,29.0,0.024455547206848265
80055,23.3,30.0,0.019775322756083843
80056,23.3,31.0,0.037425289794816845
80057,23.3,32.0,0.01814151813874656
80058,23.3,33.0,0.006312754573098217
80059,23.3,34.0,0.01378911830811496
80060,23.3,35.0,0.026954098717712514
80061,23.3,36.0,0.013740088623720531
80062,23.3,37.0,0.011691161388139932
80063,23.3,38.0,0.021466925730197844
80064,23.3,39.0,0.010924660962686428
80065,23.3,40.0,0.009349823375617326
80066,23.3,41.0,0.017218784039492497
80067,23.3,42.0,0.008353910179906674
80068,23.3,43.0,0.00290289451523015
80069,23.3,44.0,0.0065267549751589935
80070,23.3,45.0,0.012935875680582175
80071,23.3,46.0,0.0061151686575190035
80072,23.3,47.0,0.0016901777180362242
80073,23.3,48.0,0.0012190914592716893
80074,23.3,49.0,0.0010629227998050007
80075,23.3,50.0,0.0009244323437138154
80076,23.3,51.0,0.0007997222691647032
80077,23.3,52.0,0.0006900729924975953
80078,23.3,53.0,0.0007604335251253129
80079,23.3,54.0,0.003040399724293976
80080,23.3,55.0,0.0066597460334863485
80081,23.3,56.0,0.002896652057913693
80082,23.3,57.0,0.00047114912876813556
80083,23.3,58.0,0.0002517138846050288
80084,23.3,59.0,0.00020708163762571456
80085,23.3,60.0,0.00017075412865649094
80086,23.3,61.0,0.00014005364294172577
80087,23.3,62.0,0.00011426249857899603
80088,23.3,63.0,9.27254886863227e-05
80089,23.3,64.0,7.484807798940154e-05
80090,23.3,65.0,6.009637579108292e-05
80091,23.3,66.0,4.7995665596623916e-05
80092,23.3,67.0,3.8127810201515445e-05
80093,23.3,68.0,3.0127827421124616e-05
80094,23.3,69.0,2.367990055909212e-05
80095,23.3,70.0,1.851305285862029e-05
80096,23.3,71.0,1.4396678804932701e-05
80097,23.3,72.0,1.1136089107261932e-05
80098,23.3,73.0,8.568191939399218e-06
80099,23.3,74.0,6.5574016196271366e-06
80100,23.4,-75.0,3.660750687025725e-14
80101,23.4,-74.0,6.16737317613214e-14
80102,23.4,-73.0,1.0335141097402616e-13
80103,23.4,-72.0,1.7227358843384837e-13
80104,23.4,-71.0,2.8563215574777005e-13
80105,23.4,-70.0,4.710658299850113e-13
80106,23.4,-69.0,7.727556964969619e-13
80107,23.4,-68.0,1.2609240704340906e-12
80108,23.4,-67.0,2.0465471882623293e-12
80109,23.4,-66.0,3.3040050155439872e-12
80110,23.4,-65.0,5.305737267044547e-12
80111,23.4,-64.0,8.474945042224896e-12
80112,23.4,-63.0,1.3465241540155773e-11
80113,23.4,-62.0,2.1280288592561428e-11
80114,23.4,-61.0,3.345237726760957e-11
80115,23.4,-60.0,5.230733167908112e-11
80116,23.4,-59.0,8.135500084972214e-11
80117,23.4,-58.0,1.258612524961343e-10
80118,23.4,-57.0,1.936805243527619e-10
80119,23.4,-56.0,2.96459903423363e-10
80120,23.4,-55.0,4.51369366541615e-10
80121,23.4,-54.0,6.8357206632899e-10
80122,23.4,-53.0,1.029728283031458e-09
80123,23.4,-52.0,1.5429330571849846e-09
80124,23.4,-51.0,2.299628248318278e-09
80125,23.4,-50.0,3.4092142481470118e-09
80126,23.4,-49.0,5.027326188799815e-09
80127,23.4,-48.0,7.374047739962104e-09
80128,23.4,-47.0,1.0758728233129437e-08
80129,23.4,-46.0,1.5613563849972654e-08
80130,23.4,-45.0,2.2538720936072324e-08
80131,23.4,-44.0,3.236254066893367e-08
80132,23.4,-43.0,4.622129158899888e-08
80133,23.4,-42.0,6.566405169180741e-08
80134,23.4,-41.0,9.278962446333118e-08
80135,23.4,-40.0,1.3042393844121318e-07
80136,23.4,-39.0,1.8234815502984946e-07
80137,23.4,-38.0,2.5358971045961616e-07
80138,23.4,-37.0,3.5079072519011704e-07
80139,23.4,-36.0,4.826705869533041e-07
80140,23.4,-35.0,6.606019846084064e-07
80141,23.4,-34.0,8.993221390881328e-07
80142,23.4,-33.0,1.21780330671783e-06
80143,23.4,-32.0,1.6403086375041543e-06
80144,23.4,-31.0,2.1976609280051947e-06
80145,23.4,-30.0,2.9287524380039356e-06
80146,23.4,-29.0,3.882323891154002e-06
80147,23.4,-28.0,5.120571594805156e-06
80148,23.4,-27.0,7.541631125706302e-06
80149,23.4,-26.0,8.269763617833848e-05
80150,23.4,-25.0,0.0011064717154117194
80151,23.4,-24.0,0.0027050532344694753
80152,23.4,-23.0,0.001199134073505118
80153,23.4,-22.0,0.0013586301734732041
80154,23.4,-21.0,0.003127412932314037
80155,23.4,-20.0,0.0013005807175567822
80156,23.4,-19.0,0.00023699172152285859
80157,23.4,-18.0,0.0015920172575375998
80158,23.4,-17.0,0.0038356496448270962
80159,23.4,-16.0,0.0017443565207929932
80160,23.4,-15.0,0.0019976547822168136
80161,23.4,-14.0,0.004512687149804438
80162,23.4,-13.0,0.001953275159238199
80163,23.4,-12.0,0.0004757160653916159
80164,23.4,-11.0,0.0024449223861675983
80165,23.4,-10.0,0.005691306456187351
80166,23.4,-9.0,0.0027275512243345214
80167,23.4,-8.0,0.003157245718959196
80168,23.4,-7.0,0.006855175623829393
80169,23.4,-6.0,0.0031784540663676343
80170,23.4,-5.0,0.001079432928036678
80171,23.4,-4.0,0.0040536084168105915
80172,23.4,-3.0,0.008925347296126325
80173,23.4,-2.0,0.004321003174721712
80174,23.4,-1.0,0.001428894865125567
80175,23.4,0.0,0.0006007632448394243
80176,23.4,1.0,0.0018472847750823005
80177,23.4,2.0,0.006390911028638556
80178,23.4,3.0,0.013391201350002683
80179,23.4,4.0,0.00681357096650314
80180,23.4,5.0,0.003094615036830441
80181,23.4,6.0,0.00872363012170451
80182,23.4,7.0,0.01787612086897774
80183,23.4,8.0,0.009731948265430508
80184,23.4,9.0,0.011393497870092303
80185,23.4,10.0,0.02234222937635821
80186,23.4,11.0,0.011503640183418519
80187,23.4,12.0,0.005353818227556299
80188,23.4,13.0,0.014953969292917636
80189,23.4,14.0,0.030592898515376745
80190,23.4,15.0,0.01635762441828001
80191,23.4,16.0,0.019807403810443158
80192,23.4,17.0,0.0397488137552448
80193,23.4,18.0,0.019466271455420143
80194,23.4,19.0,0.00803098076611453
80195,23.4,20.0,0.02853040466245532
80196,23.4,21.0,0.06191896756624001
80197,23.4,22.0,0.030840164067922584
80198,23.4,23.0,0.03957020202758383
80199,23.4,24.0,0.08882452838510899
80200,23.4,25.0,0.03975267403322485
80201,23.4,26.0,0.00947368954967399
80202,23.4,27.0,0.023816582714041967
80203,23.4,28.0,0.049729508830862086
80204,23.4,29.0,0.024390464477537212
80205,23.4,30.0,0.019691956928181206
80206,23.4,31.0,0.03729605322822184
80207,23.4,32.0,0.01806791738345369
80208,23.4,33.0,0.0062737403826871535
80209,23.4,34.0,0.013720917307273428
80210,23.4,35.0,0.026834095270976834
80211,23.4,36.0,0.013677267554590457
80212,23.4,37.0,0.011634410431828035
80213,23.4,38.0,0.021364141163963398
80214,23.4,39.0,0.010874442704840054
80215,23.4,40.0,0.009305663222012607
80216,23.4,41.0,0.017132932323910298
80217,23.4,42.0,0.00831641974988213
80218,23.4,43.0,0.0028950160258716727
80219,23.4,44.0,0.006497360226385165
80220,23.4,45.0,0.012868534458459287
80221,23.4,46.0,0.006087972893759694
80222,23.4,47.0,0.0016888428514494922
80223,23.4,48.0,0.0012201428075939848
80224,23.4,49.0,0.0010644267675664146
80225,23.4,50.0,0.0009262337568359406
80226,23.4,51.0,0.0008017076613637251
80227,23.4,52.0,0.0006921360449234843
80228,23.4,53.0,0.000761360607446287
80229,23.4,54.0,0.003025198386229087
80230,23.4,55.0,0.006619345144014608
80231,23.4,56.0,0.002881246267658
80232,23.4,57.0,0.0004716905446205303
80233,23.4,58.0,0.0002532566749684361
80234,23.4,59.0,0.00020848243284174204
80235,23.4,60.0,0.00017200084426385716
80236,23.4,61.0,0.000141151391679522
80237,23.4,62.0,0.00011521946662649798
80238,23.4,63.0,9.355191114580115e-05
80239,23.4,64.0,7.555541147011017e-05
80240,23.4,65.0,6.0696632066750674e-05
80241,23.4,66.0,4.850089129928662e-05
80242,23.4,67.0,3.854969561659432e-05
80243,23.4,68.0,3.047742662378468e-05
80244,23.4,69.0,2.396744519363935e-05
80245,23.4,70.0,1.874784261536249e-05
80246,23.4,71.0,1.4587032905822043e-05
80247,23.4,72.0,1.1289344702972673e-05
80248,23.4,73.0,8.69073709862749e-06
80249,23.4,74.0,6.6547324336556e-06
80250,23.5,-75.0,3.4960917069086396e-14
80251,23.5,-74.0,5.89310637439601e-14
80252,23.5,-73.0,9.880794164717162e-14
80253,23.5,-72.0,1.6478798052594854e-13
80254,23.5,-71.0,2.7336651629488203e-13
80255,23.5,-70.0,4.5107754963362713e-13
80256,23.5,-69.0,7.403604562161438e-13
80257,23.5,-68.0,1.2087077971580814e-12
80258,23.5,-67.0,1.962842895981886e-12
80259,23.5,-66.0,3.170559186557347e-12
80260,23.5,-65.0,5.094156660054711e-12
80261,23.5,-64.0,8.141320200197667e-12
80262,23.5,-63.0,1.2942062203794847e-11
80263,23.5,-62.0,2.0464363303884774e-11
80264,23.5,-61.0,3.218689617703736e-11
80265,23.5,-60.0,5.0355402136993785e-11
80266,23.5,-59.0,7.836085132147372e-11
80267,23.5,-58.0,1.2129372400771344e-10
80268,23.5,-57.0,1.8675129511024333e-10
80269,23.5,-56.0,2.860059196710914e-10
80270,23.5,-55.0,4.3568492135763607e-10
80271,23.5,-54.0,6.601705475151187e-10
80272,23.5,-53.0,9.950063867642309e-10
80273,23.5,-52.0,1.4917007221529741e-09
80274,23.5,-51.0,2.2244550795406083e-09
80275,23.5,-50.0,3.2995270197404854e-09
80276,23.5,-49.0,4.868171257103018e-09
80277,23.5,-48.0,7.144405845067287e-09
80278,23.5,-47.0,1.0429236075466124e-08
80279,23.5,-46.0,1.514345575545375e-08
80280,23.5,-45.0,2.18717535676095e-08
80281,23.5,-44.0,3.142160281593106e-08
80282,23.5,-43.0,4.4901328397470725e-08
80283,23.5,-42.0,6.382284737133207e-08
80284,23.5,-41.0,9.023588905316226e-08
80285,23.5,-40.0,1.269020328481709e-07
80286,23.5,-39.0,1.7751866544706083e-07
80287,23.5,-38.0,2.4700495092866917e-07
80288,23.5,-37.0,3.41864109660674e-07
80289,23.5,-36.0,4.706386760035889e-07
80290,23.5,-35.0,6.444778858097953e-07
80291,23.5,-34.0,8.778388355166197e-07
80292,23.5,-33.0,1.189345420230913e-06
80293,23.5,-32.0,1.602831120396831e-06
80294,23.5,-31.0,2.1485932401855698e-06
80295,23.5,-30.0,2.8648869316207528e-06
80296,23.5,-29.0,3.799687418694439e-06
80297,23.5,-28.0,5.014282575388184e-06
80298,23.5,-27.0,7.407219783373636e-06
80299,23.5,-26.0,8.265833823306468e-05
80300,23.5,-25.0,0.0011082290970576465
80301,23.5,-24.0,0.002709630562898975
80302,23.5,-23.0,0.0012009089841680419
80303,23.5,-22.0,0.001360455951867514
80304,23.5,-21.0,0.003132085855459369
80305,23.5,-20.0,0.001302055058914947
80306,23.5,-19.0,0.0002365086013697315
80307,23.5,-18.0,0.0015933555062101234
80308,23.5,-17.0,0.003840106947584322
80309,23.5,-16.0,0.0017454336918325995
80310,23.5,-15.0,0.0019985612271984535
80311,23.5,-14.0,0.0045165727121667274
80312,23.5,-13.0,0.001953405334187338
80313,23.5,-12.0,0.0004734575839376553
80314,23.5,-11.0,0.002444298361014415
80315,23.5,-10.0,0.005693628066148123
80316,23.5,-9.0,0.002726137607489752
80317,23.5,-8.0,0.0031551997207092627
80318,23.5,-7.0,0.006855560638768049
80319,23.5,-6.0,0.0031751263561311787
80320,23.5,-5.0,0.0010736638433906237
80321,23.5,-4.0,0.004048593902163662
80322,23.5,-3.0,0.008921963669393003
80323,23.5,-2.0,0.004314837428541728
80324,23.5,-1.0,0.0014208667762640257
80325,23.5,0.0,0.000604639185547026
80326,23.5,1.0,0.0018388245975472276
80327,23.5,2.0,0.006382163422481438
80328,23.5,3.0,0.013382222552062034
80329,23.5,4.0,0.006805006419359346
80330,23.5,5.0,0.003086317974498989
80331,23.5,6.0,0.00871238458637332
80332,23.5,7.0,0.01786015573333594
80333,23.5,8.0,0.009721954029098647
80334,23.5,9.0,0.011379777514112113
80335,23.5,10.0,0.02231694947807812
80336,23.5,11.0,0.011493626835935388
80337,23.5,12.0,0.005352875516952682
80338,23.5,13.0,0.01493279353476656
80339,23.5,14.0,0.03053803854626535
80340,23.5,15.0,0.016338406377820216
80341,23.5,16.0,0.019764774117622834
80342,23.5,17.0,0.03963341653795291
80343,23.5,18.0,0.01943182100928361
80344,23.5,19.0,0.008036664231107118
80345,23.5,20.0,0.028360237929292043
80346,23.5,21.0,0.06146759000622998
80347,23.5,22.0,0.030751479160668324
80348,23.5,23.0,0.040697366033867165
80349,23.5,24.0,0.08995945542894355
80350,23.5,25.0,0.04017389407332013
80351,23.5,26.0,0.009437889954850263
80352,23.5,27.0,0.023735490979071495
80353,23.5,28.0,0.04962653008891583
80354,23.5,29.0,0.02431519956101672
80355,23.5,30.0,0.019599725087167043
80356,23.5,31.0,0.037150035576327456
80357,23.5,32.0,0.01798604277438343
80358,23.5,33.0,0.006231657903878049
80359,23.5,34.0,0.013646220513963678
80360,23.5,35.0,0.026701602579751817
80361,23.5,36.0,0.01360794428355744
80362,23.5,37.0,0.011572078402817012
80363,23.5,38.0,0.02125133215043921
80364,23.5,39.0,0.010818996817456992
80365,23.5,40.0,0.009257007016759062
80366,23.5,41.0,0.017039031031099685
80367,23.5,42.0,0.008274912047787885
80368,23.5,43.0,0.002885607961384118
80369,23.5,44.0,0.006464822597620836
80370,23.5,45.0,0.012795181799415571
80371,23.5,46.0,0.006057857257833996
80372,23.5,47.0,0.0016866000615281989
80373,23.5,48.0,0.0012205162550268961
80374,23.5,49.0,0.0010653400291014178
80375,23.5,50.0,0.0009275225372964356
80376,23.5,51.0,0.0008032509939946563
80377,23.5,52.0,0.0006938194700288452
80378,23.5,53.0,0.0007618892285890076
80379,23.5,54.0,0.0030085990170694446
80380,23.5,55.0,0.006575951645044955
80381,23.5,56.0,0.0028645237598652526
80382,23.5,57.0,0.00047199710023813635
80383,23.5,58.0,0.0002546676420101474
80384,23.5,59.0,0.00020977596948187864
80385,23.5,60.0,0.00017316030306797905
80386,23.5,61.0,0.00014217862579880386
80387,23.5,62.0,0.00011611983167280673
80388,23.5,63.0,9.43332050918989e-05
80389,23.5,64.0,7.622701101399881e-05
80390,23.5,65.0,6.126878929464737e-05
80391,23.5,66.0,4.8984176787852644e-05
80392,23.5,67.0,3.8954571965071266e-05
80393,23.5,68.0,3.0813935346027036e-05
80394,23.5,69.0,2.424498974935287e-05
80395,23.5,70.0,1.8975050927606323e-05
80396,23.5,71.0,1.4771683813254654e-05
80397,23.5,72.0,1.143834426074214e-05
80398,23.5,73.0,8.81013232229195e-06
80399,23.5,74.0,6.749751851036542e-06
80400,23.6,-75.0,3.337576379779071e-14
80401,23.6,-74.0,5.628906914058924e-14
80402,23.6,-73.0,9.442848625708886e-14
80403,23.6,-72.0,1.5756802673753077e-13
80404,23.6,-71.0,2.61528650183136e-13
80405,23.6,-70.0,4.317740684321305e-13
80406,23.6,-69.0,7.090550376012659e-13
80407,23.6,-68.0,1.1582156941289764e-12
80408,23.6,-67.0,1.881850208532741e-12
80409,23.6,-66.0,3.0413525437781942e-12
80410,23.6,-65.0,4.8891637846013785e-12
80411,23.6,-64.0,7.817871265419783e-12
80412,23.6,-63.0,1.2434506419062795e-11
80413,23.6,-62.0,1.9672279878094538e-11
80414,23.6,-61.0,3.095757584817563e-11
80415,23.6,-60.0,4.84579797750437e-11
80416,23.6,-59.0,7.544835417957352e-11
80417,23.6,-58.0,1.1684774738168325e-10
80418,23.6,-57.0,1.8000187367515266e-10
80419,23.6,-56.0,2.7581622798460224e-10
80420,23.6,-55.0,4.2038645223908237e-10
80421,23.6,-54.0,6.373290525720905e-10
80422,23.6,-53.0,9.610917045447079e-10
80423,23.6,-52.0,1.4416241516911e-09
80424,23.6,-51.0,2.1509255514339734e-09
80425,23.6,-50.0,3.1921612169619165e-09
80426,23.6,-49.0,4.712272150490806e-09
80427,23.6,-48.0,6.919297801364012e-09
80428,23.6,-47.0,1.0106011604070476e-08
80429,23.6,-46.0,1.4681947808129182e-08
80430,23.6,-45.0,2.1216496748190097e-08
80431,23.6,-44.0,3.049648554708957e-08
80432,23.6,-43.0,4.360256477846696e-08
80433,23.6,-42.0,6.200981112968363e-08
80434,23.6,-41.0,8.77192520496318e-08
80435,23.6,-40.0,1.2342853709811852e-07
80436,23.6,-39.0,1.7275173157401778e-07
80437,23.6,-38.0,2.4050018965153394e-07
80438,23.6,-37.0,3.330386602841003e-07
80439,23.6,-36.0,4.5873315296450295e-07
80440,23.6,-35.0,6.285095796721405e-07
80441,23.6,-34.0,8.565446998519954e-07
80442,23.6,-33.0,1.1611132952697286e-06
80443,23.6,-32.0,1.5656176163325952e-06
80444,23.6,-31.0,2.0998267491901027e-06
80445,23.6,-30.0,2.801354382838101e-06
80446,23.6,-29.0,3.7174036629310206e-06
80447,23.6,-28.0,4.9083439931406565e-06
80448,23.6,-27.0,7.272858623745971e-06
80449,23.6,-26.0,8.259568654758493e-05
80450,23.6,-25.0,0.0011096373384337022
80451,23.6,-24.0,0.0027133498235631702
80452,23.6,-23.0,0.0012023069147729022
80453,23.6,-22.0,0.001361854975283041
80454,23.6,-21.0,0.003135769372441052
80455,23.6,-20.0,0.0013031236633990306
80456,23.6,-19.0,0.00023596020104249923
80457,23.6,-18.0,0.0015941983979352635
80458,23.6,-17.0,0.0038433559870943205
80459,23.6,-16.0,0.0017459704887748582
80460,23.6,-15.0,0.001998848824445191
80461,23.6,-14.0,0.004519041129310041
80462,23.6,-13.0,0.0019529343385951093
80463,23.6,-12.0,0.0004710694574905384
80464,23.6,-11.0,0.0024429208230614162
80465,23.6,-10.0,0.005694166784108814
80466,23.6,-9.0,0.002723882241984467
80467,23.6,-8.0,0.0031521769527214395
80468,23.6,-7.0,0.006853797421076854
80469,23.6,-6.0,0.003170812141693986
80470,23.6,-5.0,0.00106756945002831
80471,23.6,-4.0,0.0040423126529244005
80472,23.6,-3.0,0.008915772805667414
80473,23.6,-2.0,0.004307306669488876
80474,23.6,-1.0,0.0014123746650133453
80475,23.6,0.0,0.0006083424144504786
80476,23.6,1.0,0.001829739559708292
80477,23.6,2.0,0.006371355588762172
80478,23.6,3.0,0.013368979079189755
80479,23.6,4.0,0.0067942121663493674
80480,23.6,5.0,0.0030769340227984263
80481,23.6,6.0,0.008698301623582943
80482,23.6,7.0,0.01783851811079899
80483,23.6,8.0,0.009708768235854932
80484,23.6,9.0,0.011362380632618385
80485,23.6,10.0,0.022284683969640208
80486,23.6,11.0,0.011479858905415847
80487,23.6,12.0,0.005350016928992493
80488,23.6,13.0,0.014906988710508945
80489,23.6,14.0,0.030474132487049898
80490,23.6,15.0,0.01631416393251053
80491,23.6,16.0,0.01971660134208593
80492,23.6,17.0,0.03950758394314313
80493,23.6,18.0,0.019391925306161278
80494,23.6,19.0,0.008040075704122752
80495,23.6,20.0,0.028187752834475086
80496,23.6,21.0,0.06101356783210487
80497,23.6,22.0,0.030667593067134947
80498,23.6,23.0,0.04192778332294143
80499,23.6,24.0,0.09124781974838903
80500,23.6,25.0,0.04065559901064445
80501,23.6,26.0,0.009402395499764932
80502,23.6,27.0,0.02364136373339642
80503,23.6,28.0,0.049496317126136474
80504,23.6,29.0,0.024226366608404836
80505,23.6,30.0,0.01949591883979841
80506,23.6,31.0,0.036982048996754925
80507,23.6,32.0,0.017893402035507697
80508,23.6,33.0,0.006185667078947574
80509,23.6,34.0,0.013563152866656472
80510,23.6,35.0,0.026552924764390466
80511,23.6,36.0,0.013530239799590922
80512,23.6,37.0,0.011502572273833464
80513,23.6,38.0,0.021125566762245775
80514,23.6,39.0,0.01075682857866056
80515,23.6,40.0,0.009202577475847828
80516,23.6,41.0,0.01693473353153008
80517,23.6,42.0,0.008228241484371087
80518,23.6,43.0,0.0028742633489837357
80519,23.6,44.0,0.0064282467618334066
80520,23.6,45.0,0.012714058828611633
80521,23.6,46.0,0.006023981709125246
80522,23.6,47.0,0.0016832057043154203
80523,23.6,48.0,0.001220032179429652
80524,23.6,49.0,0.0010655047382539847
80525,23.6,50.0,0.0009281603643750998
80526,23.6,51.0,0.0008042317067315017
80527,23.6,52.0,0.0006950184980486058
80528,23.6,53.0,0.0007619064560950216
80529,23.6,54.0,0.0029901864167220936
80530,23.6,55.0,0.0065286697652923754
80531,23.6,56.0,0.002846090693317479
80532,23.6,57.0,0.00047199879154697
80533,23.6,58.0,0.00025590692906317803
80534,23.6,59.0,0.0002109291927605077
80535,23.6,60.0,0.00017420506473130463
80536,23.6,61.0,0.0001431126889003943
80537,23.6,62.0,0.00011694498867398433
80538,23.6,63.0,9.505417529803928e-05
80539,23.6,64.0,7.685053367999913e-05
80540,23.6,65.0,6.180287590619769e-05
80541,23.6,66.0,4.94375100790393e-05
80542,23.6,67.0,3.9336036789210984e-05
80543,23.6,68.0,3.113226517946499e-05
80544,23.6,69.0,2.4508512206542384e-05
80545,23.6,70.0,1.9191516013719814e-05
80546,23.6,71.0,1.4948159555698282e-05
80547,23.6,72.0,1.1581165674074606e-05
80548,23.6,73.0,8.924891222023363e-06
80549,23.6,74.0,6.841316713119465e-06
80550,23.7,-75.0,3.1847820217523023e-14
80551,23.7,-74.0,5.3740778785078985e-14
80552,23.7,-73.0,9.020161346803732e-14
80553,23.7,-72.0,1.5059507314633663e-13
80554,23.7,-71.0,2.500882738796909e-13
80555,23.7,-70.0,4.131064747133118e-13
80556,23.7,-69.0,6.787608457305204e-13
80557,23.7,-68.0,1.10932211226886e-12
80558,23.7,-67.0,1.8033692714777676e-12
80559,23.7,-66.0,2.9160688121288033e-12
80560,23.7,-65.0,4.690260651410512e-12
80561,23.7,-64.0,7.503818073502922e-12
80562,23.7,-63.0,1.1941358081866582e-11
80563,23.7,-62.0,1.8902152143009468e-11
80564,23.7,-61.0,2.976150539363286e-11
80565,23.7,-60.0,4.661059456229692e-11
80566,23.7,-59.0,7.261067905303783e-11
80567,23.7,-58.0,1.1251293695389452e-10
80568,23.7,-57.0,1.7341654600167831e-10
80569,23.7,-56.0,2.658671684592983e-10
80570,23.7,-55.0,4.054385091586105e-10
80571,23.7,-54.0,6.149947240727829e-10
80572,23.7,-53.0,9.279058052538884e-10
80573,23.7,-52.0,1.3925875292453125e-09
80574,23.7,-51.0,2.078869464074121e-09
80575,23.7,-50.0,3.086867919132907e-09
80576,23.7,-49.0,4.5592665579184456e-09
80577,23.7,-48.0,6.698198768866699e-09
80578,23.7,-47.0,9.78829815612409e-09
80579,23.7,-46.0,1.4227954300086007e-08
80580,23.7,-45.0,2.0571400008030836e-08
80581,23.7,-44.0,2.9584985137350884e-08
80582,23.7,-43.0,4.232188328602996e-08
80583,23.7,-42.0,6.022055371007094e-08
80584,23.7,-41.0,8.523356258819986e-08
80585,23.7,-40.0,1.1999487219455682e-07
80586,23.7,-39.0,1.6803544391281914e-07
80587,23.7,-38.0,2.3405897124662954e-07
80588,23.7,-37.0,3.242917472798907e-07
80589,23.7,-36.0,4.469230429039533e-07
80590,23.7,-35.0,6.126548676767207e-07
80591,23.7,-34.0,8.353825131962677e-07
80592,23.7,-33.0,1.1330297108606284e-06
80593,23.7,-32.0,1.5285644006375957e-06
80594,23.7,-31.0,2.0512227868116306e-06
80595,23.7,-30.0,2.7379702832154e-06
80596,23.7,-29.0,3.6352282829554636e-06
80597,23.7,-28.0,4.802433677527787e-06
80598,23.7,-27.0,7.138055807443218e-06
80599,23.7,-26.0,8.250293024607061e-05
80600,23.7,-25.0,0.0011106039046240418
80601,23.7,-24.0,0.0027159845187010893
80602,23.7,-23.0,0.0012032277261432105
80603,23.7,-22.0,0.0013627140085020464
80604,23.7,-21.0,0.0031382023493686387
80605,23.7,-20.0,0.0013036784467689378
80606,23.7,-19.0,0.00023532765672583714
80607,23.7,-18.0,0.0015944141998157741
80608,23.7,-17.0,0.0038450780220516604
80609,23.7,-16.0,0.001745823055659253
80610,23.7,-15.0,0.00199835324060724
80611,23.7,-14.0,0.00451971906654007
80612,23.7,-13.0,0.0019517024380965508
80613,23.7,-12.0,0.0004685155486252702
80614,23.7,-11.0,0.002440590849166383
80615,23.7,-10.0,0.005692455003138289
80616,23.7,-9.0,0.0027205641843863373
80617,23.7,-8.0,0.003147922191969611
80618,23.7,-7.0,0.0068493258083507135
80619,23.7,-6.0,0.0031652562035613826
80620,23.7,-5.0,0.0010610690571854276
80621,23.7,-4.0,0.004034440175039253
80622,23.7,-3.0,0.00890605032372381
80623,23.7,-2.0,0.004298066227688074
80624,23.7,-1.0,0.0014033125565111272
80625,23.7,0.0,0.0006118192626575184
80626,23.7,1.0,0.001819890292185271
80627,23.7,2.0,0.0063579771597756995
80628,23.7,3.0,0.013350388631572068
80629,23.7,4.0,0.006780643239823563
80630,23.7,5.0,0.0030662219414415675
80631,23.7,6.0,0.00868068283399223
80632,23.7,7.0,0.01780976618053835
80633,23.7,8.0,0.00969160828668143
80634,23.7,9.0,0.011340391982218298
80635,23.7,10.0,0.022243633663878198
80636,23.7,11.0,0.011461407246614888
80637,23.7,12.0,0.005344805989625816
80638,23.7,13.0,0.014875350290016673
80639,23.7,14.0,0.03039872596081676
80640,23.7,15.0,0.016283572629120474
80641,23.7,16.0,0.01966128716191882
80642,23.7,17.0,0.03936813306462363
80643,23.7,18.0,0.019345003253330495
80644,23.7,19.0,0.008040517598977602
80645,23.7,20.0,0.028010378339643652
80646,23.7,21.0,0.0605513276480141
80647,23.7,22.0,0.030588369335807608
80648,23.7,23.0,0.0432971480030407
80649,23.7,24.0,0.09274870011225204
80650,23.7,25.0,0.04122109609200426
80651,23.7,26.0,0.009367326411341786
80652,23.7,27.0,0.023528779376160963
80653,23.7,28.0,0.04932733574117831
80654,23.7,29.0,0.02411836685899372
80655,23.7,30.0,0.019376071218965056
80656,23.7,31.0,0.03678355002852966
80657,23.7,32.0,0.017785887442840227
80658,23.7,33.0,0.006134379456407375
80659,23.7,34.0,0.013468624098462055
80660,23.7,35.0,0.026381976750582375
80661,23.7,36.0,0.013441059459563287
80662,23.7,37.0,0.011423268071495945
80663,23.7,38.0,0.02098201757104903
80664,23.7,39.0,0.01068547729452329
80665,23.7,40.0,0.009140271844446516
80666,23.7,41.0,0.016816176125980114
80667,23.7,42.0,0.008174523049598526
80668,23.7,43.0,0.002860314049081196
80669,23.7,44.0,0.00638615982503673
80670,23.7,45.0,0.012622269498218769
80671,23.7,46.0,0.005984964601856494
80672,23.7,47.0,0.0016782610530488135
80673,23.7,48.0,0.0012183972928599815
80674,23.7,49.0,0.0010646633791861926
80675,23.7,50.0,0.0009279217548831697
80676,23.7,51.0,0.0008044534182985045
80677,23.7,52.0,0.0006955625885977048
80678,23.7,53.0,0.0007612280654698895
80679,23.7,54.0,0.002969277431988387
80680,23.7,55.0,0.006476023244380192
80681,23.7,56.0,0.0028252987457706527
80682,23.7,57.0,0.00047158140978564796
80683,23.7,58.0,0.00025690989404465015
80684,23.7,59.0,0.00021188852444208747
80685,23.7,60.0,0.00017509067132572516
80686,23.7,61.0,0.00014391688869176212
80687,23.7,62.0,0.00011766481743461462
80688,23.7,63.0,9.569022959266622e-05
80689,23.7,64.0,7.740600887331312e-05
80690,23.7,65.0,6.22827617281261e-05
80691,23.7,66.0,4.984793311594396e-05
80692,23.7,67.0,3.9683736463072824e-05
80693,23.7,68.0,3.142418809664515e-05
80694,23.7,69.0,2.475150904316018e-05
80695,23.7,70.0,1.939212517632363e-05
80696,23.7,71.0,1.5112462535160484e-05
80697,23.7,72.0,1.1714700129293215e-05
80698,23.7,73.0,9.032609236769153e-06
80699,23.7,74.0,6.927577234005768e-06
80700,23.8,-75.0,3.037107892890483e-14
80701,23.8,-74.0,5.1276202319658656e-14
80702,23.8,-73.0,8.61107936490945e-14
80703,23.8,-72.0,1.438419092708014e-13
80704,23.8,-71.0,2.39000821389835e-13
80705,23.8,-70.0,3.950021464110597e-13
80706,23.8,-69.0,6.493601377694361e-13
80707,23.8,-68.0,1.0618371168055682e-12
80708,23.8,-67.0,1.7270952379490907e-12
80709,23.8,-66.0,2.7942211705652566e-12
80710,23.8,-65.0,4.4966737426973206e-12
80711,23.8,-64.0,7.197937734052139e-12
80712,23.8,-63.0,1.146069355197128e-11
80713,23.8,-62.0,1.8150969298207836e-11
80714,23.8,-61.0,2.8593995983538716e-11
80715,23.8,-60.0,4.480598085934987e-11
80716,23.8,-59.0,6.983662350782962e-11
80717,23.8,-58.0,1.0827210642660902e-10
80718,23.8,-57.0,1.6696907681087492e-10
80719,23.8,-56.0,2.5611889146094273e-10
80720,23.8,-55.0,3.907808638994199e-10
80721,23.8,-54.0,5.930769857908155e-10
80722,23.8,-53.0,8.953131486192581e-10
80723,23.8,-52.0,1.34438903510642e-09
80724,23.8,-51.0,2.0079877970225856e-09
80725,23.8,-50.0,2.9832062862060037e-09
80726,23.8,-49.0,4.4085077766918125e-09
80727,23.8,-48.0,6.480164747221482e-09
80728,23.8,-47.0,9.474724585653486e-09
80729,23.8,-46.0,1.3779493525139204e-08
80730,23.8,-45.0,1.9933613387834715e-08
80731,23.8,-44.0,2.8683023265286018e-08
80732,23.8,-43.0,4.1053476716931694e-08
80733,23.8,-42.0,5.844684710729938e-08
80734,23.8,-41.0,8.27672205341871e-08
80735,23.8,-40.0,1.1658476500207309e-07
80736,23.8,-39.0,1.6334708719982763e-07
80737,23.8,-38.0,2.2764974558894291e-07
80738,23.8,-37.0,3.1557976734438446e-07
80739,23.8,-36.0,4.3514838455542533e-07
80740,23.8,-35.0,5.968317046163227e-07
80741,23.8,-34.0,8.142405726543251e-07
80742,23.8,-33.0,1.104943345001896e-06
80743,23.8,-32.0,1.491467504542043e-06
80744,23.8,-31.0,2.0025077968083877e-06
80745,23.8,-30.0,2.6743695862124017e-06
80746,23.8,-29.0,3.5526765868407593e-06
80747,23.8,-28.0,4.695911065628211e-06
80748,23.8,-27.0,7.001838144540081e-06
80749,23.8,-26.0,8.236722007623209e-05
80750,23.8,-25.0,0.0011109533574646308
80751,23.8,-24.0,0.0027171053113042238
80752,23.8,-23.0,0.0012034815092476228
80753,23.8,-22.0,0.001362818220537232
80754,23.8,-21.0,0.003138889519872866
80755,23.8,-20.0,0.0013035142310019977
80756,23.8,-19.0,0.0002345748524822941
80757,23.8,-18.0,0.001593752614666898
80758,23.8,-17.0,0.0038446679338829427
80759,23.8,-16.0,0.0017447178611092436
80760,23.8,-15.0,0.001996761840735893
80761,23.8,-14.0,0.004517897095187459
80762,23.8,-13.0,0.001949405348953356
80763,23.8,-12.0,0.0004657258859063912
80764,23.8,-11.0,0.002436929077283945
80765,23.8,-10.0,0.005687602834876924
80766,23.8,-9.0,0.0027157616443495127
80767,23.8,-8.0,0.0031419479916396315
80768,23.8,-7.0,0.006841078507453387
80769,23.8,-6.0,0.003157970339100217
80770,23.8,-5.0,0.0010540057080333585
80771,23.8,-4.0,0.004024355354010238
80772,23.8,-3.0,0.00889141402696624
80773,23.8,-2.0,0.004286455808230014
80774,23.8,-1.0,0.001393473878176782
80775,23.8,0.0,0.0006149691673419467
80776,23.8,1.0,0.0018090062652079831
80777,23.8,2.0,0.006341050871305848
80778,23.8,3.0,0.013324384593579128
80779,23.8,4.0,0.006763256539719438
80780,23.8,5.0,0.0030537172510767987
80781,23.8,6.0,0.008658192181420821
80782,23.8,7.0,0.01777114660818015
80783,23.8,8.0,0.009668978749455558
80784,23.8,9.0,0.011312062874589579
80785,23.8,10.0,0.022190363259527796
80786,23.8,11.0,0.01143649896511332
80787,23.8,12.0,0.005336411804418856
80788,23.8,13.0,0.01483558137219044
80789,23.8,14.0,0.030307135666838077
80790,23.8,15.0,0.01624411057372739
80791,23.8,16.0,0.01959579439799893
80792,23.8,17.0,0.03920901036351714
80793,23.8,18.0,0.019288055057894674
80794,23.8,19.0,0.008036697085606583
80795,23.8,20.0,0.027823559741562094
80796,23.8,21.0,0.0600710723535106
80797,23.8,22.0,0.030513797106524958
80798,23.8,23.0,0.04487205211617908
80799,23.8,24.0,0.0945741073894831
80800,23.8,25.0,0.0419145606209792
80801,23.8,26.0,0.009332888208175837
80802,23.8,27.0,0.02338743529620608
80803,23.8,28.0,0.0490976926103797
80804,23.8,29.0,0.023980566731412887
80805,23.8,30.0,0.019231710424178615
80806,23.8,31.0,0.03653835840014645
80807,23.8,32.0,0.01765571275539474
80808,23.8,33.0,0.0060751553069243285
80809,23.8,34.0,0.013356774574793732
80810,23.8,35.0,0.0261772313382672
80811,23.8,36.0,0.013334539063482745
80812,23.8,37.0,0.011329192387094388
80813,23.8,38.0,0.020811538222139242
80814,23.8,39.0,0.010600281346129073
80815,23.8,40.0,0.009066106320390508
80816,23.8,41.0,0.01667603786000379
80817,23.8,42.0,0.008110187102413588
80818,23.8,43.0,0.0028424974531241196
80819,23.8,44.0,0.006335772987205873
80820,23.8,45.0,0.012514325855842612
80821,23.8,46.0,0.00593819043590958
80822,23.8,47.0,0.0016710148825218633
80823,23.8,48.0,0.0012150602246646604
80824,23.8,49.0,0.001062332228481029
80825,23.8,50.0,0.0009263834866846078
80826,23.8,51.0,0.0008035478104187283
80827,23.8,52.0,0.0006951321157201278
80828,23.8,53.0,0.0007595080646336716
80829,23.8,54.0,0.00294457832025943
80830,23.8,55.0,0.0064152120105006386
80831,23.8,56.0,0.0028009195849017635
80832,23.8,57.0,0.00047053046636265426
80833,23.8,58.0,0.00025755585504657437
80834,23.8,59.0,0.00021255400591657447
80835,23.8,60.0,0.0001757342242017542
80836,23.8,61.0,0.0001445228413873774
80837,23.8,62.0,0.00011822320926525654
80838,23.8,63.0,9.619557722787693e-05
80839,23.8,64.0,7.785626635871614e-05
80840,23.8,65.0,6.267843564161061e-05
80841,23.8,66.0,5.019134475106736e-05
80842,23.8,67.0,3.997841963292149e-05
80843,23.8,68.0,3.16744090012302e-05
80844,23.8,69.0,2.4961893498422514e-05
80845,23.8,70.0,1.9567378192632258e-05
80846,23.8,71.0,1.5257165584476072e-05
80847,23.8,72.0,1.1833172286440914e-05
80848,23.8,73.0,9.128819569074813e-06
80849,23.8,74.0,7.005097211343334e-06
80850,23.9,-75.0,2.893376076832989e-14
80851,23.9,-74.0,4.887557813073131e-14
80852,23.9,-73.0,8.21230435464661e-14
80853,23.9,-72.0,1.3725376695305024e-13
80854,23.9,-71.0,2.281758181148007e-13
80855,23.9,-70.0,3.773123909121203e-13
80856,23.9,-69.0,6.206097960226862e-13
80857,23.9,-68.0,1.0153652424286416e-12
80858,23.9,-67.0,1.6523881299914133e-12
80859,23.9,-66.0,2.674779264927414e-12
80860,23.9,-65.0,4.306752720148629e-12
80861,23.9,-64.0,6.897600437103972e-12
80862,23.9,-63.0,1.0988343745603151e-11
80863,23.9,-62.0,1.7412155951885542e-11
80864,23.9,-61.0,2.7444730289752035e-11
80865,23.9,-60.0,4.3028033054400206e-11
80866,23.9,-59.0,6.710117537709715e-11
80867,23.9,-58.0,1.040866111663285e-10
80868,23.9,-57.0,1.6060006555058364e-10
80869,23.9,-56.0,2.4648056166717433e-10
80870,23.9,-55.0,3.762753248887636e-10
80871,23.9,-54.0,5.713666817136812e-10
80872,23.9,-53.0,8.629987998977928e-10
80873,23.9,-52.0,1.2965568978811243e-09
80874,23.9,-51.0,1.9375774734623815e-09
80875,23.9,-50.0,2.8801339206129067e-09
80876,23.9,-49.0,4.258458280042008e-09
80877,23.9,-48.0,6.2629395765524085e-09
80878,23.9,-47.0,9.161997267962814e-09
80879,23.9,-46.0,1.3331782107213367e-08
80880,23.9,-45.0,1.9296225739375177e-08
80881,23.9,-44.0,2.7780666021330343e-08
80882,23.9,-43.0,3.978313999634316e-08
80883,23.9,-42.0,5.666848351545248e-08
80884,23.9,-41.0,8.029162720264068e-08
80885,23.9,-40.0,1.1315795094238352e-07
80886,23.9,-39.0,1.5863026530086416e-07
80887,23.9,-38.0,2.2119393060553252e-07
80888,23.9,-37.0,3.0679379124367396e-07
80889,23.9,-36.0,4.2325896368733525e-07
80890,23.9,-35.0,5.808340169645596e-07
80891,23.9,-34.0,7.928376385192888e-07
80892,23.9,-33.0,1.076472364923235e-06
80893,23.9,-32.0,1.453811211925018e-06
80894,23.9,-31.0,1.9529888513716146e-06
80895,23.9,-30.0,2.609626093715827e-06
80896,23.9,-29.0,3.4685170095765953e-06
80897,23.9,-28.0,4.587146462039043e-06
80898,23.9,-27.0,6.861739743932904e-06
80899,23.9,-26.0,8.215697451097645e-05
80900,23.9,-25.0,0.0011102558553861936
80901,23.9,-24.0,0.0027156604461010974
80902,23.9,-23.0,0.0012026028648763072
80903,23.9,-22.0,0.0013616409711061479
80904,23.9,-21.0,0.0031366170886677354
80905,23.9,-20.0,0.0013021278130411517
80906,23.9,-19.0,0.0002336126294678128
80907,23.9,-18.0,0.0015915993504490764
80908,23.9,-17.0,0.003840641563063402
80909,23.9,-16.0,0.0017419832161685868
80910,23.9,-15.0,0.0019933065919054585
80911,23.9,-14.0,0.0045118339454857225
80912,23.9,-13.0,0.0019452948090596318
80913,23.9,-12.0,0.0004625262801278208
80914,23.9,-11.0,0.0024310018087833505
80915,23.9,-10.0,0.005677423564246233
80916,23.9,-9.0,0.002708435684717546
80917,23.9,-8.0,0.003133053273078226
80918,23.9,-7.0,0.006826430450391228
80919,23.9,-6.0,0.003147750173950277
80920,23.9,-5.0,0.0010459873219949014
80921,23.9,-4.0,0.0040105251345662575
80922,23.9,-3.0,0.008868460436416948
80923,23.9,-2.0,0.004270844569384054
80924,23.9,-1.0,0.0013823417426620413
80925,23.9,0.0,0.000617548164539042
80926,23.9,1.0,0.001796412578257356
80927,23.9,2.0,0.006318163647957214
80928,23.9,3.0,0.013285874991967615
80929,23.9,4.0,0.006739477100662578
80930,23.9,5.0,0.0030382680195351792
80931,23.9,6.0,0.008627532733005086
80932,23.9,7.0,0.017715874393189602
80933,23.9,8.0,0.009637192351984793
80934,23.9,9.0,0.011273081737135697
80935,23.9,10.0,0.02211640728634989
80936,23.9,11.0,0.01140076705781155
80937,23.9,12.0,0.005322790851396721
80938,23.9,13.0,0.0147820257026273
80939,23.9,14.0,0.03018782310968576
80940,23.9,15.0,0.016189574034996337
80941,23.9,16.0,0.01951265872691542
80942,23.9,17.0,0.03901532627151646
80943,23.9,18.0,0.01921371693270055
80944,23.9,19.0,0.008025488311198927
80945,23.9,20.0,0.027616555013090682
80946,23.9,21.0,0.05954979628464325
80947,23.9,22.0,0.030444190341553556
80948,23.9,23.0,0.0468144673339359
80949,23.9,24.0,0.0970011340441373
80950,23.9,25.0,0.04284523751811727
80951,23.9,26.0,0.009299534506652421
80952,23.9,27.0,0.023191819403651972
80953,23.9,28.0,0.04875324875915316
80954,23.9,29.0,0.023786647470123653
80955,23.9,30.0,0.019041872513703748
80956,23.9,31.0,0.03620648834635604
80957,23.9,32.0,0.01748361846628688
80958,23.9,33.0,0.006001443972104454
80959,23.9,34.0,0.013213099503641303
80960,23.9,35.0,0.02591018106239522
80961,23.9,36.0,0.013196171233176063
80962,23.9,37.0,0.011208037660538355
80963,23.9,38.0,0.020591502285965995
80964,23.9,39.0,0.010489709993258206
80965,23.9,40.0,0.008970225535504726
80966,23.9,41.0,0.01649620519534363
80967,23.9,42.0,0.00802640659368819
80968,23.9,43.0,0.002817697656042802
80969,23.9,44.0,0.006270190665834586
80970,23.9,45.0,0.012376647411684972
80971,23.9,46.0,0.005877193348047022
80972,23.9,47.0,0.0016596186576205835
80973,23.9,48.0,0.001208667119045724
80974,23.9,49.0,0.0010573244985844462
80975,23.9,50.0,0.0009225080184703438
80976,23.9,51.0,0.0008006126347520073
80977,23.9,52.0,0.0006929446776031592
80978,23.9,53.0,0.0007558977601355001
80979,23.9,54.0,0.0029128893702829463
80980,23.9,55.0,0.0063393002656384045
80981,23.9,56.0,0.0027699139612490827
80982,23.9,57.0,0.00046831991034915763
80983,23.9,58.0,0.0002575506261017553
80984,23.9,59.0,0.00021268215415674708
80985,23.9,60.0,0.0001759339226093451
80986,23.9,61.0,0.0001447641811128773
80987,23.9,62.0,0.00011848374159301277
80988,23.9,63.0,9.645894555177362e-05
80989,23.9,64.0,7.811103050055038e-05
80990,23.9,65.0,6.291704718809342e-05
80991,23.9,66.0,5.040926956445093e-05
80992,23.9,67.0,4.0173399570061604e-05
80993,23.9,68.0,3.184585194327494e-05
80994,23.9,69.0,2.5110378929281665e-05
80995,23.9,70.0,1.9694264614158478e-05
80996,23.9,71.0,1.5364285855499238e-05
80997,23.9,72.0,1.192260335815532e-05
80998,23.9,73.0,9.20271390687734e-06
80999,23.9,74.0,7.065564304417415e-06
81000,24.0,-75.0,2.451579855955306e-14
81001,24.0,-74.0,4.1434724418427944e-14
81002,24.0,-73.0,6.965767468280078e-14
81003,24.0,-72.0,1.1648220902978936e-13
81004,24.0,-71.0,1.9374759989534553e-13
81005,24.0,-70.0,3.205525025736282e-13
81006,24.0,-69.0,5.275311628905259e-13
81007,24.0,-68.0,8.635414238466356e-13
81008,24.0,-67.0,1.4060615701247559e-12
81009,24.0,-66.0,2.277254710149366e-12
81010,24.0,-65.0,3.6686390719493586e-12
81011,24.0,-64.0,5.878742973754363e-12
81012,24.0,-63.0,9.370226001100575e-12
81013,24.0,-62.0,1.485599574737425e-11
81014,24.0,-61.0,2.3428235158012686e-11
81015,24.0,-60.0,3.675052014655197e-11
81016,24.0,-59.0,5.7342089394276224e-11
81017,24.0,-58.0,8.899582722401363e-11
81018,24.0,-57.0,1.373889747210281e-10
81019,24.0,-56.0,2.1096976959116656e-10
81020,24.0,-55.0,3.222364632485018e-10
81021,24.0,-54.0,4.895705033798413e-10
81022,24.0,-53.0,7.398469930195004e-10
81023,24.0,-52.0,1.1121277832546435e-09
81024,24.0,-51.0,1.6628519200579932e-09
81025,24.0,-50.0,2.4730823089117674e-09
81026,24.0,-49.0,3.6585557267296526e-09
81027,24.0,-48.0,5.38352691180914e-09
81028,24.0,-47.0,7.879709621176803e-09
81029,24.0,-46.0,1.1472013544711097e-08
81030,24.0,-45.0,1.66132730711755e-08
81031,24.0,-44.0,2.3930781083057163e-08
81032,24.0,-43.0,3.42881983546268e-08
81033,24.0,-42.0,4.8867327172888264e-08
81034,24.0,-41.0,6.927533591580759e-08
81035,24.0,-40.0,9.768431610493282e-08
81036,24.0,-39.0,1.370115562745308e-07
81037,24.0,-38.0,1.9115063096836443e-07
81038,24.0,-37.0,2.6526531939468904e-07
81039,24.0,-36.0,3.6616046147702743e-07
81040,24.0,-35.0,5.027460826655249e-07
81041,24.0,-34.0,6.866133997334845e-07
81042,24.0,-33.0,9.327435526588363e-07
81043,24.0,-32.0,1.2603719502449168e-06
81044,24.0,-31.0,1.6940327856921356e-06
81045,24.0,-30.0,2.2648093452223155e-06
81046,24.0,-29.0,3.011816348237548e-06
81047,24.0,-28.0,3.985308469232157e-06
81048,24.0,-27.0,5.9810766498031165e-06
81049,24.0,-26.0,7.289061398469013e-05
81050,24.0,-25.0,0.0009869002063631455
81051,24.0,-24.0,0.0024141630181185258
81052,24.0,-23.0,0.0010688790534304565
81053,24.0,-22.0,0.0012100715705276356
81054,24.0,-21.0,0.0027878517710554257
81055,24.0,-20.0,0.001156954539167158
81056,24.0,-19.0,0.000206942581805714
81057,24.0,-18.0,0.0014137479233455464
81058,24.0,-17.0,0.003412497126357346
81059,24.0,-16.0,0.001546994625809443
81060,24.0,-15.0,0.001769897317717928
81061,24.0,-14.0,0.0040076895725767005
81062,24.0,-13.0,0.0017266159575914427
81063,24.0,-12.0,0.0004085776987967338
81064,24.0,-11.0,0.0021570215961439192
81065,24.0,-10.0,0.005040783399198187
81066,24.0,-9.0,0.002402547406891938
81067,24.0,-8.0,0.00277883471862429
81068,24.0,-7.0,0.006058811666088422
81069,24.0,-6.0,0.002790730449302996
81070,24.0,-5.0,0.0009232653828605035
81071,24.0,-4.0,0.003554924955507913
81072,24.0,-3.0,0.007867734557097062
81073,24.0,-2.0,0.00378487693440957
81074,24.0,-1.0,0.0012196539023485232
81075,24.0,0.0,0.0005515793000506593
81076,24.0,1.0,0.001586630005912703
81077,24.0,2.0,0.00559938399349513
81078,24.0,3.0,0.011782983311025874
81079,24.0,4.0,0.005973299626996816
81080,24.0,5.0,0.002688609587277317
81081,24.0,6.0,0.007646530246430092
81082,24.0,7.0,0.015708400064096562
81083,24.0,8.0,0.008543541558688642
81084,24.0,9.0,0.009992240506161428
81085,24.0,10.0,0.019605976953416634
81086,24.0,11.0,0.01010864932517499
81087,24.0,12.0,0.004722091535011277
81088,24.0,13.0,0.013100487738793142
81089,24.0,14.0,0.02674534440191015
81090,24.0,15.0,0.014351596546934076
81091,24.0,16.0,0.01728241706598481
81092,24.0,17.0,0.034532235762082995
81093,24.0,18.0,0.017024306542210606
81094,24.0,19.0,0.007128472242078171
81095,24.0,20.0,0.024384724284542893
81096,24.0,21.0,0.052517620913131585
81097,24.0,22.0,0.027137329742235504
81098,24.0,23.0,0.04507518131057999
81099,24.0,24.0,0.10683780667372392
81100,24.0,25.0,0.05047734799501819
81101,24.0,26.0,0.010412223721414733
81102,24.0,27.0,0.025523746102820002
81103,24.0,28.0,0.05372590907162024
81104,24.0,29.0,0.02618411157032084
81105,24.0,30.0,0.020922256159221577
81106,24.0,31.0,0.039813761269626075
81107,24.0,32.0,0.01921238031641235
81108,24.0,33.0,0.0065785910997251795
81109,24.0,34.0,0.014504397296405031
81110,24.0,35.0,0.028458674220873316
81111,24.0,36.0,0.01449140211473094
81112,24.0,37.0,0.012304084018640138
81113,24.0,38.0,0.022608191808623133
81114,24.0,39.0,0.01151858675008428
81115,24.0,40.0,0.00984858276188842
81116,24.0,41.0,0.018107886168648786
81117,24.0,42.0,0.008814551368853733
81118,24.0,43.0,0.003099299493245679
81119,24.0,44.0,0.0068857317903502305
81120,24.0,45.0,0.013582855010855776
81121,24.0,46.0,0.006454699876030221
81122,24.0,47.0,0.0018289859331448634
81123,24.0,48.0,0.001334082190807631
81124,24.0,49.0,0.0011676779610440577
81125,24.0,50.0,0.0010193336107702838
81126,24.0,51.0,0.0008851156248234774
81127,24.0,52.0,0.0007664728824002255
81128,24.0,53.0,0.0008347829650689833
81129,24.0,54.0,0.0031975718548491296
81130,24.0,55.0,0.006951303819690435
81131,24.0,56.0,0.003039682424800142
81132,24.0,57.0,0.0005172350923758521
81133,24.0,58.0,0.0002857730819014584
81134,24.0,59.0,0.00023613461667108435
81135,24.0,60.0,0.0001954382985434783
81136,24.0,61.0,0.00016089872200505698
81137,24.0,62.0,0.00013175940534375982
81138,24.0,63.0,0.00010732397888444623
81139,24.0,64.0,8.695569122142508e-05
81140,24.0,65.0,7.007859171532225e-05
81141,24.0,66.0,5.617703677584913e-05
81142,24.0,67.0,4.4793850519637516e-05
81143,24.0,68.0,3.5527452950083637e-05
81144,24.0,69.0,2.802824190055386e-05
81145,24.0,70.0,2.199448252910786e-05
81146,24.0,71.0,1.716792264376624e-05
81147,24.0,72.0,1.3329315705436906e-05
81148,24.0,73.0,1.0293997738035264e-05
81149,24.0,74.0,7.907630905666825e-06
81150,24.1,-75.0,2.1885050660594858e-14
81151,24.1,-74.0,3.700814832418078e-14
81152,24.1,-73.0,6.22491267352887e-14
81153,24.1,-72.0,1.0414904165282561e-13
81154,24.1,-71.0,1.7332587460592674e-13
81155,24.1,-70.0,2.8691789115912315e-13
81156,24.1,-69.0,4.724305430955417e-13
81157,24.1,-68.0,7.73756681449458e-13
81158,24.1,-67.0,1.2605409667317887e-12
81159,24.1,-66.0,2.0426578357088693e-12
81160,24.1,-65.0,3.2924591223281652e-12
81161,24.1,-64.0,5.2787520914817485e-12
81162,24.1,-63.0,8.418374635300285e-12
81163,24.1,-62.0,1.3353998979981542e-11
81164,24.1,-61.0,2.1070776286382646e-11
81165,24.1,-60.0,3.3070125346554106e-11
81166,24.1,-59.0,5.1627043293067454e-11
81167,24.1,-58.0,8.016868750143507e-11
81168,24.1,-57.0,1.23827869587494e-10
81169,24.1,-56.0,1.9024713983651428e-10
81170,24.1,-55.0,2.9073945984202194e-10
81171,24.1,-54.0,4.4195284088518556e-10
81172,24.1,-53.0,6.682423388760403e-10
81173,24.1,-52.0,1.005027985478554e-09
81174,24.1,-51.0,1.5035173013113213e-09
81175,24.1,-50.0,2.2373030444460412e-09
81176,24.1,-49.0,3.311519421417572e-09
81177,24.1,-48.0,4.875463497635648e-09
81178,24.1,-47.0,7.139875239275886e-09
81179,24.1,-46.0,1.0400433689614782e-08
81180,24.1,-45.0,1.5069484298041416e-08
81181,24.1,-44.0,2.17185810894968e-08
81182,24.1,-43.0,3.113512605990088e-08
81183,24.1,-42.0,4.439723615751336e-08
81184,24.1,-41.0,6.297198390158734e-08
81185,24.1,-40.0,8.88433570761819e-08
81186,24.1,-39.0,1.2467767733292648e-07
81187,24.1,-38.0,1.7403581078642426e-07
81188,24.1,-37.0,2.416432887248504e-07
81189,24.1,-36.0,3.3373141135377e-07
81190,24.1,-35.0,4.584644904462285e-07
81191,24.1,-34.0,6.264705317475511e-07
81192,24.1,-33.0,8.514947692009918e-07
81193,24.1,-32.0,1.1511974102626874e-06
81194,24.1,-31.0,1.5481185659422273e-06
81195,24.1,-30.0,2.070834410684877e-06
81196,24.1,-29.0,2.7553292893921254e-06
81197,24.1,-28.0,3.647889994556265e-06
81198,24.1,-27.0,5.493028984695566e-06
81199,24.1,-26.0,6.81396026358025e-05
81200,24.1,-25.0,0.0009242940582777948
81201,24.1,-24.0,0.0022612245634111767
81202,24.1,-23.0,0.0010009727315680537
81203,24.1,-22.0,0.0011330448482877906
81204,24.1,-21.0,0.002610744640557454
81205,24.1,-20.0,0.0010830977043413052
81206,24.1,-19.0,0.00019315497911643337
81207,24.1,-18.0,0.0013231205548841572
81208,24.1,-17.0,0.003194686348699201
81209,24.1,-16.0,0.0014475166028099066
81210,24.1,-15.0,0.0016558157492111742
81211,24.1,-14.0,0.0037507928536602017
81212,24.1,-13.0,0.0016147190559263646
81213,24.1,-12.0,0.000380284984147412
81214,24.1,-11.0,0.002016575051687868
81215,24.1,-10.0,0.004715560695283094
81216,24.1,-9.0,0.002245514443583407
81217,24.1,-8.0,0.0025968549603856924
81218,24.1,-7.0,0.005665911580236848
81219,24.1,-6.0,0.002606902985954114
81220,24.1,-5.0,0.0008586326855233359
81221,24.1,-4.0,0.003320074516453809
81222,24.1,-3.0,0.007354262322377363
81223,24.1,-2.0,0.00353407923263945
81224,24.1,-1.0,0.0011337736231733253
81225,24.1,0.0,0.0005190731641126666
81226,24.1,1.0,0.0014764295699742358
81227,24.1,2.0,0.005228454082029863
81228,24.1,3.0,0.011010482186815213
81229,24.1,4.0,0.0055780713740723326
81230,24.1,5.0,0.002506673157740576
81231,24.1,6.0,0.007140431805506859
81232,24.1,7.0,0.014675312902741005
81233,24.1,8.0,0.007980069653990155
81234,24.1,9.0,0.009331818537813227
81235,24.1,10.0,0.018312596244964584
81236,24.1,11.0,0.009443523325830205
81237,24.1,12.0,0.00441365238223373
81238,24.1,13.0,0.012232881095699165
81239,24.1,14.0,0.02496650345243671
81240,24.1,15.0,0.013404601980727926
81241,24.1,16.0,0.016128364435562884
81242,24.1,17.0,0.03220457556907291
81243,24.1,18.0,0.015893731833146615
81244,24.1,19.0,0.006671370787397601
81245,24.1,20.0,0.02268912613712674
81246,24.1,21.0,0.0488031511694356
81247,24.1,22.0,0.02507598966076373
81248,24.1,23.0,0.039310063440128225
81249,24.1,24.0,0.08629352721377613
81250,24.1,25.0,0.05235478029343804
81251,24.1,26.0,0.011412967932062822
81252,24.1,27.0,0.028897052775908715
81253,24.1,28.0,0.06092083114198752
81254,24.1,29.0,0.029657693217597137
81255,24.1,30.0,0.023652526403399293
81256,24.1,31.0,0.04504559762021068
81257,24.1,32.0,0.02172189553308937
81258,24.1,33.0,0.00741910290940417
81259,24.1,34.0,0.01638132862373868
81260,24.1,35.0,0.03216021427178464
81261,24.1,36.0,0.016372988623844217
81262,24.1,37.0,0.013896983879627432
81263,24.1,38.0,0.025538774349427456
81264,24.1,39.0,0.013013286626898915
81265,24.1,40.0,0.011124854772196035
81266,24.1,41.0,0.020450616995481893
81267,24.1,42.0,0.009959337237483186
81268,24.1,43.0,0.0035072756906100247
81269,24.1,44.0,0.0077798285242106505
81270,24.1,45.0,0.01533677282195146
81271,24.1,46.0,0.007293478266041692
81272,24.1,47.0,0.0020737137899683963
81273,24.1,48.0,0.0015149135229914252
81274,24.1,49.0,0.0013266828785272447
81275,24.1,50.0,0.0011587554556381637
81276,24.1,51.0,0.0010067156682670685
81277,24.1,52.0,0.0008722167971964827
81278,24.1,53.0,0.0009484756374536569
81279,24.1,54.0,0.0036113902236529264
81280,24.1,55.0,0.007842386622833429
81281,24.1,56.0,0.0034320120736979175
81282,24.1,57.0,0.0005877409730912687
81283,24.1,58.0,0.0003262195184506584
81284,24.1,59.0,0.00026972271331824043
81285,24.1,60.0,0.000223356714611046
81286,24.1,61.0,0.0001839811476764602
81287,24.1,62.0,0.00015074181651924067
81288,24.1,63.0,0.0001228514460310932
81289,24.1,64.0,9.958935245609357e-05
81290,24.1,65.0,8.030297811997562e-05
81291,24.1,66.0,6.44075089676102e-05
81292,24.1,67.0,5.1383946991062145e-05
81293,24.1,68.0,4.0775991195498754e-05
81294,24.1,69.0,3.2186051373419793e-05
81295,24.1,70.0,2.5270683062375268e-05
81296,24.1,71.0,1.9735692477537094e-05
81297,24.1,72.0,1.533111937249937e-05
81298,24.1,73.0,1.18462656823953e-05
81299,24.1,74.0,9.104899982790037e-06
81300,24.2,-75.0,2.1116874413688794e-14
81301,24.2,-74.0,3.572817443629535e-14
81302,24.2,-73.0,6.012818887159064e-14
81303,24.2,-72.0,1.0065411313590895e-13
81304,24.2,-71.0,1.6759885147012232e-13
81305,24.2,-70.0,2.7758542373639595e-13
81306,24.2,-69.0,4.573075628696845e-13
81307,24.2,-68.0,7.493871084984994e-13
81308,24.2,-67.0,1.2214906847381282e-12
81309,24.2,-66.0,1.9804332463314634e-12
81310,24.2,-65.0,3.193863601062144e-12
81311,24.2,-64.0,5.123404307359489e-12
81312,24.2,-63.0,8.17498568143524e-12
81313,24.2,-62.0,1.2974824128659176e-11
81314,24.2,-61.0,2.048340096345572e-11
81315,24.2,-60.0,3.2165385487037504e-11
81316,24.2,-59.0,5.024138028407782e-11
81317,24.2,-58.0,7.805854854344592e-11
81318,24.2,-57.0,1.2063282224080746e-10
81319,24.2,-56.0,1.8543709401729438e-10
81320,24.2,-55.0,2.835396800622063e-10
81321,24.2,-54.0,4.3123816052692374e-10
81322,24.2,-53.0,6.523890043110979e-10
81323,24.2,-52.0,9.817076797074712e-10
81324,24.2,-51.0,1.46941291451053e-09
81325,24.2,-50.0,2.18771943634657e-09
81326,24.2,-49.0,3.239854502802221e-09
81327,24.2,-48.0,4.772495184608271e-09
81328,24.2,-47.0,6.992807959046673e-09
81329,24.2,-46.0,1.0191633942762801e-08
81330,24.2,-45.0,1.4774818205373895e-08
81331,24.2,-44.0,2.1305247923200645e-08
81332,24.2,-43.0,3.0558860767441765e-08
81333,24.2,-42.0,4.3598731462143144e-08
81334,24.2,-41.0,6.187235980214999e-08
81335,24.2,-40.0,8.733848418495606e-08
81336,24.2,-39.0,1.2263114298477034e-07
81337,24.2,-38.0,1.7127030669967396e-07
81338,24.2,-37.0,2.3793020083210412e-07
81339,24.2,-36.0,3.2877841223184506e-07
81340,24.2,-35.0,4.519009800381491e-07
81341,24.2,-34.0,6.178308518546407e-07
81342,24.2,-33.0,8.401992421920661e-07
81343,24.2,-32.0,1.136531434727773e-06
81344,24.2,-31.0,1.529210254902068e-06
81345,24.2,-30.0,2.0466315953892904e-06
81346,24.2,-29.0,2.7245771524643408e-06
81347,24.2,-28.0,3.609127271148667e-06
81348,24.2,-27.0,5.453214959836387e-06
81349,24.2,-26.0,6.885705273476712e-05
81350,24.2,-25.0,0.0009357374740780632
81351,24.2,-24.0,0.0022894278923134424
81352,24.2,-23.0,0.0010132659651652088
81353,24.2,-22.0,0.0011468085429757894
81354,24.2,-21.0,0.002642809427309848
81355,24.2,-20.0,0.0010960435549188978
81356,24.2,-19.0,0.00019488778565150607
81357,24.2,-18.0,0.0013385550605853162
81358,24.2,-17.0,0.0032328962302860197
81359,24.2,-16.0,0.001464092093280316
81360,24.2,-15.0,0.0016745036755966805
81361,24.2,-14.0,0.003794550343458072
81362,24.2,-13.0,0.0016323349890481468
81363,24.2,-12.0,0.0003826135877289952
81364,24.2,-11.0,0.0020379108880201266
81365,24.2,-10.0,0.004768451969260502
81366,24.2,-9.0,0.0022686652871766553
81367,24.2,-8.0,0.0026232697801757154
81368,24.2,-7.0,0.005727444779300114
81369,24.2,-6.0,0.0026323368521290846
81370,24.2,-5.0,0.0008631562642573494
81371,24.2,-4.0,0.00335176607726956
81372,24.2,-3.0,0.0074308196783284645
81373,24.2,-2.0,0.0035670370227812117
81374,24.2,-1.0,0.0011392130487363798
81375,24.2,0.0,0.0005280230744381965
81376,24.2,1.0,0.0014850380826220513
81377,24.2,2.0,0.005277281755754292
81378,24.2,3.0,0.01112150649642044
81379,24.2,4.0,0.00563061416561703
81380,24.2,5.0,0.0025261331896850887
81381,24.2,6.0,0.007207539549928423
81382,24.2,7.0,0.014820028304440744
81383,24.2,8.0,0.00805706687342409
81384,24.2,9.0,0.009420480110305031
81385,24.2,10.0,0.018489238032635226
81386,24.2,11.0,0.009536236063486766
81387,24.2,12.0,0.0044591360079038475
81388,24.2,13.0,0.012347465698528166
81389,24.2,14.0,0.025193028520933358
81390,24.2,15.0,0.013533698641830532
81391,24.2,16.0,0.016270230808509548
81392,24.2,17.0,0.03246635974683842
81393,24.2,18.0,0.016039854541096996
81394,24.2,19.0,0.006749106091526361
81395,24.2,20.0,0.02282371479817238
81396,24.2,21.0,0.049031687055527115
81397,24.2,22.0,0.025154199374802486
81398,24.2,23.0,0.038447890530571675
81399,24.2,24.0,0.08404742615577228
81400,24.2,25.0,0.05013526165020935
81401,24.2,26.0,0.011261740389544021
81402,24.2,27.0,0.029086413878690844
81403,24.2,28.0,0.06141223010420476
81404,24.2,29.0,0.029863228620392323
81405,24.2,30.0,0.023769525969356976
81406,24.2,31.0,0.045305143397141756
81407,24.2,32.0,0.021831552331631206
81408,24.2,33.0,0.007437288156023717
81409,24.2,34.0,0.01644585052507721
81410,24.2,35.0,0.032306251899731346
81411,24.2,36.0,0.01644386492386216
81412,24.2,37.0,0.013952325655254057
81413,24.2,38.0,0.025644481375217985
81414,24.2,39.0,0.013068630357492705
81415,24.2,40.0,0.011170390421809756
81416,24.2,41.0,0.020530673498751397
81417,24.2,42.0,0.010002647588556146
81418,24.2,43.0,0.003527902460188072
81419,24.2,44.0,0.007813463861772318
81420,24.2,45.0,0.015393412462009703
81421,24.2,46.0,0.007325697543296029
81422,24.2,47.0,0.0020899058862619046
81423,24.2,48.0,0.001529063833385589
81424,24.2,49.0,0.001339811068529801
81425,24.2,50.0,0.0011708456177160305
81426,24.2,51.0,0.001017761560850969
81427,24.2,52.0,0.0008822357638478532
81428,24.2,53.0,0.0009579080845019023
81429,24.2,54.0,0.0036256793146734806
81430,24.2,55.0,0.00786484902255885
81431,24.2,56.0,0.0034445395029650727
81432,24.2,57.0,0.0005936622827138002
81433,24.2,58.0,0.00033100275758152974
81434,24.2,59.0,0.0002738468683347232
81435,24.2,60.0,0.00022689281756807395
81436,24.2,61.0,0.00018699347323124536
81437,24.2,62.0,0.0001532915650893929
81438,24.2,63.0,0.00012499601741738982
81439,24.2,64.0,0.00010138184743898457
81440,24.2,65.0,8.179190690234462e-05
81441,24.2,66.0,6.56366751429327e-05
81442,24.2,67.0,5.239247575771256e-05
81443,24.2,68.0,4.1598471792078736e-05
81444,24.2,69.0,3.285276588122554e-05
81445,24.2,70.0,2.5807896530768866e-05
81446,24.2,71.0,2.0165982523156683e-05
81447,24.2,72.0,1.567372676490876e-05
81448,24.2,73.0,1.2117450776182326e-05
81449,24.2,74.0,9.318293048113763e-06
81450,24.3,-75.0,2.0329274231365316e-14
81451,24.3,-74.0,3.441394438817353e-14
81452,24.3,-73.0,5.794729107305449e-14
81453,24.3,-72.0,9.705500394709633e-14
81454,24.3,-71.0,1.6169211147728881e-13
81455,24.3,-70.0,2.6794511312957213e-13
81456,24.3,-69.0,4.416609033890115e-13
81457,24.3,-68.0,7.241327336361009e-13
81458,24.3,-67.0,1.180955438611203e-12
81459,24.3,-66.0,1.9157328610201638e-12
81460,24.3,-65.0,3.0911671869771666e-12
81461,24.3,-64.0,4.961307531292011e-12
81462,24.3,-63.0,7.920560377071987e-12
81463,24.3,-62.0,1.2577715795374777e-11
81464,24.3,-61.0,1.986706684982288e-11
81465,24.3,-60.0,3.121417324971817e-11
81466,24.3,-59.0,4.8781598510410863e-11
81467,24.3,-58.0,7.583092017438116e-11
81468,24.3,-57.0,1.1725266759837328e-10
81469,24.3,-56.0,1.80337168206315e-10
81470,24.3,-55.0,2.7588867100169187e-10
81471,24.3,-54.0,4.198252895927693e-10
81472,24.3,-53.0,6.354617774486542e-10
81473,24.3,-52.0,9.56745389732017e-10
81474,24.3,-51.0,1.4328127300236256e-09
81475,24.3,-50.0,2.1343645216030085e-09
81476,24.3,-49.0,3.162524248964628e-09
81477,24.3,-48.0,4.661065918491945e-09
81478,24.3,-47.0,6.833178038943185e-09
81479,24.3,-46.0,9.96428957340404e-09
81480,24.3,-45.0,1.4452935280248857e-08
81481,24.3,-44.0,2.0852200518071762e-08
81482,24.3,-43.0,2.992497853893986e-08
81483,24.3,-42.0,4.271711641536431e-08
81484,24.3,-41.0,6.065353836519626e-08
81485,24.3,-40.0,8.566363452348996e-08
81486,24.3,-39.0,1.2034360201725617e-07
81487,24.3,-38.0,1.681650293029209e-07
81488,24.3,-37.0,2.337408194009478e-07
81489,24.3,-36.0,3.231615336139034e-07
81490,24.3,-35.0,4.444173660368299e-07
81491,24.3,-34.0,6.079231678643958e-07
81492,24.3,-33.0,8.271661368141732e-07
81493,24.3,-32.0,1.1194978439216677e-06
81494,24.3,-31.0,1.5070940214593923e-06
81495,24.3,-30.0,2.0181067735606283e-06
81496,24.3,-29.0,2.688034748351421e-06
81497,24.3,-28.0,3.562648070914237e-06
81498,24.3,-27.0,5.4017159187521405e-06
81499,24.3,-26.0,6.943005488968182e-05
81500,24.3,-25.0,0.0009452232203739973
81501,24.3,-24.0,0.0023128421256431377
81502,24.3,-23.0,0.0010234384900401493
81503,24.3,-22.0,0.0011581693528250592
81504,24.3,-21.0,0.002669338206347203
81505,24.3,-20.0,0.0011066909881631511
81506,24.3,-19.0,0.00019620747176604287
81507,24.3,-18.0,0.0013511762502241042
81508,24.3,-17.0,0.003264318124641427
81509,24.3,-16.0,0.0014775863996631272
81510,24.3,-15.0,0.0016896623241692108
81511,24.3,-14.0,0.0038303226716512396
81512,24.3,-13.0,0.0016465020723781787
81513,24.3,-12.0,0.0003841121827457594
81514,24.3,-11.0,0.0020549273960429465
81515,24.3,-10.0,0.0048112711945552155
81516,24.3,-9.0,0.002286995421036741
81517,24.3,-8.0,0.0026441014744457768
81518,24.3,-7.0,0.005776840814041134
81519,24.3,-6.0,0.0026521453250132766
81520,24.3,-5.0,0.0008657696747872547
81521,24.3,-4.0,0.0033762740945328857
81522,24.3,-3.0,0.0074915576465154395
81523,24.3,-2.0,0.003592323458638326
81524,24.3,-1.0,0.0011420946557813279
81525,24.3,0.0,0.0005359330273882525
81526,24.3,1.0,0.0014903212568949903
81527,24.3,2.0,0.005314725608159546
81528,24.3,3.0,0.011208737792626482
81529,24.3,4.0,0.00567099212948536
81530,24.3,5.0,0.002539995694533462
81531,24.3,6.0,0.007259081693324714
81532,24.3,7.0,0.014932980863491496
81533,24.3,8.0,0.008116679051132995
81534,24.3,9.0,0.00948883011978203
81535,24.3,10.0,0.01862624369501611
81536,24.3,11.0,0.00960840843204608
81537,24.3,12.0,0.004494917276493897
81538,24.3,13.0,0.012435523508129008
81539,24.3,14.0,0.02536562286253159
81540,24.3,15.0,0.013633811764384787
81541,24.3,16.0,0.016377354587873726
81542,24.3,17.0,0.03265892176460195
81543,24.3,18.0,0.016151845036188536
81544,24.3,19.0,0.006812686287457914
81545,24.3,20.0,0.022911313123712668
81546,24.3,21.0,0.04915978819042211
81547,24.3,22.0,0.025200906368368997
81548,24.3,23.0,0.03780488987728733
81549,24.3,24.0,0.08236086163542614
81550,24.3,25.0,0.04833262463789005
81551,24.3,26.0,0.011130293420458244
81552,24.3,27.0,0.029249450295075845
81553,24.3,28.0,0.06184924245458559
81554,24.3,29.0,0.03004134526435421
81555,24.3,30.0,0.023862701504754495
81556,24.3,31.0,0.045519834235721084
81557,24.3,32.0,0.021919157134692738
81558,24.3,33.0,0.007447391671059504
81559,24.3,34.0,0.01649312591039949
81560,24.3,35.0,0.032418970520808735
81561,24.3,36.0,0.016497564810412604
81562,24.3,37.0,0.013992940154310697
81563,24.3,38.0,0.025723435532993884
81564,24.3,39.0,0.013110218888003688
81565,24.3,40.0,0.011204106070437038
81566,24.3,41.0,0.02058920494805594
81567,24.3,42.0,0.010035412938404589
81568,24.3,43.0,0.003544744570400495
81569,24.3,44.0,0.007838848187514819
81570,24.3,45.0,0.015433885256281334
81571,24.3,46.0,0.00735021973011483
81572,24.3,47.0,0.0021039018937331726
81573,24.3,48.0,0.0015416200763277354
81574,24.3,49.0,0.0013515553783080933
81575,24.3,50.0,0.001181738335670191
81576,24.3,51.0,0.0010277775037292056
81577,24.3,52.0,0.0008913717821731344
81578,24.3,53.0,0.0009663797882045143
81579,24.3,54.0,0.0036361903840208534
81580,24.3,55.0,0.00787905504222026
81581,24.3,56.0,0.003453478164710273
81582,24.3,57.0,0.000599003889169056
81583,24.3,58.0,0.00033548087413642544
81584,24.3,59.0,0.0002777230242418169
81585,24.3,60.0,0.0002302270401915309
81586,24.3,61.0,0.00018984248915091123
81587,24.3,62.0,0.00015571004092640345
81588,24.3,63.0,0.00012703574113740552
81589,24.3,64.0,0.00010309113947347585
81590,24.3,65.0,8.321523840580365e-05
81591,24.3,66.0,6.681446435388577e-05
81592,24.3,67.0,5.33610329397347e-05
81593,24.3,68.0,4.23900639941564e-05
81594,24.3,69.0,3.349577449206908e-05
81595,24.3,70.0,2.632704303682454e-05
81596,24.3,71.0,2.058260076454436e-05
81597,24.3,72.0,1.6006063097223348e-05
81598,24.3,73.0,1.2380976704576088e-05
81599,24.3,74.0,9.526017956596723e-06
81600,24.4,-75.0,1.9546215669961507e-14
81601,24.4,-74.0,3.310599566894607e-14
81602,24.4,-73.0,5.5774633979156323e-14
81603,24.4,-72.0,9.346583956706177e-14
81604,24.4,-71.0,1.5579560478614764e-13
81605,24.4,-70.0,2.5831141532285824e-13
81606,24.4,-69.0,4.260083425660143e-13
81607,24.4,-68.0,6.988415472283172e-13
81608,24.4,-67.0,1.140316573936834e-12
81609,24.4,-66.0,1.8507947725321377e-12
81610,24.4,-65.0,2.9879766497741474e-12
81611,24.4,-64.0,4.798243038125481e-12
81612,24.4,-63.0,7.664315815246386e-12
81613,24.4,-62.0,1.2177290021132138e-11
81614,24.4,-61.0,1.9244827146413932e-11
81615,24.4,-60.0,3.025265448593632e-11
81616,24.4,-59.0,4.730413087564672e-11
81617,24.4,-58.0,7.357338797541223e-11
81618,24.4,-57.0,1.1382261279886689e-10
81619,24.4,-56.0,1.7515496543118403e-10
81620,24.4,-55.0,2.681034879959051e-10
81621,24.4,-54.0,4.0819584755613357e-10
81622,24.4,-53.0,6.181883390066829e-10
81623,24.4,-52.0,9.312346836142566e-10
81624,24.4,-51.0,1.395351376691031e-09
81625,24.4,-50.0,2.0796686072840984e-09
81626,24.4,-49.0,3.08312261017056e-09
81627,24.4,-48.0,4.546462003617354e-09
81628,24.4,-47.0,6.6687194352514896e-09
81629,24.4,-46.0,9.729654946230106e-09
81630,24.4,-45.0,1.4120125116031298e-08
81631,24.4,-44.0,2.038289032732349e-08
81632,24.4,-43.0,2.9267060852272686e-08
81633,24.4,-42.0,4.180022104705918e-08
81634,24.4,-41.0,5.938327946284289e-08
81635,24.4,-40.0,8.39142888504657e-08
81636,24.4,-39.0,1.1794887743829986e-07
81637,24.4,-38.0,1.6490653821506969e-07
81638,24.4,-37.0,2.2933383270048252e-07
81639,24.4,-36.0,3.1723756195716205e-07
81640,24.4,-35.0,4.365031035256473e-07
81641,24.4,-34.0,5.974153475912301e-07
81642,24.4,-33.0,8.13301898628581e-07
81643,24.4,-32.0,1.1013203150030682e-06
81644,24.4,-31.0,1.483412974322711e-06
81645,24.4,-30.0,1.9874544700072856e-06
81646,24.4,-29.0,2.6486174222194436e-06
81647,24.4,-28.0,3.512305900485843e-06
81648,24.4,-27.0,5.344268799688817e-06
81649,24.4,-26.0,6.99254168575641e-05
81650,24.4,-25.0,0.0009536513553693326
81651,24.4,-24.0,0.002333668447288278
81652,24.4,-23.0,0.0010324653940681815
81653,24.4,-22.0,0.0011682315542454866
81654,24.4,-21.0,0.0026928741600900506
81655,24.4,-20.0,0.0011160963711252454
81656,24.4,-19.0,0.00019730452058321137
81657,24.4,-18.0,0.0013622759390970848
81658,24.4,-17.0,0.0032920676937398933
81659,24.4,-16.0,0.001489413921385598
81660,24.4,-15.0,0.0017029105883438693
81661,24.4,-14.0,0.003861771784671312
81662,24.4,-13.0,0.0016588012338794246
81663,24.4,-12.0,0.0003851597290122546
81664,24.4,-11.0,0.002069601293775556
81665,24.4,-10.0,0.004848629780285251
81666,24.4,-9.0,0.0023027081598186758
81667,24.4,-8.0,0.0026618993231698916
81668,24.4,-7.0,0.005819647581888128
81669,24.4,-6.0,0.0026688914147422614
81670,24.4,-5.0,0.0008673309927846912
81671,24.4,-4.0,0.003396865073739579
81672,24.4,-3.0,0.007543688838707357
81673,24.4,-2.0,0.00361341822892427
81674,24.4,-1.0,0.001143553036456284
81675,24.4,0.0,0.0005433001884614878
81676,24.4,1.0,0.0014937507826092446
81677,24.4,2.0,0.005345932505026104
81678,24.4,3.0,0.011282985843829457
81679,24.4,4.0,0.005704694165107042
81680,24.4,5.0,0.002550741121713256
81681,24.4,6.0,0.0073020845222805005
81682,24.4,7.0,0.015028588531876393
81683,24.4,8.0,0.008166750896946453
81684,24.4,9.0,0.009546046797806332
81685,24.4,10.0,0.018741617371672094
81686,24.4,11.0,0.00966931693518305
81687,24.4,12.0,0.004525321441678343
81688,24.4,13.0,0.012509089797571482
81689,24.4,14.0,0.025508880019926752
81690,24.4,15.0,0.013718116191805994
81691,24.4,16.0,0.016465631893097073
81692,24.4,17.0,0.03281408195073994
81693,24.4,18.0,0.016245345194101993
81694,24.4,19.0,0.00686860901427881
81695,24.4,20.0,0.022974403134740924
81696,24.4,21.0,0.04923589053660562
81697,24.4,22.0,0.025231487202046356
81698,24.4,23.0,0.03727992447325763
81699,24.4,24.0,0.08097552453826776
81700,24.4,25.0,0.04676318663366871
81701,24.4,26.0,0.011009783707997016
81702,24.4,27.0,0.029398829388674365
81703,24.4,28.0,0.06225880101341612
81704,24.4,29.0,0.030205183352384767
81705,24.4,30.0,0.023942513575039598
81706,24.4,31.0,0.0457095166770523
81707,24.4,32.0,0.021994302676635775
81708,24.4,33.0,0.0074527164526086015
81709,24.4,34.0,0.01653040329727009
81710,24.4,35.0,0.032512568307971425
81711,24.4,36.0,0.01654132067006047
81712,24.4,37.0,0.01402497143430973
81713,24.4,38.0,0.025786922371964782
81714,24.4,39.0,0.01314379835334806
81715,24.4,40.0,0.011230915768567424
81716,24.4,41.0,0.020635253554871894
81717,24.4,42.0,0.010062027483702581
81718,24.4,43.0,0.003559337907873608
81719,24.4,44.0,0.007859413539140296
81720,24.4,45.0,0.015464977043235864
81721,24.4,46.0,0.0073702612076247875
81722,24.4,47.0,0.0021166021686683826
81723,24.4,48.0,0.0015532354379625697
81724,24.4,49.0,0.0013624864809977514
81725,24.4,50.0,0.0011919309212277175
81726,24.4,51.0,0.001037194591849123
81727,24.4,52.0,0.0008999975704345265
81728,24.4,53.0,0.0009742989627194845
81729,24.4,54.0,0.0036445193183751025
81730,24.4,55.0,0.007888486675144323
81731,24.4,56.0,0.003460346820155903
81732,24.4,57.0,0.0006040188438786343
81733,24.4,58.0,0.0003397915843023597
81734,24.4,59.0,0.000281464785292716
81735,24.4,60.0,0.0002334532825416374
81736,24.4,61.0,0.00019260540193766118
81737,24.4,62.0,0.00015806039102304222
81738,24.4,63.0,0.00012902199356139906
81739,24.4,64.0,0.00010475880882731181
81740,24.4,65.0,8.46064480043645e-05
81741,24.4,66.0,6.796768550492411e-05
81742,24.4,67.0,5.431097598484754e-05
81743,24.4,68.0,4.31676931447821e-05
81744,24.4,69.0,3.41284199341852e-05
81745,24.4,70.0,2.6838585961183e-05
81746,24.4,71.0,2.0993709657159026e-05
81747,24.4,72.0,1.633446257615341e-05
81748,24.4,73.0,1.2641733226391925e-05
81749,24.4,74.0,9.731829688274692e-06
81750,24.5,-75.0,1.8777144376617216e-14
81751,24.5,-74.0,3.18203463406514e-14
81752,24.5,-73.0,5.3637233109480867e-14
81753,24.5,-72.0,8.9931935086451e-14
81754,24.5,-71.0,1.4998492753351644e-13
81755,24.5,-70.0,2.488097554549585e-13
81756,24.5,-69.0,4.105568463055616e-13
81757,24.5,-68.0,6.738532083459448e-13
81758,24.5,-67.0,1.1001284850226343e-12
81759,24.5,-66.0,1.786518947400798e-12
81760,24.5,-65.0,2.8857449937718464e-12
81761,24.5,-64.0,4.6365439704042885e-12
81762,24.5,-63.0,7.409978060029218e-12
81763,24.5,-62.0,1.1779465077337799e-11
81764,24.5,-61.0,1.8626031081613944e-11
81765,24.5,-60.0,2.929551824856298e-11
81766,24.5,-59.0,4.58319309231951e-11
81767,24.5,-58.0,7.132162533580658e-11
81768,24.5,-57.0,1.1039779932676936e-10
81769,24.5,-56.0,1.699752577493938e-10
81770,24.5,-55.0,2.6031374982030686e-10
81771,24.5,-54.0,3.9654695171764085e-10
81772,24.5,-53.0,6.008668315055013e-10
81773,24.5,-52.0,9.056240651648715e-10
81774,24.5,-51.0,1.357699900197379e-09
81775,24.5,-50.0,2.0246302724361896e-09
81776,24.5,-49.0,3.003127530121831e-09
81777,24.5,-48.0,4.4308590401250135e-09
81778,24.5,-47.0,6.502617421018245e-09
81779,24.5,-46.0,9.492368387647113e-09
81780,24.5,-45.0,1.3783105459752218e-08
81781,24.5,-44.0,1.9906994207943967e-08
81782,24.5,-43.0,2.8598971880672177e-08
81783,24.5,-42.0,4.086780154935396e-08
81784,24.5,-41.0,5.808958339934618e-08
81785,24.5,-40.0,8.212991771223157e-08
81786,24.5,-39.0,1.1550230872324889e-07
81787,24.5,-38.0,1.615720035402182e-07
81788,24.5,-37.0,2.2481627329380725e-07
81789,24.5,-36.0,3.111541481976734e-07
81790,24.5,-35.0,4.28360779042092e-07
81791,24.5,-34.0,5.865838557619501e-07
81792,24.5,-33.0,7.989817807757785e-07
81793,24.5,-32.0,1.082505447887103e-06
81794,24.5,-31.0,1.4588473544848668e-06
81795,24.5,-30.0,1.9555831705878295e-06
81796,24.5,-29.0,2.6075319651734065e-06
81797,24.5,-28.0,3.4596956933721994e-06
81798,24.5,-27.0,5.283240435948903e-06
81799,24.5,-26.0,7.037013447455765e-05
81800,24.5,-25.0,0.0009613847115378336
81801,24.5,-24.0,0.0023527940950544713
81802,24.5,-23.0,0.001040739810651758
81803,24.5,-22.0,0.001177440445551984
81804,24.5,-21.0,0.002714442638252548
81805,24.5,-20.0,0.0011246858011840833
81806,24.5,-19.0,0.000198256082349903
81807,24.5,-18.0,0.0013723754004725595
81808,24.5,-17.0,0.0033174016498263292
81809,24.5,-16.0,0.0015001455771148867
81810,24.5,-15.0,0.0017149020763614791
81811,24.5,-14.0,0.0038903753445669966
81812,24.5,-13.0,0.001669871107392844
81813,24.5,-12.0,0.000385910352998747
81814,24.5,-11.0,0.002082731460851306
81815,24.5,-10.0,0.004882389681386788
81816,24.5,-9.0,0.002316694314972752
81817,24.5,-8.0,0.0026776941940311713
81818,24.5,-7.0,0.005858106262819474
81819,24.5,-6.0,0.0026836121611652887
81820,24.5,-5.0,0.0008681896195640742
81821,24.5,-4.0,0.0034148610299528973
81822,24.5,-3.0,0.0075901286647510405
81823,24.5,-2.0,0.0036317300369184107
81824,24.5,-1.0,0.0011440504043194898
81825,24.5,0.0,0.0005503239018935305
81826,24.5,1.0,0.0014959252461317096
81827,24.5,2.0,0.0053729856965982386
81828,24.5,3.0,0.01134862144356117
81829,24.5,4.0,0.005733941534424258
81830,24.5,5.0,0.0025593753103039327
81831,24.5,6.0,0.007339391169369482
81832,24.5,7.0,0.01511268194296943
81833,24.5,8.0,0.008210455305414466
81834,24.5,9.0,0.009595842841005784
81835,24.5,10.0,0.018842641025139665
81836,24.5,11.0,0.009722711960982039
81837,24.5,12.0,0.004552095023635345
81838,24.5,13.0,0.012573032028103533
81839,24.5,14.0,0.025632751459830787
81840,24.5,15.0,0.013791937808920424
81841,24.5,16.0,0.016541492448218714
81842,24.5,17.0,0.03294472252525552
81843,24.5,18.0,0.016326678098940155
81844,24.5,19.0,0.006919487075762874
81845,24.5,20.0,0.02302204369697956
81846,24.5,21.0,0.04927952271818664
81847,24.5,22.0,0.025252127514194842
81848,24.5,23.0,0.03683212375518761
81849,24.5,24.0,0.07978705820749751
81850,24.5,25.0,0.045351474438655476
81851,24.5,26.0,0.010896592412056368
81852,24.5,27.0,0.02953981827570741
81853,24.5,28.0,0.06265210792465539
81854,24.5,29.0,0.03036020016752519
81855,24.5,30.0,0.024013257752550175
81856,24.5,31.0,0.04588232085825275
81857,24.5,32.0,0.02206092128522522
81858,24.5,33.0,0.007454619136238876
81859,24.5,34.0,0.016560649898739052
81860,24.5,35.0,0.032592851144541996
81861,24.5,36.0,0.01657809029527749
81862,24.5,37.0,0.014050932141569045
81863,24.5,38.0,0.02583955603117368
81864,24.5,39.0,0.013171716875735264
81865,24.5,40.0,0.011252827483320817
81866,24.5,41.0,0.02067251610164789
81867,24.5,42.0,0.010084285564732232
81868,24.5,43.0,0.0035723069258320464
81869,24.5,44.0,0.007876560925695017
81870,24.5,45.0,0.015489462427641517
81871,24.5,46.0,0.0073871346955542575
81872,24.5,47.0,0.0021283709890672067
81873,24.5,48.0,0.0015641731572349894
81874,24.5,49.0,0.001372834060990159
81875,24.5,50.0,0.0012016232854960387
81876,24.5,51.0,0.001046185910821867
81877,24.5,52.0,0.00090826261187205
81878,24.5,53.0,0.000981829997847892
81879,24.5,54.0,0.003651318079168698
81880,24.5,55.0,0.0078945699685639
81881,24.5,56.0,0.0034657664143438825
81882,24.5,57.0,0.0006088091225110813
81883,24.5,58.0,0.00034398980535334993
81884,24.5,59.0,0.00028511740964982994
81885,24.5,60.0,0.0002366089272510352
81886,24.5,61.0,0.0001953129296704304
81887,24.5,62.0,0.0001603677264514999
81888,24.5,63.0,0.00013097519614275788
81889,24.5,64.0,0.0001064013774537693
81890,24.5,65.0,8.597883389175378e-05
81891,24.5,66.0,6.910698697796156e-05
81892,24.5,67.0,5.525078765837531e-05
81893,24.5,68.0,4.3938082154292394e-05
81894,24.5,69.0,3.475600306800376e-05
81895,24.5,70.0,2.7346683526447894e-05
81896,24.5,71.0,2.1402554423819957e-05
81897,24.5,72.0,1.6661444965329802e-05
81898,24.5,73.0,1.2901666851536861e-05
81899,24.5,74.0,9.937224265078442e-06
81900,24.6,-75.0,1.8026700942673946e-14
81901,24.6,-74.0,3.056490146015676e-14
81902,24.6,-73.0,5.154847877009324e-14
81903,24.6,-72.0,8.647584501633901e-14
81904,24.6,-71.0,1.4429785756162287e-13
81905,24.6,-70.0,2.39503055878664e-13
81906,24.6,-69.0,3.954106319374368e-13
81907,24.6,-68.0,6.493393674947153e-13
81908,24.6,-67.0,1.060672312254396e-12
81909,24.6,-66.0,1.723363292449537e-12
81910,24.6,-65.0,2.7852138866206547e-12
81911,24.6,-64.0,4.4774049278476766e-12
81912,24.6,-63.0,7.1594605685567556e-12
81913,24.6,-62.0,1.1387288863468613e-11
81914,24.6,-61.0,1.801550668962925e-11
81915,24.6,-60.0,2.8350370076248302e-11
81916,24.6,-59.0,4.4376913312183774e-11
81917,24.6,-58.0,6.90941943621473e-11
81918,24.6,-57.0,1.0700698585357465e-10
81919,24.6,-56.0,1.648423558141555e-10
81920,24.6,-55.0,2.5258735292282774e-10
81921,24.6,-54.0,3.8498206560063755e-10
81922,24.6,-53.0,5.836540493149844e-10
81923,24.6,-52.0,8.801498423094545e-10
81924,24.6,-51.0,1.3202124873000596e-09
81925,24.6,-50.0,1.9697774686452133e-09
81926,24.6,-49.0,2.923321654374649e-09
81927,24.6,-48.0,4.315410871367877e-09
81928,24.6,-47.0,6.336563763858182e-09
81929,24.6,-46.0,9.254896777944648e-09
81930,24.6,-45.0,1.3445453734555068e-08
81931,24.6,-44.0,1.9429671673344368e-08
81932,24.6,-43.0,2.7928112185692928e-08
81933,24.6,-42.0,3.9930414894419955e-08
81934,24.6,-41.0,5.678742749453339e-08
81935,24.6,-40.0,8.033165357052069e-08
81936,24.6,-39.0,1.1303355023219031e-07
81937,24.6,-38.0,1.5820281101644242e-07
81938,24.6,-37.0,2.2024558426239627e-07
81939,24.6,-36.0,3.049905882507462e-07
81940,24.6,-35.0,4.200992583065671e-07
81941,24.6,-34.0,5.75577340666437e-07
81942,24.6,-33.0,7.844076469922996e-07
81943,24.6,-32.0,1.0633258812895345e-06
81944,24.6,-31.0,1.4337633876309637e-06
81945,24.6,-30.0,1.922982139433531e-06
81946,24.6,-29.0,2.5654284658952e-06
81947,24.6,-28.0,3.405676802980196e-06
81948,24.6,-27.0,5.219902918672503e-06
81949,24.6,-26.0,7.077845426789722e-05
81950,24.6,-25.0,0.0009686143517752144
81951,24.6,-24.0,0.0023706862259508365
81952,24.6,-23.0,0.0010484687870259094
81953,24.6,-22.0,0.0011860305881694986
81954,24.6,-21.0,0.002734583653025904
81955,24.6,-20.0,0.0011326837873663691
81956,24.6,-19.0,0.0001991029697299538
81957,24.6,-18.0,0.0013817493993569642
81958,24.6,-17.0,0.0033409821442050864
81959,24.6,-16.0,0.0015100823972143673
81960,24.6,-15.0,0.0017259814962552013
81961,24.6,-14.0,0.003916912239550813
81962,24.6,-13.0,0.0016800486949074417
81963,24.6,-12.0,0.00038644594068716663
81964,24.6,-11.0,0.0020947396546531446
81965,24.6,-10.0,0.004913532974612845
81966,24.6,-9.0,0.0023294243746632987
81967,24.6,-8.0,0.0026920306425593176
81968,24.6,-7.0,0.0058933995428711835
81969,24.6,-6.0,0.0026968557233304747
81970,24.6,-5.0,0.0008685314442745156
81971,24.6,-4.0,0.0034309609263781025
81972,24.6,-3.0,0.007632416531982056
81973,24.6,-2.0,0.003648003909193792
81974,24.6,-1.0,0.0011438327981822124
81975,24.6,0.0,0.0005571086272172004
81976,24.6,1.0,0.001497162759624479
81977,24.6,2.0,0.0053969867090139295
81978,24.6,3.0,0.011407953128774023
81979,24.6,4.0,0.005759908493281254
81980,24.6,5.0,0.0025664311065727715
81981,24.6,6.0,0.007372504383628491
81982,24.6,7.0,0.015188340952154048
81983,24.6,8.0,0.008249468513006435
81984,24.6,9.0,0.00964017977540222
81985,24.6,10.0,0.018933161364014708
81986,24.6,11.0,0.009770573772186214
81987,24.6,12.0,0.00457615898474865
81988,24.6,13.0,0.012629920731832472
81989,24.6,14.0,0.025742495198486433
81990,24.6,15.0,0.01385808776700139
81991,24.6,16.0,0.01660833092808643
81992,24.6,17.0,0.03305765044732806
81993,24.6,18.0,0.016399179984053682
81994,24.6,19.0,0.006966690866342507
81995,24.6,20.0,0.023058984082830466
81996,24.6,21.0,0.0493009246354097
81997,24.6,22.0,0.02526606082838428
81998,24.6,23.0,0.03643994045695301
81999,24.6,24.0,0.07874046167891713
82000,24.6,25.0,0.04405705712807456
82001,24.6,26.0,0.010788789720521965
82002,24.6,27.0,0.029675294747869004
82003,24.6,28.0,0.06303529418080682
82004,24.6,29.0,0.030509372798028494
82005,24.6,30.0,0.024077231521654256
82006,24.6,31.0,0.04604258096027661
82007,24.6,32.0,0.022121110510183575
82008,24.6,33.0,0.0074538243559822874
82009,24.6,34.0,0.01658544387196335
82010,24.6,35.0,0.03266290298618888
82011,24.6,36.0,0.016609444989651206
82012,24.6,37.0,0.014072156787472668
82013,24.6,38.0,0.025883786260193796
82014,24.6,39.0,0.01319522036949563
82015,24.6,40.0,0.011270906451333142
82016,24.6,41.0,0.0207029548909452
82017,24.6,42.0,0.010103138271366207
82018,24.6,43.0,0.0035839808861173996
82019,24.6,44.0,0.007891032590329168
82020,24.6,45.0,0.015508814217394543
82021,24.6,46.0,0.007401535471751463
82022,24.6,47.0,0.002139399246033482
82023,24.6,48.0,0.0015745705009405147
82024,24.6,49.0,0.0013827176864240995
82025,24.6,50.0,0.0012109193323206556
82026,24.6,51.0,0.0010548412835576268
82027,24.6,52.0,0.0009162443718215802
82028,24.6,53.0,0.0009890585217212195
82029,24.6,54.0,0.0036569323221583164
82030,24.6,55.0,0.007898063272381893
82031,24.6,56.0,0.0034700664760503137
82032,24.6,57.0,0.0006134278909470295
82033,24.6,58.0,0.00034810379296027036
82034,24.6,59.0,0.0002887041560087081
82035,24.6,60.0,0.00023971317054125393
82036,24.6,61.0,0.00019798083577155887
82037,24.6,62.0,0.0001626449264042341
82038,24.6,63.0,0.0001329058186410684
82039,24.6,64.0,0.00010802731375224748
82040,24.6,65.0,8.733921143228491e-05
82041,24.6,66.0,7.023782643294103e-05
82042,24.6,67.0,5.6184816665790775e-05
82043,24.6,68.0,4.470467893361121e-05
82044,24.6,69.0,3.538124409385735e-05
82045,24.6,70.0,2.7853471238222966e-05
82046,24.6,71.0,2.1810803316055456e-05
82047,24.6,72.0,1.6988307113063595e-05
82048,24.6,73.0,1.3161780784140079e-05
82049,24.6,74.0,1.014297395378154e-05
82050,24.7,-75.0,1.7297361875217153e-14
82051,24.7,-74.0,2.934391166109448e-14
82052,24.7,-73.0,4.9515623188557016e-14
82053,24.7,-72.0,8.310986934791665e-14
82054,24.7,-71.0,1.3875513277893835e-13
82055,24.7,-70.0,2.3042607519378954e-13
82056,24.7,-69.0,3.806276165156143e-13
82057,24.7,-68.0,6.253959661944883e-13
82058,24.7,-67.0,1.022106060753438e-12
82059,24.7,-66.0,1.6615865146544596e-12
82060,24.7,-65.0,2.6868044668783764e-12
82061,24.7,-64.0,4.321507509225753e-12
82062,24.7,-63.0,6.913860137550079e-12
82063,24.7,-62.0,1.1002516162000698e-11
82064,24.7,-61.0,1.74160453965341e-11
82065,24.7,-60.0,2.7421625065926487e-11
82066,24.7,-59.0,4.294602142204343e-11
82067,24.7,-58.0,6.69019523858057e-11
82068,24.7,-57.0,1.0366705351121058e-10
82069,24.7,-56.0,1.5978235784078892e-10
82070,24.7,-55.0,2.4496441676603213e-10
82071,24.7,-54.0,3.7356251434156763e-10
82072,24.7,-53.0,5.666432029562141e-10
82073,24.7,-52.0,8.549528913820446e-10
82074,24.7,-51.0,1.2831008577482634e-09
82075,24.7,-50.0,1.91542659723926e-09
82076,24.7,-49.0,2.844175171482035e-09
82077,24.7,-48.0,4.200812306813081e-09
82078,24.7,-47.0,6.1715794556618186e-09
82079,24.7,-46.0,9.018732033903023e-09
82080,24.7,-45.0,1.3109337821183062e-08
82081,24.7,-44.0,1.8954055268390486e-08
82082,24.7,-43.0,2.7258983014716897e-08
82083,24.7,-42.0,3.899449306088185e-08
82084,24.7,-41.0,5.5485951508801705e-08
82085,24.7,-40.0,7.853241176526041e-08
82086,24.7,-39.0,1.1056075126686503e-07
82087,24.7,-38.0,1.5482432356226282e-07
82088,24.7,-37.0,2.1565701290817973e-07
82089,24.7,-36.0,2.9879559478821996e-07
82090,24.7,-35.0,4.1178549114847795e-07
82091,24.7,-34.0,5.644873084894424e-07
82092,24.7,-33.0,7.697038762158936e-07
82093,24.7,-32.0,1.0439497434300558e-06
82094,24.7,-31.0,1.4083870869104015e-06
82095,24.7,-30.0,1.889953530351391e-06
82096,24.7,-29.0,2.522708646481925e-06
82097,24.7,-28.0,3.3507805539830133e-06
82098,24.7,-27.0,5.155041351115226e-06
82099,24.7,-26.0,7.115902925396797e-05
82100,24.7,-25.0,0.0009754560952589849
82101,24.7,-24.0,0.002387627994742344
82102,24.7,-23.0,0.0010557778487565086
82103,24.7,-22.0,0.0011941442136558626
82104,24.7,-21.0,0.002753624600316227
82105,24.7,-20.0,0.001140226503226831
82106,24.7,-19.0,0.00019987003422060833
82107,24.7,-18.0,0.0013905646585200397
82108,24.7,-17.0,0.0033632108004791952
82109,24.7,-16.0,0.0015194071030497852
82110,24.7,-15.0,0.001736358129747675
82111,24.7,-14.0,0.003941855098649138
82112,24.7,-13.0,0.0016895387208910831
82113,24.7,-12.0,0.0003868165824665602
82114,24.7,-11.0,0.002105882211354447
82115,24.7,-10.0,0.004942655976711819
82116,24.7,-9.0,0.0023411844212481558
82117,24.7,-8.0,0.00270523984826421
82118,24.7,-7.0,0.005926245921708236
82119,24.7,-6.0,0.002708955695981863
82120,24.7,-5.0,0.0008684703632452084
82121,24.7,-4.0,0.003445590240612702
82122,24.7,-3.0,0.0076714882372656435
82123,24.7,-2.0,0.0036626935180102825
82124,24.7,-1.0,0.001143051065781093
82125,24.7,0.0,0.0005637173996008728
82126,24.7,1.0,0.0014976580322007022
82127,24.7,2.0,0.005418606122200203
82128,24.7,3.0,0.011462384615823508
82129,24.7,4.0,0.00578330973996688
82130,24.7,5.0,0.0025722335506578424
82131,24.7,6.0,0.007402338573172162
82132,24.7,7.0,0.015257438317355586
82133,24.7,8.0,0.008284809951948779
82134,24.7,9.0,0.009680250527524034
82135,24.7,10.0,0.019015517377497296
82136,24.7,11.0,0.009814105908005244
82137,24.7,12.0,0.004598072253039461
82138,24.7,13.0,0.012681318158110423
82139,24.7,14.0,0.02584130834271104
82140,24.7,15.0,0.013918273519777091
82141,24.7,16.0,0.016668209093195694
82142,24.7,17.0,0.03315700310844299
82143,24.7,18.0,0.01646487569840754
82144,24.7,19.0,0.007011046575040983
82145,24.7,20.0,0.023088080153775437
82146,24.7,21.0,0.04930625244894016
82147,24.7,22.0,0.02527522351007404
82148,24.7,23.0,0.03609031207614098
82149,24.7,24.0,0.07780240314122222
82150,24.7,25.0,0.042855032728713924
82151,24.7,26.0,0.010685193135679465
82152,24.7,27.0,0.02980708350028131
82153,24.7,28.0,0.06341226013563556
82154,24.7,29.0,0.030654585220436806
82155,24.7,30.0,0.02413584568498868
82156,24.7,31.0,0.04619294668153738
82157,24.7,32.0,0.022176153365093123
82158,24.7,33.0,0.007450775741615166
82159,24.7,34.0,0.016605746066959658
82160,24.7,35.0,0.03272459841965437
82161,24.7,36.0,0.016636340036301173
82162,24.7,37.0,0.014089456336321223
82163,24.7,38.0,0.025921100918245885
82164,24.7,39.0,0.013215065016325618
82165,24.7,40.0,0.01128579900647899
82166,24.7,41.0,0.020727761288666338
82167,24.7,42.0,0.010119162042330956
82168,24.7,43.0,0.0035945580866732665
82169,24.7,44.0,0.007903278085390852
82170,24.7,45.0,0.015523926504274633
82171,24.7,46.0,0.007413884479194314
82172,24.7,47.0,0.002149800990898105
82173,24.7,48.0,0.0015845089670227463
82174,24.7,49.0,0.001392208189162031
82175,24.7,50.0,0.001219880484224643
82176,24.7,51.0,0.0010632136996312554
82177,24.7,52.0,0.0009239884635023465
82178,24.7,53.0,0.0009960352868678911
82179,24.7,54.0,0.00366157153901668
82180,24.7,55.0,0.007899427917030065
82181,24.7,56.0,0.0034734469591224068
82182,24.7,57.0,0.0006179066949550661
82183,24.7,58.0,0.00035215002502669206
82184,24.7,59.0,0.00029223856713571567
82185,24.7,60.0,0.0002427771781857898
82186,24.7,61.0,0.00020061828142340252
82187,24.7,62.0,0.0001648994708504295
82188,24.7,63.0,0.00013481993884848547
82189,24.7,64.0,0.00010964153247634748
82190,24.7,65.0,8.869153592665479e-05
82191,24.7,66.0,7.136337191163258e-05
82192,24.7,67.0,5.711558850757988e-05
82193,24.7,68.0,4.546948731046076e-05
82194,24.7,69.0,3.600572549995459e-05
82195,24.7,70.0,2.8360193032729886e-05
82196,24.7,71.0,2.221942962574138e-05
82197,24.7,72.0,1.7315807046337917e-05
82198,24.7,73.0,1.342266269131214e-05
82199,24.7,74.0,1.0349532268812556e-05
82200,24.8,-75.0,1.6590456170052406e-14
82201,24.8,-74.0,2.8159688866257392e-14
82202,24.8,-73.0,4.7542660797296895e-14
82203,24.8,-72.0,7.984086317319494e-14
82204,24.8,-71.0,1.333684397737744e-13
82205,24.8,-70.0,2.2159860651879703e-13
82206,24.8,-69.0,3.662411062339031e-13
82207,24.8,-68.0,6.020786908671319e-13
82208,24.8,-67.0,9.845222458472215e-13
82209,24.8,-66.0,1.6013413503316365e-12
82210,24.8,-65.0,2.590767320806027e-12
82211,24.8,-64.0,4.1692602960810175e-12
82212,24.8,-63.0,6.673838869672023e-12
82213,24.8,-62.0,1.0626213358126196e-11
82214,24.8,-61.0,1.6829354309572238e-11
82215,24.8,-60.0,2.6511999531670867e-11
82216,24.8,-59.0,4.154355145894955e-11
82217,24.8,-58.0,6.475165383666377e-11
82218,24.8,-57.0,1.0038855837175753e-10
82219,24.8,-56.0,1.548116635660798e-10
82220,24.8,-55.0,2.3747026943606064e-10
82221,24.8,-54.0,3.6232718528224344e-10
82222,24.8,-53.0,5.498936482533894e-10
82223,24.8,-52.0,8.30123281494389e-10
82224,24.8,-51.0,1.2465008909438143e-09
82225,24.8,-50.0,1.8617814580694114e-09
82226,24.8,-49.0,2.7659919833626244e-09
82227,24.8,-48.0,4.087513902509689e-09
82228,24.8,-47.0,6.008328631031172e-09
82229,24.8,-46.0,8.784847487639205e-09
82230,24.8,-45.0,1.2776176022947775e-08
82231,24.8,-44.0,1.8482199868357776e-08
82232,24.8,-43.0,2.659454452654843e-08
82233,24.8,-42.0,3.8064276015123626e-08
82234,24.8,-41.0,5.419119398451397e-08
82235,24.8,-40.0,7.674074352193794e-08
82236,24.8,-39.0,1.0809595262286244e-07
82237,24.8,-38.0,1.5145339958202232e-07
82238,24.8,-37.0,2.110740293841265e-07
82239,24.8,-36.0,2.9260165836407476e-07
82240,24.8,-35.0,4.0346420186189825e-07
82241,24.8,-34.0,5.533749771239926e-07
82242,24.8,-33.0,7.549537914639981e-07
82243,24.8,-32.0,1.0244898076532406e-06
82244,24.8,-31.0,1.3828702292846645e-06
82245,24.8,-30.0,1.856700469648565e-06
82246,24.8,-29.0,2.4796428345615592e-06
82247,24.8,-28.0,3.295364804392633e-06
82248,24.8,-27.0,5.089183936345035e-06
82249,24.8,-26.0,7.15176023979672e-05
82250,24.8,-25.0,0.0009819866771388114
82251,24.8,-24.0,0.00240380698703757
82252,24.8,-23.0,0.0010627501729336295
82253,24.8,-22.0,0.0012018755858039644
82254,24.8,-21.0,0.002771782429092486
82255,24.8,-20.0,0.0011474042224209452
82256,24.8,-19.0,0.00020057381355880624
82257,24.8,-18.0,0.0013989317490763964
82258,24.8,-17.0,0.0033843538741813446
82259,24.8,-16.0,0.0015282409182396262
82260,24.8,-15.0,0.001746170854912737
82261,24.8,-14.0,0.003965517386289517
82262,24.8,-13.0,0.001698477123331227
82263,24.8,-12.0,0.00038705577389077224
82264,24.8,-11.0,0.002116329425817802
82265,24.8,-10.0,0.0049701544574875895
82266,24.8,-9.0,0.0023521646033223976
82267,24.8,-8.0,0.0027175419759656936
82268,24.8,-7.0,0.005957122520167107
82269,24.8,-6.0,0.002720134009643665
82270,24.8,-5.0,0.00086808268740729
82271,24.8,-4.0,0.0034590321048827482
82272,24.8,-3.0,0.0077079656033842096
82273,24.8,-2.0,0.0036761008722498156
82274,24.8,-1.0,0.001141806355285698
82275,24.8,0.0,0.0005701918083064641
82276,24.8,1.0,0.00149754139838708
82277,24.8,2.0,0.005438290209290659
82278,24.8,3.0,0.011512848888341922
82279,24.8,4.0,0.00580462080012927
82280,24.8,5.0,0.0025769994367378832
82281,24.8,6.0,0.007429501943484803
82282,24.8,7.0,0.015321218711859317
82283,24.8,8.0,0.00831715728977568
82284,24.8,9.0,0.009716848032612533
82285,24.8,10.0,0.019091263415413968
82286,24.8,11.0,0.00985410779186525
82287,24.8,12.0,0.004618205520898243
82288,24.8,13.0,0.012728261757148982
82289,24.8,14.0,0.025931314975636152
82290,24.8,15.0,0.013973628159891324
82291,24.8,16.0,0.01672249464365851
82292,24.8,17.0,0.03324552706718831
82293,24.8,18.0,0.0165251074263439
82294,24.8,19.0,0.007053097823373816
82295,24.8,20.0,0.023111202508508972
82296,24.8,21.0,0.04929953618072822
82297,24.8,22.0,0.02528087709056208
82298,24.8,23.0,0.03577459227917167
82299,24.8,24.0,0.07695082776778199
82300,24.8,25.0,0.04172865380861547
82301,24.8,26.0,0.010585012004340623
82302,24.8,27.0,0.029936461459538367
82303,24.8,28.0,0.06378574918328825
82304,24.8,29.0,0.030797152733591352
82305,24.8,30.0,0.024190044332464737
82306,24.8,31.0,0.04633518064222253
82307,24.8,32.0,0.022226903762432033
82308,24.8,33.0,0.0074457686900732695
82309,24.8,34.0,0.016622191727507587
82310,24.8,35.0,0.032779174194556664
82311,24.8,36.0,0.01665940585103789
82312,24.8,37.0,0.0141033656121568
82313,24.8,38.0,0.025952480442715004
82314,24.8,39.0,0.013231748720426751
82315,24.8,40.0,0.011297930551381983
82316,24.8,41.0,0.02074771992749226
82317,24.8,42.0,0.010132735739407607
82318,24.8,43.0,0.003604167859688455
82319,24.8,44.0,0.007913592606848105
82320,24.8,45.0,0.01553538801257479
82321,24.8,46.0,0.007424457975885565
82322,24.8,47.0,0.0021596498430255474
82323,24.8,48.0,0.0015940407339569
82324,24.8,49.0,0.0014013507826810378
82325,24.8,50.0,0.0012285458360571946
82326,24.8,51.0,0.0010713367916010289
82327,24.8,52.0,0.0009315237623016201
82328,24.8,53.0,0.0010027927001432394
82329,24.8,54.0,0.0036653733682480037
82330,24.8,55.0,0.007898968411799127
82331,24.8,56.0,0.003476039427139879
82332,24.8,57.0,0.000622265701186645
82333,24.8,58.0,0.0003561387923830195
82334,24.8,59.0,0.00029572908217068546
82335,24.8,60.0,0.0002458078977619238
82336,24.8,61.0,0.00020323095985376192
82337,24.8,62.0,0.00016713600373095797
82338,24.8,63.0,0.00013672132761276354
82339,24.8,64.0,0.00011124708177700067
82340,24.8,65.0,9.003826038636265e-05
82341,24.8,66.0,7.248558880164455e-05
82342,24.8,67.0,5.8044671022583326e-05
82343,24.8,68.0,4.623375259429299e-05
82344,24.8,69.0,3.663043218765444e-05
82345,24.8,70.0,2.8867624555643815e-05
82346,24.8,71.0,2.2629041632554727e-05
82347,24.8,72.0,1.7644419799474706e-05
82348,24.8,73.0,1.3684682008951482e-05
82349,24.8,74.0,1.0557185334234348e-05
82350,24.9,-75.0,1.5906639535673736e-14
82351,24.9,-74.0,2.7013406459074018e-14
82352,24.9,-73.0,4.5631671200269064e-14
82353,24.9,-72.0,7.667247865701406e-14
82354,24.9,-71.0,1.281441366861686e-13
82355,24.9,-70.0,2.1303162655625435e-13
82356,24.9,-69.0,3.5226989879969415e-13
82357,24.9,-68.0,5.794194818529819e-13
82358,24.9,-67.0,9.479747281301776e-13
82359,24.9,-66.0,1.5427179529480775e-12
82360,24.9,-65.0,2.4972522600959536e-12
82361,24.9,-64.0,4.0209104747779714e-12
82362,24.9,-63.0,6.439801783518078e-12
82363,24.9,-62.0,1.0259039545142942e-11
82364,24.9,-61.0,1.6256498760158208e-11
82365,24.9,-60.0,2.5623203993869392e-11
82366,24.9,-59.0,4.017223185536406e-11
82367,24.9,-58.0,6.264762257684772e-11
82368,24.9,-57.0,9.717830865116131e-11
82369,24.9,-56.0,1.499409248181969e-10
82370,24.9,-55.0,2.3012147124214188e-10
82371,24.9,-54.0,3.5130166358692177e-10
82372,24.9,-53.0,5.33444668112356e-10
82373,24.9,-52.0,8.05720954907785e-10
82374,24.9,-51.0,1.2105034931413312e-09
82375,24.9,-50.0,1.8089790765767156e-09
82376,24.9,-49.0,2.6889773810269103e-09
82377,24.9,-48.0,3.975821371057257e-09
82378,24.9,-47.0,5.847263816296381e-09
82379,24.9,-46.0,8.553908983975163e-09
82380,24.9,-45.0,1.244694223366086e-08
82381,24.9,-44.0,1.8015521493989168e-08
82382,24.9,-43.0,2.5936843431684342e-08
82383,24.9,-42.0,3.7142704660632146e-08
82384,24.9,-41.0,5.290735590438126e-08
82385,24.9,-40.0,7.496261472029074e-08
82386,24.9,-39.0,1.0564757714553422e-07
82387,24.9,-38.0,1.4810186161397282e-07
82388,24.9,-37.0,2.0651313189358214e-07
82389,24.9,-36.0,2.8643166881565537e-07
82390,24.9,-35.0,3.951669648159743e-07
82391,24.9,-34.0,5.422836495798543e-07
82392,24.9,-33.0,7.402164397798119e-07
82393,24.9,-32.0,1.0050261273833882e-06
82394,24.9,-31.0,1.3573207263632322e-06
82395,24.9,-30.0,1.82336759037952e-06
82396,24.9,-29.0,2.436423774908926e-06
82397,24.9,-28.0,3.239685027317423e-06
82398,24.9,-27.0,5.022707612716528e-06
82399,24.9,-26.0,7.185822715606212e-05
82400,24.9,-25.0,0.0009882601782444855
82401,24.9,-24.0,0.002419355398120712
82402,24.9,-23.0,0.0010694443880674715
82403,24.9,-22.0,0.0012092911596756734
82404,24.9,-21.0,0.0027892100657011002
82405,24.9,-20.0,0.0011542806043013246
82406,24.9,-19.0,0.00020122601278178574
82407,24.9,-18.0,0.0014069286764849776
82408,24.9,-17.0,0.003404599132861756
82409,24.9,-16.0,0.0015366693941149146
82410,24.9,-15.0,0.001755517706791039
82411,24.9,-14.0,0.003988120260877497
82412,24.9,-13.0,0.0017069599235849994
82413,24.9,-12.0,0.000387187344445934
82414,24.9,-11.0,0.002126201651954997
82415,24.9,-10.0,0.004996307843081495
82416,24.9,-9.0,0.0023624993762120256
82417,24.9,-8.0,0.002729092736643522
82418,24.9,-7.0,0.00598636639264709
82419,24.9,-6.0,0.002730547745749503
82420,24.9,-5.0,0.0008674228302107654
82421,24.9,-4.0,0.003471486974803834
82422,24.9,-3.0,0.007742288207297757
82423,24.9,-2.0,0.003688439882599514
82424,24.9,-1.0,0.0011401708595473203
82425,24.9,0.0,0.0005765610530314474
82426,24.9,1.0,0.0014969057207870867
82427,24.9,2.0,0.005456354963156153
82428,24.9,3.0,0.011560005651066454
82429,24.9,4.0,0.005824178302062185
82430,24.9,5.0,0.002580882644613282
82431,24.9,6.0,0.00745442487294218
82432,24.9,7.0,0.015380562129946616
82433,24.9,8.0,0.008346989756460116
82434,24.9,9.0,0.009750532948228387
82435,24.9,10.0,0.01916149817347615
82436,24.9,11.0,0.009891144236497241
82437,24.9,12.0,0.004636820280475267
82438,24.9,13.0,0.01277148418578711
82439,24.9,14.0,0.026014015774577896
82440,24.9,15.0,0.014024951260876314
82441,24.9,16.0,0.01677215203124804
82442,24.9,17.0,0.03332516036229761
82443,24.9,18.0,0.016580820831529213
82444,24.9,19.0,0.007093224572234949
82445,24.9,20.0,0.02312965033743596
82446,24.9,21.0,0.049283572337986456
82447,24.9,22.0,0.025283891971519163
82448,24.9,23.0,0.03548669871653853
82449,24.9,24.0,0.07617022718212609
82450,24.9,25.0,0.04066594863626495
82451,24.9,26.0,0.01048768483799013
82452,24.9,27.0,0.030064389823581394
82453,24.9,28.0,0.06415784069084864
82454,24.9,29.0,0.030938062695667182
82455,24.9,30.0,0.024240497160524104
82456,24.9,31.0,0.046470523267477304
82457,24.9,32.0,0.022273962948285195
82458,24.9,33.0,0.007439011220466924
82459,24.9,34.0,0.016635224079312817
82460,24.9,35.0,0.03282749087877417
82461,24.9,36.0,0.016679081289405113
82462,24.9,37.0,0.014114256597543643
82463,24.9,38.0,0.02597860595758096
82464,24.9,39.0,0.013245617085792192
82465,24.9,40.0,0.011307596211617973
82466,24.9,41.0,0.02076337550378454
82467,24.9,42.0,0.010144121720727985
82468,24.9,43.0,0.003612898929347155
82469,24.9,44.0,0.007922180331836443
82470,24.9,45.0,0.015543607304173177
82471,24.9,46.0,0.00743344689353122
82472,24.9,47.0,0.0021689956235802386
82473,24.9,48.0,0.0016032007332897628
82474,24.9,49.0,0.0014101756104943522
82475,24.9,50.0,0.0012369413479096792
82476,24.9,51.0,0.0010792328041111568
82477,24.9,52.0,0.0009388692956759972
82478,24.9,53.0,0.001009352365411295
82479,24.9,54.0,0.0036684330483439894
82480,24.9,55.0,0.007896896694683742
82481,24.9,56.0,0.003477935080034255
82482,24.9,57.0,0.0006265183700130002
82483,24.9,58.0,0.0003600767423926576
82484,24.9,59.0,0.00029918113427070483
82485,24.9,60.0,0.0002488097918506517
82486,24.9,61.0,0.0002058225208209878
82487,24.9,62.0,0.00016935749749289096
82488,24.9,63.0,0.00013861239579801966
82489,24.9,64.0,0.00011284590914598996
82490,24.9,65.0,9.138095176909886e-05
82491,24.9,66.0,7.36057329893858e-05
82492,24.9,67.0,5.8973066944138403e-05
82493,24.9,68.0,4.6998272394917e-05
82494,24.9,69.0,3.725599626359769e-05
82495,24.9,70.0,2.9376264928732646e-05
82496,24.9,71.0,2.3040032032628292e-05
82497,24.9,72.0,1.7974453233184925e-05
82498,24.9,73.0,1.3948079233521455e-05
82499,24.9,74.0,1.0766120358164371e-05
82500,25.0,-75.0,1.4687138954666372e-14
82501,25.0,-74.0,2.4955685664908402e-14
82502,25.0,-73.0,4.217818790142823e-14
82503,25.0,-72.0,7.090754271412629e-14
82504,25.0,-71.0,1.1857224993263987e-13
82505,25.0,-70.0,1.9722401412188917e-13
82506,25.0,-69.0,3.2630417785065394e-13
82507,25.0,-68.0,5.369966573823717e-13
82508,25.0,-67.0,8.790359522572677e-13
82509,25.0,-66.0,1.4312905404367405e-12
82510,25.0,-65.0,2.318115503656501e-12
82511,25.0,-64.0,3.7344654825406e-12
82512,25.0,-63.0,5.984225290537602e-12
82513,25.0,-62.0,9.53835601661432e-12
82514,25.0,-61.0,1.512255695893785e-11
82515,25.0,-60.0,2.3848608107407255e-11
82516,25.0,-59.0,3.740993492711887e-11
82517,25.0,-58.0,5.837097881255896e-11
82518,25.0,-57.0,9.059267983035145e-11
82519,25.0,-56.0,1.39854145833075e-10
82520,25.0,-55.0,2.1475520130115175e-10
82521,25.0,-54.0,3.2801835384097e-10
82522,25.0,-53.0,4.983548695540037e-10
82523,25.0,-52.0,7.53122071592798e-10
82524,25.0,-51.0,1.1320826980485777e-09
82525,25.0,-50.0,1.6926884809993803e-09
82526,25.0,-49.0,2.5174568380763006e-09
82527,25.0,-48.0,3.724201211803407e-09
82528,25.0,-47.0,5.480123564130527e-09
82529,25.0,-46.0,8.021095293272295e-09
82530,25.0,-45.0,1.1677855945419428e-08
82531,25.0,-44.0,1.6911365119207502e-08
82532,25.0,-43.0,2.4360171216686578e-08
82533,25.0,-42.0,3.4903431682043304e-08
82534,25.0,-41.0,4.974415388707081e-08
82535,25.0,-40.0,7.051834364058142e-08
82536,25.0,-39.0,9.943706631397184e-08
82537,25.0,-38.0,1.3946995536536315e-07
82538,25.0,-37.0,1.9458044776748948e-07
82539,25.0,-36.0,2.700249764467014e-07
82540,25.0,-35.0,3.7273048060585336e-07
82541,25.0,-34.0,5.117668583296444e-07
82542,25.0,-33.0,6.989333076562577e-07
82543,25.0,-32.0,9.494797752387886e-07
82544,25.0,-31.0,1.2829868109241445e-06
82545,25.0,-30.0,1.724428825094192e-06
82546,25.0,-29.0,2.305447242162886e-06
82547,25.0,-28.0,3.0671912381975546e-06
82548,25.0,-27.0,4.7741832097532405e-06
82549,25.0,-26.0,6.95372449128199e-05
82550,25.0,-25.0,0.0009578594696028756
82551,25.0,-24.0,0.0023451135351543525
82552,25.0,-23.0,0.0010364552949938168
82553,25.0,-22.0,0.0011718387006755297
82554,25.0,-21.0,0.00270313645155757
82555,25.0,-20.0,0.001118337663117828
82556,25.0,-19.0,0.0001944349272630382
82557,25.0,-18.0,0.0013627456720091409
82558,25.0,-17.0,0.0032985396861527506
82559,25.0,-16.0,0.0014881166221781441
82560,25.0,-15.0,0.0016997760617174624
82561,25.0,-14.0,0.0038628050873046977
82562,25.0,-13.0,0.0016521748054613597
82563,25.0,-12.0,0.00037303112788594897
82564,25.0,-11.0,0.002057285715630593
82565,25.0,-10.0,0.004837213778539987
82566,25.0,-9.0,0.0022853073379898287
82567,25.0,-8.0,0.002639543911955773
82568,25.0,-7.0,0.005793712682720919
82569,25.0,-6.0,0.002639838581611531
82570,25.0,-5.0,0.0008347596897758522
82571,25.0,-4.0,0.0033553940046984047
82572,25.0,-3.0,0.007489715780858297
82573,25.0,-2.0,0.003564211945459282
82574,25.0,-1.0,0.0010964660274206954
82575,25.0,0.0,0.0005614762903968565
82576,25.0,1.0,0.0014409754305110655
82577,25.0,2.0,0.005272363560293068
82578,25.0,3.0,0.011178865190155325
82579,25.0,4.0,0.005628023899007236
82580,25.0,5.0,0.002489254217737646
82581,25.0,6.0,0.007203263262160401
82582,25.0,7.0,0.014870148125454494
82583,25.0,8.0,0.008067601676017522
82584,25.0,9.0,0.009423069414330193
82585,25.0,10.0,0.018522067347229804
82586,25.0,11.0,0.009561705495729024
82587,25.0,12.0,0.004483464748406979
82588,25.0,13.0,0.012341786961216572
82589,25.0,14.0,0.025133900475355346
82590,25.0,15.0,0.013556846956316383
82591,25.0,16.0,0.016201257666220402
82592,25.0,17.0,0.032172806334989416
82593,25.0,18.0,0.016022867520586105
82594,25.0,19.0,0.006870217537799209
82595,25.0,20.0,0.022295767593828897
82596,25.0,21.0,0.04745423309328893
82597,25.0,22.0,0.02435781300717244
82598,25.0,23.0,0.03393072175220585
82599,25.0,24.0,0.07268282112743046
82600,25.0,25.0,0.03666541196336349
82601,25.0,26.0,0.01087423917599402
82602,25.0,27.0,0.03159025713387989
82603,25.0,28.0,0.06751955739565334
82604,25.0,29.0,0.03251778740497343
82605,25.0,30.0,0.025412822443992646
82606,25.0,31.0,0.04875861282676992
82607,25.0,32.0,0.02335163760248558
82608,25.0,33.0,0.007774879318454629
82609,25.0,34.0,0.017416247755912596
82610,25.0,35.0,0.03439287302094893
82611,25.0,36.0,0.01746910719993782
82612,25.0,37.0,0.014776614644531514
82613,25.0,38.0,0.027204410890682762
82614,25.0,39.0,0.013871042673386128
82615,25.0,40.0,0.01183917350489852
82616,25.0,41.0,0.02173752286724313
82617,25.0,42.0,0.010623867262231402
82618,25.0,43.0,0.0037885476471855766
82619,25.0,44.0,0.008296505401579474
82620,25.0,45.0,0.016269176627846566
82621,25.0,46.0,0.007785689996902723
82622,25.0,47.0,0.002278762524504879
82623,25.0,48.0,0.0016866890887945723
82624,25.0,49.0,0.0014844243596784114
82625,25.0,50.0,0.0013027629068448079
82626,25.0,51.0,0.0011372679239846975
82627,25.0,52.0,0.0009898628253591456
82628,25.0,53.0,0.001062782437973171
82629,25.0,54.0,0.003840868694750792
82630,25.0,55.0,0.008259024184027812
82631,25.0,56.0,0.0036403725606042148
82632,25.0,57.0,0.0006598897201015202
82633,25.0,58.0,0.0003808289478639092
82634,25.0,59.0,0.00031661603738803546
82635,25.0,60.0,0.0002634496571737331
82636,25.0,61.0,0.00021804917712446635
82637,25.0,62.0,0.00017951360812820625
82638,25.0,63.0,0.00014700307102097641
82639,25.0,64.0,0.00011974063216999197
82640,25.0,65.0,9.701587236942279e-05
82641,25.0,66.0,7.81862074141899e-05
82642,25.0,67.0,6.267633726307846e-05
82643,25.0,68.0,4.997619389721338e-05
82644,25.0,69.0,3.963773724987359e-05
82645,25.0,70.0,3.1270918565172185e-05
82646,25.0,71.0,2.4539094335319077e-05
82647,25.0,72.0,1.9154134348889744e-05
82648,25.0,73.0,1.4871426735686601e-05
82649,25.0,74.0,1.1484943155489403e-05
82650,25.1,-75.0,1.368242833507471e-14
82651,25.1,-74.0,2.3260919287460026e-14
82652,25.1,-73.0,3.933477534493948e-14
82653,25.1,-72.0,6.616260273555442e-14
82654,25.1,-71.0,1.1069668009106816e-13
82655,25.1,-70.0,1.8422251984530213e-13
82656,25.1,-69.0,3.049558354643168e-13
82657,25.1,-68.0,5.021312905463296e-13
82658,25.1,-67.0,8.224011904041691e-13
82659,25.1,-66.0,1.3397886137170124e-12
82660,25.1,-65.0,2.1710755796363465e-12
82661,25.1,-64.0,3.4994493313937455e-12
82662,25.1,-63.0,5.610616499945093e-12
82663,25.1,-62.0,8.947620727965823e-12
82664,25.1,-61.0,1.4193537737496425e-11
82665,25.1,-60.0,2.2395453139350937e-11
82666,25.1,-59.0,3.5149176871563724e-11
82667,25.1,-58.0,5.4872730509713384e-11
82668,25.1,-57.0,8.520872984361643e-11
82669,25.1,-56.0,1.316126759166722e-10
82670,25.1,-55.0,2.0220759060774297e-10
82671,25.1,-54.0,3.0901765839829115e-10
82672,25.1,-53.0,4.69737517181262e-10
82673,25.1,-52.0,7.102533757002775e-10
82674,25.1,-51.0,1.0682120509754283e-09
82675,25.1,-50.0,1.5980403763046054e-09
82676,25.1,-49.0,2.3779577367920705e-09
82677,25.1,-48.0,3.519707912723504e-09
82678,25.1,-47.0,5.181973972381831e-09
82679,25.1,-46.0,7.588744675029072e-09
82680,25.1,-45.0,1.1054287804062765e-08
82681,25.1,-44.0,1.601687212867799e-08
82682,25.1,-43.0,2.3083984112980297e-08
82683,25.1,-42.0,3.309252811501431e-08
82684,25.1,-41.0,4.718840010298381e-08
82685,25.1,-40.0,6.693090446180586e-08
82686,25.1,-39.0,9.442875825263847e-08
82687,25.1,-38.0,1.3251590934678512e-07
82688,25.1,-37.0,1.8497708826965286e-07
82689,25.1,-36.0,2.568349108510752e-07
82690,25.1,-35.0,3.547124264677923e-07
82691,25.1,-34.0,4.872872205700593e-07
82692,25.1,-33.0,6.658554600099729e-07
82693,25.1,-32.0,9.050265136347787e-07
82694,25.1,-31.0,1.2235708502273823e-06
82695,25.1,-30.0,1.6454456317566696e-06
82696,25.1,-29.0,2.2010239602765383e-06
82697,25.1,-28.0,2.929855910697623e-06
82698,25.1,-27.0,4.578897849500023e-06
82699,25.1,-26.0,6.789913881652579e-05
82700,25.1,-25.0,0.0009367541691118084
82701,25.1,-24.0,0.0022936162103013467
82702,25.1,-23.0,0.001013530495504445
82703,25.1,-22.0,0.0011457738837924892
82704,25.1,-21.0,0.0026433088819018285
82705,25.1,-20.0,0.0010932755235227394
82706,25.1,-19.0,0.00018957156699432763
82707,25.1,-18.0,0.0013318436378652971
82708,25.1,-17.0,0.003224567669566304
82709,25.1,-16.0,0.0014540854520627574
82710,25.1,-15.0,0.0016606371539066495
82711,25.1,-14.0,0.0037751311726209103
82712,25.1,-13.0,0.001613564218391869
82713,25.1,-12.0,0.00036263861964895143
82714,25.1,-11.0,0.0020085484202612336
82715,25.1,-10.0,0.004725379727408832
82716,25.1,-9.0,0.0022305657077347327
82717,25.1,-8.0,0.002575945302601984
82718,25.1,-7.0,0.005657780274420864
82719,25.1,-6.0,0.0025751450817063136
82720,25.1,-5.0,0.0008105535823326735
82721,25.1,-4.0,0.0032724058789181574
82722,25.1,-3.0,0.007310656183854523
82723,25.1,-2.0,0.00347518952556025
82724,25.1,-1.0,0.0010638903164967605
82725,25.1,0.0,0.0005517062382885544
82726,25.1,1.0,0.0013995675661298826
82727,25.1,2.0,0.005140427125368918
82728,25.1,3.0,0.010907630151009423
82729,25.1,4.0,0.005487395822710984
82730,25.1,5.0,0.0024224003824032912
82731,25.1,6.0,0.007023178735519115
82732,25.1,7.0,0.01450611516698585
82733,25.1,8.0,0.00786768896548448
82734,25.1,9.0,0.009188530247556795
82735,25.1,10.0,0.018065216237498464
82736,25.1,11.0,0.009326362781141847
82737,25.1,12.0,0.004374035049344633
82738,25.1,13.0,0.012033931253341443
82739,25.1,14.0,0.024502500229960825
82740,25.1,15.0,0.013222377218951052
82741,25.1,16.0,0.015790979622366186
82742,25.1,17.0,0.03134090178778624
82743,25.1,18.0,0.015623383579086146
82744,25.1,19.0,0.006714104247094125
82745,25.1,20.0,0.021687492318644048
82746,25.1,21.0,0.04610922115100858
82747,25.1,22.0,0.023680810919673594
82748,25.1,23.0,0.032759277172049954
82749,25.1,24.0,0.07003655950877619
82750,25.1,25.0,0.031710067534127626
82751,25.1,26.0,0.011164071614511774
82752,25.1,27.0,0.03286222955556687
82753,25.1,28.0,0.07034896020977033
82754,25.1,29.0,0.03383673246924646
82755,25.1,30.0,0.02637319572723112
82756,25.1,31.0,0.0506435210990319
82757,25.1,32.0,0.02423428434500814
82758,25.1,33.0,0.008043334425628218
82759,25.1,34.0,0.0180491731049065
82760,25.1,35.0,0.03566822552337864
82761,25.1,36.0,0.018111167244965573
82762,25.1,37.0,0.015313154599503448
82763,25.1,38.0,0.02819943449780672
82764,25.1,39.0,0.014378680563375195
82765,25.1,40.0,0.012269961137888571
82766,25.1,41.0,0.022526704968076804
82767,25.1,42.0,0.011013421295547977
82768,25.1,43.0,0.003932301199544996
82769,25.1,44.0,0.008600348566413162
82770,25.1,45.0,0.01685599316570716
82771,25.1,46.0,0.008071909301956563
82772,25.1,47.0,0.00236971126648126
82773,25.1,48.0,0.0017564338026764433
82774,25.1,49.0,0.0015466514591436409
82775,25.1,50.0,0.00135809819264284
82776,25.1,51.0,0.0011862055523655015
82777,25.1,52.0,0.0010329862595789105
82778,25.1,53.0,0.0011076605325816263
82779,25.1,54.0,0.0039806657886801685
82780,25.1,55.0,0.008550237547953296
82781,25.1,56.0,0.0037718004459762686
82782,25.1,57.0,0.0006879854500297571
82783,25.1,58.0,0.0003986712264031711
82784,25.1,59.0,0.00033165085758193365
82785,25.1,60.0,0.000276106936250237
82786,25.1,61.0,0.0002286470068510464
82787,25.1,62.0,0.0001883388151023305
82788,25.1,63.0,0.0001543121970276158
82789,25.1,64.0,0.0001257612319051352
82790,25.1,65.0,0.00010194816629462491
82791,25.1,66.0,8.220498643103668e-05
82792,25.1,67.0,6.5933026703305e-05
82793,25.1,68.0,5.26009964270881e-05
82794,25.1,69.0,4.1741786935100334e-05
82795,25.1,70.0,3.294839093598272e-05
82796,25.1,71.0,2.5869229347159586e-05
82797,25.1,72.0,2.0203140285770786e-05
82798,25.1,73.0,1.5694243096513652e-05
82799,25.1,74.0,1.2126849246174093e-05
82800,25.2,-75.0,1.3112562395224656e-14
82801,25.2,-74.0,2.23039944967949e-14
82802,25.2,-73.0,3.7736692959214176e-14
82803,25.2,-72.0,6.350839463367025e-14
82804,25.2,-71.0,1.063125508767431e-13
82805,25.2,-70.0,1.7702069859522176e-13
82806,25.2,-69.0,2.931903482550256e-13
82807,25.2,-68.0,4.830158652161243e-13
82808,25.2,-67.0,7.915151464406439e-13
82809,25.2,-66.0,1.290158807433392e-12
82810,25.2,-65.0,2.0917665825967534e-12
82811,25.2,-64.0,3.3734119352163997e-12
82812,25.2,-63.0,5.4114249693186336e-12
82813,25.2,-62.0,8.63455604641528e-12
82814,25.2,-61.0,1.3704225364663893e-11
82815,25.2,-60.0,2.1634909286973076e-11
82816,25.2,-59.0,3.397361592609147e-11
82817,25.2,-58.0,5.30657827202422e-11
82818,25.2,-57.0,8.244673918277503e-11
82819,25.2,-56.0,1.274143962161208e-10
82820,25.2,-55.0,1.9586174750285304e-10
82821,25.2,-54.0,2.9947933296562706e-10
82822,25.2,-53.0,4.554809282270238e-10
82823,25.2,-52.0,6.890641331129845e-10
82824,25.2,-51.0,1.0368960034853867e-09
82825,25.2,-50.0,1.5520183961276465e-09
82826,25.2,-49.0,2.3107057092300726e-09
82827,25.2,-48.0,3.421988291698796e-09
82828,25.2,-47.0,5.040788908820745e-09
82829,25.2,-46.0,7.385920244646443e-09
82830,25.2,-45.0,1.076457353107975e-08
82831,25.2,-44.0,1.560540909075944e-08
82832,25.2,-43.0,2.2502957735254598e-08
82833,25.2,-42.0,3.227677775757915e-08
82834,25.2,-41.0,4.6049706388769095e-08
82835,25.2,-40.0,6.535061702295755e-08
82836,25.2,-39.0,9.224836178203056e-08
82837,25.2,-38.0,1.295250558716656e-07
82838,25.2,-37.0,1.8089855076363095e-07
82839,25.2,-36.0,2.513058412915731e-07
82840,25.2,-35.0,3.472612354189335e-07
82841,25.2,-34.0,4.773053423727029e-07
82842,25.2,-33.0,6.525632368577808e-07
82843,25.2,-32.0,8.874324346938015e-07
82844,25.2,-31.0,1.2004234324171723e-06
82845,25.2,-30.0,1.615177343106416e-06
82846,25.2,-29.0,2.161686785748575e-06
82847,25.2,-28.0,2.8790566306319955e-06
82848,25.2,-27.0,4.518095612847072e-06
82849,25.2,-26.0,6.82099708285373e-05
82850,25.2,-25.0,0.0009424839762775184
82851,25.2,-24.0,0.002307817572195807
82852,25.2,-23.0,0.001019642912474546
82853,25.2,-22.0,0.001152538085697453
82854,25.2,-21.0,0.0026592075570919496
82855,25.2,-20.0,0.0010995438997749992
82856,25.2,-19.0,0.00019015685765891915
82857,25.2,-18.0,0.0013391170031251084
82858,25.2,-17.0,0.003242996650281704
82859,25.2,-16.0,0.001461741187942675
82860,25.2,-15.0,0.0016691120855620858
82861,25.2,-14.0,0.003795658870304747
82862,25.2,-13.0,0.0016212324025127556
82863,25.2,-12.0,0.0003626932422986472
82864,25.2,-11.0,0.002017431158043366
82865,25.2,-10.0,0.004749027337881505
82866,25.2,-9.0,0.0022398252175457535
82867,25.2,-8.0,0.0025862633363976247
82868,25.2,-7.0,0.005684101943400766
82869,25.2,-6.0,0.0025843659232462905
82870,25.2,-5.0,0.000809697941983805
82871,25.2,-4.0,0.003283354001397176
82872,25.2,-3.0,0.007341310839810072
82873,25.2,-2.0,0.0034859318965035683
82874,25.2,-1.0,0.0010619553769666702
82875,25.2,0.0,0.0005577067664339531
82876,25.2,1.0,0.0013984199495782304
82877,25.2,2.0,0.005156030082322158
82878,25.2,3.0,0.010949324186810742
82879,25.2,4.0,0.005504235183414004
82880,25.2,5.0,0.0024250993386836926
82881,25.2,6.0,0.007044637659722491
82882,25.2,7.0,0.014558306889029841
82883,25.2,8.0,0.007893494039060017
82884,25.2,9.0,0.009217655966645113
82885,25.2,10.0,0.01812682387972416
82886,25.2,11.0,0.00935854871502995
82887,25.2,12.0,0.004389923061469472
82888,25.2,13.0,0.01207148916854816
82889,25.2,14.0,0.024574797832034395
82890,25.2,15.0,0.013267372065789323
82891,25.2,16.0,0.01583436514933924
82892,25.2,17.0,0.031410199659929326
82893,25.2,18.0,0.01567261219650629
82894,25.2,19.0,0.006750360856004231
82895,25.2,20.0,0.02170497254725418
82896,25.2,21.0,0.04609672001594094
82897,25.2,22.0,0.023688852780310833
82898,25.2,23.0,0.03255966951641554
82899,25.2,24.0,0.06947859705489454
82900,25.2,25.0,0.03151875991876752
82901,25.2,26.0,0.011043562954749783
82902,25.2,27.0,0.03293513081655273
82903,25.2,28.0,0.07061706271769325
82904,25.2,29.0,0.033921165033966576
82905,25.2,30.0,0.02636598223798896
82906,25.2,31.0,0.05067197142513636
82907,25.2,32.0,0.024227501668665254
82908,25.2,33.0,0.008015207116902755
82909,25.2,34.0,0.01801809506783166
82910,25.2,35.0,0.03563271313015637
82911,25.2,36.0,0.018087200876688025
82912,25.2,37.0,0.01528618512378151
82913,25.2,38.0,0.028157299600127212
82914,25.2,39.0,0.014357337055624107
82915,25.2,40.0,0.012249195436488045
82916,25.2,41.0,0.022487060562320794
82917,25.2,42.0,0.010997782997942619
82918,25.2,43.0,0.003931422161567688
82919,25.2,44.0,0.008587743774132968
82920,25.2,45.0,0.016822477594390498
82921,25.2,46.0,0.008061196871350025
82922,25.2,47.0,0.002373665634687194
82923,25.2,48.0,0.0017617731547323785
82924,25.2,49.0,0.0015522017963159821
82925,25.2,50.0,0.0013636983051484085
82926,25.2,51.0,0.0011917316068937272
82927,25.2,52.0,0.001038330373304433
82928,25.2,53.0,0.0011119913980447275
82929,25.2,54.0,0.003974029892050228
82930,25.2,55.0,0.00852661402198499
82931,25.2,56.0,0.003764453051741276
82932,25.2,57.0,0.000690922079642341
82933,25.2,58.0,0.0004019959815899663
82934,25.2,59.0,0.0003346190671436576
82935,25.2,60.0,0.00027872654978226184
82936,25.2,61.0,0.00023093934609499922
82937,25.2,62.0,0.00019032841647319978
82938,25.2,63.0,0.00015602545018291987
82939,25.2,64.0,0.00012722526433367226
82940,25.2,65.0,0.00010318994641237579
82941,25.2,66.0,8.32506282280814e-05
82942,25.2,67.0,6.680727528428614e-05
82943,25.2,68.0,5.332687164833743e-05
82944,25.2,69.0,4.2340361548893124e-05
82945,25.2,70.0,3.343867996509204e-05
82946,25.2,71.0,2.626816858539633e-05
82947,25.2,72.0,2.0525633616706626e-05
82948,25.2,73.0,1.5953260527497783e-05
82949,25.2,74.0,1.2333559979772444e-05
82950,25.3,-75.0,1.2563130903738855e-14
82951,25.3,-74.0,2.13808199230605e-14
82952,25.3,-73.0,3.61940293308907e-14
82953,25.3,-72.0,6.09446545588234e-14
82954,25.3,-71.0,1.0207524077879626e-13
82955,25.3,-70.0,1.700557471521282e-13
82956,25.3,-69.0,2.8180475839361547e-13
82957,25.3,-68.0,4.645061173825525e-13
82958,25.3,-67.0,7.61588997327781e-13
82959,25.3,-66.0,1.242041170911456e-12
82960,25.3,-65.0,2.014825460860082e-12
82961,25.3,-64.0,3.2510599357679856e-12
82962,25.3,-63.0,5.217934575638523e-12
82963,25.3,-62.0,8.330256810182785e-12
82964,25.3,-61.0,1.3228306795597836e-11
82965,25.3,-60.0,2.0894704546810574e-11
82966,25.3,-59.0,3.282874782955863e-11
82967,25.3,-58.0,5.1304860244392684e-11
82968,25.3,-57.0,7.975332667542704e-11
82969,25.3,-56.0,1.2331764247399415e-10
82970,25.3,-55.0,1.896652322641692e-10
82971,25.3,-54.0,2.9015920226009454e-10
82972,25.3,-53.0,4.415410414445909e-10
82973,25.3,-52.0,6.683314749453867e-10
82974,25.3,-51.0,1.0062337030467007e-09
82975,25.3,-50.0,1.5069259539447125e-09
82976,25.3,-49.0,2.244765994457161e-09
82977,25.3,-48.0,3.326107990864742e-09
82978,25.3,-47.0,4.902162758916056e-09
82979,25.3,-46.0,7.186628872733934e-09
82980,25.3,-45.0,1.0479699304832143e-08
82981,25.3,-44.0,1.5200523298066366e-08
82982,25.3,-43.0,2.1930794931605323e-08
82983,25.3,-42.0,3.147286863568237e-08
82984,25.3,-41.0,4.49266886419475e-08
82985,25.3,-40.0,6.379088435345524e-08
82986,25.3,-39.0,9.009464493699242e-08
82987,25.3,-38.0,1.265684576015781e-07
82988,25.3,-37.0,1.768634811042376e-07
82989,25.3,-36.0,2.458312240468328e-07
82990,25.3,-35.0,3.3987728620427454e-07
82991,25.3,-34.0,4.674051599566704e-07
82992,25.3,-33.0,6.393684118398644e-07
82993,25.3,-32.0,8.699518741496018e-07
82994,25.3,-31.0,1.1774046398672708e-06
82995,25.3,-30.0,1.5850494962899729e-06
82996,25.3,-29.0,2.1224951411099593e-06
82997,25.3,-28.0,2.828396020263651e-06
82998,25.3,-27.0,4.457288130172665e-06
82999,25.3,-26.0,6.85102593191874e-05
83000,25.3,-25.0,0.0009480567116661007
83001,25.3,-24.0,0.002321632964278041
83002,25.3,-23.0,0.00102558561416166
83003,25.3,-22.0,0.0011591094031611056
83004,25.3,-21.0,0.002674659102532771
83005,25.3,-20.0,0.0011056286420623397
83006,25.3,-19.0,0.0001907120360456159
83007,25.3,-18.0,0.0013461645513406445
83008,25.3,-17.0,0.003260875591237664
83009,25.3,-16.0,0.0014691499392614738
83010,25.3,-15.0,0.001677302740352493
83011,25.3,-14.0,0.0038155371000986554
83012,25.3,-13.0,0.0016286229827641165
83013,25.3,-12.0,0.000362684508720662
83014,25.3,-11.0,0.002025962408924186
83015,25.3,-10.0,0.004771848670385591
83016,25.3,-9.0,0.002248689421726563
83017,25.3,-8.0,0.002596119939760457
83018,25.3,-7.0,0.00570941778541465
83019,25.3,-6.0,0.00259311546323709
83020,25.3,-5.0,0.0008086733375308027
83021,25.3,-4.0,0.0032936901446318787
83022,25.3,-3.0,0.007370630502229574
83023,25.3,-2.0,0.00349600731161893
83024,25.3,-1.0,0.0010597686139069092
83025,25.3,0.0,0.00056365453183418
83026,25.3,1.0,0.0013969324780026642
83027,25.3,2.0,0.005170608376585941
83028,25.3,3.0,0.010988944913077586
83029,25.3,4.0,0.005519955797744106
83030,25.3,5.0,0.0024272116973329443
83031,25.3,6.0,0.0070646663255831445
83032,25.3,7.0,0.014607707235894876
83033,25.3,8.0,0.00791768625206232
83034,25.3,9.0,0.009244921410525499
83035,25.3,10.0,0.01818496968205719
83036,25.3,11.0,0.009388829307058776
83037,25.3,12.0,0.004404789820316677
83038,25.3,13.0,0.012106689020817121
83039,25.3,14.0,0.024642564588521064
83040,25.3,15.0,0.013309818259615157
83041,25.3,16.0,0.015874887352562494
83042,25.3,17.0,0.03147412967470634
83043,25.3,18.0,0.015719048723480417
83044,25.3,19.0,0.006785378679734393
83045,25.3,20.0,0.021719909261008953
83046,25.3,21.0,0.04607946956250219
83047,25.3,22.0,0.023695355096924785
83048,25.3,23.0,0.0323731631510999
83049,25.3,24.0,0.06895444545308753
83050,25.3,25.0,0.03134077110025087
83051,25.3,26.0,0.010926217441481222
83052,25.3,27.0,0.03301154221713321
83053,25.3,28.0,0.07089428995046902
83054,25.3,29.0,0.034008970718481114
83055,25.3,30.0,0.026358412022264813
83056,25.3,31.0,0.050699713491499925
83057,25.3,32.0,0.024220051655295588
83058,25.3,33.0,0.00798640797643066
83059,25.3,34.0,0.017985859241900687
83060,25.3,35.0,0.03559528802363844
83061,25.3,36.0,0.018062062855033374
83062,25.3,37.0,0.01525808638706857
83063,25.3,38.0,0.02811336964737748
83064,25.3,39.0,0.014334925395721392
83065,25.3,40.0,0.012227458892486248
83066,25.3,41.0,0.022445888948762018
83067,25.3,42.0,0.010981280636864729
83068,25.3,43.0,0.003930095485927219
83069,25.3,44.0,0.008574442639705509
83070,25.3,45.0,0.016787810736465184
83071,25.3,46.0,0.008049862928736442
83072,25.3,47.0,0.002377349299282647
83073,25.3,48.0,0.001766897270409276
83074,25.3,49.0,0.0015575676259734505
83075,25.3,50.0,0.0013691418136608834
83076,25.3,51.0,0.0011971262861854596
83077,25.3,52.0,0.0010435655016859265
83078,25.3,53.0,0.0011162208319218895
83079,25.3,54.0,0.003967137848952884
83080,25.3,55.0,0.008502480673755216
83081,25.3,56.0,0.0037568770317085026
83082,25.3,57.0,0.0006938126862408781
83083,25.3,58.0,0.00040529576246832254
83084,25.3,59.0,0.0003375695375132899
83085,25.3,60.0,0.00028133409304947996
83086,25.3,61.0,0.00023322405756828987
83087,25.3,62.0,0.00019231379524070605
83088,25.3,63.0,0.00015773702221028293
83089,25.3,64.0,0.00012868944996785267
83090,25.3,65.0,0.00010443314548030306
83091,25.3,66.0,8.429850657385877e-05
83092,25.3,67.0,6.768423272548213e-05
83093,25.3,68.0,5.405566903650665e-05
83094,25.3,69.0,4.2941883683030675e-05
83095,25.3,70.0,3.3931811292140074e-05
83096,25.3,71.0,2.6669759686168663e-05
83097,25.3,72.0,2.0850538183833936e-05
83098,25.3,73.0,1.6214424678362488e-05
83099,25.3,74.0,1.2542148122340888e-05
83100,25.4,-75.0,1.2033819285985246e-14
83101,25.4,-74.0,2.049091469463813e-14
83102,25.4,-73.0,3.470605996514973e-14
83103,25.4,-72.0,5.847030884591729e-14
83104,25.4,-71.0,9.798318906174066e-14
83105,25.4,-70.0,1.6332544884269124e-13
83106,25.4,-69.0,2.7079600805624144e-13
83107,25.4,-68.0,4.465979887932736e-13
83108,25.4,-67.0,7.326176468691637e-13
83109,25.4,-66.0,1.1954298487215916e-12
83110,25.4,-65.0,1.940246564429365e-12
83111,25.4,-64.0,3.13239021168609e-12
83112,25.4,-63.0,5.0301495920496086e-12
83113,25.4,-62.0,8.034744127188325e-12
83114,25.4,-61.0,1.2765837400349233e-11
83115,25.4,-60.0,2.0174959594672307e-11
83116,25.4,-59.0,3.171481236188076e-11
83117,25.4,-58.0,4.9590413144089886e-11
83118,25.4,-57.0,7.71293043244445e-11
83119,25.4,-56.0,1.1932383682672222e-10
83120,25.4,-55.0,1.836204775182321e-10
83121,25.4,-54.0,2.8106134684176686e-10
83122,25.4,-53.0,4.279245881765468e-10
83123,25.4,-52.0,6.480663435671036e-10
83124,25.4,-51.0,9.76242705228763e-10
83125,25.4,-50.0,1.4627908804240726e-09
83126,25.4,-49.0,2.1801822278296427e-09
83127,25.4,-48.0,3.232134724431771e-09
83128,25.4,-47.0,4.766199588276631e-09
83129,25.4,-46.0,6.991029024621562e-09
83130,25.4,-45.0,1.0199904312825875e-08
83131,25.4,-44.0,1.4802572739175374e-08
83132,25.4,-43.0,2.1368027140374477e-08
83133,25.4,-42.0,3.068158345394354e-08
83134,25.4,-41.0,4.382049078730921e-08
83135,25.4,-40.0,6.225336578225561e-08
83136,25.4,-39.0,8.796999703316498e-08
83137,25.4,-38.0,1.236495302582165e-07
83138,25.4,-37.0,1.7287672786431148e-07
83139,25.4,-36.0,2.4041789376558407e-07
83140,25.4,-35.0,3.3257014706888207e-07
83141,25.4,-34.0,4.5759997788392615e-07
83142,25.4,-33.0,6.262893611458649e-07
83143,25.4,-32.0,8.526100451964523e-07
83144,25.4,-31.0,1.154548839900543e-06
83145,25.4,-30.0,1.5551086321475173e-06
83146,25.4,-29.0,2.0835116468429004e-06
83147,25.4,-28.0,2.7779578204464073e-06
83148,25.4,-27.0,4.3965995279749324e-06
83149,25.4,-26.0,6.880130483510224e-05
83150,25.4,-25.0,0.0009534896559568904
83151,25.4,-24.0,0.002335104618560909
83152,25.4,-23.0,0.0010313773446735683
83153,25.4,-22.0,0.0011655091006222862
83154,25.4,-21.0,0.002689712429189828
83155,25.4,-20.0,0.001111550144702877
83156,25.4,-19.0,0.0001912409096802205
83157,25.4,-18.0,0.0013530113234851155
83158,25.4,-17.0,0.003278264675942356
83159,25.4,-16.0,0.0014763392175703466
83160,25.4,-15.0,0.0016852406836541628
83161,25.4,-14.0,0.003834836902059184
83162,25.4,-13.0,0.0016357669747467276
83163,25.4,-12.0,0.0003626203757935997
83164,25.4,-11.0,0.0020341811551764606
83165,25.4,-10.0,0.0047939338030144225
83166,25.4,-9.0,0.002257201991288627
83167,25.4,-8.0,0.002605565740635844
83168,25.4,-7.0,0.005733836774488821
83169,25.4,-6.0,0.0026014449872560808
83170,25.4,-5.0,0.000807498199456758
83171,25.4,-4.0,0.003303479856025905
83172,25.4,-3.0,0.007398757799438393
83173,25.4,-2.0,0.003505485892343179
83174,25.4,-1.0,0.0010573546427521746
83175,25.4,0.0,0.000569558732151608
83176,25.4,1.0,0.0013951365734446376
83177,25.4,2.0,0.00518426545518279
83178,25.4,3.0,0.011026706672142767
83179,25.4,4.0,0.00553466776718487
83180,25.4,5.0,0.002428788562156028
83181,25.4,6.0,0.007083405134845469
83182,25.4,7.0,0.01465460181890689
83183,25.4,8.0,0.007940421429868285
83184,25.4,9.0,0.009270508622389621
83185,25.4,10.0,0.018240009574913067
83186,25.4,11.0,0.00941738720923232
83187,25.4,12.0,0.0044187192977086145
83188,25.4,13.0,0.012139766811760795
83189,25.4,14.0,0.024706284593076607
83190,25.4,15.0,0.013349972191127263
83191,25.4,16.0,0.015912853876759205
83192,25.4,17.0,0.031533311703835956
83193,25.4,18.0,0.015762993379301312
83194,25.4,19.0,0.00681927356651286
83195,25.4,20.0,0.021732686729631526
83196,25.4,21.0,0.04605829385572228
83197,25.4,22.0,0.02370059492761303
83198,25.4,23.0,0.032198264708130114
83199,25.4,24.0,0.06846026752817672
83200,25.4,25.0,0.031174586457662707
83201,25.4,26.0,0.010811721988346712
83202,25.4,27.0,0.03309170570477569
83203,25.4,28.0,0.07118124872754505
83204,25.4,29.0,0.034100391975280725
83205,25.4,30.0,0.026350471678878176
83206,25.4,31.0,0.050726680246871915
83207,25.4,32.0,0.02421190252714129
83208,25.4,33.0,0.007956925594847387
83209,25.4,34.0,0.017952425553027836
83210,25.4,35.0,0.03555586323651971
83211,25.4,36.0,0.01803571029361529
83212,25.4,37.0,0.015228820854083787
83213,25.4,38.0,0.028067571604924502
83214,25.4,39.0,0.014311408354837078
83215,25.4,40.0,0.012204719228448832
83216,25.4,41.0,0.022403130125464344
83217,25.4,42.0,0.010963883848101486
83218,25.4,43.0,0.003928308939304859
83219,25.4,44.0,0.008560420667052199
83220,25.4,45.0,0.016751946743787677
83221,25.4,46.0,0.008037883871548213
83222,25.4,47.0,0.002380753124603223
83223,25.4,48.0,0.00177179856727319
83224,25.4,49.0,0.0015627419542404136
83225,25.4,50.0,0.0013744223121488434
83226,25.4,51.0,0.0012023837714999555
83227,25.4,52.0,0.0010486863971908426
83228,25.4,53.0,0.001120343634332802
83229,25.4,54.0,0.0039599778603966905
83230,25.4,55.0,0.008477815071829032
83231,25.4,56.0,0.0037490615552755596
83232,25.4,57.0,0.000696654000197309
83233,25.4,58.0,0.0004085682003527719
83234,25.4,59.0,0.0003405002569688398
83235,25.4,60.0,0.0002839278670659776
83236,25.4,61.0,0.00023549971795855853
83237,25.4,62.0,0.0001942937687149832
83238,25.4,63.0,0.00015944593841859598
83239,25.4,64.0,0.00013015299220053373
83240,25.4,65.0,0.00010567711792292094
83241,25.4,66.0,8.534810277897792e-05
83242,25.4,67.0,6.85634859393254e-05
83243,25.4,68.0,5.4787062566936396e-05
83244,25.4,69.0,4.3546098413943417e-05
83245,25.4,70.0,3.4427587505821046e-05
83246,25.4,71.0,2.7073851309055273e-05
83247,25.4,72.0,2.1177739188847634e-05
83248,25.4,73.0,1.6477649442475033e-05
83249,25.4,74.0,1.275254986067799e-05
83250,25.5,-75.0,1.1524236552885606e-14
83251,25.5,-74.0,1.9633666670589394e-14
83252,25.5,-73.0,3.327183627415928e-14
83253,25.5,-72.0,5.608390364807794e-14
83254,25.5,-71.0,9.403419397079586e-14
83255,25.5,-70.0,1.5682651279353252e-13
83256,25.5,-69.0,2.6015925025728427e-13
83257,25.5,-68.0,4.292844592349017e-13
83258,25.5,-67.0,7.0459112483828e-13
83259,25.5,-66.0,1.1503110130341421e-12
83260,25.5,-65.0,1.868011280652387e-12
83261,25.5,-64.0,3.0173786901587235e-12
83262,25.5,-63.0,4.84804062814842e-12
83263,25.5,-62.0,7.74798533520165e-12
83264,25.5,-61.0,1.2316787166758948e-11
83265,25.5,-60.0,1.9475660319672513e-11
83266,25.5,-59.0,3.063183776499647e-11
83267,25.5,-58.0,4.792256141653008e-11
83268,25.5,-57.0,7.457497211299393e-11
83269,25.5,-56.0,1.1543361171827419e-10
83270,25.5,-55.0,1.7772870495978645e-10
83271,25.5,-54.0,2.721880010736679e-10
83272,25.5,-53.0,4.146355011765154e-10
83273,25.5,-52.0,6.282754633278022e-10
83274,25.5,-51.0,9.469342445091479e-10
83275,25.5,-50.0,1.4196315874506863e-09
83276,25.5,-49.0,2.1169840899608633e-09
83277,25.5,-48.0,3.1401156487408747e-09
83278,25.5,-47.0,4.63297334852013e-09
83279,25.5,-46.0,6.799235302766534e-09
83280,25.5,-45.0,9.925364214038113e-09
83281,25.5,-44.0,1.4411823909675231e-08
83282,25.5,-43.0,2.0815054773655544e-08
83283,25.5,-42.0,2.990351832869241e-08
83284,25.5,-41.0,4.273199252698964e-08
83285,25.5,-40.0,6.073934857296091e-08
83286,25.5,-39.0,8.587628638851587e-08
83287,25.5,-38.0,1.2077096408651678e-07
83288,25.5,-37.0,1.689421350329644e-07
83289,25.5,-36.0,2.3507130176148408e-07
83290,25.5,-35.0,3.253474919483403e-07
83291,25.5,-34.0,4.479005210685598e-07
83292,25.5,-33.0,6.133409674753758e-07
83293,25.5,-32.0,8.354274561130917e-07
83294,25.5,-31.0,1.1318840983818107e-06
83295,25.5,-30.0,1.525392898256098e-06
83296,25.5,-29.0,2.044787805472901e-06
83297,25.5,-28.0,2.7278111217355752e-06
83298,25.5,-27.0,4.3361325752106495e-06
83299,25.5,-26.0,6.908418917701634e-05
83300,25.5,-25.0,0.0009587971878864852
83301,25.5,-24.0,0.002348267675576519
83302,25.5,-23.0,0.0010370337017197601
83303,25.5,-22.0,0.0011717548759953213
83304,25.5,-21.0,0.0027044082435768
83305,25.5,-20.0,0.001117325384855783
83306,25.5,-19.0,0.0001917466551218865
83307,25.5,-18.0,0.001359678173359865
83308,25.5,-17.0,0.003295214013502431
83309,25.5,-16.0,0.0014833319424902834
83310,25.5,-15.0,0.001692952219374569
83311,25.5,-14.0,0.003853617451010465
83312,25.5,-13.0,0.0016426902417899683
83313,25.5,-12.0,0.0003625075215097191
83314,25.5,-11.0,0.0020421199236752567
83315,25.5,-10.0,0.004815357827034653
83316,25.5,-9.0,0.002265399389674649
83317,25.5,-8.0,0.0026146430215494543
83318,25.5,-7.0,0.005757449813796929
83319,25.5,-6.0,0.0026093973696226258
83320,25.5,-5.0,0.0008061880596559722
83321,25.5,-4.0,0.003312777953295751
83322,25.5,-3.0,0.007425811805381561
83323,25.5,-2.0,0.003514426320773526
83324,25.5,-1.0,0.00105473425019655
83325,25.5,0.0,0.00057542701030146
83326,25.5,1.0,0.0013930587339016276
83327,25.5,2.0,0.005197087869311233
83328,25.5,3.0,0.011062788465037297
83329,25.5,4.0,0.005548463198852807
83330,25.5,5.0,0.002429872854297382
83331,25.5,6.0,0.0071009714529239485
83332,25.5,7.0,0.014699229057521178
83333,25.5,8.0,0.007961829730682088
83334,25.5,9.0,0.009294569575904663
83335,25.5,10.0,0.018292240471639687
83336,25.5,11.0,0.00944437475798012
83337,25.5,12.0,0.0044317814414539785
83338,25.5,13.0,0.012170919071196
83339,25.5,14.0,0.0247663610010692
83340,25.5,15.0,0.013388047108761876
83341,25.5,16.0,0.01594852008030183
83342,25.5,17.0,0.03158826042081691
83343,25.5,18.0,0.015804695052363645
83344,25.5,19.0,0.0068521406191154825
83345,25.5,20.0,0.021743616991953502
83346,25.5,21.0,0.046033860932527676
83347,25.5,22.0,0.023704795345638876
83348,25.5,23.0,0.03203373705361548
83349,25.5,24.0,0.06799288679676421
83350,25.5,25.0,0.031018951612284382
83351,25.5,26.0,0.010699814329305016
83352,25.5,27.0,0.03317588190222562
83353,25.5,28.0,0.07147859359061022
83354,25.5,29.0,0.03419568894238009
83355,25.5,30.0,0.026342140286119288
83356,25.5,31.0,0.05075278601145964
83357,25.5,32.0,0.024203013706780185
83358,25.5,33.0,0.007926745756307928
83359,25.5,34.0,0.01791774686932092
83360,25.5,35.0,0.03551433737542962
83361,25.5,36.0,0.01800809313899253
83362,25.5,37.0,0.015198345008232474
83363,25.5,38.0,0.02801982116083578
83364,25.5,39.0,0.014286743032856014
83365,25.5,40.0,0.01218093937544329
83366,25.5,41.0,0.022358715165280818
83367,25.5,42.0,0.010945557919332966
83368,25.5,43.0,0.003926048749642652
83369,25.5,44.0,0.008545649974541592
83370,25.5,45.0,0.016714833129302324
83371,25.5,46.0,0.00802523288318386
83372,25.5,47.0,0.002383866981668773
83373,25.5,48.0,0.0017764686997742564
83374,25.5,49.0,0.0015677170990770993
83375,25.5,50.0,0.0013795327756358474
83376,25.5,51.0,0.0012074976901605776
83377,25.5,52.0,0.0010536873181039314
83378,25.5,53.0,0.001124354086235221
83379,25.5,54.0,0.003952536525391621
83380,25.5,55.0,0.008452591458782088
83381,25.5,56.0,0.0037409942804816506
83382,25.5,57.0,0.0006994424142318077
83383,25.5,58.0,0.00041181070520229134
83384,25.5,59.0,0.00034340902463585757
83385,25.5,60.0,0.0002865060114357389
83386,25.5,61.0,0.00023776476698313776
83387,25.5,62.0,0.00019626703862884993
83388,25.5,63.0,0.00016115112714451868
83389,25.5,64.0,0.00013161501352806912
83390,25.5,65.0,0.00010692115106832289
83391,25.5,66.0,8.639884282713092e-05
83392,25.5,67.0,6.944457648358662e-05
83393,25.5,68.0,5.5520689254532786e-05
83394,25.5,69.0,4.415272087725265e-05
83395,25.5,70.0,3.492578708560204e-05
83396,25.5,71.0,2.7480272817138897e-05
83397,25.5,72.0,2.1507106482635005e-05
83398,25.5,73.0,1.6742836575857382e-05
83399,25.5,74.0,1.296469184401032e-05
83400,25.6,-75.0,1.1033937233005245e-14
83401,25.6,-74.0,1.8808369477562963e-14
83402,25.6,-73.0,3.189024777945083e-14
83403,25.6,-72.0,5.378370883266061e-14
83404,25.6,-71.0,9.022558532057821e-14
83405,25.6,-70.0,1.505548590654758e-13
83406,25.6,-69.0,2.4988831735193435e-13
83407,25.6,-68.0,4.1255631213310713e-13
83408,25.6,-67.0,6.774958312675074e-13
83409,25.6,-66.0,1.1066648748954364e-12
83410,25.6,-65.0,1.7980912675889926e-12
83411,25.6,-64.0,2.905985516717069e-12
83412,25.6,-63.0,4.671552851041459e-12
83413,25.6,-62.0,7.469907004153381e-12
83414,25.6,-61.0,1.1881061153283124e-11
83415,25.6,-60.0,1.8796689822591176e-11
83416,25.6,-59.0,2.957969053324897e-11
83417,25.6,-58.0,4.630117205048213e-11
83418,25.6,-57.0,7.209023661348035e-11
83419,25.6,-56.0,1.1164699148305984e-10
83420,25.6,-55.0,1.7199020184359053e-10
83421,25.6,-54.0,2.635399718584029e-10
83422,25.6,-53.0,4.0167554535234416e-10
83423,25.6,-52.0,6.089622855286381e-10
83424,25.6,-51.0,9.183146423973168e-10
83425,25.6,-50.0,1.3774591551164139e-09
83426,25.6,-49.0,2.055190383236168e-09
83427,25.6,-48.0,3.050081873110791e-09
83428,25.6,-47.0,4.5025344556550595e-09
83429,25.6,-46.0,6.611327988841832e-09
83430,25.6,-45.0,9.656204905703048e-09
83431,25.6,-44.0,1.4028471567658852e-08
83432,25.6,-43.0,2.027217541479851e-08
83433,25.6,-42.0,2.9139122819520447e-08
83434,25.6,-41.0,4.1661865868577064e-08
83435,25.6,-40.0,5.9249827319710924e-08
83436,25.6,-39.0,8.381497124197737e-08
83437,25.6,-38.0,1.1793487798396666e-07
83438,25.6,-37.0,1.650627550459018e-07
83439,25.6,-36.0,2.2979580888273247e-07
83440,25.6,-35.0,3.182155009528003e-07
83441,25.6,-34.0,4.3831547949938107e-07
83442,25.6,-33.0,6.005353570014722e-07
83443,25.6,-32.0,8.184209020038547e-07
83444,25.6,-31.0,1.1094335072151176e-06
83445,25.6,-30.0,1.4959338164039064e-06
83446,25.6,-29.0,2.0063663423352574e-06
83447,25.6,-28.0,2.6780134488351267e-06
83448,25.6,-27.0,4.275973211953388e-06
83449,25.6,-26.0,6.935982427426543e-05
83450,25.6,-25.0,0.0009639914369573553
83451,25.6,-24.0,0.002361151779939542
83452,25.6,-23.0,0.001042567844035198
83453,25.6,-22.0,0.0011778616622284788
83454,25.6,-21.0,0.0027187808926127533
83455,25.6,-20.0,0.0011229686899395025
83456,25.6,-19.0,0.00019223195812171904
83457,25.6,-18.0,0.0013661827070836979
83458,25.6,-17.0,0.0033117659015981095
83459,25.6,-16.0,0.0014901474712125625
83460,25.6,-15.0,0.001700459568999185
83461,25.6,-14.0,0.003871928719276399
83462,25.6,-13.0,0.0016494146480029968
83463,25.6,-12.0,0.0003623516265224301
83464,25.6,-11.0,0.002049806229271119
83465,25.6,-10.0,0.004836184205560204
83466,25.6,-9.0,0.0022733124830498722
83467,25.6,-8.0,0.0026233875835912092
83468,25.6,-7.0,0.005780333781523902
83469,25.6,-6.0,0.002617008949998932
83470,25.6,-5.0,0.0008047561896127529
83471,25.6,-4.0,0.0033216309177059593
83472,25.6,-3.0,0.007451893307647528
83473,25.6,-2.0,0.003522878390553693
83474,25.6,-1.0,0.001051925238285578
83475,25.6,0.0,0.0005812658086002909
83476,25.6,1.0,0.0013907216237669323
83477,25.6,2.0,0.005209149046320059
83478,25.6,3.0,0.011097341854985362
83479,25.6,4.0,0.005561420226176796
83480,25.6,5.0,0.002430501137461927
83481,25.6,6.0,0.007117464757277145
83482,25.6,7.0,0.014741790731174424
83483,25.6,8.0,0.007982021388235437
83484,25.6,9.0,0.009317232899939262
83485,25.6,10.0,0.018341913459710205
83486,25.6,11.0,0.009469920762723403
83487,25.6,12.0,0.004444035331100805
83488,25.6,13.0,0.012200311687076889
83489,25.6,14.0,0.02482313410305523
83490,25.6,15.0,0.013424222777312297
83491,25.6,16.0,0.01598210073614256
83492,25.6,17.0,0.031639408794555464
83493,25.6,18.0,0.01584436279839576
83494,25.6,19.0,0.006884058913508757
83495,25.6,20.0,0.02175295646545477
83496,25.6,21.0,0.046006718733572864
83497,25.6,22.0,0.023708137939997015
83498,25.6,23.0,0.0318785415723205
83499,25.6,24.0,0.06754963854060385
83500,25.6,25.0,0.030872813808258955
83501,25.6,26.0,0.010590271923742591
83502,25.6,27.0,0.03326435373001227
83503,25.6,28.0,0.07178703602615263
83504,25.6,29.0,0.03429514315732092
83505,25.6,30.0,0.026333389267432446
83506,25.6,31.0,0.05077792556603948
83507,25.6,32.0,0.024193335419285783
83508,25.6,33.0,0.00789585135473703
83509,25.6,34.0,0.017881768722908604
83510,25.6,35.0,0.03547059400455781
83511,25.6,36.0,0.017979153877036327
83512,25.6,37.0,0.015166609122077953
83513,25.6,38.0,0.027970022277607504
83514,25.6,39.0,0.014260880635165112
83515,25.6,40.0,0.012156077290822383
83516,25.6,41.0,0.022312565875698392
83517,25.6,42.0,0.010926263620376778
83518,25.6,43.0,0.0039232995409568434
83519,25.6,44.0,0.008530099164837773
83520,25.6,45.0,0.016676410522697846
83521,25.6,46.0,0.008011879807495391
83522,25.6,47.0,0.00238667969983688
83523,25.6,48.0,0.0017808985189619701
83524,25.6,49.0,0.0015724846528612482
83525,25.6,50.0,0.0013844655256247222
83526,25.6,51.0,0.001212461083815062
83527,25.6,52.0,0.0010585619995511007
83528,25.6,53.0,0.0011282459206992373
83529,25.6,54.0,0.003944798780423524
83530,25.6,55.0,0.008426780639438
83531,25.6,56.0,0.003732661298301767
83532,25.6,57.0,0.0007021739642973728
83533,25.6,58.0,0.0004150204509861333
83534,25.6,59.0,0.00034629343773124997
83535,25.6,60.0,0.00028906649327909535
83536,25.6,61.0,0.0002400174978335174
83537,25.6,62.0,0.00019823218294120457
83538,25.6,63.0,0.0001628514127631805
83539,25.6,64.0,0.00013307454962567828
83540,25.6,65.0,0.00010816446015562205
83541,25.6,66.0,8.745009319269767e-05
83542,25.6,67.0,7.032699707823003e-05
83543,25.6,68.0,5.625614626996519e-05
83544,25.6,69.0,4.476143389415593e-05
83545,25.6,70.0,3.54261624594618e-05
83546,25.6,71.0,2.7888832696997924e-05
83547,25.6,72.0,2.183849328746739e-05
83548,25.6,73.0,1.7009874669814312e-05
83549,25.6,74.0,1.3178490362799873e-05
83550,25.7,-75.0,1.0562437495824328e-14
83551,25.7,-74.0,1.801424975874484e-14
83552,25.7,-73.0,3.056006790948084e-14
83553,25.7,-72.0,5.1567794529208545e-14
83554,25.7,-71.0,8.65543517358613e-14
83555,25.7,-70.0,1.4450582899400768e-13
83556,25.7,-69.0,2.3997606683684717e-13
83557,25.7,-68.0,3.9640269992917337e-13
83558,25.7,-67.0,6.513154557563201e-13
83559,25.7,-66.0,1.0644671708418022e-12
83560,25.7,-65.0,1.7304508448559013e-12
83561,25.7,-64.0,2.798158879280007e-12
83562,25.7,-63.0,4.5006120683074805e-12
83563,25.7,-62.0,7.200404559570647e-12
83564,25.7,-61.0,1.145851463053923e-11
83565,25.7,-60.0,1.81378521098244e-11
83566,25.7,-59.0,2.8558112288557073e-11
83567,25.7,-58.0,4.47259161033991e-11
83568,25.7,-57.0,6.967469885406609e-11
83569,25.7,-56.0,1.079635268763011e-10
83570,25.7,-55.0,1.6640452584327851e-10
83571,25.7,-54.0,2.5511694890023024e-10
83572,25.7,-53.0,3.8904478511809e-10
83573,25.7,-52.0,5.901276885912542e-10
83574,25.7,-51.0,8.903863507292119e-10
83575,25.7,-50.0,1.3362788778937292e-09
83576,25.7,-49.0,1.994811310888274e-09
83577,25.7,-48.0,2.9620518010961184e-09
83578,25.7,-47.0,4.3749146621579755e-09
83579,25.7,-46.0,6.427360109723946e-09
83580,25.7,-45.0,9.392512715982146e-09
83581,25.7,-44.0,1.36526533575564e-08
83582,25.7,-43.0,1.9739604687061742e-08
83583,25.7,-42.0,2.838872954956484e-08
83584,25.7,-41.0,4.061061694158199e-08
83585,25.7,-40.0,5.778556266509344e-08
83586,25.7,-39.0,8.178718176226121e-08
83587,25.7,-38.0,1.1514293342554976e-07
83588,25.7,-37.0,1.6124100620079742e-07
83589,25.7,-36.0,2.2459490185719651e-07
83590,25.7,-35.0,3.111791561139515e-07
83591,25.7,-34.0,4.2885191037161937e-07
83592,25.7,-33.0,5.878824432377669e-07
83593,25.7,-32.0,8.016041964349004e-07
83594,25.7,-31.0,1.0872161633312958e-06
83595,25.7,-30.0,1.4667575855779889e-06
83596,25.7,-29.0,1.968282930563764e-06
83597,25.7,-28.0,2.628613032775567e-06
83598,25.7,-27.0,4.216193879424016e-06
83599,25.7,-26.0,6.962898774553985e-05
83600,25.7,-25.0,0.0009690827577369525
83601,25.7,-24.0,0.0023737822397089307
83602,25.7,-23.0,0.0010479910054712576
83603,25.7,-22.0,0.0011838422098439318
83604,25.7,-21.0,0.0027328597042651443
83605,25.7,-20.0,0.0011284922954273161
83606,25.7,-19.0,0.0001926991156852248
83607,25.7,-18.0,0.0013725399660604494
83608,25.7,-17.0,0.0033279564712554712
83609,25.7,-16.0,0.0014968023469896592
83610,25.7,-15.0,0.0017077817288772047
83611,25.7,-14.0,0.0038898134123027755
83612,25.7,-13.0,0.0016559588968287273
83613,25.7,-12.0,0.0003621575794351834
83614,25.7,-11.0,0.0020572636246384457
83615,25.7,-10.0,0.004856467215624817
83616,25.7,-9.0,0.002280967711700311
83617,25.7,-8.0,0.002631830102436619
83618,25.7,-7.0,0.005802554473083352
83619,25.7,-6.0,0.002624310898834969
83620,25.7,-5.0,0.0008032140657323269
83621,25.7,-4.0,0.0033300786355532326
83622,25.7,-3.0,0.007477088639221679
83623,25.7,-2.0,0.003530884863188815
83624,25.7,-1.0,0.0010489430398482802
83625,25.7,0.0,0.0005870806255322564
83626,25.7,1.0,0.0013881448683965034
83627,25.7,2.0,0.005220512034413974
83628,25.7,3.0,0.011130496716729586
83629,25.7,4.0,0.005573605934321156
83630,25.7,5.0,0.0024307049465941734
83631,25.7,6.0,0.007132970383473362
83632,25.7,7.0,0.014782459656061453
83633,25.7,8.0,0.008001090889726193
83634,25.7,9.0,0.009338608771540247
83635,25.7,10.0,0.018389243399107122
83636,25.7,11.0,0.009494135444442926
83637,25.7,12.0,0.004455531472477693
83638,25.7,13.0,0.012228086331244614
83639,25.7,14.0,0.024876894480644087
83640,25.7,15.0,0.013458652505960374
83641,25.7,16.0,0.016013778549462097
83642,25.7,17.0,0.03168712519826322
83643,25.7,18.0,0.01588217420902868
83644,25.7,19.0,0.006915094925194606
83645,25.7,20.0,0.021760918006920087
83646,25.7,21.0,0.0459773211967201
83647,25.7,22.0,0.02371077188690869
83648,25.7,23.0,0.03173179619088738
83649,25.7,24.0,0.0671282615044975
83650,25.7,25.0,0.030735279281015136
83651,25.7,26.0,0.010482903822727763
83652,25.7,27.0,0.03335743042804739
83653,25.7,28.0,0.07210735471087036
83654,25.7,29.0,0.034399061621136706
83655,25.7,30.0,0.026324181948849872
83656,25.7,31.0,0.05080197253148396
83657,25.7,32.0,0.02418280795984377
83658,25.7,33.0,0.00786422220583677
83659,25.7,34.0,0.017844428788615432
83660,25.7,35.0,0.03542450054123647
83661,25.7,36.0,0.017948826994031608
83662,25.7,37.0,0.015133556822888802
83663,25.7,38.0,0.027918066363233286
83664,25.7,39.0,0.014233766056377141
83665,25.7,40.0,0.012130085612269827
83666,25.7,41.0,0.022264594156692612
83667,25.7,42.0,0.010905956885885434
83668,25.7,43.0,0.0039200442155436265
83669,25.7,44.0,0.008513733079840642
83670,25.7,45.0,0.016636612201085976
83671,25.7,46.0,0.007997790915021251
83672,25.7,47.0,0.002389178985952971
83673,25.7,48.0,0.0017850780077643567
83674,25.7,49.0,0.0015770354232642083
83675,25.7,50.0,0.001389212176293463
83676,25.7,51.0,0.0012172663597481864
83677,25.7,52.0,0.0010633036096299921
83678,25.7,53.0,0.0011320122783687015
83679,25.7,54.0,0.00393674778550985
83680,25.7,55.0,0.008400349755840305
83681,25.7,56.0,0.003724047026425099
83682,25.7,57.0,0.0007048443004775624
83683,25.7,58.0,0.0004181943549448132
83684,25.7,59.0,0.00034915087366779724
83685,25.7,60.0,0.0002916070918321653
83686,25.7,61.0,0.00024225604399512077
83687,25.7,62.0,0.00020018764461943815
83688,25.7,63.0,0.0001645455061938299
83689,25.7,64.0,0.00013453054135611532
83690,25.7,65.0,0.00010940618164597856
83691,25.7,66.0,8.850115527294096e-05
83692,25.7,67.0,7.121018699659181e-05
83693,25.7,68.0,5.6992987145863525e-05
83694,25.7,69.0,4.5371884865901034e-05
83695,25.7,70.0,3.592843747594528e-05
83696,25.7,71.0,2.829931651241022e-05
83697,25.7,72.0,2.217173454984603e-05
83698,25.7,73.0,1.727863783249331e-05
83699,25.7,74.0,1.339385029933975e-05
83700,25.8,-75.0,1.0109227216169474e-14
83701,25.8,-74.0,1.725048758429253e-14
83702,25.8,-73.0,2.9279988337016245e-14
83703,25.8,-72.0,4.9434088574877967e-14
83704,25.8,-71.0,8.3017236221302e-14
83705,25.8,-70.0,1.3867434330147743e-13
83706,25.8,-69.0,2.304146414822154e-13
83707,25.8,-68.0,3.808115696872698e-13
83708,25.8,-67.0,6.260316699620774e-13
83709,25.8,-66.0,1.0236902833994616e-12
83710,25.8,-65.0,1.6650487966674682e-12
83711,25.8,-64.0,2.6938378935010335e-12
83712,25.8,-63.0,4.335129319895138e-12
83713,25.8,-62.0,6.939349550174693e-12
83714,25.8,-61.0,1.104896452053496e-11
83715,25.8,-60.0,1.7498889999961875e-11
83716,25.8,-59.0,2.7566747657090676e-11
83717,25.8,-58.0,4.319631186173486e-11
83718,25.8,-57.0,6.73277207764835e-11
83719,25.8,-56.0,1.0438239684590655e-10
83720,25.8,-55.0,1.6097066005159134e-10
83721,25.8,-54.0,2.4691773948566636e-10
83722,25.8,-53.0,3.7674193808157697e-10
83723,25.8,-52.0,5.717705079743117e-10
83724,25.8,-51.0,8.631487413046761e-10
83725,25.8,-50.0,1.2960914348968091e-09
83726,25.8,-49.0,1.935850201941191e-09
83727,25.8,-48.0,2.876033659241987e-09
83728,25.8,-47.0,4.250130744032686e-09
83729,25.8,-46.0,6.2473627843365785e-09
83730,25.8,-45.0,9.134342115859063e-09
83731,25.8,-44.0,1.3284460873139472e-08
83732,25.8,-43.0,1.9217492038286234e-08
83733,25.8,-42.0,2.765257660565517e-08
83734,25.8,-41.0,3.957861761446068e-08
83735,25.8,-40.0,5.6347125686351365e-08
83736,25.8,-39.0,7.979378202536707e-08
83737,25.8,-38.0,1.12396420539597e-07
83738,25.8,-37.0,1.5747879155997424e-07
83739,25.8,-36.0,2.1947135666047025e-07
83740,25.8,-35.0,3.042424646444747e-07
83741,25.8,-34.0,4.195155415610965e-07
83742,25.8,-33.0,5.753903373414864e-07
83743,25.8,-32.0,7.849887232077919e-07
83744,25.8,-31.0,1.0652479067488262e-06
83745,25.8,-30.0,1.43788606393947e-06
83746,25.8,-29.0,1.9305674906256886e-06
83747,25.8,-28.0,2.579650522034008e-06
83748,25.8,-27.0,4.156856023167424e-06
83749,25.8,-26.0,6.989234934207644e-05
83750,25.8,-25.0,0.0009740800820819712
83751,25.8,-24.0,0.0023861808872960417
83752,25.8,-23.0,0.0010533128767950654
83753,25.8,-22.0,0.0011897075196026818
83754,25.8,-21.0,0.002746669983178587
83755,25.8,-20.0,0.0011339067591856886
83756,25.8,-19.0,0.00019315011203049592
83757,25.8,-18.0,0.001378762934374431
83758,25.8,-17.0,0.00334381690855389
83759,25.8,-16.0,0.0015033108552775648
83760,25.8,-15.0,0.0017149351072515478
83761,25.8,-14.0,0.003907308406628704
83762,25.8,-13.0,0.0016623391542832542
83763,25.8,-12.0,0.0003619296297850384
83764,25.8,-11.0,0.00206451248067346
83765,25.8,-10.0,0.0048762537628074774
83766,25.8,-9.0,0.002288387960888414
83767,25.8,-8.0,0.0026399971365127753
83768,25.8,-7.0,0.005824168787752419
83769,25.8,-6.0,0.0026313302327217484
83770,25.8,-5.0,0.0008015717161003798
83771,25.8,-4.0,0.003338155693236173
83772,25.8,-3.0,0.007501472526782088
83773,25.8,-2.0,0.0035384828485878843
83774,25.8,-1.0,0.0010458011770648284
83775,25.8,0.0,0.0005928762059967454
83776,25.8,1.0,0.001385345645785325
83777,25.8,2.0,0.005231231543716457
83778,25.8,3.0,0.01116236551068346
83779,25.8,4.0,0.00558507853543491
83780,25.8,5.0,0.0024305117763040876
83781,25.8,6.0,0.007147562310752902
83782,25.8,7.0,0.014821385392888757
83783,25.8,8.0,0.008019120082088866
83784,25.8,9.0,0.009358792554286684
83785,25.8,10.0,0.01843441605988322
83786,25.8,11.0,0.009517114107287328
83787,25.8,12.0,0.004466313502630502
83788,25.8,13.0,0.012254365238289728
83789,25.8,14.0,0.0249278927931836
83790,25.8,15.0,0.01349146837448325
83791,25.8,16.0,0.01604371049408026
83792,25.8,17.0,0.03173172614209294
83793,25.8,18.0,0.015918281636171837
83794,25.8,19.0,0.006945305071410656
83795,25.8,20.0,0.021767679856993936
83796,25.8,21.0,0.0459460476090218
83797,25.8,22.0,0.02371282067246025
83798,25.8,23.0,0.031592744182256514
83799,25.8,24.0,0.06672681742024787
83800,25.8,25.0,0.030605581578472797
83801,25.8,26.0,0.010377544572519205
83802,25.8,27.0,0.03345545216112378
83803,25.8,28.0,0.07244040725051794
83804,25.8,29.0,0.03450778140674349
83805,25.8,30.0,0.026314472823827692
83806,25.8,31.0,0.050824777038386636
83807,25.8,32.0,0.02417136062885078
83808,25.8,33.0,0.007831834758415094
83809,25.8,34.0,0.017805656124118018
83810,25.8,35.0,0.03537590666982355
83811,25.8,36.0,0.017917038196498893
83812,25.8,37.0,0.01509912445746685
83813,25.8,38.0,0.02786383106840369
83814,25.8,39.0,0.014205337274587317
83815,25.8,40.0,0.012102911151500787
83816,25.8,41.0,0.022214701062740923
83817,25.8,42.0,0.010884588353261187
83818,25.8,43.0,0.003916263784255068
83819,25.8,44.0,0.008496512442952495
83820,25.8,45.0,0.01659536339971487
83821,25.8,46.0,0.007982928562931526
83822,25.8,47.0,0.0023913513109927137
83823,25.8,48.0,0.0017889961916170872
83824,25.8,49.0,0.0015813593521498224
83825,25.8,50.0,0.001393763561151786
83826,25.8,51.0,0.0012219052249111903
83827,25.8,52.0,0.0010679046903003476
83828,25.8,53.0,0.0011356456468545773
83829,25.8,54.0,0.003928364757897003
83830,25.8,55.0,0.00837326195207616
83831,25.8,56.0,0.0037151340536080647
83832,25.8,57.0,0.000707448647699171
83833,25.8,58.0,0.0004213290504772727
83834,25.8,59.0,0.00035197846677343026
83835,25.8,60.0,0.0002941253784976697
83836,25.8,61.0,0.00024447836224471525
83837,25.8,62.0,0.00020213171722622482
83838,25.8,63.0,0.00016623199274750072
83839,25.8,64.0,0.0001359818245788526
83840,25.8,65.0,0.00011064536472287114
83841,25.8,66.0,8.955125833711132e-05
83842,25.8,67.0,7.209352624805773e-05
83843,25.8,68.0,5.773071700331621e-05
83844,25.8,69.0,4.5983681878117647e-05
83845,25.8,70.0,3.6432304242225454e-05
83846,25.8,71.0,2.871148435196496e-05
83847,25.8,72.0,2.2506644891432025e-05
83848,25.8,73.0,1.7548984052900725e-05
83849,25.8,74.0,1.3610663828756592e-05
83850,25.9,-75.0,9.67377913160416e-15
83851,25.9,-74.0,1.651623196406957e-14
83852,25.9,-73.0,2.804864510930557e-14
83853,25.9,-72.0,4.738042028057279e-14
83854,25.9,-71.0,7.961080905362837e-14
83855,25.9,-70.0,1.330550228159523e-13
83856,25.9,-69.0,2.2119566813564013e-13
83857,25.9,-68.0,3.6576998865704353e-13
83858,25.9,-67.0,6.016246577614744e-13
83859,25.9,-66.0,9.843040996031877e-13
83860,25.9,-65.0,1.6018397543290906e-12
83861,25.9,-64.0,2.5929548166375042e-12
83862,25.9,-63.0,4.17500440361725e-12
83863,25.9,-62.0,6.686595230920879e-12
83864,25.9,-61.0,1.065219818907318e-11
83865,25.9,-60.0,1.687949889379385e-11
83866,25.9,-59.0,2.6605165715631833e-11
83867,25.9,-58.0,4.171175805861216e-11
83868,25.9,-57.0,6.504847640233354e-11
83869,25.9,-56.0,1.009024869117679e-10
83870,25.9,-55.0,1.5568713238585148e-10
83871,25.9,-54.0,2.3894044939060084e-10
83872,25.9,-53.0,3.647646476273392e-10
83873,25.9,-52.0,5.538879446397542e-10
83874,25.9,-51.0,8.365987146263052e-10
83875,25.9,-50.0,1.256893792130049e-09
83876,25.9,-49.0,1.8783048411880626e-09
83877,25.9,-48.0,2.792027446876802e-09
83878,25.9,-47.0,4.12818734370757e-09
83879,25.9,-46.0,6.0713493461943355e-09
83880,25.9,-45.0,8.88172166484494e-09
83881,25.9,-44.0,1.2923948186131427e-08
83882,25.9,-43.0,1.8705932908147933e-08
83883,25.9,-42.0,2.6930824802607096e-08
83884,25.9,-41.0,3.8566129858675085e-08
83885,25.9,-40.0,5.493493209314341e-08
83886,25.9,-39.0,7.783541775601428e-08
83887,25.9,-38.0,1.0969632439738768e-07
83888,25.9,-37.0,1.537775904986773e-07
83889,25.9,-36.0,2.1442736426707043e-07
83890,25.9,-35.0,2.9740863074222805e-07
83891,25.9,-34.0,4.103110050869403e-07
83892,25.9,-33.0,5.630656636617959e-07
83893,25.9,-32.0,7.68583860569849e-07
83894,25.9,-31.0,1.043541887812793e-06
83895,25.9,-30.0,1.4093375232599856e-06
83896,25.9,-29.0,1.8932451883747697e-06
83897,25.9,-28.0,2.531160296195739e-06
83898,25.9,-27.0,4.098012011246333e-06
83899,25.9,-26.0,7.015049098783008e-05
83900,25.9,-25.0,0.000978991185707355
83901,25.9,-24.0,0.002398366730968428
83902,25.9,-23.0,0.0010585418946608724
83903,25.9,-22.0,0.0011954671699980469
83904,25.9,-21.0,0.0027602337642127777
83905,25.9,-20.0,0.0011392212751363613
83906,25.9,-19.0,0.00019358667620343156
83907,25.9,-18.0,0.0013848629229584316
83908,25.9,-17.0,0.003359374379438727
83909,25.9,-16.0,0.001509685444864508
83910,25.9,-15.0,0.001721934006677443
83911,25.9,-14.0,0.003924445838581874
83912,25.9,-13.0,0.0016685695210303985
83913,25.9,-12.0,0.00036167150423638565
83914,25.9,-11.0,0.0020715705776986125
83915,25.9,-10.0,0.004895584755410739
83916,25.9,-9.0,0.00229559322066433
83917,25.9,-8.0,0.0026479118908853366
83918,25.9,-7.0,0.005845226384845222
83919,25.9,-6.0,0.0026380905838607363
83920,25.9,-5.0,0.0007998379838334373
83921,25.9,-4.0,0.003345892358769727
83922,25.9,-3.0,0.007525110248445546
83923,25.9,-2.0,0.0035457048514106414
83924,25.9,-1.0,0.0010425116096843445
83925,25.9,0.0,0.0005986566849622311
83926,25.9,1.0,0.0013823391355745156
83927,25.9,2.0,0.005241355493091861
83928,25.9,3.0,0.01119304652116669
83929,25.9,4.0,0.005595889017004508
83930,25.9,5.0,0.0024299458302030077
83931,25.9,6.0,0.007161305272949801
83932,25.9,7.0,0.01485869857178718
83933,25.9,8.0,0.008036180525619656
83934,25.9,9.0,0.009377867555434183
83935,25.9,10.0,0.018477593531309615
83936,25.9,11.0,0.009538939920421558
83937,25.9,12.0,0.004476419480830078
83938,25.9,13.0,0.012279254827553661
83939,25.9,14.0,0.02497634719734318
83940,25.9,15.0,0.0135227851938693
83941,25.9,16.0,0.01607203261618696
83942,25.9,17.0,0.03177348592978075
83943,25.9,18.0,0.015952816909953742
83944,25.9,19.0,0.006974737633079579
83945,25.9,20.0,0.02177339239646541
83946,25.9,21.0,0.045913217223322346
83947,25.9,22.0,0.023714387165985683
83948,25.9,23.0,0.03146073054269111
83949,25.9,24.0,0.06634363007369634
83950,25.9,25.0,0.030483057576307294
83951,25.9,26.0,0.010274049554003602
83952,25.9,27.0,0.03355879541470989
83953,25.9,28.0,0.0727871439383597
83954,25.9,29.0,0.03462167502284244
83955,25.9,30.0,0.026304206513004972
83956,25.9,31.0,0.050846162624281696
83957,25.9,32.0,0.024158910307071034
83958,25.9,33.0,0.007798661699260284
83959,25.9,34.0,0.01776537015485497
83960,25.9,35.0,0.03532464223763898
83961,25.9,36.0,0.017883703372232877
83962,25.9,37.0,0.015063240242420546
83963,25.9,38.0,0.027807178683229784
83964,25.9,39.0,0.014175524542791317
83965,25.9,40.0,0.012074494216582198
83966,25.9,41.0,0.022162775548567767
83967,25.9,42.0,0.010862102745576294
83968,25.9,43.0,0.003911937140906616
83969,25.9,44.0,0.008478393380787368
83970,25.9,45.0,0.016552580387888923
83971,25.9,46.0,0.007967250741134052
83972,25.9,47.0,0.002393181761374315
83973,25.9,48.0,0.001792641022125811
83974,25.9,49.0,0.0015854454103638059
83975,25.9,50.0,0.0013981096382053946
83976,25.9,51.0,0.0012263686008907265
83977,25.9,52.0,0.0010723570814252933
83978,25.9,53.0,0.0011391377824573274
83979,25.9,54.0,0.003919628749758964
83980,25.9,55.0,0.008345475922034482
83981,25.9,56.0,0.0037059029312414508
83982,25.9,57.0,0.000709981755215566
83983,25.9,58.0,0.0004244208528805587
83984,25.9,59.0,0.00035477307895644827
83985,25.9,60.0,0.00029661869177106986
83986,25.9,61.0,0.00024668221133220794
83987,25.9,62.0,0.00020406252689078897
83988,25.9,63.0,0.00016790931696132808
83989,25.9,64.0,0.00013742711746077683
83990,25.9,65.0,0.0001118809607314765
83991,25.9,66.0,9.059955078439638e-05
83992,25.9,67.0,7.297632838017378e-05
83993,25.9,68.0,5.8468786657175384e-05
83994,25.9,69.0,4.659638889931172e-05
83995,25.9,70.0,3.693741923410902e-05
83996,25.9,71.0,2.912506769454106e-05
83997,25.9,72.0,2.2843016096929096e-05
83998,25.9,73.0,1.7820753198506046e-05
83999,25.9,74.0,1.3828808831574651e-05
84000,26.0,-75.0,9.166258731272261e-15
84001,26.0,-74.0,1.5658072773077234e-14
84002,26.0,-73.0,2.660545007773792e-14
84003,26.0,-72.0,4.4966493313339184e-14
84004,26.0,-71.0,7.559508134326713e-14
84005,26.0,-70.0,1.2641079546148757e-13
84006,26.0,-69.0,2.102620513941411e-13
84007,26.0,-68.0,3.478754152674071e-13
84008,26.0,-67.0,5.724963021147775e-13
84009,26.0,-66.0,9.371470477047857e-13
84010,26.0,-65.0,1.5259099482037012e-12
84011,26.0,-64.0,2.471360920917807e-12
84012,26.0,-63.0,3.981342620550837e-12
84013,26.0,-62.0,6.379829004065925e-12
84014,26.0,-61.0,1.016891534182797e-11
84015,26.0,-60.0,1.6122275285127732e-11
84016,26.0,-59.0,2.5425186105680517e-11
84017,26.0,-58.0,3.9883021828346085e-11
84018,26.0,-57.0,6.222975331709587e-11
84019,26.0,-56.0,9.658155872768151e-11
84020,26.0,-55.0,1.4909958977238997e-10
84021,26.0,-54.0,2.2895218604178237e-10
84022,26.0,-53.0,3.4970291158817305e-10
84023,26.0,-52.0,5.312999923524763e-10
84024,26.0,-51.0,8.029092827683801e-10
84025,26.0,-50.0,1.2069221463690382e-09
84026,26.0,-49.0,1.8045883203969402e-09
84027,26.0,-48.0,2.6838802639063778e-09
84028,26.0,-47.0,3.970399801894215e-09
84029,26.0,-46.0,5.84240224304192e-09
84030,26.0,-45.0,8.551351914726802e-09
84031,26.0,-44.0,1.2449852812810379e-08
84032,26.0,-43.0,1.8029337541230208e-08
84033,26.0,-42.0,2.5970567504865302e-08
84034,26.0,-41.0,3.721081927490881e-08
84035,26.0,-40.0,5.303262834259749e-08
84036,26.0,-39.0,7.518015319180143e-08
84037,26.0,-38.0,1.0601062776700921e-07
84038,26.0,-37.0,1.486900013344564e-07
84039,26.0,-36.0,2.0744372479660473e-07
84040,26.0,-35.0,2.8787572207230877e-07
84041,26.0,-34.0,3.97370856780532e-07
84042,26.0,-33.0,5.455986176278881e-07
84043,26.0,-32.0,7.451382211735779e-07
84044,26.0,-31.0,1.0122477538438787e-06
84045,26.0,-30.0,1.3678021917454174e-06
84046,26.0,-29.0,1.8384273658191436e-06
84047,26.0,-28.0,2.459213977039641e-06
84048,26.0,-27.0,4.0007317412235645e-06
84049,26.0,-26.0,6.972466869246888e-05
84050,26.0,-25.0,0.0009743310191082138
84051,26.0,-24.0,0.002387101457282088
84052,26.0,-23.0,0.0010534230796876913
84053,26.0,-22.0,0.0011895411311242156
84054,26.0,-21.0,0.0027468111235099367
84055,26.0,-20.0,0.0011334023768806661
84056,26.0,-19.0,0.00019213852456227432
84057,26.0,-18.0,0.001377431015213017
84058,26.0,-17.0,0.0033420942601985132
84059,26.0,-16.0,0.0015013113670468519
84060,26.0,-15.0,0.0017121117061893645
84061,26.0,-14.0,0.0039032289209047803
84062,26.0,-13.0,0.0016585053366906697
84063,26.0,-12.0,0.0003578998574286755
84064,26.0,-11.0,0.002058400744572323
84065,26.0,-10.0,0.0048670813487031355
84066,26.0,-9.0,0.0022803857136621613
84067,26.0,-8.0,0.0026299737595408806
84068,26.0,-7.0,0.005809178293514173
84069,26.0,-6.0,0.002619097700663701
84070,26.0,-5.0,0.0007903214662419443
84071,26.0,-4.0,0.003320962719019077
84072,26.0,-3.0,0.007475235996201337
84073,26.0,-2.0,0.003518304466857682
84074,26.0,-1.0,0.001029059963593143
84075,26.0,0.0,0.0005985942287689844
84076,26.0,1.0,0.001365833002512568
84077,26.0,2.0,0.005200265527969134
84078,26.0,3.0,0.011114351011667724
84079,26.0,4.0,0.005551995208381125
84080,26.0,5.0,0.0024055934517243456
84081,26.0,6.0,0.007105039517214051
84082,26.0,7.0,0.014750812694043016
84083,26.0,8.0,0.007974646777798508
84084,26.0,9.0,0.00930525590676659
84085,26.0,10.0,0.018340248788983687
84086,26.0,11.0,0.009467454686763554
84087,26.0,12.0,0.004442603308194214
84088,26.0,13.0,0.01218415122570935
84089,26.0,14.0,0.024781033725958253
84090,26.0,15.0,0.01342194775019018
84091,26.0,16.0,0.015943542702710665
84092,26.0,17.0,0.03150571730138086
84093,26.0,18.0,0.015831663857291064
84094,26.0,19.0,0.006935865447803565
84095,26.0,20.0,0.021568068505536494
84096,26.0,21.0,0.04543646120263405
84097,26.0,22.0,0.02348675099403384
84098,26.0,23.0,0.031032863514773173
84099,26.0,24.0,0.0653406932953942
84100,26.0,25.0,0.030074148471716678
84101,26.0,26.0,0.009647950128374466
84102,26.0,27.0,0.034035491275597046
84103,26.0,28.0,0.07394731720129424
84104,26.0,29.0,0.03512048749799782
84105,26.0,30.0,0.026580407066266274
84106,26.0,31.0,0.05142131556311962
84107,26.0,32.0,0.024408997253639094
84108,26.0,33.0,0.007849452102008535
84109,26.0,34.0,0.017916997969194954
84110,26.0,35.0,0.03565562520751135
84111,26.0,36.0,0.018043613410023307
84112,26.0,37.0,0.015189886682725902
84113,26.0,38.0,0.028050927615706333
84114,26.0,39.0,0.014298687159575219
84115,26.0,40.0,0.012176281792038642
84116,26.0,41.0,0.022350092594877698
84117,26.0,42.0,0.010956780494190667
84118,26.0,43.0,0.003949700853728974
84119,26.0,44.0,0.008551692254270596
84120,26.0,45.0,0.016688418187132178
84121,26.0,46.0,0.00803752247055094
84122,26.0,47.0,0.0024208005250240475
84123,26.0,48.0,0.0018156093326583793
84124,26.0,49.0,0.0016066344639042837
84125,26.0,50.0,0.001417550099816438
84126,26.0,51.0,0.001244083663399126
84127,26.0,52.0,0.001088407539202712
84128,26.0,53.0,0.001154954083876048
84129,26.0,54.0,0.003953214392233452
84130,26.0,55.0,0.008407756140466526
84131,26.0,56.0,0.0037366913040752766
84132,26.0,57.0,0.0007202167781175775
84133,26.0,58.0,0.0004321331166756667
84134,26.0,59.0,0.0003614350649949657
84135,26.0,60.0,0.0003023497367913379
84136,26.0,61.0,0.0002515824267188257
84137,26.0,62.0,0.00020822703659226685
84138,26.0,63.0,0.00017142732268692155
84139,26.0,64.0,0.00014038123992184267
84140,26.0,65.0,0.00011434685205079947
84141,26.0,66.0,9.264574107690193e-05
84142,26.0,67.0,7.466426834051756e-05
84143,26.0,68.0,5.9853048495123225e-05
84144,26.0,69.0,4.7724989805581294e-05
84145,26.0,70.0,3.785223440699046e-05
84146,26.0,71.0,2.9862303496009523e-05
84147,26.0,72.0,2.3433717849742083e-05
84148,26.0,73.0,1.829132623455882e-05
84149,26.0,74.0,1.4201535451355496e-05
84150,26.1,-75.0,8.770707204594084e-15
84151,26.1,-74.0,1.4990364661422454e-14
84152,26.1,-73.0,2.548448666711301e-14
84153,26.1,-72.0,4.3094881395010235e-14
84154,26.1,-71.0,7.248724551418393e-14
84155,26.1,-70.0,1.212784427395924e-13
84156,26.1,-69.0,2.0183279485908119e-13
84157,26.1,-68.0,3.3410729932494053e-13
84158,26.1,-67.0,5.501312317422818e-13
84159,26.1,-66.0,9.010165038134001e-13
84160,26.1,-65.0,1.4678622388508944e-12
84161,26.1,-64.0,2.3786139308933023e-12
84162,26.1,-63.0,3.833970133597399e-12
84163,26.1,-62.0,6.1469488638919595e-12
84164,26.1,-61.0,9.802945374869928e-12
84165,26.1,-60.0,1.5550332244409348e-11
84166,26.1,-59.0,2.453628852241569e-11
84167,26.1,-58.0,3.850917146796802e-11
84168,26.1,-57.0,6.011814717128382e-11
84169,26.1,-56.0,9.335403785145905e-11
84170,26.1,-55.0,1.4419384905521277e-10
84171,26.1,-54.0,2.2153710191540627e-10
84172,26.1,-53.0,3.385574017102254e-10
84173,26.1,-52.0,5.146408594479849e-10
84174,26.1,-51.0,7.781482090032309e-10
84175,26.1,-50.0,1.170325017438524e-09
84176,26.1,-49.0,1.7508009103233494e-09
84177,26.1,-48.0,2.6052724524479906e-09
84178,26.1,-47.0,3.856165281579844e-09
84179,26.1,-46.0,5.6773313632400166e-09
84180,26.1,-45.0,8.314171082445685e-09
84181,26.1,-44.0,1.2110993838018217e-08
84182,26.1,-43.0,1.75479635678973e-08
84183,26.1,-42.0,2.5290637832539957e-08
84184,26.1,-41.0,3.6255922696176186e-08
84185,26.1,-40.0,5.169925308649311e-08
84186,26.1,-39.0,7.332899105557919e-08
84187,26.1,-38.0,1.0345543101466034e-07
84188,26.1,-37.0,1.451834247474947e-07
84189,26.1,-36.0,2.0265949429912252e-07
84190,26.1,-35.0,2.813863794610199e-07
84191,26.1,-34.0,3.886202428745387e-07
84192,26.1,-33.0,5.33868181313321e-07
84193,26.1,-32.0,7.295061894650288e-07
84194,26.1,-31.0,9.915401809825794e-07
84195,26.1,-30.0,1.3405349390339066e-06
84196,26.1,-29.0,1.8027377484623297e-06
84197,26.1,-28.0,2.411424709352191e-06
84198,26.1,-27.0,3.208498053981204e-06
84199,26.1,-26.0,4.246362328910872e-06
84200,26.1,-25.0,5.591668561030815e-06
84201,26.1,-24.0,8.164491782771229e-06
84202,26.1,-23.0,8.496813144229608e-05
84203,26.1,-22.0,0.0011296009489238424
84204,26.1,-21.0,0.0027597405942807705
84205,26.1,-20.0,0.0011387639332348107
84206,26.1,-19.0,0.0001925930675458403
84207,26.1,-18.0,0.0013835905703702327
84208,26.1,-17.0,0.0033577793703514344
84209,26.1,-16.0,0.0015077540145966288
84210,26.1,-15.0,0.0017191875654157113
84211,26.1,-14.0,0.00392051881742906
84212,26.1,-13.0,0.001664815577810443
84213,26.1,-12.0,0.00035768012674916626
84214,26.1,-11.0,0.00206555569994531
84215,26.1,-10.0,0.004886604627182186
84216,26.1,-9.0,0.0022876975932009094
84217,26.1,-8.0,0.00263800701514719
84218,26.1,-7.0,0.005830460844373442
84219,26.1,-6.0,0.002625972679129412
84220,26.1,-5.0,0.0007886361669192769
84221,26.1,-4.0,0.0033288296151555746
84222,26.1,-3.0,0.0074991403954137725
84223,26.1,-2.0,0.0035256443755260825
84224,26.1,-1.0,0.0010257875420013462
84225,26.1,0.0,0.0006044451683131656
84226,26.1,1.0,0.0013628123652556477
84227,26.1,2.0,0.005210489699976023
84228,26.1,3.0,0.011145318520120536
84229,26.1,4.0,0.005562860191690862
84230,26.1,5.0,0.002404936122520586
84231,26.1,6.0,0.007118848325555144
84232,26.1,7.0,0.014788466743631032
84233,26.1,8.0,0.007991731325467127
84234,26.1,9.0,0.009324408927324255
84235,26.1,10.0,0.018383898254706293
84236,26.1,11.0,0.009489283816417917
84237,26.1,12.0,0.004452442037498728
84238,26.1,13.0,0.012209259640446017
84239,26.1,14.0,0.024830515827806772
84240,26.1,15.0,0.013453524479817036
84241,26.1,16.0,0.015972593326247047
84242,26.1,17.0,0.03154973739030491
84243,26.1,18.0,0.015866905579868074
84244,26.1,19.0,0.006965271635372049
84245,26.1,20.0,0.021577211474540593
84246,26.1,21.0,0.045412578202746766
84247,26.1,22.0,0.023493254430228785
84248,26.1,23.0,0.030921891512302267
84249,26.1,24.0,0.06500887570769832
84250,26.1,25.0,0.02997259463652636
84251,26.1,26.0,0.009176131584948203
84252,26.1,27.0,0.034477703674959205
84253,26.1,28.0,0.0750376176233666
84254,26.1,29.0,0.035583495596967676
84255,26.1,30.0,0.026822034223285947
84256,26.1,31.0,0.05192990546394865
84257,26.1,32.0,0.024626682187793958
84258,26.1,33.0,0.007888740711850695
84259,26.1,34.0,0.018043350566964097
84260,26.1,35.0,0.03593723595033728
84261,26.1,36.0,0.01817818887456293
84262,26.1,37.0,0.015294886611395069
84263,26.1,38.0,0.028255162949949238
84264,26.1,39.0,0.014401532075266107
84265,26.1,40.0,0.01226063830820122
84266,26.1,41.0,0.022505673808320133
84267,26.1,42.0,0.01103583394897359
84268,26.1,43.0,0.003981758178834134
84269,26.1,44.0,0.008612755694393702
84270,26.1,45.0,0.016800458209052065
84271,26.1,46.0,0.008096350577246107
84272,26.1,47.0,0.0024450021654014776
84273,26.1,48.0,0.0018360419415653024
84274,26.1,49.0,0.0016256007205376283
84275,26.1,50.0,0.0014350486439049287
84276,26.1,51.0,0.001260112066997323
84277,26.1,52.0,0.0011029981877049672
84278,26.1,53.0,0.001169214121650705
84279,26.1,54.0,0.003981199921172568
84280,26.1,55.0,0.008457998613922817
84281,26.1,56.0,0.003762183170517122
84282,26.1,57.0,0.0007295058672585588
84283,26.1,58.0,0.0004393087559470948
84284,26.1,59.0,0.0003676553838287334
84285,26.1,60.0,0.0003077171440499546
84286,26.1,61.0,0.000256185054157255
84287,26.1,62.0,0.00021214949150909443
84288,26.1,63.0,0.00017474964752732034
84289,26.1,64.0,0.00014317814426670773
84290,26.1,65.0,0.00011668721041960103
84291,26.1,66.0,9.459232350146552e-05
84292,26.1,67.0,7.62736687921005e-05
84293,26.1,68.0,6.117577606374874e-05
84294,26.1,69.0,4.880568872765379e-05
84295,26.1,70.0,3.873000130167554e-05
84296,26.1,71.0,3.057107319872956e-05
84297,26.1,72.0,2.4002692741606878e-05
84298,26.1,73.0,1.874542771210078e-05
84299,26.1,74.0,1.45618599534765e-05
84300,26.2,-75.0,8.387805062920758e-15
84301,26.2,-74.0,1.4343571501037875e-14
84302,26.2,-73.0,2.4397896473693148e-14
84303,26.2,-72.0,4.127941872523136e-14
84304,26.2,-71.0,6.947057118873467e-14
84305,26.2,-70.0,1.1629318732650089e-13
84306,26.2,-69.0,1.9363942537950734e-13
84307,26.2,-68.0,3.207150972369581e-13
84308,26.2,-67.0,5.283614590376525e-13
84309,26.2,-66.0,8.658226939122474e-13
84310,26.2,-65.0,1.4112790882775103e-12
84311,26.2,-64.0,2.2881419082424996e-12
84312,26.2,-63.0,3.690108297433348e-12
84313,26.2,-62.0,5.91945026688231e-12
84314,26.2,-61.0,9.445169319200378e-12
84315,26.2,-60.0,1.49907798689278e-11
84316,26.2,-59.0,2.3665997455171694e-11
84317,26.2,-58.0,3.716306351855063e-11
84318,26.2,-57.0,5.8047605476678735e-11
84319,26.2,-56.0,9.018685004894453e-11
84320,26.2,-55.0,1.3937607671960955e-10
84321,26.2,-54.0,2.1424927447045085e-10
84322,26.2,-53.0,3.2759449267063e-10
84323,26.2,-52.0,4.982415384930937e-10
84324,26.2,-51.0,7.537535657947533e-10
84325,26.2,-50.0,1.1342399385302032e-09
84326,26.2,-49.0,1.6977220900691567e-09
84327,26.2,-48.0,2.527635069272831e-09
84328,26.2,-47.0,3.743245008738446e-09
84329,26.2,-46.0,5.514018843612168e-09
84330,26.2,-45.0,8.079311421895002e-09
84331,26.2,-44.0,1.1775153129296271e-08
84332,26.2,-43.0,1.7070446976692502e-08
84333,26.2,-42.0,2.4615538407504962e-08
84334,26.2,-41.0,3.5306925956558144e-08
84335,26.2,-40.0,5.037285896383288e-08
84336,26.2,-39.0,7.148574166153091e-08
84337,26.2,-38.0,1.0090865028455759e-07
84338,26.2,-37.0,1.4168488538500725e-07
84339,26.2,-36.0,1.9788133082647697e-07
84340,26.2,-35.0,2.748984671757894e-07
84341,26.2,-34.0,3.798621664964731e-07
84342,26.2,-33.0,5.221148315483713e-07
84343,26.2,-32.0,7.138259605328598e-07
84344,26.2,-31.0,9.707447099741778e-07
84345,26.2,-30.0,1.3131193442913658e-06
84346,26.2,-29.0,1.7668104073879916e-06
84347,26.2,-28.0,2.364625787196498e-06
84348,26.2,-27.0,3.1479062773913675e-06
84349,26.2,-26.0,4.168389917974737e-06
84350,26.2,-25.0,5.4919520465182215e-06
84351,26.2,-24.0,8.041642221273543e-06
84352,26.2,-23.0,8.515685136987934e-05
84353,26.2,-22.0,0.0011345657594067607
84354,26.2,-21.0,0.002772174201669958
84355,26.2,-20.0,0.0011436220017865396
84356,26.2,-19.0,0.00019296503259923347
84357,26.2,-18.0,0.0013891355160509885
84358,26.2,-17.0,0.0033719678621512506
84359,26.2,-16.0,0.0015135272681345265
84360,26.2,-15.0,0.001725498637053054
84361,26.2,-14.0,0.003936058407353449
84362,26.2,-13.0,0.0016703854892806905
84363,26.2,-12.0,0.0003573048843577153
84364,26.2,-11.0,0.002071788025624146
84365,26.2,-10.0,0.004903938414346423
84366,26.2,-9.0,0.0022939846376086865
84367,26.2,-8.0,0.002644854525611635
84368,26.2,-7.0,0.005849119878310968
84369,26.2,-6.0,0.0026316607948588737
84370,26.2,-5.0,0.0007865849645803138
84371,26.2,-4.0,0.0033351807092578275
84372,26.2,-3.0,0.007519643788092392
84373,26.2,-2.0,0.003531364626128791
84374,26.2,-1.0,0.0010220117761133702
84375,26.2,0.0,0.0006100643520195036
84376,26.2,1.0,0.001359110456983011
84377,26.2,2.0,0.005218280354376771
84378,26.2,3.0,0.011171156041781356
84379,26.2,4.0,0.00557110066730048
84380,26.2,5.0,0.002403063570439967
84381,26.2,6.0,0.007129295366691374
84382,26.2,7.0,0.014819277529803781
84383,26.2,8.0,0.008005023666046829
84384,26.2,9.0,0.009339157790861844
84385,26.2,10.0,0.018419048150948136
84386,26.2,11.0,0.009506602777371536
84387,26.2,12.0,0.004460028401290924
84388,26.2,13.0,0.012228655227408841
84389,26.2,14.0,0.024868661755654088
84390,26.2,15.0,0.013478831583951845
84391,26.2,16.0,0.015994365178184956
84392,26.2,17.0,0.03157972672071125
84393,26.2,18.0,0.015894935491851607
84394,26.2,19.0,0.0069914024734663025
84395,26.2,20.0,0.021577537792918367
84396,26.2,21.0,0.045370782563785614
84397,26.2,22.0,0.02349067313898503
84398,26.2,23.0,0.03080475976867566
84399,26.2,24.0,0.0646668447500121
84400,26.2,25.0,0.029865355718708773
84401,26.2,26.0,0.009263932785974666
84402,26.2,27.0,0.03459528425089746
84403,26.2,28.0,0.07542523607637978
84404,26.2,29.0,0.03571113205114884
84405,26.2,30.0,0.02680399225386178
84406,26.2,31.0,0.05193551291171682
84407,26.2,32.0,0.024605285483773425
84408,26.2,33.0,0.007850685749544933
84409,26.2,34.0,0.01799336753582727
84410,26.2,35.0,0.03586823151334876
84411,26.2,36.0,0.018135147135169453
84412,26.2,37.0,0.015250208885863134
84413,26.2,38.0,0.02818323779457075
84414,26.2,39.0,0.014363454557755347
84415,26.2,40.0,0.012224925747200006
84416,26.2,41.0,0.022441110323816172
84417,26.2,42.0,0.011006838160401424
84418,26.2,43.0,0.0039747144661813685
84419,26.2,44.0,0.008589458525137301
84420,26.2,45.0,0.016748102854430253
84421,26.2,46.0,0.00807591648363526
84422,26.2,47.0,0.0024452227006157225
84423,26.2,48.0,0.001838467503744065
84424,26.2,49.0,0.001628634988235332
84425,26.2,50.0,0.0014384934915387102
84426,26.2,51.0,0.0012638101145531677
84427,26.2,52.0,0.0011068053482506627
84428,26.2,53.0,0.001172050117445352
84429,26.2,54.0,0.003970249239528339
84430,26.2,55.0,0.00842549940978918
84431,26.2,56.0,0.003750888771373174
84432,26.2,57.0,0.0007316875838374496
84433,26.2,58.0,0.0004422172589796487
84434,26.2,59.0,0.0003703093265428252
84435,26.2,60.0,0.00031010364011601054
84436,26.2,61.0,0.00025830948276543475
84437,26.2,62.0,0.0002140227523453525
84438,26.2,63.0,0.0001763866237257926
84439,26.2,64.0,0.00014459639229403925
84440,26.2,65.0,0.00011790585580581368
84441,26.2,66.0,9.563115475553469e-05
84442,26.2,67.0,7.715241637745742e-05
84443,26.2,68.0,6.191355944672675e-05
84444,26.2,69.0,4.9420612109350536e-05
84445,26.2,70.0,3.9238877511442104e-05
84446,26.2,71.0,3.098925515266085e-05
84447,26.2,72.0,2.4343992631759284e-05
84448,26.2,73.0,1.9022105477314825e-05
84449,26.2,74.0,1.4784664392242883e-05
84450,26.3,-75.0,8.020423592096623e-15
84451,26.3,-74.0,1.3722639963135754e-14
84452,26.3,-73.0,2.3354154005788585e-14
84453,26.3,-72.0,3.9534542553813115e-14
84454,26.3,-71.0,6.656951667514026e-14
84455,26.3,-70.0,1.1149623362922578e-13
84456,26.3,-69.0,1.8575097320176837e-13
84457,26.3,-68.0,3.0781381400580426e-13
84458,26.3,-67.0,5.073775206479645e-13
84459,26.3,-66.0,8.318795442228832e-13
84460,26.3,-65.0,1.3566748558464085e-12
84461,26.3,-64.0,2.2007829576712895e-12
84462,26.3,-63.0,3.551115190867128e-12
84463,26.3,-62.0,5.699521726019372e-12
84464,26.3,-61.0,9.09909447593019e-12
84465,26.3,-60.0,1.4449207993515982e-11
84466,26.3,-59.0,2.282317280851102e-11
84467,26.3,-58.0,3.5858663764423334e-11
84468,26.3,-57.0,5.6040021463381584e-11
84469,26.3,-56.0,8.711412753834547e-11
84470,26.3,-55.0,1.3469919415308316e-10
84471,26.3,-54.0,2.0717030777026557e-10
84472,26.3,-53.0,3.1693932787255873e-10
84473,26.3,-52.0,4.822928923624366e-10
84474,26.3,-51.0,7.300148567247363e-10
84475,26.3,-50.0,1.0991036335992757e-09
84476,26.3,-49.0,1.646007072244547e-09
84477,26.3,-48.0,2.4519457593376303e-09
84478,26.3,-47.0,3.633089775699311e-09
84479,26.3,-46.0,5.354605877845084e-09
84480,26.3,-45.0,7.849915862920306e-09
84481,26.3,-44.0,1.144691889179768e-08
84482,26.3,-43.0,1.6603449416303046e-08
84483,26.3,-42.0,2.395488873416247e-08
84484,26.3,-41.0,3.437764425156182e-08
84485,26.3,-40.0,4.907317910584442e-08
84486,26.3,-39.0,6.967843809157306e-08
84487,26.3,-38.0,9.840989356474494e-08
84488,26.3,-37.0,1.382500419412944e-07
84489,26.3,-36.0,1.9318702419139946e-07
84490,26.3,-35.0,2.6852011693101824e-07
84491,26.3,-34.0,3.7124612216218093e-07
84492,26.3,-33.0,5.105441291778958e-07
84493,26.3,-32.0,6.983786594844147e-07
84494,26.3,-31.0,9.502437287075746e-07
84495,26.3,-30.0,1.2860727224465704e-06
84496,26.3,-29.0,1.7313409951478655e-06
84497,26.3,-28.0,2.3183895230583545e-06
84498,26.3,-27.0,3.087998485254251e-06
84499,26.3,-26.0,4.091239460755658e-06
84500,26.3,-25.0,5.393210860640749e-06
84501,26.3,-24.0,7.919874105651135e-06
84502,26.3,-23.0,8.5341509729114e-05
84503,26.3,-22.0,0.0011394524282105289
84504,26.3,-21.0,0.002784413922294148
84505,26.3,-20.0,0.0011484021639123132
84506,26.3,-19.0,0.00019332690278403545
84507,26.3,-18.0,0.0013945848151087244
84508,26.3,-17.0,0.003385918734937057
84509,26.3,-16.0,0.0015191968501267012
84510,26.3,-15.0,0.0017316901554005257
84511,26.3,-14.0,0.0039513183698531755
84512,26.3,-13.0,0.0016758402820094475
84513,26.3,-12.0,0.0003569095292605376
84514,26.3,-11.0,0.002077873894658568
84515,26.3,-10.0,0.004920917173655223
84516,26.3,-9.0,0.0023001069537081286
84517,26.3,-8.0,0.002651508371218291
84518,26.3,-7.0,0.0058673455774665
84519,26.3,-6.0,0.002637150437083653
84520,26.3,-5.0,0.0007844674028776231
84521,26.3,-4.0,0.0033412695030630725
84522,26.3,-3.0,0.007539565555515671
84523,26.3,-2.0,0.003536793579579023
84524,26.3,-1.0,0.0010181231150876346
84525,26.3,0.0,0.0006156767977040157
84526,26.3,1.0,0.00135524502233682
84527,26.3,2.0,0.00522560084997394
84528,26.3,3.0,0.011196056480115645
84529,26.3,4.0,0.005578812711921962
84530,26.3,5.0,0.002400885764513191
84531,26.3,6.0,0.007139062549219251
84532,26.3,7.0,0.014848809771509453
84533,26.3,8.0,0.008017533115486067
84534,26.3,9.0,0.009353013601547581
84535,26.3,10.0,0.018452616651246263
84536,26.3,11.0,0.009522982655850791
84537,26.3,12.0,0.004467037598701573
84538,26.3,13.0,0.012246932675588476
84539,26.3,14.0,0.024904817145336017
84540,26.3,15.0,0.01350292849697957
84541,26.3,16.0,0.016014866899794096
84542,26.3,17.0,0.031607561956667356
84543,26.3,18.0,0.015921717452613008
84544,26.3,19.0,0.007016863662555678
84545,26.3,20.0,0.021577145455789527
84546,26.3,21.0,0.04532813363001768
84547,26.3,22.0,0.023487789501458384
84548,26.3,23.0,0.03069261259380769
84549,26.3,24.0,0.06433789176228943
84550,26.3,25.0,0.029763215651901823
84551,26.3,26.0,0.00935338613107484
84552,26.3,27.0,0.034720409179943325
84553,26.3,28.0,0.07583209788544377
84554,26.3,29.0,0.03584613426443504
84555,26.3,30.0,0.026785105622719307
84556,26.3,31.0,0.05193873107031936
84557,26.3,32.0,0.02458243409547141
84558,26.3,33.0,0.007811704690421033
84559,26.3,34.0,0.01794145360329407
84560,26.3,35.0,0.03579567124022761
84561,26.3,36.0,0.018090121738347155
84562,26.3,37.0,0.015203709290931414
84563,26.3,38.0,0.028108187919130643
84564,26.3,39.0,0.014323633023279164
84565,26.3,40.0,0.01218766394112307
84566,26.3,41.0,0.022373947964465218
84567,26.3,42.0,0.010976440825245194
84568,26.3,43.0,0.003967013021354723
84569,26.3,44.0,0.008565037937029143
84570,26.3,45.0,0.016693789332194148
84571,26.3,46.0,0.008054451704577843
84572,26.3,47.0,0.002445021844153245
84573,26.3,48.0,0.0018405548315261358
84574,26.3,49.0,0.001631371930926725
84575,26.3,50.0,0.0014416788502271112
84576,26.3,51.0,0.001267283646803259
84577,26.3,52.0,0.0011104197166852258
84578,26.3,53.0,0.0011747007850809517
84579,26.3,54.0,0.003958839732477085
84580,26.3,55.0,0.008392096919330403
84581,26.3,56.0,0.00373917843252471
84582,26.3,57.0,0.0007337700445681865
84583,26.3,58.0,0.00044506280751611477
84584,26.3,59.0,0.0003729131678435588
84585,26.3,60.0,0.0003124506141810078
84586,26.3,61.0,0.0002604031644795975
84587,26.3,62.0,0.00021587246061388678
84588,26.3,63.0,0.00017800587392860593
84589,26.3,64.0,0.00014600157234843122
84590,26.3,65.0,0.0001191151054881294
84591,26.3,66.0,9.666344166869106e-05
84592,26.3,67.0,7.802679633447272e-05
84593,26.3,68.0,6.264860501768318e-05
84594,26.3,69.0,5.003399051844079e-05
84595,26.3,70.0,3.9747057789437614e-05
84596,26.3,71.0,3.1407324240458145e-05
84597,26.3,72.0,2.4685560775608378e-05
84598,26.3,73.0,1.9299282543146075e-05
84599,26.3,74.0,1.5008090457103877e-05
84600,26.4,-75.0,7.668030299794589e-15
84601,26.4,-74.0,1.3126700389135327e-14
84602,26.4,-73.0,2.2351847863387876e-14
84603,26.4,-72.0,3.785797675892102e-14
84604,26.4,-71.0,6.378043475976347e-14
84605,26.4,-70.0,1.0688177505568772e-13
84606,26.4,-69.0,1.781582539947148e-13
84607,26.4,-68.0,2.953890182203386e-13
84608,26.4,-67.0,4.871568912545582e-13
84609,26.4,-66.0,7.991521329761682e-13
84610,26.4,-65.0,1.3039957712073075e-12
84611,26.4,-64.0,2.1164548616726375e-12
84612,26.4,-63.0,3.4168659868899667e-12
84613,26.4,-62.0,5.4869750856459265e-12
84614,26.4,-61.0,8.764439315105657e-12
84615,26.4,-60.0,1.3925198541576973e-11
84616,26.4,-59.0,2.2007198518478664e-11
84617,26.4,-58.0,3.459507159600573e-11
84618,26.4,-57.0,5.409408933654353e-11
84619,26.4,-56.0,8.413399312623383e-11
84620,26.4,-55.0,1.3016052660277378e-10
84621,26.4,-54.0,2.0029642596502152e-10
84622,26.4,-53.0,3.065866291722909e-10
84623,26.4,-52.0,4.667876195115847e-10
84624,26.4,-51.0,7.069220936527729e-10
84625,26.4,-50.0,1.0649026044076692e-09
84626,26.4,-49.0,1.5956378571887608e-09
84627,26.4,-48.0,2.378180876603899e-09
84628,26.4,-47.0,3.5256690446023e-09
84629,26.4,-46.0,5.199053808543639e-09
84630,26.4,-45.0,7.62593664048386e-09
84631,26.4,-44.0,1.112623388555003e-08
84632,26.4,-43.0,1.6146905044671252e-08
84633,26.4,-42.0,2.330861744826702e-08
84634,26.4,-41.0,3.346800744575037e-08
84635,26.4,-40.0,4.78001571903095e-08
84636,26.4,-39.0,6.790705938144006e-08
84637,26.4,-38.0,9.595921019292063e-08
84638,26.4,-37.0,1.3487906859688578e-07
84639,26.4,-36.0,1.885769560767594e-07
84640,26.4,-35.0,2.6225204024155373e-07
84641,26.4,-34.0,3.627733286661589e-07
84642,26.4,-33.0,4.991580532335921e-07
84643,26.4,-32.0,6.831673806369324e-07
84644,26.4,-31.0,9.300419381480382e-07
84645,26.4,-30.0,1.2594020523183696e-06
84646,26.4,-29.0,1.69633967415966e-06
84647,26.4,-28.0,2.2727304711375124e-06
84648,26.4,-27.0,3.028795217427685e-06
84649,26.4,-26.0,4.014939563156305e-06
84650,26.4,-25.0,5.295484369246326e-06
84651,26.4,-24.0,7.799244479887367e-06
84652,26.4,-23.0,8.552249075423178e-05
84653,26.4,-22.0,0.001144265674637786
84654,26.4,-21.0,0.0027964712372950317
84655,26.4,-20.0,0.0011531092136633553
84656,26.4,-19.0,0.0001936795861088703
84657,26.4,-18.0,0.0013999443848927869
84658,26.4,-17.0,0.0033996461923273056
84659,26.4,-16.0,0.0015247692900587884
84660,26.4,-15.0,0.0017377696399296719
84661,26.4,-14.0,0.003966315567205082
84662,26.4,-13.0,0.0016811874066442899
84663,26.4,-12.0,0.00035649611264717147
84664,26.4,-11.0,0.002083822754280374
84665,26.4,-10.0,0.004937562510027158
84666,26.4,-9.0,0.0023060752243455303
84667,26.4,-8.0,0.0026579809835796655
84668,26.4,-7.0,0.005885164322042005
84669,26.4,-6.0,0.0026424543769514985
84670,26.4,-5.0,0.0007822885523015583
84671,26.4,-4.0,0.0033471124235758868
84672,26.4,-3.0,0.007558940645825205
84673,26.4,-2.0,0.0035419489990106585
84674,26.4,-1.0,0.001014128576182552
84675,26.4,0.0,0.0006212846190632999
84676,26.4,1.0,0.0013512249298246316
84677,26.4,2.0,0.005232477419674053
84678,26.4,3.0,0.011220072736178588
84679,26.4,4.0,0.005586024272684211
84680,26.4,5.0,0.0023984165221003642
84681,26.4,6.0,0.00714818514495222
84682,26.4,7.0,0.014877133594514657
84683,26.4,8.0,0.00802929847045037
84684,26.4,9.0,0.009366021275710346
84685,26.4,10.0,0.018484690237920733
84686,26.4,11.0,0.009538467999048035
84687,26.4,12.0,0.004473490078178498
84688,26.4,13.0,0.012264148108870946
84689,26.4,14.0,0.024939096569315367
84690,26.4,15.0,0.013525875084170714
84691,26.4,16.0,0.016034168141091504
84692,26.4,17.0,0.031633383435467816
84693,26.4,18.0,0.015947318120566052
84694,26.4,19.0,0.007041677774602847
84695,26.4,20.0,0.02157609922751268
84696,26.4,21.0,0.045284767130817694
84697,26.4,22.0,0.023484641947216587
84698,26.4,23.0,0.0305850929175417
84699,26.4,24.0,0.06402111100872016
84700,26.4,25.0,0.029665814340163184
84701,26.4,26.0,0.009444615796582756
84702,26.4,27.0,0.03485377178098616
84703,26.4,28.0,0.07625996451779482
84704,26.4,29.0,0.0359891851637801
84705,26.4,30.0,0.026765232163313293
84706,26.4,31.0,0.05193914895774762
84707,26.4,32.0,0.024557935823972907
84708,26.4,33.0,0.007771737937087918
84709,26.4,34.0,0.017887446489982764
84710,26.4,35.0,0.03571921692203399
84711,26.4,36.0,0.018042945330454318
84712,26.4,37.0,0.0151552472504228
84713,26.4,38.0,0.028029745865683308
84714,26.4,39.0,0.014281932411125556
84715,26.4,40.0,0.01214873821599825
84716,26.4,41.0,0.022303973526673196
84717,26.4,42.0,0.010944536707849391
84718,26.4,43.0,0.003958614832701199
84719,26.4,44.0,0.008539411235238272
84720,26.4,45.0,0.01663735822242512
84721,26.4,46.0,0.00803187738522058
84722,26.4,47.0,0.002444373036083292
84723,26.4,48.0,0.0018422828666950712
84724,26.4,49.0,0.001633792388057014
84725,26.4,50.0,0.001444587360739728
84726,26.4,51.0,0.0012705170343718928
84727,26.4,52.0,0.0011138272878227888
84728,26.4,53.0,0.00117715178772265
84729,26.4,54.0,0.003946932221233977
84730,26.4,55.0,0.00835771226034155
84731,26.4,56.0,0.003727015546424952
84732,26.4,57.0,0.000735744052080986
84733,26.4,58.0,0.00044783909756013776
84734,26.4,59.0,0.0003754615303436047
84735,26.4,60.0,0.0003147534931284366
84736,26.4,61.0,0.0002624622350036951
84737,26.4,62.0,0.000217695371912176
84738,26.4,63.0,0.00017960469170533042
84739,26.4,64.0,0.00014739144133514684
84740,26.4,65.0,0.00012031311242407568
84741,26.4,66.0,9.768767320941049e-05
84742,26.4,67.0,7.889558058724853e-05
84743,26.4,68.0,6.33799212183672e-05
84744,26.4,69.0,5.064502864324971e-05
84745,26.4,70.0,4.025390846208417e-05
84746,26.4,71.0,3.182477894703803e-05
84747,26.4,72.0,2.5027002923454247e-05
84748,26.4,73.0,1.957665108451598e-05
84749,26.4,74.0,1.5231899446479858e-05
84750,26.5,-75.0,7.330100080723652e-15
84751,26.5,-74.0,1.2554893874516861e-14
84752,26.5,-73.0,2.1389581885592822e-14
84753,26.5,-72.0,3.6247466069912834e-14
84754,26.5,-71.0,6.109970540251866e-14
84755,26.5,-70.0,1.0244403787281355e-13
84756,26.5,-69.0,1.708521181249399e-13
84757,26.5,-68.0,2.834263044206795e-13
84758,26.5,-67.0,4.676770389899727e-13
84759,26.5,-66.0,7.676054510574984e-13
84760,26.5,-65.0,1.253187803379082e-12
84761,26.5,-64.0,2.0350747988697462e-12
84762,26.5,-63.0,3.2872346085854863e-12
84763,26.5,-62.0,5.281619767732796e-12
84764,26.5,-61.0,8.44091781510789e-12
84765,26.5,-60.0,1.341832537400925e-11
84766,26.5,-59.0,2.121744441182981e-11
84767,26.5,-58.0,3.33713622204893e-11
84768,26.5,-57.0,5.220846257524092e-11
84769,26.5,-56.0,8.124450207846988e-11
84770,26.5,-55.0,1.2575728882554328e-10
84771,26.5,-54.0,1.9362367467775694e-10
84772,26.5,-53.0,2.9653083323260243e-10
84773,26.5,-52.0,4.517179676058265e-10
84774,26.5,-51.0,6.844645829548137e-10
84775,26.5,-50.0,1.0316222590017294e-09
84776,26.5,-49.0,1.5465947648299883e-09
84777,26.5,-48.0,2.3063142153953947e-09
84778,26.5,-47.0,3.420948411006006e-09
84779,26.5,-46.0,5.047318184350414e-09
84780,26.5,-45.0,7.407317375199814e-09
84781,26.5,-44.0,1.0813028160375087e-08
84782,26.5,-43.0,1.5700729405705497e-08
84783,26.5,-42.0,2.2676626124102352e-08
84784,26.5,-41.0,3.2577906342732624e-08
84785,26.5,-40.0,4.655368091074693e-08
84786,26.5,-39.0,6.617150488375445e-08
84787,26.5,-38.0,9.35565368688537e-08
84788,26.5,-37.0,1.3157198138644948e-07
84789,26.5,-36.0,1.8405128760933546e-07
84790,26.5,-35.0,2.560946430608432e-07
84791,26.5,-34.0,3.5444458424700195e-07
84792,26.5,-33.0,4.87958007678046e-07
84793,26.5,-32.0,6.681944370205327e-07
84794,26.5,-31.0,9.101429845893908e-07
84795,26.5,-30.0,1.2331128980408298e-06
84796,26.5,-29.0,1.6618147212092784e-06
84797,26.5,-28.0,2.227660688012545e-06
84798,26.5,-27.0,2.970313726120275e-06
84799,26.5,-26.0,3.939514530274893e-06
84800,26.5,-25.0,5.198806345873924e-06
84801,26.5,-24.0,7.679802770580768e-06
84802,26.5,-23.0,8.57001343760822e-05
84803,26.5,-22.0,0.0011490096873906413
84804,26.5,-21.0,0.0028083563387334186
84805,26.5,-20.0,0.001157747406811701
84806,26.5,-19.0,0.00019402388921433274
84807,26.5,-18.0,0.0014052194822618267
84808,26.5,-17.0,0.0034131628520998967
84809,26.5,-16.0,0.0015302503919502573
84810,26.5,-15.0,0.0017437437783366962
84811,26.5,-14.0,0.003981064991164391
84812,26.5,-13.0,0.0016864334972316614
84813,26.5,-12.0,0.00035606647670283654
84814,26.5,-11.0,0.0020896430273757154
84815,26.5,-10.0,0.004953893660911578
84816,26.5,-9.0,0.002311898987200122
84817,26.5,-8.0,0.00266428346830379
84818,26.5,-7.0,0.005902599634100884
84819,26.5,-6.0,0.0026475840470665648
84820,26.5,-5.0,0.000780053011835738
84821,26.5,-4.0,0.0033527241915053472
84822,26.5,-3.0,0.0075778002791618854
84823,26.5,-2.0,0.0035468468295098577
84824,26.5,-1.0,0.0010100345592519088
84825,26.5,0.0,0.000626889687113928
84826,26.5,1.0,0.001347058263145766
84827,26.5,2.0,0.005238933625572147
84828,26.5,3.0,0.011243252133347745
84829,26.5,4.0,0.005592760461685029
84830,26.5,5.0,0.0023956683795131567
84831,26.5,6.0,0.007156694803192731
84832,26.5,7.0,0.014904311691128377
84833,26.5,8.0,0.008040354504339957
84834,26.5,9.0,0.009378221015802483
84835,26.5,10.0,0.01851534610737543
84836,26.5,11.0,0.00955309861854223
84837,26.5,12.0,0.004479404139220819
84838,26.5,13.0,0.012280351487721209
84839,26.5,14.0,0.02497160188913312
84840,26.5,15.0,0.013547724484344699
84841,26.5,16.0,0.01605233044214095
84842,26.5,17.0,0.03165731511317436
84843,26.5,18.0,0.015971796200613377
84844,26.5,19.0,0.0070658642895888545
84845,26.5,20.0,0.021574453818589745
84846,26.5,21.0,0.04524079733352639
84847,26.5,22.0,0.023481261299558156
84848,26.5,23.0,0.03048187803469973
84849,26.5,24.0,0.06371568578694647
84850,26.5,25.0,0.029572826783552355
84851,26.5,26.0,0.009537764714416868
84852,26.5,27.0,0.034996173557380855
84853,26.5,28.0,0.076710873299295
84854,26.5,29.0,0.03614107387097694
84855,26.5,30.0,0.026744202783747076
84856,26.5,31.0,0.05193628098227109
84857,26.5,32.0,0.024531563913793433
84858,26.5,33.0,0.0077307158972831766
84859,26.5,34.0,0.017831158769884142
84860,26.5,35.0,0.035638478626881166
84861,26.5,36.0,0.017993424916211125
84862,26.5,37.0,0.015104661050088574
84863,26.5,38.0,0.0279476043891005
84864,26.5,39.0,0.014238197587763547
84865,26.5,40.0,0.012108017009990132
84866,26.5,41.0,0.022230942523574406
84867,26.5,42.0,0.01091100522705162
84868,26.5,43.0,0.003949475333561978
84869,26.5,44.0,0.008512483805883713
84870,26.5,45.0,0.01657862696140493
84871,26.5,46.0,0.008008103369498929
84872,26.5,47.0,0.002443246100426766
84873,26.5,48.0,0.0018436277461496126
84874,26.5,49.0,0.0016358746694046132
84875,26.5,50.0,0.001447199389378712
84876,26.5,51.0,0.0012734926134873848
84877,26.5,52.0,0.0011170122431736899
84878,26.5,53.0,0.0011793869058588503
84879,26.5,54.0,0.00393448196263892
84880,26.5,55.0,0.008322255114572805
84881,26.5,56.0,0.003714358275420508
84882,26.5,57.0,0.0007375991956921399
84883,26.5,58.0,0.0004505390178543142
84884,26.5,59.0,0.0003779483471998419
84885,26.5,60.0,0.0003170071158736933
84886,26.5,61.0,0.00026448233130977044
84887,26.5,62.0,0.00021948782107655154
84888,26.5,63.0,0.00018118001756274257
84889,26.5,64.0,0.000148763461507733
84890,26.5,65.0,0.00012149778500316641
84891,26.5,66.0,9.870213645512173e-05
84892,26.5,67.0,7.97573753095759e-05
84893,26.5,68.0,6.410638115718723e-05
84894,26.5,69.0,5.125282128118472e-05
84895,26.5,70.0,4.075870711592639e-05
84896,26.5,71.0,3.22410464934372e-05
84897,26.5,72.0,2.53678679131317e-05
84898,26.5,73.0,1.9853858077597764e-05
84899,26.5,74.0,1.5455816962726974e-05
84900,26.6,-75.0,7.006116788204181e-15
84901,26.6,-74.0,1.2006374993195333e-14
84902,26.6,-73.0,2.0465979839245923e-14
84903,26.6,-72.0,3.47007840792037e-14
84904,26.6,-71.0,5.852374933203032e-14
84905,26.6,-70.0,9.817730411761233e-14
84906,26.6,-69.0,1.6382348900633055e-13
84907,26.6,-68.0,2.7191135686103255e-13
84908,26.6,-67.0,4.489155307557177e-13
84909,26.6,-66.0,7.372045748268955e-13
84910,26.6,-65.0,1.2041969425063787e-12
84911,26.6,-64.0,1.9565598004388357e-12
84912,26.6,-63.0,3.162094463808796e-12
84913,26.6,-62.0,5.083263947012509e-12
84914,26.6,-61.0,8.128241330563961e-12
84915,26.6,-60.0,1.2928157239893115e-11
84916,26.6,-59.0,2.0453270838422267e-11
84917,26.6,-58.0,3.2186593889851995e-11
84918,26.6,-57.0,5.0381765141791884e-11
84919,26.6,-56.0,7.844365939843964e-11
84920,26.6,-55.0,1.2148661156037813e-10
84921,26.6,-54.0,1.8714796131997548e-10
84922,26.6,-53.0,2.867661525537179e-10
84923,26.6,-52.0,4.3707582536093164e-10
84924,26.6,-51.0,6.626310629083348e-10
84925,26.6,-50.0,9.992471160143872e-10
84926,26.6,-49.0,1.4988567367111304e-09
84927,26.6,-48.0,2.2363174542748036e-09
84928,26.6,-47.0,3.318890252427301e-09
84929,26.6,-46.0,4.899349701996946e-09
84930,26.6,-45.0,7.193994433791358e-09
84931,26.6,-44.0,1.050722100921598e-08
84932,26.6,-43.0,1.526482221766422e-08
84933,26.6,-42.0,2.205879323201605e-08
84934,26.6,-41.0,3.17071982698464e-08
84935,26.6,-40.0,4.533358981217471e-08
84936,26.6,-39.0,6.44716051995128e-08
84937,26.6,-38.0,9.120171281788045e-08
84938,26.6,-37.0,1.283286591133327e-07
84939,26.6,-36.0,1.7960998804334055e-07
84940,26.6,-35.0,2.500480648972549e-07
84941,26.6,-34.0,3.4626031963082225e-07
84942,26.6,-33.0,4.769448929299785e-07
84943,26.6,-32.0,6.534614562845662e-07
84944,26.6,-31.0,8.905495875338715e-07
84945,26.6,-30.0,1.2072095786258715e-06
84946,26.6,-29.0,1.6277727510329272e-06
84947,26.6,-28.0,2.1831900258176352e-06
84948,26.6,-27.0,2.9125683581998084e-06
84949,26.6,-26.0,3.8649848621936e-06
84950,26.6,-25.0,5.103205611243715e-06
84951,26.6,-24.0,7.5615916468381215e-06
84952,26.6,-23.0,8.5874740820227e-05
84953,26.6,-22.0,0.0011536881785077348
84954,26.6,-21.0,0.0028200782604738566
84955,26.6,-20.0,0.001162320515620294
84956,26.6,-19.0,0.00019436052787463173
84957,26.6,-18.0,0.001410414770951307
84958,26.6,-17.0,0.0034264799076456545
84959,26.6,-16.0,0.0015356453084332659
84960,26.6,-15.0,0.001749618511603985
84961,26.6,-14.0,0.003995579953851926
84962,26.6,-13.0,0.0016915844548992694
84963,26.6,-12.0,0.0003556222765489016
84964,26.6,-11.0,0.0020953422177637767
84965,26.6,-10.0,0.004969927738787365
84966,26.6,-9.0,0.0023175867527037153
84967,26.6,-8.0,0.002670425741769013
84968,26.6,-7.0,0.005919672471286253
84969,26.6,-6.0,0.0026525496800163576
84970,26.6,-5.0,0.0007777649590982665
84971,26.6,-4.0,0.003358117998456218
84972,26.6,-3.0,0.007596172332707627
84973,26.6,-2.0,0.0035515013875275403
84974,26.6,-1.0,0.0010058469133545284
84975,26.6,0.0,0.0006324936531179811
84976,26.6,1.0,0.0013427524060248774
84977,26.6,2.0,0.005244990638910958
84978,26.6,3.0,0.011265636997772067
84979,26.6,4.0,0.005599043854025891
84980,26.6,5.0,0.002392652730386933
84981,26.6,6.0,0.007164619932645652
84982,26.6,7.0,0.014930400098023353
84983,26.6,8.0,0.008050732391831269
84984,26.6,9.0,0.00938964880877249
84985,26.6,10.0,0.018544653145949608
84986,26.6,11.0,0.009566910091252089
84987,26.6,12.0,0.004484796163625218
84988,26.6,13.0,0.012295587264947701
84989,26.6,14.0,0.025002423603145883
84990,26.6,15.0,0.013568523824467703
84991,26.6,16.0,0.016069408105839303
84992,26.6,17.0,0.03167946633130458
84993,26.6,18.0,0.015995203297110787
84994,26.6,19.0,0.007089439927414291
84995,26.6,20.0,0.021572255068682794
84996,26.6,21.0,0.045196319613725014
84997,26.6,22.0,0.0234776715955984
84998,26.6,23.0,0.030382674505161043
84999,26.6,24.0,0.06342087541186119
85000,26.6,25.0,0.02948395795501713
85001,26.6,26.0,0.009632998654395274
85002,26.6,27.0,0.03514854931568688
85003,26.6,28.0,0.07718720158957468
85004,26.6,29.0,0.03630272037482231
85005,26.6,30.0,0.026721814923051312
85006,26.6,31.0,0.05192954893508559
85007,26.6,32.0,0.02450304873542493
85008,26.6,33.0,0.007688556625289958
85009,26.6,34.0,0.0177723720860789
85010,26.6,35.0,0.03555300286066111
85011,26.6,36.0,0.017941335969346075
85012,26.6,37.0,0.015051762982706423
85013,26.6,38.0,0.027861407360685167
85014,26.6,39.0,0.014192248743515573
85015,26.6,40.0,0.012065347995244054
85016,26.6,41.0,0.022154572026479517
85017,26.6,42.0,0.01087570693820054
85018,26.6,43.0,0.003939543121758024
85019,26.6,44.0,0.008484146382217865
85020,26.6,45.0,0.01651738454230548
85021,26.6,46.0,0.007983025613864646
85022,26.6,47.0,0.0024416064201253423
85023,26.6,48.0,0.0018445621646287558
85024,26.6,49.0,0.0016375939825214302
85025,26.6,50.0,0.0014494925151738328
85026,26.6,51.0,0.0012761902291116723
85027,26.6,52.0,0.00111995654533125
85028,26.6,53.0,0.0011813876158351276
85029,26.6,54.0,0.003921437380432072
85030,26.6,55.0,0.008285621107651736
85031,26.6,56.0,0.0037011583591164098
85032,26.6,57.0,0.0007393235823829783
85033,26.6,58.0,0.0004531544735821658
85034,26.6,59.0,0.0003803667121573559
85035,26.6,60.0,0.00031920560596615077
85036,26.6,61.0,0.00026645848397386095
85037,26.6,62.0,0.0002212456316746013
85038,26.6,63.0,0.0001827283632608142
85039,26.6,64.0,0.00015011473751340014
85040,26.6,65.0,0.00012266673495686838
85041,26.6,66.0,9.970487371916073e-05
85042,26.6,67.0,8.061058582423445e-05
85043,26.6,68.0,6.482669402356604e-05
85044,26.6,69.0,5.185633018186866e-05
85045,26.6,70.0,4.1260623937699265e-05
85046,26.6,71.0,3.2655467880052286e-05
85047,26.6,72.0,2.570763574494158e-05
85048,26.6,73.0,2.0130495842265808e-05
85049,26.6,74.0,1.567952545126659e-05
85050,26.7,-75.0,6.6955744386246416e-15
85051,26.7,-74.0,1.1480313901088777e-14
85052,26.7,-73.0,1.957968906369972e-14
85053,26.7,-72.0,3.321573950881394e-14
85054,26.7,-71.0,5.6049038739041526e-14
85055,26.7,-70.0,9.407592971089922e-14
85056,26.7,-69.0,1.5706339356271779e-13
85057,26.7,-68.0,2.608300003786821e-13
85058,26.7,-67.0,4.3085011657821407e-13
85059,26.7,-66.0,7.079148050503752e-13
85060,26.7,-65.0,1.1569694271326014e-12
85061,26.7,-64.0,1.880827119422362e-12
85062,26.7,-63.0,3.04131904136264e-12
85063,26.7,-62.0,4.891715507109459e-12
85064,26.7,-61.0,7.826120115871095e-12
85065,26.7,-60.0,1.2454260188598847e-11
85066,26.7,-59.0,1.9714032465955773e-11
85067,26.7,-58.0,3.103981383319787e-11
85068,26.7,-57.0,4.861260069787615e-11
85069,26.7,-56.0,7.572943405579728e-11
85070,26.7,-55.0,1.1734556336059436e-10
85071,26.7,-54.0,1.808650883849405e-10
85072,26.7,-53.0,2.772866259346411e-10
85073,26.7,-52.0,4.2285279856122216e-10
85074,26.7,-51.0,6.414098175189089e-10
85075,26.7,-50.0,9.677609740798303e-10
85076,26.7,-49.0,1.4524015866299271e-09
85077,26.7,-48.0,2.1681605246415233e-09
85078,26.7,-47.0,3.2194542671909015e-09
85079,26.7,-46.0,4.7550949893814774e-09
85080,26.7,-45.0,6.9858980603802955e-09
85081,26.7,-44.0,1.0208722592874153e-08
85082,26.7,-43.0,1.4839069692906033e-08
85083,26.7,-42.0,2.1454977431152706e-08
85084,26.7,-41.0,3.0855711724775863e-08
85085,26.7,-40.0,4.41396818102401e-08
85086,26.7,-39.0,6.280713127141068e-08
85087,26.7,-38.0,8.889449240171655e-08
85088,26.7,-37.0,1.2514886073787975e-07
85089,26.7,-36.0,1.752528585986288e-07
85090,26.7,-35.0,2.4411221130768107e-07
85091,26.7,-34.0,3.3822064207020116e-07
85092,26.7,-33.0,4.6611916521107366e-07
85093,26.7,-32.0,6.389694602194517e-07
85094,26.7,-31.0,8.71263645644369e-07
85095,26.7,-30.0,1.1816953083334267e-06
85096,26.7,-29.0,1.5942189012386206e-06
85097,26.7,-28.0,2.139326374487352e-06
85098,26.7,-27.0,2.8555708707535974e-06
85099,26.7,-26.0,3.7913676627477764e-06
85100,26.7,-25.0,5.0087065598715806e-06
85101,26.7,-24.0,7.444647724054629e-06
85102,26.7,-23.0,8.604657407931933e-05
85103,26.7,-22.0,0.0011583044231572833
85104,26.7,-21.0,0.002831644974615423
85105,26.7,-20.0,0.0011668318693101604
85106,26.7,-19.0,0.00019469013494101978
85107,26.7,-18.0,0.0014155343714761053
85108,26.7,-17.0,0.0034396072472667382
85109,26.7,-16.0,0.0015409585957263687
85110,26.7,-15.0,0.0017553990972153683
85111,26.7,-14.0,0.0040098722291682185
85112,26.7,-13.0,0.0016966455102398314
85113,26.7,-12.0,0.000355164997170361
85114,26.7,-11.0,0.002100926988898368
85115,26.7,-10.0,0.00498567991151256
85116,26.7,-9.0,0.00232314609238522
85117,26.7,-8.0,0.0026764166337140834
85118,26.7,-7.0,0.005936401445925365
85119,26.7,-6.0,0.0026573604126195866
85120,26.7,-5.0,0.0007754281892693243
85121,26.7,-4.0,0.003363305640510178
85122,26.7,-3.0,0.007614081629007353
85123,26.7,-2.0,0.003555925503934014
85124,26.7,-1.0,0.0010015709886673704
85125,26.7,0.0,0.0006380979645107813
85126,26.7,1.0,0.0013383141079397263
85127,26.7,2.0,0.005250667451588586
85128,26.7,3.0,0.011287265094299564
85129,26.7,4.0,0.005604894712906501
85130,26.7,5.0,0.0023893799316098063
85131,26.7,6.0,0.007171985989942617
85132,26.7,7.0,0.014955448781526201
85133,26.7,8.0,0.008060460029082102
85134,26.7,9.0,0.009400336802328426
85135,26.7,10.0,0.018572672665428717
85136,26.7,11.0,0.009579934136877405
85137,26.7,12.0,0.004489680789467288
85138,26.7,13.0,0.012309894881078379
85139,26.7,14.0,0.025031641865929533
85140,26.7,15.0,0.013588314758353042
85141,26.7,16.0,0.01608544885849788
85142,26.7,17.0,0.03169993315869639
85143,26.7,18.0,0.01601758455757811
85144,26.7,19.0,0.007112418892714289
85145,26.7,20.0,0.02156954083538184
85146,26.7,21.0,0.045151412394199585
85147,26.7,22.0,0.02347389066553673
85148,26.7,23.0,0.03028721379796047
85149,26.7,24.0,0.06313600416073843
85150,26.7,25.0,0.029398938450888975
85151,26.7,26.0,0.00973051158744171
85152,26.7,27.0,0.03531200034244165
85153,26.7,28.0,0.07769175154190162
85154,26.7,29.0,0.03647520811217081
85155,26.7,30.0,0.02669782388634933
85156,26.7,31.0,0.051918258161733045
85157,26.7,32.0,0.024472066778740184
85158,26.7,33.0,0.007645162701834711
85159,26.7,34.0,0.01771082951759136
85160,26.7,35.0,0.03546225695265016
85161,26.7,36.0,0.01788641466218918
85162,26.7,37.0,0.01499633293993866
85163,26.7,38.0,0.027770737766143194
85164,26.7,39.0,0.014143875317158418
85165,26.7,40.0,0.012020552958086793
85166,26.7,41.0,0.022074531216680408
85167,26.7,42.0,0.010838478889462095
85168,26.7,43.0,0.003928758268772908
85169,26.7,44.0,0.00845427143539786
85170,26.7,45.0,0.016453384519293634
85171,26.7,46.0,0.007956522773383181
85172,26.7,47.0,0.0024394138485316903
85173,26.7,48.0,0.0018450545342444283
85174,26.7,49.0,0.0016389216778323785
85175,26.7,50.0,0.0014514408539650487
85176,26.7,51.0,0.0012785866329305155
85177,26.7,52.0,0.0011226394036652253
85178,26.7,53.0,0.0011831325345712622
85179,26.7,54.0,0.003907738390619576
85180,26.7,55.0,0.008247688349131336
85181,26.7,56.0,0.0036873595401186623
85182,26.7,57.0,0.0007409034826283572
85183,26.7,58.0,0.0004556761546003003
85184,26.7,59.0,0.00038270868248754705
85185,26.7,60.0,0.00032134220423369746
85186,26.7,61.0,0.0002683849757972272
85187,26.7,62.0,0.0002229639972010846
85188,26.7,63.0,0.00018424571250545097
85189,26.7,64.0,0.00015144193382106728
85190,26.7,65.0,0.00012381720906413384
85191,26.7,66.0,0.0001006936263633266
85192,26.7,67.0,8.145337062043265e-05
85193,26.7,68.0,6.553936765565749e-05
85194,26.7,69.0,5.245435373629456e-05
85195,26.7,70.0,4.175869729985081e-05
85196,26.7,71.0,3.3067278325529176e-05
85197,26.7,72.0,2.6045701992039993e-05
85198,26.7,73.0,2.0406089683426197e-05
85199,26.7,74.0,1.5902654455140398e-05
85200,26.8,-75.0,6.397978115174706e-15
85201,26.8,-74.0,1.097589793045539e-14
85202,26.8,-73.0,1.872938325819193e-14
85203,26.8,-72.0,3.179018104153244e-14
85204,26.8,-71.0,5.367210558044454e-14
85205,26.8,-70.0,9.013435861606609e-14
85206,26.8,-69.0,1.5056298618112193e-13
85207,26.8,-68.0,2.501682406095473e-13
85208,26.8,-67.0,4.134587966267651e-13
85209,26.8,-66.0,6.797017777724768e-13
85210,26.8,-65.0,1.1114519263173596e-12
85211,26.8,-64.0,1.8077945277774165e-12
85212,26.8,-63.0,2.9247823921662488e-12
85213,26.8,-62.0,4.706782814653462e-12
85214,26.8,-61.0,7.53426456224506e-12
85215,26.8,-60.0,1.1996199533495744e-11
85216,26.8,-59.0,1.8999081376729065e-11
85217,26.8,-58.0,2.993006310857215e-11
85218,26.8,-57.0,4.6899560157098865e-11
85219,26.8,-56.0,7.30997706680189e-11
85220,26.8,-55.0,1.1333116854713224e-10
85221,26.8,-54.0,1.7477078086625137e-10
85222,26.8,-53.0,2.680861600853759e-10
85223,26.8,-52.0,4.090402728203959e-10
85224,26.8,-51.0,6.207887705929537e-10
85225,26.8,-50.0,9.3714705197327e-10
85226,26.8,-49.0,1.407206208127468e-09
85227,26.8,-48.0,2.1018119160654315e-09
85228,26.8,-47.0,3.122597921026387e-09
85229,26.8,-46.0,4.614497254842506e-09
85230,26.8,-45.0,6.782953314742702e-09
85231,26.8,-44.0,9.917435287750708e-09
85232,26.8,-43.0,1.4423346462278462e-08
85233,26.8,-42.0,2.086502030087843e-08
85234,26.8,-41.0,3.002325022948436e-08
85235,26.8,-40.0,4.297171859684923e-08
85236,26.8,-39.0,6.117780192127058e-08
85237,26.8,-38.0,8.663455556668068e-08
85238,26.8,-37.0,1.2203223977575251e-07
85239,26.8,-36.0,1.7097955218664864e-07
85240,26.8,-35.0,2.3828678076509356e-07
85241,26.8,-34.0,3.3032537172641144e-07
85242,26.8,-33.0,4.5548088552697925e-07
85243,26.8,-32.0,6.247189303183406e-07
85244,26.8,-31.0,8.522863239938064e-07
85245,26.8,-30.0,1.1565723121155304e-06
85246,26.8,-29.0,1.5611569841804066e-06
85247,26.8,-28.0,2.0960758604144353e-06
85248,26.8,-27.0,2.7993306894588554e-06
85249,26.8,-26.0,3.7186769736452658e-06
85250,26.8,-25.0,4.915329589729512e-06
85251,26.8,-24.0,7.329002132542155e-06
85252,26.8,-23.0,8.621586433783205e-05
85253,26.8,-22.0,0.0011628612860910559
85254,26.8,-21.0,0.002843063455406493
85255,26.8,-20.0,0.0011712843810495048
85256,26.8,-19.0,0.0001950132659078661
85257,26.8,-18.0,0.0014205818946008268
85258,26.8,-17.0,0.0034525535337584005
85259,26.8,-16.0,0.0015461942506519437
85260,26.8,-15.0,0.0017610901518578497
85261,26.8,-14.0,0.004023952147669422
85262,26.8,-13.0,0.0017016212657338721
85263,26.8,-12.0,0.0003546959657566752
85264,26.8,-11.0,0.0021064032177083194
85265,26.8,-10.0,0.005001163524354594
85266,26.8,-9.0,0.0023285836995914503
85267,26.8,-8.0,0.002682263957926369
85268,26.8,-7.0,0.0059528029742585255
85269,26.8,-6.0,0.002662024358260339
85270,26.8,-5.0,0.0007730461438343878
85271,26.8,-4.0,0.0033682976112634428
85272,26.8,-3.0,0.007631550133952666
85273,26.8,-2.0,0.003560130624040949
85274,26.8,-1.0,0.000997211675118518
85275,26.8,0.0,0.0006437038740219005
85276,26.8,1.0,0.0013337495325038767
85277,26.8,2.0,0.0052559810241645825
85278,26.8,3.0,0.011308169927729003
85279,26.8,4.0,0.005610331147054854
85280,26.8,5.0,0.0023858593795088507
85281,26.8,6.0,0.007178815681542683
85282,26.8,7.0,0.01497950204373429
85283,26.8,8.0,0.008069562257052212
85284,26.8,9.0,0.009410313567874275
85285,26.8,10.0,0.01859945891512301
85286,26.8,11.0,0.009592198880553475
85287,26.8,12.0,0.004494071031879432
85288,26.8,13.0,0.012323309110914176
85289,26.8,14.0,0.02505932720316673
85290,26.8,15.0,0.01360713384189327
85291,26.8,16.0,0.016100494313858592
85292,26.8,17.0,0.03171879934081637
85293,26.8,18.0,0.01603897912215477
85294,26.8,19.0,0.007134813037881276
85295,26.8,20.0,0.021566341612851477
85296,26.8,21.0,0.04510613850723736
85297,26.8,22.0,0.023469930481452354
85298,26.8,23.0,0.030195248483858166
85299,26.8,24.0,0.06286045169220426
85300,26.8,25.0,0.029317520723665252
85301,26.8,26.0,0.009830532861471328
85302,26.8,27.0,0.03548783905149781
85303,26.8,28.0,0.07822786417240433
85304,26.8,29.0,0.036659827808786995
85305,26.8,30.0,0.026671931159376973
85306,26.8,31.0,0.05190156544685649
85307,26.8,32.0,0.024438225817237497
85308,26.8,33.0,0.007600417028297112
85309,26.8,34.0,0.017646225314054343
85310,26.8,35.0,0.035365608068966686
85311,26.8,36.0,0.01782834741762546
85312,26.8,37.0,0.014938109792319798
85313,26.8,38.0,0.027675101566870624
85314,26.8,39.0,0.014092827824416437
85315,26.8,40.0,0.01197342091085921
85316,26.8,41.0,0.02199042867677413
85317,26.8,42.0,0.010799128375037407
85318,26.8,43.0,0.003917050044575336
85319,26.8,44.0,0.008422708318480148
85320,26.8,45.0,0.016386335595300724
85321,26.8,46.0,0.007928451609232352
85322,26.8,47.0,0.002436621245883924
85323,26.8,48.0,0.001845067854898499
85324,26.8,49.0,0.001639824234340982
85325,26.8,50.0,0.0014530141504919603
85326,26.8,51.0,0.0012806546749557137
85327,26.8,52.0,0.001125036557050561
85328,26.8,53.0,0.0011845966739952793
85329,26.8,54.0,0.0038933141488017935
85330,26.8,55.0,0.008208312776075566
85331,26.8,56.0,0.0036728954462995618
85332,26.8,57.0,0.000742322855195236
85333,26.8,58.0,0.00045809322490870876
85334,26.8,59.0,0.0003849650150562021
85335,26.8,60.0,0.0003234090447175641
85336,26.8,61.0,0.00027025515258888197
85337,26.8,62.0,0.00022463732213237616
85338,26.8,63.0,0.00018572738813703405
85339,26.8,64.0,0.00015274116433322465
85340,26.8,65.0,0.0001249459978854914
85341,26.8,66.0,0.00010166575974046204
85342,26.8,67.0,8.22835799525806e-05
85343,26.8,68.0,6.624265857621314e-05
85344,26.8,69.0,5.304548653442634e-05
85345,26.8,70.0,4.2251801198466295e-05
85346,26.8,71.0,3.347558118822744e-05
85347,26.8,72.0,2.6381357025031643e-05
85348,26.8,73.0,2.0680081427968293e-05
85349,26.8,74.0,1.612476763830137e-05
85350,26.9,-75.0,6.11284462050954e-15
85351,26.9,-74.0,1.0492332758314371e-14
85352,26.9,-73.0,1.7913764550854442e-14
85353,26.9,-72.0,3.042200094741042e-14
85354,26.9,-71.0,5.1389547874670085e-14
85355,26.9,-70.0,8.63471336677893e-14
85356,26.9,-69.0,1.4431356717553878e-13
85357,26.9,-68.0,2.3991229520576755e-13
85358,26.9,-67.0,3.967198735659133e-13
85359,26.9,-66.0,6.525315514200317e-13
85360,26.9,-65.0,1.067591683447611e-12
85361,26.9,-64.0,1.7373805520335796e-12
85362,26.9,-63.0,2.812359512587222e-12
85363,26.9,-62.0,4.528275338338837e-12
85364,26.9,-61.0,7.2523861903952515e-12
85365,26.9,-60.0,1.155354143264751e-11
85366,26.9,-59.0,1.8307769567395094e-11
85367,26.9,-58.0,2.8856380529355333e-11
85368,26.9,-57.0,4.524122781090264e-11
85369,26.9,-56.0,7.055259899462537e-11
85370,26.9,-55.0,1.0944042182655965e-10
85371,26.9,-54.0,1.6886070861835108e-10
85372,26.9,-53.0,2.591585636100445e-10
85373,26.9,-52.0,3.956294648977246e-10
85374,26.9,-51.0,6.00755562734809e-10
85375,26.9,-50.0,9.073881034103867e-10
85376,26.9,-49.0,1.3632467445740844e-09
85377,26.9,-48.0,2.037238926709909e-09
85378,26.9,-47.0,3.0282768134815232e-09
85379,26.9,-46.0,4.477496819969167e-09
85380,26.9,-45.0,6.585080842307988e-09
85381,26.9,-44.0,9.633254791794044e-09
85382,26.9,-43.0,1.4017517153879653e-08
85383,26.9,-42.0,2.028874858076742e-08
85384,26.9,-41.0,2.92095954890757e-08
85385,26.9,-40.0,4.1829430067883035e-08
85386,26.9,-39.0,5.958329001884941e-08
85387,26.9,-38.0,8.442151638654239e-08
85388,26.9,-37.0,1.1897835605747701e-07
85389,26.9,-36.0,1.6678958950103372e-07
85390,26.9,-35.0,2.3257128654386692e-07
85391,26.9,-34.0,3.2257407125902003e-07
85392,26.9,-33.0,4.45029759435566e-07
85393,26.9,-32.0,6.107098609084126e-07
85394,26.9,-31.0,8.336181246295926e-07
85395,26.9,-30.0,1.1318419187802697e-06
85396,26.9,-29.0,1.5285896092342548e-06
85397,26.9,-28.0,2.053443005989806e-06
85398,26.9,-27.0,2.743855115519862e-06
85399,26.9,-26.0,3.646924041307027e-06
85400,26.9,-25.0,4.823091444331355e-06
85401,26.9,-24.0,7.214680962540193e-06
85402,26.9,-23.0,8.638280933459493e-05
85403,26.9,-22.0,0.0011673612343417242
85404,26.9,-21.0,0.002854339709595561
85405,26.9,-20.0,0.0011756805610568305
85406,26.9,-19.0,0.0001953304020726717
85407,26.9,-18.0,0.0014255604579130371
85408,26.9,-17.0,0.0034653262430804073
85409,26.9,-16.0,0.0015513557292142748
85410,26.9,-15.0,0.0017666956730821137
85411,26.9,-14.0,0.004037828643599556
85412,26.9,-13.0,0.001706515717747438
85413,26.9,-12.0,0.0003542163594937582
85414,26.9,-11.0,0.0021117760230584463
85415,26.9,-10.0,0.0050163901622485565
85416,26.9,-9.0,0.0023339054220623346
85417,26.9,-8.0,0.0026879745504601155
85418,26.9,-7.0,0.00596889135423125
85419,26.9,-6.0,0.0026665486468382318
85420,26.9,-5.0,0.0007706219293234247
85421,26.9,-4.0,0.0033731031537960767
85422,26.9,-3.0,0.0076485970627150285
85423,26.9,-2.0,0.0035641268641172326
85424,26.9,-1.0,0.0009927734280615593
85425,26.9,0.0,0.0006493124415144158
85426,26.9,1.0,0.0013290642888148275
85427,26.9,2.0,0.005260946369713746
85428,26.9,3.0,0.011328380907226722
85429,26.9,4.0,0.005615369199798256
85430,26.9,5.0,0.0023820995564395203
85431,26.9,6.0,0.007185129078135167
85432,26.9,7.0,0.015002598746900339
85433,26.9,8.0,0.008078060986821328
85434,26.9,9.0,0.009419604248894561
85435,26.9,10.0,0.01862505936763062
85436,26.9,11.0,0.00960372899926947
85437,26.9,12.0,0.004497978349959651
85438,26.9,13.0,0.012335860259701164
85439,26.9,14.0,0.025085540919045763
85440,26.9,15.0,0.013625012742782517
85441,26.9,16.0,0.01611458023893953
85442,26.9,17.0,0.031736136854590785
85443,26.9,18.0,0.01605942037666178
85444,26.9,19.0,0.00715663194210958
85445,26.9,20.0,0.021562680880834482
85446,26.9,21.0,0.045060545984935134
85447,26.9,22.0,0.023465797263834208
85448,26.9,23.0,0.03010654880076208
85449,26.9,24.0,0.06259364451231501
85450,26.9,25.0,0.029239475729984782
85451,26.9,26.0,0.009933337008323325
85452,26.9,27.0,0.035677650374467886
85453,26.9,28.0,0.07879957621961821
85454,26.9,29.0,0.03685813775725341
85455,26.9,30.0,0.02664376831322441
85456,26.9,31.0,0.05187843480605066
85457,26.9,32.0,0.024401044482506715
85458,26.9,33.0,0.007554177033768471
85459,26.9,34.0,0.0175781907875452
85460,26.9,35.0,0.03526229438653071
85461,26.9,36.0,0.01776675655241396
85462,26.9,37.0,0.014876779539241054
85463,26.9,38.0,0.027573905521944414
85464,26.9,39.0,0.014038806625759034
85465,26.9,40.0,0.011923698621080258
85466,26.9,41.0,0.021901794920776374
85467,26.9,42.0,0.01075742434734623
85468,26.9,43.0,0.003904333789006262
85469,26.9,44.0,0.008389276589526954
85470,26.9,45.0,0.01631588868073145
85471,26.9,46.0,0.007898640675068423
85472,26.9,47.0,0.0024331724684295178
85473,26.9,48.0,0.0018445581628611677
85474,26.9,49.0,0.0016402618669392795
85475,26.9,50.0,0.0014541765321274217
85476,26.9,51.0,0.0012823621941772832
85477,26.9,52.0,0.0011271192898551186
85478,26.9,53.0,0.0011857504180161815
85479,26.9,54.0,0.003878079953386503
85480,26.9,55.0,0.008167321748795454
85481,26.9,56.0,0.0036576866793771937
85482,26.9,57.0,0.0007435626955345202
85483,26.9,58.0,0.000460392897440313
85484,26.9,59.0,0.0003871248050486615
85485,26.9,60.0,0.0003253968480729149
85486,26.9,61.0,0.00027206116434017735
85487,26.9,62.0,0.00022625900458606216
85488,26.9,63.0,0.00018716787059063885
85489,26.9,64.0,0.0001540078415514269
85490,26.9,65.0,0.00012604931110310705
85491,26.9,66.0,0.00010261816071185073
85492,26.9,67.0,8.309867203525912e-05
85493,26.9,68.0,6.693450382367517e-05
85494,26.9,69.0,5.362806420847003e-05
85495,26.9,70.0,4.2738600861122254e-05
85496,26.9,71.0,3.387931242693024e-05
85497,26.9,72.0,2.6713757710708416e-05
85498,26.9,73.0,2.0951807006771382e-05
85499,26.9,74.0,1.634534512194287e-05
85500,27.0,-75.0,5.6233040180157756e-15
85501,27.0,-74.0,9.657209474764187e-15
85502,27.0,-73.0,1.6496729273505943e-14
85503,27.0,-72.0,2.8030455183914945e-14
85504,27.0,-71.0,4.7374927765346445e-14
85505,27.0,-70.0,7.96440027710674e-14
85506,27.0,-69.0,1.3318143938903565e-13
85507,27.0,-68.0,2.2152382279798658e-13
85508,27.0,-67.0,3.6650784740522327e-13
85509,27.0,-66.0,6.031595741660799e-13
85510,27.0,-65.0,9.87341249430975e-13
85511,27.0,-64.0,1.6076386715067527e-12
85512,27.0,-63.0,2.6037286095389065e-12
85513,27.0,-62.0,4.194585905184176e-12
85514,27.0,-61.0,6.7215367699848094e-12
85515,27.0,-60.0,1.0713569021583302e-11
85516,27.0,-59.0,1.698579477220164e-11
85517,27.0,-58.0,2.6786975510491682e-11
85518,27.0,-57.0,4.201918226123116e-11
85519,27.0,-56.0,6.556281913533584e-11
85520,27.0,-55.0,1.0175452945162516e-10
85521,27.0,-54.0,1.5708546019118575e-10
85522,27.0,-53.0,2.412150131402395e-10
85523,27.0,-52.0,3.6843322561037764e-10
85524,27.0,-51.0,5.597567634201305e-10
85525,27.0,-50.0,8.4591362302193e-10
85526,27.0,-49.0,1.2715656767851282e-09
85527,27.0,-48.0,1.9012432374759335e-09
85528,27.0,-47.0,2.8276306259284245e-09
85529,27.0,-46.0,4.1830569820859415e-09
85530,27.0,-45.0,6.1553250842022406e-09
85531,27.0,-44.0,9.009367851596773e-09
85532,27.0,-43.0,1.3116674978102445e-08
85533,27.0,-42.0,1.8995000515627315e-08
85534,27.0,-41.0,2.736156788999747e-08
85535,27.0,-40.0,3.920385481149403e-08
85536,27.0,-39.0,5.587309020140379e-08
85537,27.0,-38.0,7.920685079956452e-08
85538,27.0,-37.0,1.1168862552444706e-07
85539,27.0,-36.0,1.5665393393172387e-07
85540,27.0,-35.0,2.1855454480588144e-07
85541,27.0,-34.0,3.032945318537186e-07
85542,27.0,-33.0,4.1865429676383115e-07
85543,27.0,-32.0,5.748212323091343e-07
85544,27.0,-31.0,7.850483060200094e-07
85545,27.0,-30.0,1.066464397942327e-06
85546,27.0,-29.0,1.4410625613758381e-06
85547,27.0,-28.0,1.9368942832548575e-06
85548,27.0,-27.0,2.5894990406758834e-06
85549,27.0,-26.0,3.4435991536795374e-06
85550,27.0,-25.0,4.5566539539605846e-06
85551,27.0,-24.0,6.838541301272127e-06
85552,27.0,-23.0,8.334042515665202e-05
85553,27.0,-22.0,0.0011283833038599634
85554,27.0,-21.0,0.002759294181512277
85555,27.0,-20.0,0.0011362950207293972
85556,27.0,-19.0,0.0001883921468951886
85557,27.0,-18.0,0.0013774643856940202
85558,27.0,-17.0,0.003349051714809737
85559,27.0,-16.0,0.0014987695197914194
85560,27.0,-15.0,0.001706546819071649
85561,27.0,-14.0,0.003901374533324283
85562,27.0,-13.0,0.0016479162878474442
85563,27.0,-12.0,0.00034061931942497205
85564,27.0,-11.0,0.0020385993309085327
85565,27.0,-10.0,0.004844924742566197
85566,27.0,-9.0,0.0022524368230877876
85567,27.0,-8.0,0.0025937406028898424
85568,27.0,-7.0,0.005762907570448481
85569,27.0,-6.0,0.00257196378668184
85570,27.0,-5.0,0.0007396930735038165
85571,27.0,-4.0,0.0032525634369256367
85572,27.0,-3.0,0.007381192029699591
85573,27.0,-2.0,0.0034357083136179454
85574,27.0,-1.0,0.000951638822303674
85575,27.0,0.0,0.0006306553226437933
85576,27.0,1.0,0.0012751908885538445
85577,27.0,2.0,0.00507045277775329
85578,27.0,3.0,0.010927409142292807
85579,27.0,4.0,0.00541176453769508
85580,27.0,5.0,0.002289983706563282
85581,27.0,6.0,0.006924472496588942
85582,27.0,7.0,0.014468006999909659
85583,27.0,8.0,0.007786337351113505
85584,27.0,9.0,0.009078853443849197
85585,27.0,10.0,0.017958429183924717
85586,27.0,11.0,0.009258264414808651
85587,27.0,12.0,0.004334606097887075
85588,27.0,13.0,0.011890016424934605
85589,27.0,14.0,0.024179834262793076
85590,27.0,15.0,0.013136454426242089
85591,27.0,16.0,0.015530099280139383
85592,27.0,17.0,0.03057538811397289
85593,27.0,18.0,0.015483107046677519
85594,27.0,19.0,0.006911895745268377
85595,27.0,20.0,0.0207596900194395
85596,27.0,21.0,0.04334658259486987
85597,27.0,22.0,0.02259209077483233
85598,27.0,23.0,0.02890843024103063
85599,27.0,24.0,0.06002512995638129
85600,27.0,25.0,0.028083852485957093
85601,27.0,26.0,0.009667237832898383
85602,27.0,27.0,0.03705649050196764
85603,27.0,28.0,0.08238136019586348
85604,27.0,29.0,0.038458317481559076
85605,27.0,30.0,0.027608033587596396
85606,27.0,31.0,0.053786358435684266
85607,27.0,32.0,0.025270836113669894
85608,27.0,33.0,0.007786955112998155
85609,27.0,34.0,0.018160902399065575
85610,27.0,35.0,0.03646583203681205
85611,27.0,36.0,0.01836309629931873
85612,27.0,37.0,0.015365835582257046
85613,27.0,38.0,0.028493502866865434
85614,27.0,39.0,0.014504266966193138
85615,27.0,40.0,0.012314983197746968
85616,27.0,41.0,0.022623546216199098
85617,27.0,42.0,0.011113689408646833
85618,27.0,43.0,0.0040359877321529455
85619,27.0,44.0,0.008666136181101078
85620,27.0,45.0,0.01684895619764447
85621,27.0,46.0,0.008161054835563666
85622,27.0,47.0,0.002519829314029653
85623,27.0,48.0,0.0019124069762803027
85624,27.0,49.0,0.0017015195467756708
85625,27.0,50.0,0.001509288577510204
85626,27.0,51.0,0.0013316719091342178
85627,27.0,52.0,0.0011710652716961356
85628,27.0,53.0,0.0012309281237338817
85629,27.0,54.0,0.004006345632664188
85630,27.0,55.0,0.008428311990248212
85631,27.0,56.0,0.0037778117289786824
85632,27.0,57.0,0.0007724436259220589
85633,27.0,58.0,0.0004798567557465605
85634,27.0,59.0,0.0004037277511687127
85635,27.0,60.0,0.00033953331056504736
85636,27.0,61.0,0.0002840318141949298
85637,27.0,62.0,0.00023634025337421669
85638,27.0,63.0,0.00019561155852349383
85639,27.0,64.0,0.00016104136289448576
85640,27.0,65.0,0.00013187621347338508
85641,27.0,66.0,0.00010741912437485526
85642,27.0,67.0,8.703277969662991e-05
85643,27.0,68.0,7.014071820415758e-05
85644,27.0,69.0,5.622683917573516e-05
85645,27.0,70.0,4.4833561429718365e-05
85646,27.0,71.0,3.555894895842264e-05
85647,27.0,72.0,2.8053089663827734e-05
85648,27.0,73.0,2.2013981208231355e-05
85649,27.0,74.0,1.7183142452388913e-05
85650,27.1,-75.0,5.171111709180027e-15
85651,27.1,-74.0,8.885367540493484e-15
85652,27.1,-73.0,1.5186335203733215e-14
85653,27.1,-72.0,2.5817647920055578e-14
85654,27.1,-71.0,4.3658265106383974e-14
85655,27.1,-70.0,7.343487855279741e-14
85656,27.1,-69.0,1.228639279983631e-13
85657,27.1,-68.0,2.0447137525108597e-13
85658,27.1,-67.0,3.3847511759471166e-13
85659,27.1,-66.0,5.573231525702032e-13
85660,27.1,-65.0,9.127955830333782e-13
85661,27.1,-64.0,1.4870517492785747e-12
85662,27.1,-63.0,2.4097097896341297e-12
85663,27.1,-62.0,3.884092010099705e-12
85664,27.1,-61.0,6.227308543567631e-12
85665,27.1,-60.0,9.931100264010147e-12
85666,27.1,-59.0,1.575362329915546e-11
85667,27.1,-58.0,2.485705388580978e-11
85668,27.1,-57.0,3.90126057330421e-11
85669,27.1,-56.0,6.09040777453541e-11
85670,27.1,-55.0,9.457446456140633e-11
85671,27.1,-54.0,1.460789097215451e-10
85672,27.1,-53.0,2.2443327869194887e-10
85673,27.1,-52.0,3.4298339661528724e-10
85674,27.1,-51.0,5.213688110755291e-10
85675,27.1,-50.0,7.883210186686922e-10
85676,27.1,-49.0,1.1856247938967647e-09
85677,27.1,-48.0,1.7736893064113525e-09
85678,27.1,-47.0,2.6393314407985164e-09
85679,27.1,-46.0,3.906577317480205e-09
85680,27.1,-45.0,5.751551686178208e-09
85681,27.1,-44.0,8.422863075782206e-09
85682,27.1,-43.0,1.226932207645438e-08
85683,27.1,-42.0,1.7777369857505467e-08
85684,27.1,-41.0,2.562126488020496e-08
85685,27.1,-40.0,3.672990001382154e-08
85686,27.1,-39.0,5.2375122612902615e-08
85687,27.1,-38.0,7.428762831816991e-08
85688,27.1,-37.0,1.0480791425165002e-07
85689,27.1,-36.0,1.4708142223620958e-07
85690,27.1,-35.0,2.0530888221591087e-07
85691,27.1,-34.0,2.850649718520208e-07
85692,27.1,-33.0,3.937007143286491e-07
85693,27.1,-32.0,5.4084749365011e-07
85694,27.1,-31.0,7.390430971252159e-07
85695,27.1,-30.0,1.004502685323126e-06
85696,27.1,-29.0,1.3580598868869142e-06
85697,27.1,-28.0,1.8263051200499882e-06
85698,27.1,-27.0,2.4429495067179677e-06
85699,27.1,-26.0,3.2504435379456086e-06
85700,27.1,-25.0,4.3033914333185825e-06
85701,27.1,-24.0,6.4800895616056164e-06
85702,27.1,-23.0,8.03838330465061e-05
85703,27.1,-22.0,0.0010903817763285976
85704,27.1,-21.0,0.0026666137950620214
85705,27.1,-20.0,0.0010979034817876943
85706,27.1,-19.0,0.00018165168832961554
85707,27.1,-18.0,0.0013305984172123034
85708,27.1,-17.0,0.0032357139936070763
85709,27.1,-16.0,0.0014475412204220865
85710,27.1,-15.0,0.0016479631206592939
85711,27.1,-14.0,0.003768414051867421
85712,27.1,-13.0,0.0015908673965390108
85713,27.1,-12.0,0.00032745746643381493
85714,27.1,-11.0,0.0019673883984365334
85715,27.1,-10.0,0.004677941336042225
85716,27.1,-9.0,0.0021731839735573237
85717,27.1,-8.0,0.002502085977562678
85718,27.1,-7.0,0.005562397119981738
85719,27.1,-6.0,0.0024800167645887554
85720,27.1,-5.0,0.0007097947172784244
85721,27.1,-4.0,0.0031354184274829462
85722,27.1,-3.0,0.007121041008947015
85723,27.1,-2.0,0.003310944811194882
85724,27.1,-1.0,0.0009119059860607773
85725,27.1,0.0,0.0006123471406872126
85726,27.1,1.0,0.0012230904745919255
85727,27.1,2.0,0.00488538742683929
85728,27.1,3.0,0.010537485321750938
85729,27.1,4.0,0.0052139498479114935
85730,27.1,5.0,0.0022006903002637765
85731,27.1,6.0,0.0066712276153785485
85732,27.1,7.0,0.013948277576505444
85733,27.1,8.0,0.007502825128789275
85734,27.1,9.0,0.008747736560361602
85735,27.1,10.0,0.01731047064954467
85736,27.1,11.0,0.008922442654721306
85737,27.1,12.0,0.004175738564077458
85738,27.1,13.0,0.011456787204756
85739,27.1,14.0,0.023299971973866882
85740,27.1,15.0,0.012661548705661598
85741,27.1,16.0,0.014962399729389423
85742,27.1,17.0,0.02944874673903129
85743,27.1,18.0,0.014923056491517438
85744,27.1,19.0,0.006673356737172717
85745,27.1,20.0,0.019981432518278233
85746,27.1,21.0,0.04168758055825277
85747,27.1,22.0,0.02174556271585327
85748,27.1,23.0,0.027753786492103662
85749,27.1,24.0,0.057554444499124585
85750,27.1,25.0,0.0269700357254725
85751,27.1,26.0,0.009408247977686562
85752,27.1,27.0,0.036480437286973845
85753,27.1,28.0,0.08630323055122967
85754,27.1,29.0,0.04020753060789238
85755,27.1,30.0,0.02864743402737868
85756,27.1,31.0,0.05583981646403079
85757,27.1,32.0,0.02620661142139113
85758,27.1,33.0,0.008036843505081341
85759,27.1,34.0,0.01878658441612062
85760,27.1,35.0,0.0377584405915882
85761,27.1,36.0,0.01900336860483103
85762,27.1,37.0,0.01589071609459299
85763,27.1,38.0,0.02948070988470641
85764,27.1,39.0,0.01500378877537928
85765,27.1,40.0,0.01273481653872058
85766,27.1,41.0,0.02339820573702739
85767,27.1,42.0,0.01149593992350976
85768,27.1,43.0,0.004177088465103196
85769,27.1,44.0,0.008963148723347424
85770,27.1,45.0,0.01742105782387481
85771,27.1,46.0,0.00844259653355724
85772,27.1,47.0,0.0026126939570437777
85773,27.1,48.0,0.0019850986818257537
85774,27.1,49.0,0.001767154114116336
85775,27.1,50.0,0.001568343427258691
85776,27.1,51.0,0.0013845144755551236
85777,27.1,52.0,0.0012181651061601542
85778,27.1,53.0,0.001279365054939169
85779,27.1,54.0,0.0041440043109206865
85780,27.1,55.0,0.008708483925159318
85781,27.1,56.0,0.003906751607221375
85782,27.1,57.0,0.000803426395332563
85783,27.1,58.0,0.0005007358901380978
85784,27.1,59.0,0.0004215411110666093
85785,27.1,60.0,0.0003547032464500051
85786,27.1,61.0,0.00029688014431574026
85787,27.1,62.0,0.00024716288207254905
85788,27.1,63.0,0.00020467813754443737
85789,27.1,64.0,0.00016859541890962084
85790,27.1,65.0,0.00013813578197674936
85791,27.1,66.0,0.00011257779000104734
85792,27.1,67.0,9.126102760161887e-05
85793,27.1,68.0,7.358750832254137e-05
85794,27.1,69.0,5.902132415446727e-05
85795,27.1,70.0,4.70868791590834e-05
85796,27.1,71.0,3.736603126942099e-05
85797,27.1,72.0,2.9494439418830267e-05
85798,27.1,73.0,2.3157380257934195e-05
85799,27.1,74.0,1.8085262445336554e-05
85800,27.2,-75.0,4.928775012910635e-15
85801,27.2,-74.0,8.473481011260513e-15
85802,27.2,-73.0,1.4490081712197053e-14
85803,27.2,-72.0,2.4647105045208396e-14
85804,27.2,-71.0,4.170106101658982e-14
85805,27.2,-70.0,7.018016768312754e-14
85806,27.2,-69.0,1.174810462520374e-13
85807,27.2,-68.0,1.9561732559069536e-13
85808,27.2,-67.0,3.2399099240816576e-13
85809,27.2,-66.0,5.337583261238154e-13
85810,27.2,-65.0,8.746665070240872e-13
85811,27.2,-64.0,1.4256943820704897e-12
85812,27.2,-63.0,2.3115137828216105e-12
85813,27.2,-62.0,3.7278003426689476e-12
85814,27.2,-61.0,5.9799135837406254e-12
85815,27.2,-60.0,9.541645552563182e-12
85816,27.2,-59.0,1.5143900890695522e-11
85817,27.2,-58.0,2.3907730156416903e-11
85818,27.2,-57.0,3.75426599309944e-11
85819,27.2,-56.0,5.864052383979754e-11
85820,27.2,-55.0,9.1108049796406e-11
85821,27.2,-54.0,1.4079971227852524e-10
85822,27.2,-53.0,2.164376908241529e-10
85823,27.2,-52.0,3.30940656371371e-10
85824,27.2,-51.0,5.033307502704822e-10
85825,27.2,-50.0,7.614526659859839e-10
85826,27.2,-49.0,1.1458254584188308e-09
85827,27.2,-48.0,1.715063211970883e-09
85828,27.2,-47.0,2.5534532100131407e-09
85829,27.2,-46.0,3.781479810761856e-09
85830,27.2,-45.0,5.570340943380335e-09
85831,27.2,-44.0,8.16183630925356e-09
85832,27.2,-43.0,1.1895428624927188e-08
85833,27.2,-42.0,1.7244810439164576e-08
85834,27.2,-41.0,2.4866970049172404e-08
85835,27.2,-40.0,3.566756313655912e-08
85836,27.2,-39.0,5.088738480580665e-08
85837,27.2,-38.0,7.221592180564239e-08
85838,27.2,-37.0,1.0193936621607493e-07
85839,27.2,-36.0,1.431321039159233e-07
85840,27.2,-35.0,1.9990255933025288e-07
85841,27.2,-34.0,2.7770637540634023e-07
85842,27.2,-33.0,3.837422103349796e-07
85843,27.2,-32.0,5.274478934161184e-07
85844,27.2,-31.0,7.211172263240194e-07
85845,27.2,-30.0,9.806602329267198e-07
85846,27.2,-29.0,1.3265320004346007e-06
85847,27.2,-28.0,1.7848572213105852e-06
85848,27.2,-27.0,2.3887788946503745e-06
85849,27.2,-26.0,3.1800605508660023e-06
85850,27.2,-25.0,4.212486054084958e-06
85851,27.2,-24.0,6.364860599894579e-06
85852,27.2,-23.0,8.036828591460716e-05
85853,27.2,-22.0,0.0010921683998335455
85854,27.2,-21.0,0.0026712255564186756
85855,27.2,-20.0,0.0010995805450836659
85856,27.2,-19.0,0.0001815591843023117
85857,27.2,-18.0,0.0013323061837457425
85858,27.2,-17.0,0.0032404661978071227
85859,27.2,-16.0,0.0014491661692628143
85860,27.2,-15.0,0.0016495600198610382
85861,27.2,-14.0,0.003773022032792177
85862,27.2,-13.0,0.0015919350134055439
85863,27.2,-12.0,0.0003263203493694209
85864,27.2,-11.0,0.00196807248454764
85865,27.2,-10.0,0.0046818022701713095
85866,27.2,-9.0,0.0021733688671017573
85867,27.2,-8.0,0.0025019048478785782
85868,27.2,-7.0,0.005565103543739029
85869,27.2,-6.0,0.0024787767224519835
85870,27.2,-5.0,0.0007059985290552261
85871,27.2,-4.0,0.0031329785783053474
85872,27.2,-3.0,0.007121169302357654
85873,27.2,-2.0,0.0033073393387103777
85874,27.2,-1.0,0.0009057380401143219
85875,27.2,0.0,0.0006162957607748888
85876,27.2,1.0,0.0012159475110889429
85877,27.2,2.0,0.004879095492177273
85878,27.2,3.0,0.010532846968719346
85879,27.2,4.0,0.005206919107876223
85880,27.2,5.0,0.002192088963451503
85881,27.2,6.0,0.0066620882861025054
85882,27.2,7.0,0.013938649116921878
85883,27.2,8.0,0.007493773410492644
85884,27.2,9.0,0.00873665738636564
85885,27.2,10.0,0.017295686327380107
85886,27.2,11.0,0.008912940672132
85887,27.2,12.0,0.0041695281371295035
85888,27.2,13.0,0.011442715641316813
85889,27.2,14.0,0.023272775161175697
85890,27.2,15.0,0.012649733475565916
85891,27.2,16.0,0.014942333509605306
85892,27.2,17.0,0.02940064954622058
85893,27.2,18.0,0.014908955020340155
85894,27.2,19.0,0.00667833895264572
85895,27.2,20.0,0.01993599363236422
85896,27.2,21.0,0.04155944868034647
85897,27.2,22.0,0.02169679479126236
85898,27.2,23.0,0.027622913535512855
85899,27.2,24.0,0.05721140034371012
85900,27.2,25.0,0.026850933058953926
85901,27.2,26.0,0.009494022837031607
85902,27.2,27.0,0.037427713077238044
85903,27.2,28.0,0.08711855519208536
85904,27.2,29.0,0.040501588902364584
85905,27.2,30.0,0.028621309867709832
85906,27.2,31.0,0.05581362135136361
85907,27.2,32.0,0.02616495013372661
85908,27.2,33.0,0.007985043303953008
85909,27.2,34.0,0.01870861594525738
85910,27.2,35.0,0.03763835125247942
85911,27.2,36.0,0.018932084489375656
85912,27.2,37.0,0.01582001375774452
85913,27.2,38.0,0.02936368871861376
85914,27.2,39.0,0.014941069645534032
85915,27.2,40.0,0.012677206092389722
85916,27.2,41.0,0.02329599586425761
85917,27.2,42.0,0.0114472961035115
85918,27.2,43.0,0.004161542292148229
85919,27.2,44.0,0.008924125186635063
85920,27.2,45.0,0.01734008326491512
85921,27.2,46.0,0.008407704167034657
85922,27.2,47.0,0.002607720106213609
85923,27.2,48.0,0.0019835062272626
85924,27.2,49.0,0.0017666947124275396
85925,27.2,50.0,0.0015687713540677435
85926,27.2,51.0,0.0013856302707377758
85927,27.2,52.0,0.0012197783209108263
85928,27.2,53.0,0.001280013102001556
85929,27.2,54.0,0.00412636750074761
85930,27.2,55.0,0.008662063556076644
85931,27.2,56.0,0.0038892761212986947
85932,27.2,57.0,0.0008044353913683221
85933,27.2,58.0,0.0005029858868059029
85934,27.2,59.0,0.0004236828348585241
85935,27.2,60.0,0.0003566954242435241
85936,27.2,61.0,0.00029870666734989505
85937,27.2,62.0,0.0002488160572714481
85938,27.2,63.0,0.00020615695883424346
85939,27.2,64.0,0.00016990403836911988
85940,27.2,65.0,0.00013928216587758355
85941,27.2,66.0,0.0001135725636424524
85942,27.2,67.0,9.211650545636972e-05
85943,27.2,68.0,7.431690020238771e-05
85944,27.2,69.0,5.9638103828999286e-05
85945,27.2,70.0,4.760429900345468e-05
85946,27.2,71.0,3.779676491018621e-05
85947,27.2,72.0,2.9850333802371083e-05
85948,27.2,73.0,2.344929887990811e-05
85949,27.2,74.0,1.8323002451157787e-05
85950,27.3,-75.0,4.6966367631032916e-15
85951,27.3,-74.0,8.078695310957688e-15
85952,27.3,-73.0,1.3822340659586679e-14
85953,27.3,-72.0,2.352383166443549e-14
85954,27.3,-71.0,3.982177747632603e-14
85955,27.3,-70.0,6.705317194794072e-14
85956,27.3,-69.0,1.123063002180419e-13
85957,27.3,-68.0,1.871005314095479e-13
85958,27.3,-67.0,3.10050209605779e-13
85959,27.3,-66.0,5.110638297188166e-13
85960,27.3,-65.0,8.379234956888624e-13
85961,27.3,-64.0,1.3665316638912679e-12
85962,27.3,-63.0,2.2167725627477615e-12
85963,27.3,-62.0,3.5769155221924427e-12
85964,27.3,-61.0,5.740931125890523e-12
85965,27.3,-60.0,9.165203188157579e-12
85966,27.3,-59.0,1.4554187509409998e-11
85967,27.3,-58.0,2.2988992667542605e-11
85968,27.3,-57.0,3.6119191896088724e-11
85969,27.3,-56.0,5.644717556667609e-11
85970,27.3,-55.0,8.774704796835165e-11
85971,27.3,-54.0,1.3567783991690977e-10
85972,27.3,-53.0,2.0867548636739668e-10
85973,27.3,-52.0,3.1924202413264204e-10
85974,27.3,-51.0,4.857969511580502e-10
85975,27.3,-50.0,7.353187187972311e-10
85976,27.3,-49.0,1.1070890794053283e-09
85977,27.3,-48.0,1.6579659993829681e-09
85978,27.3,-47.0,2.4697601668075168e-09
85979,27.3,-46.0,3.6594856865356387e-09
85980,27.3,-45.0,5.393509320380596e-09
85981,27.3,-44.0,7.906948772092067e-09
85982,27.3,-43.0,1.1530085526555666e-08
85983,27.3,-42.0,1.6724080393632487e-08
85984,27.3,-41.0,2.412893098088878e-08
85985,27.3,-40.0,3.4627412159444736e-08
85986,27.3,-39.0,4.9429716196889376e-08
85987,27.3,-38.0,7.018468097370105e-08
85988,27.3,-37.0,9.912488244096876e-08
85989,27.3,-36.0,1.3925448609365466e-07
85990,27.3,-35.0,1.945906084076222e-07
85991,27.3,-34.0,2.7047102745122613e-07
85992,27.3,-33.0,3.7394337990804526e-07
85993,27.3,-32.0,5.142534449789886e-07
85994,27.3,-31.0,7.034526714037034e-07
85995,27.3,-30.0,9.571476452866568e-07
85996,27.3,-29.0,1.2954165765780577e-06
85997,27.3,-28.0,1.7439199087879521e-06
85998,27.3,-27.0,2.335233588853453e-06
85999,27.3,-26.0,3.1104345491494363e-06
86000,27.3,-25.0,4.122485266616617e-06
86001,27.3,-24.0,6.25054561835846e-06
86002,27.3,-23.0,8.034034536310817e-05
86003,27.3,-22.0,0.0010937545585484301
86004,27.3,-21.0,0.0026753431459678447
86005,27.3,-20.0,0.0011010572699766503
86006,27.3,-19.0,0.00018143840196865676
86007,27.3,-18.0,0.0013337721721569207
86008,27.3,-17.0,0.003244622116656694
86009,27.3,-16.0,0.001450530089658793
86010,27.3,-15.0,0.001650860055714385
86011,27.3,-14.0,0.003776939160580025
86012,27.3,-13.0,0.0015927197287110783
86013,27.3,-12.0,0.00032513771588732915
86014,27.3,-11.0,0.001968407417359095
86015,27.3,-10.0,0.004684811219957387
86016,27.3,-9.0,0.002173169706343033
86017,27.3,-8.0,0.0025012805529326197
86018,27.3,-7.0,0.005566799847748576
86019,27.3,-6.0,0.0024770994298230478
86020,27.3,-5.0,0.00070209369064459
86021,27.3,-4.0,0.0031299814155528096
86022,27.3,-3.0,0.007120002954256456
86023,27.3,-2.0,0.0033031399981291116
86024,27.3,-1.0,0.0008994149676242574
86025,27.3,0.0,0.0006201499461422655
86026,27.3,1.0,0.0012085767704378512
86027,27.3,2.0,0.004871895026803694
86028,27.3,3.0,0.01052625270033723
86029,27.3,4.0,0.005198895619412039
86030,27.3,5.0,0.0021830335280999184
86031,27.3,6.0,0.006651671685359432
86032,27.3,7.0,0.013926411325901795
86033,27.3,8.0,0.007483256603677768
86034,27.3,9.0,0.008723886949711287
86035,27.3,10.0,0.01727767434674524
86036,27.3,11.0,0.008901670462136886
86037,27.3,12.0,0.004162369604318651
86038,27.3,13.0,0.011426450411599905
86039,27.3,14.0,0.023241370380815356
86040,27.3,15.0,0.012635483885591174
86041,27.3,16.0,0.0149195504639525
86042,27.3,17.0,0.02934757864765589
86043,27.3,18.0,0.014892113646546943
86044,27.3,19.0,0.006681891837418864
86045,27.3,20.0,0.019887681940007323
86046,27.3,21.0,0.041426058719461534
86047,27.3,22.0,0.02164514352122571
86048,27.3,23.0,0.027491180766567376
86049,27.3,24.0,0.05686842257591998
86050,27.3,25.0,0.02673113711171999
86051,27.3,26.0,0.009582533050318776
86052,27.3,27.0,0.0384326012904848
86053,27.3,28.0,0.08800977704731502
86054,27.3,29.0,0.0408252212161591
86055,27.3,30.0,0.028591234925031222
86056,27.3,31.0,0.05577504177079439
86057,27.3,32.0,0.026117146832804042
86058,27.3,33.0,0.007930868726736932
86059,27.3,34.0,0.018625003609442997
86060,27.3,35.0,0.03750707347476634
86061,27.3,36.0,0.018855013561383707
86062,27.3,37.0,0.015744308186206764
86063,27.3,38.0,0.029237556725931164
86064,27.3,39.0,0.014873570088292149
86065,27.3,40.0,0.012615472285083447
86066,27.3,41.0,0.023186434475257492
86067,27.3,42.0,0.01139490315359221
86068,27.3,43.0,0.0041444679385435
86069,27.3,44.0,0.00888214147740032
86070,27.3,45.0,0.0172536114729144
86071,27.3,46.0,0.0083700387191962
86072,27.3,47.0,0.002601749149174936
86073,27.3,48.0,0.0019811244198885275
86074,27.3,49.0,0.0017655304926935773
86075,27.3,50.0,0.0015685731002368652
86076,27.3,51.0,0.0013861934884892364
86077,27.3,52.0,0.001220906475108377
86078,27.3,53.0,0.001280175199014092
86079,27.3,54.0,0.004107414036170819
86080,27.3,55.0,0.008612992048689268
86081,27.3,56.0,0.003870581476796053
86082,27.3,57.0,0.0008051538016298006
86083,27.3,58.0,0.000505044765883717
86084,27.3,59.0,0.00042566548190755866
86085,27.3,60.0,0.00035855562750371575
86086,27.3,61.0,0.00030042447485782064
86087,27.3,62.0,0.00025038031844842423
86088,27.3,63.0,0.00020756358910146422
86089,27.3,64.0,0.0001711544769012904
86090,27.3,65.0,0.0001403820120682315
86091,27.3,66.0,0.00011453039790720392
86092,27.3,67.0,9.294289244027299e-05
86093,27.3,68.0,7.502356644852314e-05
86094,27.3,69.0,6.0237277477133744e-05
86095,27.3,70.0,4.810819601325345e-05
86096,27.3,71.0,3.821720448980822e-05
86097,27.3,72.0,3.019846498661512e-05
86098,27.3,73.0,2.3735420344942283e-05
86099,27.3,74.0,1.8556458477135387e-05
86100,27.4,-75.0,4.474221132736959e-15
86101,27.4,-74.0,7.700219225487026e-15
86102,27.4,-73.0,1.3181803768607379e-14
86103,27.4,-72.0,2.2445676648856103e-14
86104,27.4,-71.0,3.801689730997722e-14
86105,27.4,-70.0,6.404817283523356e-14
86106,27.4,-69.0,1.0733044432023607e-13
86107,27.4,-68.0,1.7890612829556153e-13
86108,27.4,-67.0,2.966290048643809e-13
86109,27.4,-66.0,4.892018827791185e-13
86110,27.4,-65.0,8.025068208972648e-13
86111,27.4,-64.0,1.309469696236499e-12
86112,27.4,-63.0,2.1253393346872534e-12
86113,27.4,-62.0,3.4312093372750015e-12
86114,27.4,-61.0,5.510008358390408e-12
86115,27.4,-60.0,8.801230756299802e-12
86116,27.4,-59.0,1.3983653863684827e-11
86117,27.4,-58.0,2.209958053186599e-11
86118,27.4,-57.0,3.47402950947911e-11
86119,27.4,-56.0,5.432116598517137e-11
86120,27.4,-55.0,8.448717154977514e-11
86121,27.4,-54.0,1.3070691561730568e-10
86122,27.4,-53.0,2.0113723208077483e-10
86123,27.4,-52.0,3.078736212470335e-10
86124,27.4,-51.0,4.687471047263225e-10
86125,27.4,-50.0,7.098896174957005e-10
86126,27.4,-49.0,1.0693728620178775e-09
86127,27.4,-48.0,1.6023360399565656e-09
86128,27.4,-47.0,2.388164025408388e-09
86129,27.4,-46.0,3.5404691294292825e-09
86130,27.4,-45.0,5.220878442794065e-09
86131,27.4,-44.0,7.65794886503941e-09
86132,27.4,-43.0,1.117293968896714e-08
86133,27.4,-42.0,1.621468666606882e-08
86134,27.4,-41.0,2.3406462569595742e-08
86135,27.4,-40.0,3.3608499744636315e-08
86136,27.4,-39.0,4.8000813114677326e-08
86137,27.4,-38.0,6.819212023839568e-08
86138,27.4,-37.0,9.636202861768452e-08
86139,27.4,-36.0,1.35445265148906e-07
86140,27.4,-35.0,1.8936856609773486e-07
86141,27.4,-34.0,2.633529241851464e-07
86142,27.4,-33.0,3.6429618176703234e-07
86143,27.4,-32.0,5.012534233424907e-07
86144,27.4,-31.0,6.860351867345959e-07
86145,27.4,-30.0,9.339460764557207e-07
86146,27.4,-29.0,1.264688781438371e-06
86147,27.4,-28.0,1.7034605839090808e-06
86148,27.4,-27.0,2.282270959317368e-06
86149,27.4,-26.0,3.041509989937683e-06
86150,27.4,-25.0,4.033316927702244e-06
86151,27.4,-24.0,6.13703089269575e-06
86152,27.4,-23.0,8.029806445823582e-05
86153,27.4,-22.0,0.0010951130431575966
86154,27.4,-21.0,0.0026788999237149533
86155,27.4,-20.0,0.001102306323621278
86156,27.4,-19.0,0.00018128499975903753
86157,27.4,-18.0,0.0013349634604270825
86158,27.4,-17.0,0.003248101404065982
86159,27.4,-16.0,0.0014515973097307757
86160,27.4,-15.0,0.0016518227847736257
86161,27.4,-14.0,0.003780072448786872
86162,27.4,-13.0,0.001593182802001009
86163,27.4,-12.0,0.0003239024013846874
86164,27.4,-11.0,0.001968345726036134
86165,27.4,-10.0,0.0046868539848275315
86166,27.4,-9.0,0.0021725344707073557
86167,27.4,-8.0,0.0025001534794650182
86168,27.4,-7.0,0.005567351532596975
86169,27.4,-6.0,0.0024749265781095413
86170,27.4,-5.0,0.0006980658692294871
86171,27.4,-4.0,0.0031263538667524182
86172,27.4,-3.0,0.007117372122508778
86173,27.4,-2.0,0.003298270465500351
86174,27.4,-1.0,0.0008929195107079832
86175,27.4,0.0,0.0006238926531548473
86176,27.4,1.0,0.0012009544597719282
86177,27.4,2.0,0.004863674254567076
86178,27.4,3.0,0.01051745466201189
86179,27.4,4.0,0.0051897604782222525
86180,27.4,5.0,0.002173478245661349
86181,27.4,6.0,0.006639825410369906
86182,27.4,7.0,0.01391123787271711
86183,27.4,8.0,0.007471102431995136
86184,27.4,9.0,0.008709224121222691
86185,27.4,10.0,0.01725603026926254
86186,27.4,11.0,0.008888425594091373
86187,27.4,12.0,0.004154168219813078
86188,27.4,13.0,0.011407725431099778
86189,27.4,14.0,0.023205213201528137
86190,27.4,15.0,0.012618502622090156
86191,27.4,16.0,0.01489369940220239
86192,27.4,17.0,0.029288844935656665
86193,27.4,18.0,0.014872177588145656
86194,27.4,19.0,0.006683848824836501
86195,27.4,20.0,0.019836013223051622
86196,27.4,21.0,0.041286410297124466
86197,27.4,22.0,0.0215900681214962
86198,27.4,23.0,0.027357773108637767
86199,27.4,24.0,0.05652378655736196
86200,27.4,25.0,0.026609854814734567
86201,27.4,26.0,0.009674314291702398
86202,27.4,27.0,0.03950598987148114
86203,27.4,28.0,0.08899349079779482
86204,27.4,29.0,0.04118489321223189
86205,27.4,30.0,0.028556029567062897
86206,27.4,31.0,0.055720544295955764
86207,27.4,32.0,0.02606156281061434
86208,27.4,33.0,0.007873844352514592
86209,27.4,34.0,0.01853456586212809
86210,27.4,35.0,0.03736218518602772
86211,27.4,36.0,0.018770950974482118
86212,27.4,37.0,0.0156626015289744
86213,27.4,38.0,0.02910044053446059
86214,27.4,39.0,0.01480034215403991
86215,27.4,40.0,0.012548814948245878
86216,27.4,41.0,0.02306804293357824
86217,27.4,42.0,0.011338034028679073
86218,27.4,43.0,0.00412560012605752
86219,27.4,44.0,0.008836631378113698
86220,27.4,45.0,0.01716054543029227
86221,27.4,46.0,0.00832906389883675
86222,27.4,47.0,0.002594608790747268
86223,27.4,48.0,0.001977819676533647
86224,27.4,49.0,0.0017635412024118364
86225,27.4,50.0,0.001567640770036983
86226,27.4,51.0,0.0013861078432390742
86227,27.4,52.0,0.0012214639610498483
86228,27.4,53.0,0.001279762569597475
86229,27.4,54.0,0.004086880122938792
86230,27.4,55.0,0.008560726396362444
86231,27.4,56.0,0.0038504198926442475
86232,27.4,57.0,0.0008055249198750658
86233,27.4,58.0,0.0005068751308066296
86234,27.4,59.0,0.00042745723622108903
86235,27.4,60.0,0.0003602568293294896
86236,27.4,61.0,0.00030201073430416366
86237,27.4,62.0,0.00025183648280108234
86238,27.4,63.0,0.0002088820008092914
86239,27.4,64.0,0.00017233341723626704
86240,27.4,65.0,0.00014142431645570864
86241,27.4,66.0,0.00011544225045295286
86242,27.4,67.0,9.373279943965857e-05
86243,27.4,68.0,7.57015024404082e-05
86244,27.4,69.0,6.081399268592964e-05
86245,27.4,70.0,4.859467071405473e-05
86246,27.4,71.0,3.8624233790998274e-05
86247,27.4,72.0,3.053635657653091e-05
86248,27.4,73.0,2.401378770247856e-05
86249,27.4,74.0,1.8784092706062565e-05
86250,27.5,-75.0,4.261037577580677e-15
86251,27.5,-74.0,7.337234482599332e-15
86252,27.5,-73.0,1.2567113579216787e-14
86253,27.5,-72.0,2.141040041077584e-14
86254,27.5,-71.0,3.6282745805123805e-14
86255,27.5,-70.0,6.115917387471231e-14
86256,27.5,-69.0,1.0254374687104049e-13
86257,27.5,-68.0,1.7101840885202286e-13
86258,27.5,-67.0,2.8370216384082487e-13
86259,27.5,-66.0,4.681322300388586e-13
86260,27.5,-65.0,7.683525630627232e-13
86261,27.5,-64.0,1.25440753371244e-12
86262,27.5,-63.0,2.0370555414656606e-12
86263,27.5,-62.0,3.2904340809663573e-12
86264,27.5,-61.0,5.286760379397381e-12
86265,27.5,-60.0,8.449133378228363e-12
86266,27.5,-59.0,1.3431385458409539e-11
86267,27.5,-58.0,2.1238095395246395e-11
86268,27.5,-57.0,3.34038426377548e-11
86269,27.5,-56.0,5.225927718202954e-11
86270,27.5,-55.0,8.132357752377542e-11
86271,27.5,-54.0,1.258796886601154e-10
86272,27.5,-53.0,1.9381212900888264e-10
86273,27.5,-52.0,2.968194473182921e-10
86274,27.5,-51.0,4.5215762565685925e-10
86275,27.5,-50.0,6.851307737776799e-10
86276,27.5,-49.0,1.0326263391232235e-09
86277,27.5,-48.0,1.5481000687780393e-09
86278,27.5,-47.0,2.3085589558877515e-09
86279,27.5,-46.0,3.4242780273129197e-09
86280,27.5,-45.0,5.052230749789498e-09
86281,27.5,-44.0,7.414526932831143e-09
86282,27.5,-43.0,1.0823552503499956e-08
86283,27.5,-42.0,1.57160109587659e-08
86284,27.5,-41.0,2.269869733215848e-08
86285,27.5,-40.0,3.260961448771805e-08
86286,27.5,-39.0,4.6598991706609436e-08
86287,27.5,-38.0,6.623590974908511e-08
86288,27.5,-37.0,9.364759564360012e-08
86289,27.5,-36.0,1.3170004067356058e-07
86290,27.5,-35.0,1.8423042511592894e-07
86291,27.5,-34.0,2.56343900517315e-07
86292,27.5,-33.0,3.5478956590875674e-07
86293,27.5,-32.0,4.884329382365505e-07
86294,27.5,-31.0,6.688447920760298e-07
86295,27.5,-30.0,9.110288286767681e-07
86296,27.5,-29.0,1.2343130894264624e-06
86297,27.5,-28.0,1.6634321689839972e-06
86298,27.5,-27.0,2.2298288748847028e-06
86299,27.5,-26.0,2.973205208337305e-06
86300,27.5,-25.0,3.944874077166797e-06
86301,27.5,-24.0,6.024147811336634e-06
86302,27.5,-23.0,8.023865161309719e-05
86303,27.5,-22.0,0.001096204954722858
86304,27.5,-21.0,0.0026818006336079394
86305,27.5,-20.0,0.0011032886174461905
86306,27.5,-19.0,0.00018109273511136145
86307,27.5,-18.0,0.0013358329223258694
86308,27.5,-17.0,0.003250789101837645
86309,27.5,-16.0,0.0014523167338348427
86310,27.5,-15.0,0.001652390238552598
86311,27.5,-14.0,0.0037822887224154564
86312,27.5,-13.0,0.001593268634150583
86313,27.5,-12.0,0.0003226039380685186
86314,27.5,-11.0,0.001967819177061004
86315,27.5,-10.0,0.0046877667223811925
86316,27.5,-9.0,0.002171388280301398
86317,27.5,-8.0,0.002498437750918653
86318,27.5,-7.0,0.005566565325322557
86319,27.5,-6.0,0.0024721739686743905
86320,27.5,-5.0,0.0006938937673243074
86321,27.5,-4.0,0.0031219902545773504
86322,27.5,-3.0,0.007113032183667132
86323,27.5,-2.0,0.003292620135666818
86324,27.5,-1.0,0.0008862256642311417
86325,27.5,0.0,0.0006274998401691847
86326,27.5,1.0,0.0011930449310780108
86327,27.5,2.0,0.004854271005198354
86328,27.5,3.0,0.010506095075400252
86329,27.5,4.0,0.0051793410778729326
86330,27.5,5.0,0.002163355529373827
86331,27.5,6.0,0.006626328387260353
86332,27.5,7.0,0.013892657455511765
86333,27.5,8.0,0.007457061268442425
86334,27.5,9.0,0.008692377644481702
86335,27.5,10.0,0.01723017014665528
86336,27.5,11.0,0.008872907534565362
86337,27.5,12.0,0.004144786569029414
86338,27.5,13.0,0.01138615653790385
86339,27.5,14.0,0.023163518480995855
86340,27.5,15.0,0.012598361388768865
86341,27.5,16.0,0.014864275058897966
86342,27.5,17.0,0.029223456732740103
86343,27.5,18.0,0.0148486376241099
86344,27.5,19.0,0.006683973084183996
86345,27.5,20.0,0.019780300158586415
86346,27.5,21.0,0.04113908330549325
86347,27.5,22.0,0.021530807348877926
86348,27.5,23.0,0.027221613477702182
86349,27.5,24.0,0.056175237846835126
86350,27.5,25.0,0.0264860412930676
86351,27.5,26.0,0.009770120922402344
86352,27.5,27.0,0.04066311490045764
86353,27.5,28.0,0.09009330052911936
86354,27.5,29.0,0.0415897975079123
86355,27.5,30.0,0.02851399167042126
86356,27.5,31.0,0.05564505008612982
86357,27.5,32.0,0.02599584378950813
86358,27.5,33.0,0.007813290057678573
86359,27.5,34.0,0.018435625396598283
86360,27.5,35.0,0.037200253449592637
86361,27.5,36.0,0.01867818771725552
86362,27.5,37.0,0.015573478980214992
86363,27.5,38.0,0.028949687271750367
86364,27.5,39.0,0.014720042820647749
86365,27.5,40.0,0.01247610046051126
86366,27.5,41.0,0.022938727866234784
86367,27.5,42.0,0.011275659459058646
86368,27.5,43.0,0.004104563441023912
86369,27.5,44.0,0.00878679357395095
86370,27.5,45.0,0.017059332385111453
86371,27.5,46.0,0.008284021207579166
86372,27.5,47.0,0.0025860561422649713
86373,27.5,48.0,0.0019734040296498037
86374,27.5,49.0,0.0017605578116702014
86375,27.5,50.0,0.0015658228566428384
86376,27.5,51.0,0.00138523826363298
86377,27.5,52.0,0.0012213307971388455
86378,27.5,53.0,0.0012786506692180504
86379,27.5,54.0,0.004064392962698346
86380,27.5,55.0,0.008504497792670384
86381,27.5,56.0,0.0038284410840700076
86382,27.5,57.0,0.0008054692980592373
86383,27.5,58.0,0.0005084248130052011
86384,27.5,59.0,0.0004290137440469015
86385,27.5,60.0,0.00036176137308551045
86386,27.5,61.0,0.00030343364879221985
86387,27.5,62.0,0.0002531578477268834
86388,27.5,63.0,0.0002100898918685716
86389,27.5,64.0,0.0001734223343773901
86390,27.5,65.0,0.00014239377560385717
86391,27.5,66.0,0.00011629554837433822
86392,27.5,67.0,9.447595348728365e-05
86393,27.5,68.0,7.634236046594019e-05
86394,27.5,69.0,6.136150342802657e-05
86395,27.5,70.0,4.905830140419424e-05
86396,27.5,71.0,3.901351942302625e-05
86397,27.5,72.0,3.08605641001529e-05
86398,27.5,73.0,2.4281678138976316e-05
86399,27.5,74.0,1.9003764656453144e-05
86400,27.6,-75.0,4.056559402501739e-15
86401,27.6,-74.0,6.988858754948954e-15
86402,27.6,-73.0,1.197679991970296e-14
86403,27.6,-72.0,2.0415566383212595e-14
86404,27.6,-71.0,3.46153063026086e-14
86405,27.6,-70.0,5.83795889015486e-14
86406,27.6,-69.0,9.793546584534389e-14
86407,27.6,-68.0,1.6341994574453127e-13
86408,27.6,-67.0,2.712415628251863e-13
86409,27.6,-66.0,4.478097257295135e-13
86410,27.6,-65.0,7.353886329217181e-13
86411,27.6,-64.0,1.201230667248934e-12
86412,27.6,-63.0,1.9517402441678545e-12
86413,27.6,-62.0,3.154305337098197e-12
86414,27.6,-61.0,5.070742440321336e-12
86415,27.6,-60.0,8.10821918942216e-12
86416,27.6,-59.0,1.2896311557852741e-11
86417,27.6,-58.0,2.0402888688227177e-11
86418,27.6,-57.0,3.210730926978133e-11
86419,27.6,-56.0,5.02576607049749e-11
86420,27.6,-55.0,7.825043063513395e-11
86421,27.6,-54.0,1.2118735591766551e-10
86422,27.6,-53.0,1.866869633323961e-10
86423,27.6,-52.0,2.8605976698424264e-10
86424,27.6,-51.0,4.3599918485419125e-10
86425,27.6,-50.0,6.609988165063234e-10
86426,27.6,-49.0,9.967856897379368e-10
86427,27.6,-48.0,1.4951646316279646e-09
86428,27.6,-47.0,2.230808776334964e-09
86429,27.6,-46.0,3.310714893654625e-09
86430,27.6,-45.0,4.887281227741934e-09
86431,27.6,-44.0,7.176273605131276e-09
86432,27.6,-43.0,1.0481338773010273e-08
86433,27.6,-42.0,1.5227220673551923e-08
86434,27.6,-41.0,2.200445622926879e-08
86435,27.6,-40.0,3.162909453582182e-08
86436,27.6,-39.0,4.522192044892993e-08
86437,27.6,-38.0,6.431279352962678e-08
86438,27.6,-37.0,9.097705738601632e-08
86439,27.6,-36.0,1.2801254958596866e-07
86440,27.6,-35.0,1.7916755820091462e-07
86441,27.6,-34.0,2.494321262896274e-07
86442,27.6,-33.0,3.4540738321942595e-07
86443,27.6,-32.0,4.757700437129408e-07
86444,27.6,-31.0,6.51851797198872e-07
86445,27.6,-30.0,8.883559137968073e-07
86446,27.6,-29.0,1.2042358823995924e-06
86447,27.6,-28.0,1.6237630896015658e-06
86448,27.6,-27.0,2.177812215678444e-06
86449,27.6,-26.0,2.90539435437585e-06
86450,27.6,-25.0,3.856990864391409e-06
86451,27.6,-24.0,5.911634906934845e-06
86452,27.6,-23.0,8.015788504308657e-05
86453,27.6,-22.0,0.001096971599599321
86454,27.6,-21.0,0.0026839015622136743
86455,27.6,-20.0,0.0011039451562674762
86456,27.6,-19.0,0.00018085214645082378
86457,27.6,-18.0,0.0013363093773876467
86458,27.6,-17.0,0.0032525116373398762
86459,27.6,-16.0,0.001452611146563032
86460,27.6,-15.0,0.0016524747689502567
86461,27.6,-14.0,0.0037833867447101192
86462,27.6,-13.0,0.0015928930741965744
86463,27.6,-12.0,0.00032122626245937696
86464,27.6,-11.0,0.0019667243697605364
86465,27.6,-10.0,0.004687301510358277
86466,27.6,-9.0,0.00216961753451085
86467,27.6,-8.0,0.002496003000995347
86468,27.6,-7.0,0.005564148396211074
86469,27.6,-6.0,0.002468713540242884
86470,27.6,-5.0,0.0006895442762976912
86471,27.6,-4.0,0.003116729654313876
86472,27.6,-3.0,0.007106611819086764
86473,27.6,-2.0,0.0032860203060363522
86474,27.6,-1.0,0.0008792925713505352
86475,27.6,0.0,0.000630935643620108
86476,27.6,1.0,0.001184792403038006
86477,27.6,2.0,0.004843437675467766
86478,27.6,3.0,0.010491629867502881
86479,27.6,4.0,0.00516737375404482
86480,27.6,5.0,0.002152560704699846
86481,27.6,6.0,0.006610843091978132
86482,27.6,7.0,0.013869953033000154
86483,27.6,8.0,0.007440752306396404
86484,27.6,9.0,0.008672903414829595
86485,27.6,10.0,0.017199205712705386
86486,27.6,11.0,0.008854661536637259
86487,27.6,12.0,0.00413401478252265
86488,27.6,13.0,0.011361159303722453
86489,27.6,14.0,0.023115092963256787
86490,27.6,15.0,0.012574409749976107
86491,27.6,16.0,0.01483051083827592
86492,27.6,17.0,0.02914990927134625
86493,27.6,18.0,0.01482072261317006
86494,27.6,19.0,0.006681908557969777
86495,27.6,20.0,0.019719510357884315
86496,27.6,21.0,0.04098194431617648
86497,27.6,22.0,0.02146622474820813
86498,27.6,23.0,0.02708116891616104
86499,27.6,24.0,0.05581959516987548
86500,27.6,25.0,0.026358213268360506
86501,27.6,26.0,0.00987108102765828
86502,27.6,27.0,0.04192663694538909
86503,27.6,28.0,0.09134488582164897
86504,27.6,29.0,0.0420538238420439
86505,27.6,30.0,0.028462517911719425
86506,27.6,31.0,0.055540817117745556
86507,27.6,32.0,0.02591640181560888
86508,27.6,33.0,0.007748172175980677
86509,27.6,34.0,0.018325650995780072
86510,27.6,35.0,0.03701610562233608
86511,27.6,36.0,0.01857414662152012
86512,27.6,37.0,0.015474807331251339
86513,27.6,38.0,0.02878130169351794
86514,27.6,39.0,0.014630648486698474
86515,27.6,40.0,0.012395620570342316
86516,27.6,41.0,0.022795336862428718
86517,27.6,42.0,0.011206229469974616
86518,27.6,43.0,0.004080792668599668
86519,27.6,44.0,0.008731421630211131
86520,27.6,45.0,0.01694763426771545
86521,27.6,46.0,0.008233769325652047
86522,27.6,47.0,0.002575726813702163
86523,27.6,48.0,0.001967595968514986
86524,27.6,49.0,0.0017563274273924945
86525,27.6,50.0,0.001562892904667852
86526,27.6,51.0,0.0013833830513330242
86527,27.6,52.0,0.0012203279791174557
86528,27.6,53.0,0.0012766535164150114
86529,27.6,54.0,0.004039391981997476
86530,27.6,55.0,0.00844314817874056
86531,27.6,56.0,0.0038041181740271343
86532,27.6,57.0,0.000804868462094139
86533,27.6,58.0,0.0005096163480003663
86534,27.6,59.0,0.0004302691924254795
86535,27.6,60.0,0.00036301341722050367
86536,27.6,61.0,0.00030464609282409975
86537,27.6,62.0,0.000254304858258438
86538,27.6,63.0,0.00021115424123197278
86539,27.6,64.0,0.000174393811095195
86540,27.6,65.0,0.00014326774841818301
86541,27.6,66.0,0.00011707169605190683
86542,27.6,67.0,9.515716445088085e-05
86543,27.6,68.0,7.693379957899103e-05
86544,27.6,69.0,6.186983799190085e-05
86545,27.6,70.0,4.9491074557040105e-05
86546,27.6,71.0,3.937865653834207e-05
86547,27.6,72.0,3.116599631864766e-05
86548,27.6,73.0,2.453506665195885e-05
86549,27.6,74.0,1.921230960821265e-05
86550,27.7,-75.0,3.860176058245192e-15
86551,27.7,-74.0,6.6540632622823135e-15
86552,27.7,-73.0,1.1409138329943714e-14
86553,27.7,-72.0,1.9458299042141218e-14
86554,27.7,-71.0,3.300980879551513e-14
86555,27.7,-70.0,5.570154629425701e-14
86556,27.7,-69.0,9.349267840907367e-14
86557,27.7,-68.0,1.5608963301582647e-13
86558,27.7,-67.0,2.5921290833671635e-13
86559,27.7,-66.0,4.2817893498948916e-13
86560,27.7,-65.0,7.035258797121292e-13
86561,27.7,-64.0,1.149796456037645e-12
86562,27.7,-63.0,1.869166380386532e-12
86563,27.7,-62.0,3.022463492492778e-12
86564,27.7,-61.0,4.8613878829610776e-12
86565,27.7,-60.0,7.777599790216573e-12
86566,27.7,-59.0,1.2377046351960752e-11
86567,27.7,-58.0,1.9591809543096182e-11
86568,27.7,-57.0,3.084737340893346e-11
86569,27.7,-56.0,4.8311212630500225e-11
86570,27.7,-55.0,7.525992723151937e-11
86571,27.7,-54.0,1.1661804514415104e-10
86572,27.7,-53.0,1.7974376225423433e-10
86573,27.7,-52.0,2.75567506218767e-10
86574,27.7,-51.0,4.2023119868972143e-10
86575,27.7,-50.0,6.37433209344839e-10
86576,27.7,-49.0,9.617610562504494e-10
86577,27.7,-48.0,1.443396997264947e-09
86578,27.7,-47.0,2.1547183779367282e-09
86579,27.7,-46.0,3.1994943167734318e-09
86580,27.7,-45.0,4.7256143841790234e-09
86581,27.7,-44.0,6.942586937645091e-09
86582,27.7,-43.0,1.0145430624773838e-08
86583,27.7,-42.0,1.474707053070945e-08
86584,27.7,-41.0,2.132196100967473e-08
86585,27.7,-40.0,3.066441269549671e-08
86586,27.7,-39.0,4.386602491461226e-08
86587,27.7,-38.0,6.241774005103634e-08
86588,27.7,-37.0,8.834336493927474e-08
86589,27.7,-36.0,1.243729636920396e-07
86590,27.7,-35.0,1.7416632713154244e-07
86591,27.7,-34.0,2.425987660993876e-07
86592,27.7,-33.0,3.361237440602858e-07
86593,27.7,-32.0,4.632293228172685e-07
86594,27.7,-31.0,6.350079817557785e-07
86595,27.7,-30.0,8.65861991287968e-07
86596,27.7,-29.0,1.1743690418903032e-06
86597,27.7,-28.0,1.584335073862163e-06
86598,27.7,-27.0,2.1260629935723196e-06
86599,27.7,-26.0,2.8378673923548452e-06
86600,27.7,-25.0,3.769389257989063e-06
86601,27.7,-24.0,5.799054035392745e-06
86602,27.7,-23.0,8.004883469589079e-05
86603,27.7,-22.0,0.0010973168151094123
86604,27.7,-21.0,0.002684967273781503
86605,27.7,-20.0,0.0011041792630600122
86606,27.7,-19.0,0.0001805476757867038
86607,27.7,-18.0,0.0013362761072515513
86608,27.7,-17.0,0.0032529844775824406
86609,27.7,-16.0,0.0014523538819212448
86610,27.7,-15.0,0.0016519325335028522
86611,27.7,-14.0,0.0037830364208779987
86612,27.7,-13.0,0.0015919179069731734
86613,27.7,-12.0,0.000319742701784929
86614,27.7,-11.0,0.0019648913023720548
86615,27.7,-10.0,0.004685051214206227
86616,27.7,-9.0,0.0021670352934569804
86617,27.7,-8.0,0.002492634589376694
86618,27.7,-7.0,0.005559619365641841
86619,27.7,-6.0,0.002464334128824713
86620,27.7,-5.0,0.0006849618634035572
86621,27.7,-4.0,0.0031103064489270424
86622,27.7,-3.0,0.007097499701501565
86623,27.7,-2.0,0.003278192158290484
86624,27.7,-1.0,0.000872051141294824
86625,27.7,0.0,0.0006341418891402073
86626,27.7,1.0,0.0011761028234400653
86627,27.7,2.0,0.004830764686311839
86628,27.7,3.0,0.010473161923935683
86629,27.7,4.0,0.005153422174995957
86630,27.7,5.0,0.002140918636192273
86631,27.7,6.0,0.006592811166521779
86632,27.7,7.0,0.013841941771879591
86633,27.7,8.0,0.007421545967273029
86634,27.7,9.0,0.008650067457663217
86635,27.7,10.0,0.017161671805419533
86636,27.7,11.0,0.008832936594736138
86637,27.7,12.0,0.004121505440642798
86638,27.7,13.0,0.01133176948543107
86639,27.7,14.0,0.023057969613356044
86640,27.7,15.0,0.012545576025816326
86641,27.7,16.0,0.014791144503248614
86642,27.7,17.0,0.02906572474294574
86643,27.7,18.0,0.014787164742159782
86644,27.7,19.0,0.006677073111404999
86645,27.7,20.0,0.019651956173791056
86646,27.7,21.0,0.04081150483759988
86647,27.7,22.0,0.021394470657699716
86648,27.7,23.0,0.026934028389367183
86649,27.7,24.0,0.0554518859749363
86650,27.7,25.0,0.026224042821269188
86651,27.7,26.0,0.009979035104140948
86652,27.7,27.0,0.043333355170156455
86653,27.7,28.0,0.09280713203558467
86654,27.7,29.0,0.04259988709155265
86655,27.7,30.0,0.02839727266451548
86656,27.7,31.0,0.05539498813921406
86657,27.7,32.0,0.025817278012380818
86658,27.7,33.0,0.00767677587682212
86659,27.7,34.0,0.018200470285598375
86660,27.7,35.0,0.03680122820671818
86661,27.7,36.0,0.01845458242815841
86662,27.7,37.0,0.015363072165238075
86663,27.7,38.0,0.028588708962866513
86664,27.7,39.0,0.014528827291846796
86665,27.7,40.0,0.012304562043895507
86666,27.7,41.0,0.022632681604889033
86667,27.7,42.0,0.011127193009808896
86668,27.7,43.0,0.0040533576284618004
86669,27.7,44.0,0.008668530122933853
86670,27.7,45.0,0.01682160291681293
86671,27.7,46.0,0.008176430979015539
86672,27.7,47.0,0.002563023077792782
86673,27.7,48.0,0.001959934454186966
86674,27.7,49.0,0.0017504362729209588
86675,27.7,50.0,0.0015584807366325077
86676,27.7,51.0,0.0013802127970456966
86677,27.7,52.0,0.0012181634147860013
86678,27.7,53.0,0.001273467374245391
86679,27.7,54.0,0.004010955643178356
86680,27.7,55.0,0.008374770686643392
86681,27.7,56.0,0.00377658478628455
86682,27.7,57.0,0.0008035292016583299
86683,27.7,58.0,0.0005103239301265909
86684,27.7,59.0,0.00043111677892843396
86685,27.7,60.0,0.0003639224006561027
86686,27.7,61.0,0.00030557168806596773
86687,27.7,62.0,0.00025521344337230324
86688,27.7,63.0,0.00021202159064502893
86689,27.7,64.0,0.00017520348363552922
86690,27.7,65.0,0.00014400961636036586
86691,27.7,66.0,0.00011774063052578807
86692,27.7,67.0,9.575188414887671e-05
86693,27.7,68.0,7.745588264982534e-05
86694,27.7,69.0,6.232289138452108e-05
86695,27.7,70.0,4.98800508379659e-05
86696,27.7,71.0,3.970930525072042e-05
86697,27.7,72.0,3.144443514150669e-05
86698,27.7,73.0,2.4767456787377033e-05
86699,27.7,74.0,1.9404619794392932e-05
86700,27.8,-75.0,3.671064250572727e-15
86701,27.8,-74.0,6.331450086858711e-15
86702,27.8,-73.0,1.086176736683578e-14
86703,27.8,-72.0,1.853462970991286e-14
86704,27.8,-71.0,3.1459617537495835e-14
86705,27.8,-70.0,5.3114007491398893e-14
86706,27.8,-69.0,8.919711546607293e-14
86707,27.8,-68.0,1.4899738867083332e-13
86708,27.8,-67.0,2.4756691883328797e-13
86709,27.8,-66.0,4.0915953238510685e-13
86710,27.8,-65.0,6.726340419496816e-13
86711,27.8,-64.0,1.099894727481288e-12
86712,27.8,-63.0,1.7889965570172128e-12
86713,27.8,-62.0,2.8943696582835463e-12
86714,27.8,-61.0,4.657840324583385e-12
86715,27.8,-60.0,7.45592109855793e-12
86716,27.8,-59.0,1.1871459578484668e-11
86717,27.8,-58.0,1.880152342935018e-11
86718,27.8,-57.0,2.9618841649207676e-11
86719,27.8,-56.0,4.6411884955656883e-11
86720,27.8,-55.0,7.23396580941168e-11
86721,27.8,-54.0,1.1215271825323301e-10
86722,27.8,-53.0,1.7295346369995765e-10
86723,27.8,-52.0,2.6529852259612215e-10
86724,27.8,-51.0,4.0478695366820394e-10
86725,27.8,-50.0,6.143336292709937e-10
86726,27.8,-49.0,9.274023256726195e-10
86727,27.8,-48.0,1.3925736706639993e-09
86728,27.8,-47.0,2.0799566673994113e-09
86729,27.8,-46.0,3.0901282440175215e-09
86730,27.8,-45.0,4.566514376735105e-09
86731,27.8,-44.0,6.7124222028717524e-09
86732,27.8,-43.0,9.814310925058587e-09
86733,27.8,-42.0,1.4273368330971948e-08
86734,27.8,-41.0,2.064805978047616e-08
86735,27.8,-40.0,2.9711059783463928e-08
86736,27.8,-39.0,4.252488622885197e-08
86737,27.8,-38.0,6.054165742917309e-08
86738,27.8,-37.0,8.573370438180186e-08
86739,27.8,-36.0,1.2076331322472073e-07
86740,27.8,-35.0,1.6920165731352446e-07
86741,27.8,-34.0,2.3580900584734755e-07
86742,27.8,-33.0,3.2689055289957236e-07
86743,27.8,-32.0,4.507446634417766e-07
86744,27.8,-31.0,6.182229220579837e-07
86745,27.8,-30.0,8.434240041053542e-07
86746,27.8,-29.0,1.144545938447977e-06
86747,27.8,-28.0,1.544923621986977e-06
86748,27.8,-27.0,2.0742802569393576e-06
86749,27.8,-26.0,2.770222908903417e-06
86750,27.8,-25.0,3.68153628703411e-06
86751,27.8,-24.0,5.685566377349133e-06
86752,27.8,-23.0,7.98984823344159e-05
86753,27.8,-22.0,0.0010970602700167617
86754,27.8,-21.0,0.002684556299485923
86755,27.8,-20.0,0.0011038096102715096
86756,27.8,-19.0,0.00018015005784534366
86757,27.8,-18.0,0.0013355140803475293
86758,27.8,-17.0,0.003251673805967767
86759,27.8,-16.0,0.0014513071613894266
86760,27.8,-15.0,0.0016504934124672692
86761,27.8,-14.0,0.0037806181234685777
86762,27.8,-13.0,0.0015900834091841412
86763,27.8,-12.0,0.00031810269049695666
86764,27.8,-11.0,0.001962000258729128
86765,27.8,-10.0,0.004680250880902372
86766,27.8,-9.0,0.0021632897310115947
86767,27.8,-8.0,0.002487928384315822
86768,27.8,-7.0,0.00555207301340772
86769,27.8,-6.0,0.0024586376643321957
86770,27.8,-5.0,0.0006800404170022429
86771,27.8,-4.0,0.003102219507708672
86772,27.8,-3.0,0.007084544822010074
86773,27.8,-2.0,0.003268609101876495
86774,27.8,-1.0,0.0008643685107457546
86775,27.8,0.0,0.0006370104548217825
86776,27.8,1.0,0.0011667957262757578
86777,27.8,2.0,0.004815477893608808
86778,27.8,3.0,0.010448999974650925
86779,27.8,4.0,0.005136661327965145
86780,27.8,5.0,0.002128095242627584
86781,27.8,6.0,0.006571177117056332
86782,27.8,7.0,0.013806392822537657
86783,27.8,8.0,0.007398252657592305
86784,27.8,9.0,0.008622483250119106
86785,27.8,10.0,0.017114805098388038
86786,27.8,11.0,0.008806314795037566
86787,27.8,12.0,0.004106601211091306
86788,27.8,13.0,0.011296167795107828
86789,27.8,14.0,0.02298843987761112
86790,27.8,15.0,0.012509840387957735
86791,27.8,16.0,0.014743797993321055
86792,27.8,17.0,0.028966234776581102
86793,27.8,18.0,0.014745578313710535
86794,27.8,19.0,0.00666837600032028
86795,27.8,20.0,0.01957447345912968
86796,27.8,21.0,0.040621221684933394
86797,27.8,22.0,0.021312087576527708
86798,27.8,23.0,0.026775786126158378
86799,27.8,24.0,0.05506305964780205
86800,27.8,25.0,0.026079283224618714
86801,27.8,26.0,0.010097433064315094
86802,27.8,27.0,0.04495197288910418
86803,27.8,28.0,0.09459178675830734
86804,27.8,29.0,0.04327145789847373
86805,27.8,30.0,0.02830997654737641
86806,27.8,31.0,0.05518306863746769
86807,27.8,32.0,0.02568711573891394
86808,27.8,33.0,0.007595830514019962
86809,27.8,34.0,0.018052170896627896
86810,27.8,35.0,0.03653950059457627
86811,27.8,36.0,0.01831144954483884
86812,27.8,37.0,0.015231610264739279
86813,27.8,38.0,0.02835945622877743
86814,27.8,39.0,0.014408265407814579
86815,27.8,40.0,0.012197592133155185
86816,27.8,41.0,0.022440932818229394
86817,27.8,42.0,0.011033716915431044
86818,27.8,43.0,0.004020496056615334
86819,27.8,44.0,0.008594357511735843
86820,27.8,45.0,0.016673946946621023
86821,27.8,46.0,0.008108451247935067
86822,27.8,47.0,0.0025468159014831395
86823,27.8,48.0,0.0019495499381514216
86824,27.8,49.0,0.0017421046374168233
86825,27.8,50.0,0.0015518894088857509
86826,27.8,51.0,0.0013751078479586985
86827,27.8,52.0,0.0012142881062016523
86828,27.8,53.0,0.0012685208933141047
86829,27.8,54.0,0.0039773396029337636
86830,27.8,55.0,0.00829575030652763
86831,27.8,56.0,0.00374420058686512
86832,27.8,57.0,0.0008010885982255002
86833,27.8,58.0,0.000510312213674349
86834,27.8,59.0,0.00043135686332115776
86835,27.8,60.0,0.0003643191598878439
86836,27.8,61.0,0.0003060678591073732
86837,27.8,62.0,0.00025576407850346714
86838,27.8,63.0,0.00021259227490137253
86839,27.8,64.0,0.00017576869053075107
86840,27.8,65.0,0.00014455118716893127
86841,27.8,66.0,0.00011824639680598444
86842,27.8,67.0,9.621444441037586e-05
86843,27.8,68.0,7.787153658660401e-05
86844,27.8,69.0,6.269072898729318e-05
86845,27.8,70.0,5.020118895896729e-05
86846,27.8,71.0,3.998626074330275e-05
86847,27.8,72.0,3.168062141631614e-05
86848,27.8,73.0,2.4966789363843002e-05
86849,27.8,74.0,1.9571216012478293e-05
86850,27.9,-75.0,3.487693009412846e-15
86851,27.9,-74.0,6.018397135251753e-15
86852,27.9,-73.0,1.0330219289866994e-14
86853,27.9,-72.0,1.7636985061375566e-14
86854,27.9,-71.0,2.9951960947317396e-14
86855,27.9,-70.0,5.059554543119023e-14
86856,27.9,-69.0,8.501301344383031e-14
86857,27.9,-68.0,1.4208382728282507e-13
86858,27.9,-67.0,2.362054918480339e-13
86859,27.9,-66.0,3.9059028959376833e-13
86860,27.9,-65.0,6.424495081310191e-13
86861,27.9,-64.0,1.0510966870844693e-12
86862,27.9,-63.0,1.7105368754374486e-12
86863,27.9,-62.0,2.7689067013193744e-12
86864,27.9,-61.0,4.458310494667527e-12
86865,27.9,-60.0,7.140332035525527e-12
86866,27.9,-59.0,1.137503158954205e-11
86867,27.9,-58.0,1.802490244027754e-11
86868,27.9,-57.0,2.8410530398387632e-11
86869,27.9,-56.0,4.454222097170079e-11
86870,27.9,-55.0,6.94625147593601e-11
86871,27.9,-54.0,1.077494950537132e-10
86872,27.9,-53.0,1.662516991836369e-10
86873,27.9,-52.0,2.551543926985403e-10
86874,27.9,-51.0,3.895167284594215e-10
86875,27.9,-50.0,5.914734926549383e-10
86876,27.9,-49.0,8.933683581297025e-10
86877,27.9,-48.0,1.3421836823168019e-09
86878,27.9,-47.0,2.0057622402501464e-09
86879,27.9,-46.0,2.98148793736022e-09
86880,27.9,-45.0,4.408316537932066e-09
86881,27.9,-44.0,6.483336995639859e-09
86882,27.9,-43.0,9.484414645116698e-09
86883,27.9,-42.0,1.38009372590955e-08
86884,27.9,-41.0,1.9975274019995536e-08
86885,27.9,-40.0,2.875828795377793e-08
86886,27.9,-39.0,4.118313775637509e-08
86887,27.9,-38.0,5.866268884950435e-08
86888,27.9,-37.0,8.311714822092502e-08
86889,27.9,-36.0,1.1714006190355205e-07
86890,27.9,-35.0,1.642125802240928e-07
86891,27.9,-34.0,2.289779066166988e-07
86892,27.9,-33.0,3.175900888856482e-07
86893,27.9,-32.0,4.3815375583119757e-07
86894,27.9,-31.0,6.01273990349654e-07
86895,27.9,-30.0,8.207381742260742e-07
86896,27.9,-29.0,1.1143542138614369e-06
86897,27.9,-28.0,1.504971890553991e-06
86898,27.9,-27.0,2.0217159558307585e-06
86899,27.9,-26.0,2.70146121214841e-06
86900,27.9,-25.0,3.5921022980508092e-06
86901,27.9,-24.0,5.5690844652656215e-06
86902,27.9,-23.0,7.967506068526008e-05
86903,27.9,-22.0,0.0010957626894011504
86904,27.9,-21.0,0.0026815933428594755
86905,27.9,-20.0,0.0011023944275550476
86906,27.9,-19.0,0.00017958780489699618
86907,27.9,-18.0,0.0013334894266201949
86908,27.9,-17.0,0.003247278788721855
86909,27.9,-16.0,0.0014488912570800876
86910,27.9,-15.0,0.0016474986239964125
86911,27.9,-14.0,0.0037746212167151533
86912,27.9,-13.0,0.0015867558043534467
86913,27.9,-12.0,0.00031618191602779524
86914,27.9,-11.0,0.0019572705300806353
86915,27.9,-10.0,0.004671034101358603
86916,27.9,-9.0,0.002157521218967991
86917,27.9,-8.0,0.002480896602102221
86918,27.9,-7.0,0.005539299110915834
86919,27.9,-6.0,0.0024506502097415154
86920,27.9,-5.0,0.0006745174399600574
86921,27.9,-4.0,0.0030912418992411783
86922,27.9,-3.0,0.007064933894805581
86923,27.9,-2.0,0.0032559807676539104
86924,27.9,-1.0,0.0008559143440769776
86925,27.9,0.0,0.0006392801355987914
86926,27.9,1.0,0.001156423206822899
86927,27.9,2.0,0.004795679053589008
86928,27.9,3.0,0.010415005651074172
86929,27.9,4.0,0.005115067599939458
86930,27.9,5.0,0.0021132651575993832
86931,27.9,6.0,0.006543352325644043
86932,27.9,7.0,0.013757845249792197
86933,27.9,8.0,0.007367955854922728
86934,27.9,9.0,0.008586751928904015
86935,27.9,10.0,0.017051840650056643
86936,27.9,11.0,0.008771321759224885
86937,27.9,12.0,0.004087688366267686
86938,27.9,13.0,0.01124989816551374
86939,27.9,14.0,0.022897425834574752
86940,27.9,15.0,0.012462259728763088
86941,27.9,16.0,0.014682652210784696
86942,27.9,17.0,0.028840015229507816
86943,27.9,18.0,0.014690131197374685
86944,27.9,19.0,0.0066531596801027645
86945,27.9,20.0,0.019479341545858262
86946,27.9,21.0,0.04039512020692369
86947,27.9,22.0,0.021210655374545837
86948,27.9,23.0,0.026595852777572683
86949,27.9,24.0,0.05463140522265262
86950,27.9,25.0,0.02591374034706815
86951,27.9,26.0,0.010234700745242032
86952,27.9,27.0,0.046949707742619085
86953,27.9,28.0,0.09697551806295017
86954,27.9,29.0,0.04417612641733916
86955,27.9,30.0,0.028180063636401367
86956,27.9,31.0,0.054844332136709174
86957,27.9,32.0,0.025497738157030957
86958,27.9,33.0,0.007497197752679552
86959,27.9,34.0,0.017861164426095425
86960,27.9,35.0,0.03619107366038591
86961,27.9,36.0,0.01812484142703392
86962,27.9,37.0,0.015063924034245106
86963,27.9,38.0,0.02806274114122276
86964,27.9,39.0,0.014253337419823335
86965,27.9,40.0,0.012061507740096426
86966,27.9,41.0,0.02219576757250656
86967,27.9,42.0,0.010913840849664477
86968,27.9,43.0,0.003977846954890815
86969,27.9,44.0,0.008499594437811585
86970,27.9,45.0,0.016486618953838503
86971,27.9,46.0,0.008021036078289785
86972,27.9,47.0,0.002524319123062622
86973,27.9,48.0,0.0019342996571753614
86974,27.9,49.0,0.0017294127743977252
86975,27.9,50.0,0.001541404394758063
86976,27.9,51.0,0.0013665450857875427
86977,27.9,52.0,0.0012073536959367308
86978,27.9,53.0,0.0012604096894759354
86979,27.9,54.0,0.00393423000586132
86980,27.9,55.0,0.008197133561620875
86981,27.9,56.0,0.003702907986728936
86982,27.9,57.0,0.0007966558799674574
86983,27.9,58.0,0.0005090058971272708
86984,27.9,59.0,0.0004305018211747738
86985,27.9,60.0,0.00036379081344976513
86986,27.9,61.0,0.000305786868286029
86987,27.9,62.0,0.0002556654505189413
86988,27.9,63.0,0.00021262354912642825
86989,27.9,64.0,0.0001758882348140109
86990,27.9,65.0,0.0001447265885566535
86991,27.9,66.0,0.0001184529735765261
86992,27.9,67.0,9.643389696378069e-05
86993,27.9,68.0,7.809074652367794e-05
86994,27.9,69.0,6.290070880512924e-05
86995,27.9,70.0,5.0396179217908976e-05
86996,27.9,71.0,4.016296728793008e-05
86997,27.9,72.0,3.183758216984907e-05
86998,27.9,73.0,2.5103858232496646e-05
86999,27.9,74.0,1.968915038118276e-05
87000,28.0,-75.0,2.9410953844481816e-15
87001,28.0,-74.0,5.077887677437672e-15
87002,28.0,-73.0,8.720535975510516e-15
87003,28.0,-72.0,1.4896676051585685e-14
87004,28.0,-71.0,2.5311721101217425e-14
87005,28.0,-70.0,4.27799317178013e-14
87006,28.0,-69.0,7.191915979597324e-14
87007,28.0,-68.0,1.2026388539021706e-13
87008,28.0,-67.0,2.0003775119412848e-13
87009,28.0,-66.0,3.3095946369975705e-13
87010,28.0,-65.0,5.446578309431712e-13
87011,28.0,-64.0,8.915768999593504e-13
87012,28.0,-63.0,1.4517103421160803e-12
87013,28.0,-62.0,2.3511873765691975e-12
87014,28.0,-61.0,3.787744004529957e-12
87015,28.0,-60.0,6.069600474810098e-12
87016,28.0,-59.0,9.674436939881492e-12
87017,28.0,-58.0,1.5338306036614145e-11
87018,28.0,-57.0,2.4188849193422506e-11
87019,28.0,-56.0,3.7943651479046667e-11
87020,28.0,-55.0,5.920374042000848e-11
87021,28.0,-54.0,9.188513898065872e-11
87022,28.0,-53.0,1.418494038476172e-10
87023,28.0,-52.0,2.1781905067085282e-10
87024,28.0,-51.0,3.3269809533536445e-10
87025,28.0,-50.0,5.054647520794067e-10
87026,28.0,-49.0,7.638666429483565e-10
87027,28.0,-48.0,1.1482337893369405e-09
87028,28.0,-47.0,1.7168375703075255e-09
87029,28.0,-46.0,2.5533726552479348e-09
87030,28.0,-45.0,3.777333296457427e-09
87031,28.0,-44.0,5.558306877159114e-09
87032,28.0,-43.0,8.135529903515529e-09
87033,28.0,-42.0,1.1844460485663644e-08
87034,28.0,-41.0,1.7152634597419624e-08
87035,28.0,-40.0,2.470771062330329e-08
87036,28.0,-39.0,3.540138868849304e-08
87037,28.0,-38.0,5.0453839117555595e-08
87038,28.0,-37.0,7.152440813357863e-08
87039,28.0,-36.0,1.0085570572808203e-07
87040,28.0,-35.0,1.4145973224736367e-07
87041,28.0,-34.0,1.9735646985513415e-07
87042,28.0,-33.0,2.738773434621555e-07
87043,28.0,-32.0,3.7804811687800674e-07
87044,28.0,-31.0,5.190680857589555e-07
87045,28.0,-30.0,7.089047838354203e-07
87046,28.0,-29.0,9.63025724269517e-07
87047,28.0,-28.0,1.3012908068607666e-06
87048,28.0,-27.0,1.7490307445673798e-06
87049,28.0,-26.0,2.3383383807103273e-06
87050,28.0,-25.0,3.1109499545637583e-06
87051,28.0,-24.0,4.842295079101086e-06
87052,28.0,-23.0,7.052931187993654e-05
87053,28.0,-22.0,0.000971523415004199
87054,28.0,-21.0,0.002377734664244031
87055,28.0,-20.0,0.0009773075827543083
87056,28.0,-19.0,0.00015892136288872815
87057,28.0,-18.0,0.0011819053112284887
87058,28.0,-17.0,0.002878610999890065
87059,28.0,-16.0,0.001283999849729334
87060,28.0,-15.0,0.0014597862438891543
87061,28.0,-14.0,0.003345302501803027
87062,28.0,-13.0,0.00140557622066742
87063,28.0,-12.0,0.00027897993868209223
87064,28.0,-11.0,0.0017332335861600524
87065,28.0,-10.0,0.004138178670841354
87066,28.0,-9.0,0.0019100746185999084
87067,28.0,-8.0,0.002196009330047043
87068,28.0,-7.0,0.004905770129225352
87069,28.0,-6.0,0.0021683191303381697
87070,28.0,-5.0,0.0005938888894043628
87071,28.0,-4.0,0.0027343104083200325
87072,28.0,-3.0,0.006253987979861523
87073,28.0,-2.0,0.0028790831136661058
87074,28.0,-1.0,0.0007523144824129773
87075,28.0,0.0,0.0005694867076906483
87076,28.0,1.0,0.001017359710820833
87077,28.0,2.0,0.004239467454616508
87078,28.0,3.0,0.009215001091485387
87079,28.0,4.0,0.004521372993858985
87080,28.0,5.0,0.0018627400741450745
87081,28.0,6.0,0.005783693757996004
87082,28.0,7.0,0.012169446216459866
87083,28.0,8.0,0.006513451686276282
87084,28.0,9.0,0.007590534979608353
87085,28.0,10.0,0.015080672311641974
87086,28.0,11.0,0.007754982663356878
87087,28.0,12.0,0.0036116430823908076
87088,28.0,13.0,0.009945193621965002
87089,28.0,14.0,0.02024490151402959
87090,28.0,15.0,0.011020183108850294
87091,28.0,16.0,0.012979269124234227
87092,28.0,17.0,0.02548909958992037
87093,28.0,18.0,0.012990908301296695
87094,28.0,19.0,0.005892135466355326
87095,28.0,20.0,0.017207627855175427
87096,28.0,21.0,0.035659318426945204
87097,28.0,22.0,0.018739083442512558
87098,28.0,23.0,0.02345188051662571
87099,28.0,24.0,0.04811977663671773
87100,28.0,25.0,0.02286042214311766
87101,28.0,26.0,0.00932574038157454
87102,28.0,27.0,0.04521019286050949
87103,28.0,28.0,0.10852441169489993
87104,28.0,29.0,0.051815845448234754
87105,28.0,30.0,0.031195519195203122
87106,28.0,31.0,0.06037124753406328
87107,28.0,32.0,0.02803128169623403
87108,28.0,33.0,0.008194483199801492
87109,28.0,34.0,0.01957016724073619
87110,28.0,35.0,0.03969627939821774
87111,28.0,36.0,0.019866876311696025
87112,28.0,37.0,0.016497784628585258
87113,28.0,38.0,0.030751177416025892
87114,28.0,39.0,0.015614057599122478
87115,28.0,40.0,0.013207455739425833
87116,28.0,41.0,0.024310524004766822
87117,28.0,42.0,0.011954280851305097
87118,28.0,43.0,0.004358034236124341
87119,28.0,44.0,0.009308297370172285
87120,28.0,45.0,0.01805166944934622
87121,28.0,46.0,0.008786418041926302
87122,28.0,47.0,0.0027705310229427433
87123,28.0,48.0,0.00212510374550508
87124,28.0,49.0,0.0019010345045589639
87125,28.0,50.0,0.0016952717600783914
87126,28.0,51.0,0.0015037584473212978
87127,28.0,52.0,0.0013292733351008567
87128,28.0,53.0,0.0013867573251304028
87129,28.0,54.0,0.0043094258464710065
87130,28.0,55.0,0.008969378206623883
87131,28.0,56.0,0.00405528174873575
87132,28.0,57.0,0.0008772887222952255
87133,28.0,58.0,0.0005621819525586959
87134,28.0,59.0,0.0004757515208993918
87135,28.0,60.0,0.00040224287037539575
87136,28.0,61.0,0.00033828819872395224
87137,28.0,62.0,0.00028299023452451363
87138,28.0,63.0,0.00023547356453551338
87139,28.0,64.0,0.00019489422682873072
87140,28.0,65.0,0.00016045080436796503
87141,28.0,66.0,0.00013139260714447565
87142,28.0,67.0,0.00010702520520607295
87143,28.0,68.0,8.671361976645519e-05
87144,28.0,69.0,6.988350354546835e-05
87145,28.0,70.0,5.6020648426366646e-05
87146,28.0,71.0,4.466915123409701e-05
87147,28.0,72.0,3.542854990985478e-05
87148,28.0,73.0,2.795021552641076e-05
87149,28.0,74.0,2.1933253225857616e-05
87150,28.1,-75.0,2.6089652249247623e-15
87151,28.1,-74.0,4.506855772841994e-15
87152,28.1,-73.0,7.743996309846841e-15
87153,28.1,-72.0,1.3235572219365463e-14
87154,28.1,-71.0,2.2501238053539355e-14
87155,28.1,-70.0,3.805013606216851e-14
87156,28.1,-69.0,6.400179012688656e-14
87157,28.1,-68.0,1.0708142355355723e-13
87158,28.1,-67.0,1.782059738325441e-13
87159,28.1,-66.0,2.94996245195598e-13
87160,28.1,-65.0,4.857321227542786e-13
87161,28.1,-64.0,7.955422884242772e-13
87162,28.1,-63.0,1.2960322920221037e-12
87163,28.1,-62.0,2.100170154322295e-12
87164,28.1,-61.0,3.3851603837703706e-12
87165,28.1,-60.0,5.427378683199314e-12
87166,28.1,-59.0,8.655399278277044e-12
87167,28.1,-58.0,1.372998923673129e-11
87168,28.1,-57.0,2.166403727117901e-11
87169,28.1,-56.0,3.400123556593009e-11
87170,28.1,-55.0,5.3080635231489006e-11
87171,28.1,-54.0,8.242588741901336e-11
87172,28.1,-53.0,1.2731432128999673e-10
87173,28.1,-52.0,1.9560366794919917e-10
87174,28.1,-51.0,2.9892541255305294e-10
87175,28.1,-50.0,4.5439630163164815e-10
87176,28.1,-49.0,6.870571230423187e-10
87177,28.1,-48.0,1.033325181761647e-09
87178,28.1,-47.0,1.5458497784213736e-09
87179,28.1,-46.0,2.30029572157364e-09
87180,28.1,-45.0,3.4047573375921243e-09
87181,28.1,-44.0,5.012735244847701e-09
87182,28.1,-43.0,7.340902926068492e-09
87183,28.1,-42.0,1.0693264454326462e-08
87184,28.1,-41.0,1.5493775124991498e-08
87185,28.1,-40.0,2.233008142676067e-08
87186,28.1,-39.0,3.2011755154956724e-08
87187,28.1,-38.0,4.564726831992901e-08
87188,28.1,-37.0,6.474499979223493e-08
87189,28.1,-36.0,9.134479778226989e-08
87190,28.1,-35.0,1.2818805590803657e-07
87191,28.1,-34.0,1.7893589871359353e-07
87192,28.1,-33.0,2.484469077984858e-07
87193,28.1,-32.0,3.43127829552428e-07
87194,28.1,-31.0,4.7137284709144956e-07
87195,28.1,-30.0,6.441092043602278e-07
87196,28.1,-29.0,8.754691410257072e-07
87197,28.1,-28.0,1.1836100988141219e-06
87198,28.1,-27.0,1.5917068197847724e-06
87199,28.1,-26.0,2.1291404471028666e-06
87200,28.1,-25.0,2.834169384901179e-06
87201,28.1,-24.0,4.429355059473228e-06
87202,28.1,-23.0,6.568161201529677e-05
87203,28.1,-22.0,0.0009061591493280127
87204,28.1,-21.0,0.002217929005860832
87205,28.1,-20.0,0.0009114663567330485
87206,28.1,-19.0,0.0001479497784719625
87207,28.1,-18.0,0.001102025103475588
87208,28.1,-17.0,0.0026844844657218066
87209,28.1,-16.0,0.001197045261444559
87210,28.1,-15.0,0.0013607241935403324
87211,28.1,-14.0,0.0031189798866582486
87212,28.1,-13.0,0.0013098347717465056
87213,28.1,-12.0,0.00025896375831911835
87214,28.1,-11.0,0.0016146614618596257
87215,28.1,-10.0,0.003856749606193372
87216,28.1,-9.0,0.001778951787088517
87217,28.1,-8.0,0.0020449285929101156
87218,28.1,-7.0,0.004570629523801371
87219,28.1,-6.0,0.00201829153605605
87220,28.1,-5.0,0.0005500912533800499
87221,28.1,-4.0,0.0025443728857590087
87222,28.1,-3.0,0.00582401529477582
87223,28.1,-2.0,0.0026782054306839055
87224,28.1,-1.0,0.0006956169953204466
87225,28.1,0.0,0.0005336879961595457
87226,28.1,1.0,0.0009415251056319358
87227,28.1,2.0,0.003942636857087031
87228,28.1,3.0,0.00857721164559662
87229,28.1,4.0,0.004204376641255001
87230,28.1,5.0,0.0017272280630759578
87231,28.1,6.0,0.005378013762553444
87232,28.1,7.0,0.011324138065064339
87233,28.1,8.0,0.006057389160790564
87234,28.1,9.0,0.00705872915734206
87235,28.1,10.0,0.014030850195982394
87236,28.1,11.0,0.007212823579445751
87237,28.1,12.0,0.003356814953375425
87238,28.1,13.0,0.009248871854202341
87239,28.1,14.0,0.018830427066795746
87240,28.1,15.0,0.010251595267094342
87241,28.1,16.0,0.012070079207088838
87242,28.1,17.0,0.02369914213940954
87243,28.1,18.0,0.012085562909995767
87244,28.1,19.0,0.0054893122280427085
87245,28.1,20.0,0.015991658188182364
87246,28.1,21.0,0.03311681657580238
87247,28.1,22.0,0.017416939010038143
87248,28.1,23.0,0.0217568197635118
87249,28.1,24.0,0.04459290227724708
87250,28.1,25.0,0.021212751203671353
87251,28.1,26.0,0.008505961018673286
87252,28.1,27.0,0.03918904972116633
87253,28.1,28.0,0.08872356614799456
87254,28.1,29.0,0.053959509513199534
87255,28.1,30.0,0.03509072455398592
87256,28.1,31.0,0.06863856372025813
87257,28.1,32.0,0.03183152234374423
87258,28.1,33.0,0.009250375739345224
87259,28.1,34.0,0.02214620395482802
87260,28.1,35.0,0.04497002719461442
87261,28.1,36.0,0.022490771642923256
87262,28.1,37.0,0.018660515444901396
87263,28.1,38.0,0.034802313948556915
87264,28.1,39.0,0.017665444148163918
87265,28.1,40.0,0.014936262416327574
87266,28.1,41.0,0.02749973368277093
87267,28.1,42.0,0.013523043931338755
87268,28.1,43.0,0.0049308566664759
87269,28.1,44.0,0.010527968661618852
87270,28.1,45.0,0.020413185373726675
87271,28.1,46.0,0.009940245343135526
87272,28.1,47.0,0.0031402832925755777
87273,28.1,48.0,0.002411118382295164
87274,28.1,49.0,0.0021580587950639166
87275,28.1,50.0,0.0019255021069433508
87276,28.1,51.0,0.001708890090046802
87277,28.1,52.0,0.0015113884395221299
87278,28.1,53.0,0.0015757189556011564
87279,28.1,54.0,0.004875134656952071
87280,28.1,55.0,0.010136117800229374
87281,28.1,56.0,0.004586785224424116
87282,28.1,57.0,0.0009977247301353471
87283,28.1,58.0,0.0006412291233765921
87284,28.1,59.0,0.0005429593475329078
87285,28.1,60.0,0.00045931107589945323
87286,28.1,61.0,0.0003864886992904205
87287,28.1,62.0,0.00032348398956081323
87288,28.1,63.0,0.0002693114938638793
87289,28.1,64.0,0.0002230196319170171
87290,28.1,65.0,0.00018370349036401433
87291,28.1,66.0,0.0001505143227343248
87292,28.1,67.0,0.00012266604332675183
87293,28.1,68.0,9.943905601380103e-05
87294,28.1,69.0,8.01817879362936e-05
87295,28.1,70.0,6.431030761810827e-05
87296,28.1,71.0,5.130640030325625e-05
87297,28.1,72.0,4.0714453628916653e-05
87298,28.1,73.0,3.213747741552603e-05
87299,28.1,74.0,2.5232545513883308e-05
87300,28.2,-75.0,2.51177722478477e-15
87301,28.2,-74.0,4.341280796731052e-15
87302,28.2,-73.0,7.463469178303402e-15
87303,28.2,-72.0,1.2762910320606559e-14
87304,28.2,-71.0,2.1709248960947913e-14
87305,28.2,-70.0,3.67304279299457e-14
87306,28.2,-69.0,6.181491617614051e-14
87307,28.2,-68.0,1.0347768131795017e-13
87308,28.2,-67.0,1.7230036608899053e-13
87309,28.2,-66.0,2.853723024425072e-13
87310,28.2,-65.0,4.701360409486891e-13
87311,28.2,-64.0,7.704090571269789e-13
87312,28.2,-63.0,1.2557561720056913e-12
87313,28.2,-62.0,2.035988733601494e-12
87314,28.2,-61.0,3.2834584657008292e-12
87315,28.2,-60.0,5.267127012128245e-12
87316,28.2,-59.0,8.40431192295282e-12
87317,28.2,-58.0,1.333879634435786e-11
87318,28.2,-57.0,2.1058005193908902e-11
87319,28.2,-56.0,3.3067694952540004e-11
87320,28.2,-55.0,5.1650760967810115e-11
87321,28.2,-54.0,8.024826168220253e-11
87322,28.2,-53.0,1.2401683694201557e-10
87323,28.2,-52.0,1.906390103833989e-10
87324,28.2,-51.0,2.914935886907468e-10
87325,28.2,-50.0,4.4333533481032024e-10
87326,28.2,-49.0,6.706899438106999e-10
87327,28.2,-48.0,1.0092467288543725e-09
87328,28.2,-47.0,1.5106331629676418e-09
87329,28.2,-46.0,2.2490897549480617e-09
87330,28.2,-45.0,3.3307395128981655e-09
87331,28.2,-44.0,4.9063741204249285e-09
87332,28.2,-43.0,7.188971527937577e-09
87333,28.2,-42.0,1.0477531581987344e-08
87334,28.2,-41.0,1.5189284194695244e-08
87335,28.2,-40.0,2.1902906759707623e-08
87336,28.2,-39.0,3.141610369824847e-08
87337,28.2,-38.0,4.482177130719791e-08
87338,28.2,-37.0,6.36080149188889e-08
87339,28.2,-36.0,8.978851983009032e-08
87340,28.2,-35.0,1.2607121495670865e-07
87341,28.2,-34.0,1.760748136736976e-07
87342,28.2,-33.0,2.446046637396367e-07
87343,28.2,-32.0,3.380013663148679e-07
87344,28.2,-31.0,4.645777916349696e-07
87345,28.2,-30.0,6.351623595380345e-07
87346,28.2,-29.0,8.63768669937412e-07
87347,28.2,-28.0,1.168413629076393e-06
87348,28.2,-27.0,1.5721079496597947e-06
87349,28.2,-26.0,2.104044484684156e-06
87350,28.2,-25.0,2.802285356375938e-06
87351,28.2,-24.0,4.397618664326875e-06
87352,28.2,-23.0,6.639112238255747e-05
87353,28.2,-22.0,0.0009173507709372623
87354,28.2,-21.0,0.0022454892602418912
87355,28.2,-20.0,0.0009226360597561879
87356,28.2,-19.0,0.00014949895250866292
87357,28.2,-18.0,0.0011152732249323327
87358,28.2,-17.0,0.0027171813425499866
87359,28.2,-16.0,0.001211261393367808
87360,28.2,-15.0,0.0013766795732768607
87361,28.2,-14.0,0.003156241426695205
87362,28.2,-13.0,0.0013248347967207731
87363,28.2,-12.0,0.0002609158534192
87364,28.2,-11.0,0.0016326357676767368
87365,28.2,-10.0,0.0039013504333188067
87366,28.2,-9.0,0.0017982990703342195
87367,28.2,-8.0,0.0020668353545320694
87368,28.2,-7.0,0.004621964546236308
87369,28.2,-6.0,0.0020390541576434627
87370,28.2,-5.0,0.000553028303849728
87371,28.2,-4.0,0.002569787294812129
87372,28.2,-3.0,0.005886671866073284
87373,28.2,-2.0,0.002704059633348161
87374,28.2,-1.0,0.0006980846414217641
87375,28.2,0.0,0.0005428352773966009
87376,28.2,1.0,0.0009457021420817009
87377,28.2,2.0,0.003979622903095133
87378,28.2,3.0,0.008665169616589467
87379,28.2,4.0,0.004243367220927396
87380,28.2,5.0,0.0017382478573447946
87381,28.2,6.0,0.005427696392754928
87382,28.2,7.0,0.011437175373192103
87383,28.2,8.0,0.006114137859145474
87384,28.2,9.0,0.007124537246948302
87385,28.2,10.0,0.014168583480546972
87386,28.2,11.0,0.007281214308565592
87387,28.2,12.0,0.003386186216916824
87388,28.2,13.0,0.00933556100214115
87389,28.2,14.0,0.019010144267735247
87390,28.2,15.0,0.010350705851995289
87391,28.2,16.0,0.01218286216222878
87392,28.2,17.0,0.023916357342664812
87393,28.2,18.0,0.012203177240108158
87394,28.2,19.0,0.005550456553447234
87395,28.2,20.0,0.016130824911960277
87396,28.2,21.0,0.03338261502601332
87397,28.2,22.0,0.01757070688155352
87398,28.2,23.0,0.021909414170538388
87399,28.2,24.0,0.04485722519682973
87400,28.2,25.0,0.021367510285736156
87401,28.2,26.0,0.008526825718943752
87402,28.2,27.0,0.03829448564358705
87403,28.2,28.0,0.08640593493109154
87404,28.2,29.0,0.0517286255305019
87405,28.2,30.0,0.03517638952527468
87406,28.2,31.0,0.06925009801078456
87407,28.2,32.0,0.03207507646564415
87408,28.2,33.0,0.009264726582306764
87409,28.2,34.0,0.02223532310753823
87410,28.2,35.0,0.045200255367519884
87411,28.2,36.0,0.02259008587226942
87412,28.2,37.0,0.018726268724681753
87413,28.2,38.0,0.03494526085156385
87414,28.2,39.0,0.01773217398450206
87415,28.2,40.0,0.014986108882990637
87416,28.2,41.0,0.027598891154622232
87417,28.2,42.0,0.013572178696557262
87418,28.2,43.0,0.004949509465373337
87419,28.2,44.0,0.010564284077148814
87420,28.2,45.0,0.020480035371885474
87421,28.2,46.0,0.009977116482943606
87422,28.2,47.0,0.0031577701701807318
87423,28.2,48.0,0.002426933085581479
87424,28.2,49.0,0.00217338836477962
87425,28.2,50.0,0.0019402132257081996
87426,28.2,51.0,0.0017228639139244455
87427,28.2,52.0,0.001524539845743889
87428,28.2,53.0,0.0015884200750780032
87429,28.2,54.0,0.004893055402304191
87430,28.2,55.0,0.01016269236640732
87431,28.2,56.0,0.004602818249469159
87432,28.2,57.0,0.0010066859694637955
87433,28.2,58.0,0.0006488595224272845
87434,28.2,59.0,0.0005497373389916629
87435,28.2,60.0,0.00046529273670162295
87436,28.2,61.0,0.0003917306418724885
87437,28.2,62.0,0.0003280461341334462
87438,28.2,63.0,0.00027325518517011657
87439,28.2,64.0,0.0002264060389756189
87440,28.2,65.0,0.00018659229623212907
87441,28.2,66.0,0.00015296269238063097
87442,28.2,67.0,0.0001247278501584246
87443,28.2,68.0,0.0001011643421720307
87444,28.2,69.0,8.161643001969886e-05
87445,28.2,70.0,6.549585779831367e-05
87446,28.2,71.0,5.228007260355901e-05
87447,28.2,72.0,4.1509226163393045e-05
87448,28.2,73.0,3.278228334619904e-05
87449,28.2,74.0,2.5752528103715675e-05
87450,28.3,-75.0,2.4125799638726494e-15
87451,28.3,-74.0,4.172053461945622e-15
87452,28.3,-73.0,7.176358411378306e-15
87453,28.3,-72.0,1.2278476516228742e-14
87454,28.3,-71.0,2.0896375062436505e-14
87455,28.3,-70.0,3.537394798893464e-14
87456,28.3,-69.0,5.956377558459458e-14
87457,28.3,-68.0,9.97624283623318e-14
87458,28.3,-67.0,1.6620263800926658e-13
87459,28.3,-66.0,2.7541964933818907e-13
87460,28.3,-65.0,4.539813759505516e-13
87461,28.3,-64.0,7.443329764178769e-13
87462,28.3,-63.0,1.21389910413868e-12
87463,28.3,-62.0,1.969173711157289e-12
87464,28.3,-61.0,3.177397686933239e-12
87465,28.3,-60.0,5.099707042862104e-12
87466,28.3,-59.0,8.141510536003724e-12
87467,28.3,-58.0,1.2928580907397774e-11
87468,28.3,-57.0,2.0421274048430027e-11
87469,28.3,-56.0,3.208491675928252e-11
87470,28.3,-55.0,5.014239893748922e-11
87471,28.3,-54.0,7.794628235417976e-11
87472,28.3,-53.0,1.2052352146573665e-10
87473,28.3,-52.0,1.853678130192537e-10
87474,28.3,-51.0,2.835847989021554e-10
87475,28.3,-50.0,4.315366408157968e-10
87476,28.3,-49.0,6.531884753132097e-10
87477,28.3,-48.0,9.834345425008573e-10
87478,28.3,-47.0,1.472782149527649e-09
87479,28.3,-46.0,2.1939042710418963e-09
87480,28.3,-45.0,3.250745309365473e-09
87481,28.3,-44.0,4.79108995801108e-09
87482,28.3,-43.0,7.023794826371992e-09
87483,28.3,-42.0,1.0242251139262256e-08
87484,28.3,-41.0,1.4856111090440912e-08
87485,28.3,-40.0,2.1433888782437675e-08
87486,28.3,-39.0,3.075975896474754e-08
87487,28.3,-38.0,4.390874342301922e-08
87488,28.3,-37.0,6.234551573845837e-08
87489,28.3,-36.0,8.805328787648068e-08
87490,28.3,-35.0,1.2370067989132955e-07
87491,28.3,-34.0,1.728561228849859e-07
87492,28.3,-33.0,2.40261200376134e-07
87493,28.3,-32.0,3.321763745864321e-07
87494,28.3,-31.0,4.568147322562844e-07
87495,28.3,-30.0,6.248816549111894e-07
87496,28.3,-29.0,8.502405760825227e-07
87497,28.3,-28.0,1.1507271023027104e-06
87498,28.3,-27.0,1.5491355750710702e-06
87499,28.3,-26.0,2.0744038206409476e-06
87500,28.3,-25.0,2.7643104556895702e-06
87501,28.3,-24.0,4.356295262020228e-06
87502,28.3,-23.0,6.695795903762281e-05
87503,28.3,-22.0,0.0009265742380728067
87504,28.3,-21.0,0.0022682322577599417
87505,28.3,-20.0,0.0009318257395596362
87506,28.3,-19.0,0.00015072585730822074
87507,28.3,-18.0,0.0011261238015613203
87508,28.3,-17.0,0.002744038939103073
87509,28.3,-16.0,0.0012228719075832574
87510,28.3,-15.0,0.0013896698657823634
87511,28.3,-14.0,0.003186709108549147
87512,28.3,-13.0,0.0013369775691241255
87513,28.3,-12.0,0.0002622959600124251
87514,28.3,-11.0,0.0016470799236962524
87515,28.3,-10.0,0.003937530193569767
87516,28.3,-9.0,0.001813751011454448
87517,28.3,-8.0,0.002084258110416444
87518,28.3,-7.0,0.0046632969907217875
87519,28.3,-6.0,0.00205537905247675
87520,28.3,-5.0,0.0005547245874904681
87521,28.3,-4.0,0.002589591294367016
87522,28.3,-3.0,0.005936536412403522
87523,28.3,-2.0,0.002723990057667866
87524,28.3,-1.0,0.0006989520986844639
87525,28.3,0.0,0.0005508832937760931
87526,28.3,1.0,0.0009477116146198115
87527,28.3,2.0,0.0040078451351054385
87528,28.3,3.0,0.008734184593506186
87529,28.3,4.0,0.004272986755612366
87530,28.3,5.0,0.0017453098375883212
87531,28.3,6.0,0.005465380243786612
87532,28.3,7.0,0.011525129912613959
87533,28.3,8.0,0.006157361045008912
87534,28.3,9.0,0.007174587929816396
87535,28.3,10.0,0.01427519843868915
87536,28.3,11.0,0.007333486208720424
87537,28.3,12.0,0.00340791900708567
87538,28.3,13.0,0.009401611315707542
87539,28.3,14.0,0.019148089376033947
87540,28.3,15.0,0.010426976683189888
87541,28.3,16.0,0.012268793133488427
87542,28.3,17.0,0.024081064163072503
87543,28.3,18.0,0.01229395371581514
87544,28.3,19.0,0.005599367579122728
87545,28.3,20.0,0.01623468554905646
87546,28.3,21.0,0.033575460882136546
87547,28.3,22.0,0.017686180935697408
87548,28.3,23.0,0.02201487573622136
87549,28.3,24.0,0.04502523628941181
87550,28.3,25.0,0.021476709315332274
87551,28.3,26.0,0.008550352025573173
87552,28.3,27.0,0.037625984938441895
87553,28.3,28.0,0.08465959240129414
87554,28.3,29.0,0.0499135951779448
87555,28.3,30.0,0.035262726405760905
87556,28.3,31.0,0.06980446969619843
87557,28.3,32.0,0.032290780102372116
87558,28.3,33.0,0.009269228089303338
87559,28.3,34.0,0.0223012070225723
87560,28.3,35.0,0.045384168411302675
87561,28.3,36.0,0.022665823813271094
87562,28.3,37.0,0.018771957592449953
87563,28.3,38.0,0.035051232993485296
87564,28.3,39.0,0.017779890493050475
87565,28.3,40.0,0.01501968925940835
87566,28.3,41.0,0.027668440788430056
87567,28.3,42.0,0.013606602373633796
87568,28.3,43.0,0.004962617621553861
87569,28.3,44.0,0.010589063246259516
87570,28.3,45.0,0.02052475529238539
87571,28.3,46.0,0.010003143389713356
87572,28.3,47.0,0.0031717494857328343
87573,28.3,48.0,0.0024400501992418895
87574,28.3,49.0,0.0021863164146259085
87575,28.3,50.0,0.0019527944655970781
87576,28.3,51.0,0.0017349598562990318
87577,28.3,52.0,0.001536042256201272
87578,28.3,53.0,0.001599414462722839
87579,28.3,54.0,0.004905696806443401
87580,28.3,55.0,0.01017828302606383
87581,28.3,56.0,0.004613898668832518
87582,28.3,57.0,0.001014595723530889
87583,28.3,58.0,0.0006558281374143229
87584,28.3,59.0,0.0005559615673788339
87585,28.3,60.0,0.0004708116931990364
87586,28.3,61.0,0.0003965883028746453
87587,28.3,62.0,0.0003322910699013631
87588,28.3,63.0,0.0002769386347063276
87589,28.3,64.0,0.00022958025349882068
87590,28.3,65.0,0.0001893091575673621
87591,28.3,66.0,0.00015527259890242348
87592,28.3,67.0,0.0001266788548930097
87593,28.3,68.0,0.00010280152169136381
87594,28.3,69.0,8.298145873367951e-05
87595,28.3,70.0,6.66267599878461e-05
87596,28.3,71.0,5.3211123800208796e-05
87597,28.3,72.0,4.227097600676701e-05
87598,28.3,73.0,3.340167356382185e-05
87599,28.3,74.0,2.62530814931571e-05
87600,28.4,-75.0,2.3143061449381267e-15
87601,28.4,-74.0,4.004242270867671e-15
87602,28.4,-73.0,6.891376711812552e-15
87603,28.4,-72.0,1.17971674377775e-14
87604,28.4,-71.0,2.008794929199154e-14
87605,28.4,-70.0,3.4023545707658204e-14
87606,28.4,-69.0,5.732045722152246e-14
87607,28.4,-68.0,9.605629434663099e-14
87608,28.4,-67.0,1.6011356170948524e-13
87609,28.4,-66.0,2.654706517191705e-13
87610,28.4,-65.0,4.3781538728147625e-13
87611,28.4,-64.0,7.182103073503534e-13
87612,28.4,-63.0,1.1719210460397911e-12
87613,28.4,-62.0,1.9020905206548262e-12
87614,28.4,-61.0,3.0707899902363067e-12
87615,28.4,-60.0,4.931228861279925e-12
87616,28.4,-59.0,7.876736349076693e-12
87617,28.4,-58.0,1.2514790002767772e-11
87618,28.4,-57.0,1.9778207627393208e-11
87619,28.4,-56.0,3.1091122676782886e-11
87620,28.4,-55.0,4.861518968052982e-11
87621,28.4,-54.0,7.561251302273243e-11
87622,28.4,-53.0,1.1697726622854398e-10
87623,28.4,-52.0,1.800094771915041e-10
87624,28.4,-51.0,2.7553411682366903e-10
87625,28.4,-50.0,4.195092096272398e-10
87626,28.4,-49.0,6.353217531489142e-10
87627,28.4,-48.0,9.570443414340885e-10
87628,28.4,-47.0,1.434024272153916e-09
87629,28.4,-46.0,2.1373077138134282e-09
87630,28.4,-45.0,3.1685729708425332e-09
87631,28.4,-44.0,4.6724695833058686e-09
87632,28.4,-43.0,6.853546493080019e-09
87633,28.4,-42.0,9.999317437636252e-09
87634,28.4,-41.0,1.4511471791612107e-08
87635,28.4,-40.0,2.0947812826435753e-08
87636,28.4,-39.0,3.0078212798479895e-08
87637,28.4,-38.0,4.295873610346877e-08
87638,28.4,-37.0,6.102911820803111e-08
87639,28.4,-36.0,8.624001739079378e-08
87640,28.4,-35.0,1.2121789245726454e-07
87641,28.4,-34.0,1.6947700943835483e-07
87642,28.4,-33.0,2.3568994019160116e-07
87643,28.4,-32.0,3.260299674224891e-07
87644,28.4,-31.0,4.486010160470825e-07
87645,28.4,-30.0,6.139730273780289e-07
87646,28.4,-29.0,8.358429874402156e-07
87647,28.4,-28.0,1.131843985330658e-06
87648,28.4,-27.0,1.5245265431851106e-06
87649,28.4,-26.0,2.0425382143631584e-06
87650,28.4,-25.0,2.7233277120137977e-06
87651,28.4,-24.0,4.310137916770655e-06
87652,28.4,-23.0,6.74482878832174e-05
87653,28.4,-22.0,0.0009347372480675426
87654,28.4,-21.0,0.0022883790782255837
87655,28.4,-20.0,0.0009399487342475674
87656,28.4,-19.0,0.00015177971982240491
87657,28.4,-18.0,0.0011356820467687278
87658,28.4,-17.0,0.0027677479352811478
87659,28.4,-16.0,0.0012330779606325615
87660,28.4,-15.0,0.001401061204821836
87661,28.4,-14.0,0.0032135117489864445
87662,28.4,-13.0,0.001347579466208396
87663,28.4,-12.0,0.0002633681031350005
87664,28.4,-11.0,0.0016596185303453085
87665,28.4,-10.0,0.0039691631667231
87666,28.4,-9.0,0.0018270992045630798
87667,28.4,-8.0,0.0020992575140624777
87668,28.4,-7.0,0.004699223794762289
87669,28.4,-6.0,0.0020693032083673054
87670,28.4,-5.0,0.0005557453867687755
87671,28.4,-4.0,0.0026063555329262655
87672,28.4,-3.0,0.00597947643304139
87673,28.4,-2.0,0.0027407058287839186
87674,28.4,-1.0,0.0006989386698682969
87675,28.4,0.0,0.0005583580382219997
87676,28.4,1.0,0.0009485238633754661
87677,28.4,2.0,0.004031295195078943
87678,28.4,3.0,0.008792912873798967
87679,28.4,4.0,0.004297493265149402
87680,28.4,5.0,0.0017501812018186405
87681,28.4,6.0,0.005496512214971249
87682,28.4,7.0,0.011599440505505319
87683,28.4,8.0,0.006193190319980273
87684,28.4,9.0,0.007216027342344135
87685,28.4,10.0,0.014364875420734438
87686,28.4,11.0,0.007376936471244566
87687,28.4,12.0,0.0034254167171720393
87688,28.4,13.0,0.009456382932402361
87689,28.4,14.0,0.01926331023595407
87690,28.4,15.0,0.010490770986522105
87691,28.4,16.0,0.012340087448658058
87692,28.4,17.0,0.024217265807878037
87693,28.4,18.0,0.012370105405683895
87694,28.4,19.0,0.005641560964719335
87695,28.4,20.0,0.016319455470391195
87696,28.4,21.0,0.033729019255741725
87697,28.4,22.0,0.017781011052514673
87698,28.4,23.0,0.022095357288160165
87699,28.4,24.0,0.0451425023416698
87700,28.4,25.0,0.02156181266932213
87701,28.4,26.0,0.008575338237464841
87702,28.4,27.0,0.03707943499842496
87703,28.4,28.0,0.08322144264121016
87704,28.4,29.0,0.048331368233120495
87705,28.4,30.0,0.0353514213221041
87706,28.4,31.0,0.07033210392728816
87707,28.4,32.0,0.032492837778089007
87708,28.4,33.0,0.009268027753461045
87709,28.4,34.0,0.022353633043329164
87710,28.4,35.0,0.0455415344247925
87711,28.4,36.0,0.022727896502461875
87712,28.4,37.0,0.018805821793218377
87713,28.4,38.0,0.03513555867513588
87714,28.4,39.0,0.01781638311153285
87715,28.4,40.0,0.015043597829301533
87716,28.4,41.0,0.02772051036176385
87717,28.4,42.0,0.013632276598139922
87718,28.4,43.0,0.004972351498216836
87719,28.4,44.0,0.010606948872305259
87720,28.4,45.0,0.02055635598048156
87721,28.4,46.0,0.010022704377720001
87722,28.4,47.0,0.003183591590835061
87723,28.4,48.0,0.002451516814540746
87724,28.4,49.0,0.0021977777476923357
87725,28.4,50.0,0.001964077810104441
87726,28.4,51.0,0.0017459144727554174
87727,28.4,52.0,0.0015465455353794537
87728,28.4,53.0,0.001609381810944026
87729,28.4,54.0,0.00491520586203485
87730,28.4,55.0,0.010187375675259494
87731,28.4,56.0,0.004622048332102566
87732,28.4,57.0,0.0010218827423306186
87733,28.4,58.0,0.0006624068102505388
87734,28.4,59.0,0.0005618616427651805
87735,28.4,60.0,0.00047606174756966574
87736,28.4,61.0,0.0004012243997931674
87737,28.4,62.0,0.0003363546953063968
87738,28.4,63.0,0.0002804747441668812
87739,28.4,64.0,0.00023263557800053773
87740,28.4,65.0,0.00019193077417986655
87741,28.4,66.0,0.00015750676206918675
87742,28.4,67.0,0.00012857007571621715
87743,28.4,68.0,0.00010439187623045549
87744,28.4,69.0,8.431010191161533e-05
87745,28.4,70.0,6.772961903945154e-05
87746,28.4,71.0,5.412074408283372e-05
87747,28.4,72.0,4.301649217253716e-05
87748,28.4,73.0,3.400888029934937e-05
87749,28.4,74.0,2.6744580004519995e-05
87750,28.5,-75.0,2.2180981029299626e-15
87751,28.5,-74.0,3.839827168450179e-15
87752,28.5,-73.0,6.6119370680534625e-15
87753,28.5,-72.0,1.1324834215114859e-14
87754,28.5,-71.0,1.929394793823251e-14
87755,28.5,-70.0,3.269613810061461e-14
87756,28.5,-69.0,5.5113491296039234e-14
87757,28.5,-68.0,9.240713277484448e-14
87758,28.5,-67.0,1.541129644268397e-13
87759,28.5,-66.0,2.5565774922891485e-13
87760,28.5,-65.0,4.218566071297089e-13
87761,28.5,-64.0,6.92399677984467e-13
87762,28.5,-63.0,1.1304073340260077e-12
87763,28.5,-62.0,1.8356893290302685e-12
87764,28.5,-61.0,2.965169386575257e-12
87765,28.5,-60.0,4.76415562366903e-12
87766,28.5,-59.0,7.613922971784976e-12
87767,28.5,-58.0,1.210367143075286e-11
87768,28.5,-57.0,1.913867555026501e-11
87769,28.5,-56.0,3.010181913577759e-11
87770,28.5,-55.0,4.7093363687503455e-11
87771,28.5,-54.0,7.328461125392289e-11
87772,28.5,-53.0,1.13436279233097e-10
87773,28.5,-52.0,1.746534887322026e-10
87774,28.5,-51.0,2.674783681640895e-10
87775,28.5,-50.0,4.074611180511846e-10
87776,28.5,-49.0,6.174044962510116e-10
87777,28.5,-48.0,9.305495667733353e-10
87778,28.5,-47.0,1.3950678902364024e-09
87779,28.5,-46.0,2.080354194815577e-09
87780,28.5,-45.0,3.0857826438293556e-09
87781,28.5,-44.0,4.552809624677342e-09
87782,28.5,-43.0,6.681589035423509e-09
87783,28.5,-42.0,9.753626952448342e-09
87784,28.5,-41.0,1.4162458030561093e-08
87785,28.5,-40.0,2.045489463952034e-08
87786,28.5,-39.0,2.938610171415593e-08
87787,28.5,-38.0,4.1992606523554106e-08
87788,28.5,-37.0,5.968838367437176e-08
87789,28.5,-36.0,8.439038038629548e-08
87790,28.5,-35.0,1.1868128010066972e-07
87791,28.5,-34.0,1.6601895166034268e-07
87792,28.5,-33.0,2.310038941810387e-07
87793,28.5,-32.0,3.1971804741336983e-07
87794,28.5,-31.0,4.401505577126408e-07
87795,28.5,-30.0,6.027284100010554e-07
87796,28.5,-29.0,8.209721655589328e-07
87797,28.5,-28.0,1.1122992578357916e-06
87798,28.5,-27.0,1.4989992270974647e-06
87799,28.5,-26.0,2.009407113069957e-06
87800,28.5,-25.0,2.6806121674122255e-06
87801,28.5,-24.0,4.261105047904519e-06
87802,28.5,-23.0,6.788883414320394e-05
87803,28.5,-22.0,0.0009422057395636644
87804,28.5,-21.0,0.0023068250679713037
87805,28.5,-20.0,0.0009473733038221832
87806,28.5,-19.0,0.000152720847031941
87807,28.5,-18.0,0.0011443937198780546
87808,28.5,-17.0,0.002789393324573231
87809,28.5,-16.0,0.0012423641062519165
87810,28.5,-15.0,0.0014114048053058138
87811,28.5,-14.0,0.0032379114057858294
87812,28.5,-13.0,0.0013571718312069725
87813,28.5,-12.0,0.00026423941990480026
87814,28.5,-11.0,0.0016709076243751533
87815,28.5,-10.0,0.003997812909334512
87816,28.5,-9.0,0.0018390673876499506
87817,28.5,-8.0,0.0021126661710376415
87818,28.5,-7.0,0.004731600997333943
87819,28.5,-6.0,0.0020816501681871504
87820,28.5,-5.0,0.0005563208034261032
87821,28.5,-4.0,0.0026211197137593254
87822,28.5,-3.0,0.006017862467815338
87823,28.5,-2.0,0.0027553031725998443
87824,28.5,-1.0,0.000698337851603794
87825,28.5,0.0,0.0005654704730033937
87826,28.5,1.0,0.0009485343214213953
87827,28.5,2.0,0.004051588742454695
87828,28.5,3.0,0.008844853877192898
87829,28.5,4.0,0.004318610416177532
87830,28.5,5.0,0.001753580071042831
87831,28.5,6.0,0.005523297128849745
87832,28.5,7.0,0.0116647326915342
87833,28.5,8.0,0.0062241070448782986
87834,28.5,9.0,0.007251747397435847
87835,28.5,10.0,0.014443349238426504
87836,28.5,11.0,0.007414517214512125
87837,28.5,12.0,0.0034400570774594133
87838,28.5,13.0,0.009503662528349006
87839,28.5,14.0,0.019363511522050746
87840,28.5,15.0,0.010546279202056669
87841,28.5,16.0,0.012401685899589843
87842,28.5,17.0,0.02433467402356913
87843,28.5,18.0,0.012436569186033338
87844,28.5,19.0,0.005679260758388558
87845,28.5,20.0,0.016391693591473643
87846,28.5,21.0,0.03385691937454984
87847,28.5,22.0,0.017862333151099412
87848,28.5,23.0,0.022159810571971885
87849,28.5,24.0,0.04522745138714601
87850,28.5,25.0,0.021631489497303497
87851,28.5,26.0,0.008601280572416286
87852,28.5,27.0,0.036612731899207704
87853,28.5,28.0,0.08198511743490626
87854,28.5,29.0,0.046906673907005134
87855,28.5,30.0,0.03544331601084867
87856,28.5,31.0,0.07084586746651782
87857,28.5,32.0,0.03268723659824462
87858,28.5,33.0,0.00926283996057454
87859,28.5,34.0,0.022396586814568024
87860,28.5,35.0,0.045680394741497626
87861,28.5,36.0,0.022780339488706648
87862,28.5,37.0,0.018831214799840745
87863,28.5,38.0,0.035204466668029157
87864,28.5,39.0,0.017844818818620645
87865,28.5,40.0,0.015060516175494495
87866,28.5,41.0,0.02776002822022656
87867,28.5,42.0,0.013651623366692586
87868,28.5,43.0,0.004979591850161613
87869,28.5,44.0,0.010619826758650993
87870,28.5,45.0,0.02057849951888628
87871,28.5,46.0,0.010037576501933628
87872,28.5,47.0,0.0031938495332480567
87873,28.5,48.0,0.0024617542411178987
87874,28.5,49.0,0.0022081478794424457
87875,28.5,50.0,0.0019743969376526194
87876,28.5,51.0,0.0017560227011417355
87877,28.5,52.0,0.0015563095097391134
87878,28.5,53.0,0.0016185944018058428
87879,28.5,54.0,0.004922453536893864
87880,28.5,55.0,0.0101917954264929
87881,28.5,56.0,0.004628087893038315
87882,28.5,57.0,0.0010287183907656864
87883,28.5,58.0,0.000668703282113771
87884,28.5,59.0,0.0005675284344619315
87885,28.5,60.0,0.0004811194991887044
87886,28.5,61.0,0.00040570316659789904
87887,28.5,62.0,0.00034029059426164747
87888,28.5,63.0,0.00028390798050215865
87889,28.5,64.0,0.00023560872183062527
87890,28.5,65.0,0.00019448729387276442
87891,28.5,66.0,0.00015968981262387167
87892,28.5,67.0,0.00013042153177084107
87893,28.5,68.0,0.00010595159265822058
87894,28.5,69.0,8.561538021146358e-05
87895,28.5,70.0,6.881485474478276e-05
87896,28.5,71.0,5.501722898812571e-05
87897,28.5,72.0,4.3752345072954725e-05
87898,28.5,73.0,3.460908089360968e-05
87899,28.5,74.0,2.723108236833109e-05
87900,28.6,-75.0,2.124505401401128e-15
87901,28.6,-74.0,3.679765603694279e-15
87902,28.6,-73.0,6.3396981293256845e-15
87903,28.6,-72.0,1.0864334036294805e-14
87904,28.6,-71.0,1.8519265097055538e-14
87905,28.6,-70.0,3.140006119844471e-14
87906,28.6,-69.0,5.295699677545613e-14
87907,28.6,-68.0,8.88387233716388e-14
87908,28.6,-67.0,1.482406728562762e-13
87909,28.6,-66.0,2.460472716265058e-13
87910,28.6,-65.0,4.0621488858834147e-13
87911,28.6,-64.0,6.670820092278771e-13
87912,28.6,-63.0,1.089654274190913e-12
87913,28.6,-62.0,1.7704527174939276e-12
87914,28.6,-61.0,2.861317469145149e-12
87915,28.6,-60.0,4.5997461803665155e-12
87916,28.6,-59.0,7.35508669293714e-12
87917,28.6,-58.0,1.1698436772759958e-11
87918,28.6,-57.0,1.8507764970639865e-11
87919,28.6,-56.0,2.912501964232365e-11
87920,28.6,-55.0,4.55894744374386e-11
87921,28.6,-54.0,7.098213400939039e-11
87922,28.6,-53.0,1.0993086003707073e-10
87923,28.6,-52.0,1.6934653191693078e-10
87924,28.6,-51.0,2.594890858741629e-10
87925,28.6,-50.0,3.9550137061366723e-10
87926,28.6,-49.0,5.996018960211818e-10
87927,28.6,-48.0,9.041991824624255e-10
87928,28.6,-47.0,1.356286162093852e-09
87929,28.6,-46.0,2.02359994987728e-09
87930,28.6,-45.0,3.0031989132947084e-09
87931,28.6,-44.0,4.4333257751222605e-09
87932,28.6,-43.0,6.509704938272476e-09
87933,28.6,-42.0,9.50777890095839e-09
87934,28.6,-41.0,1.3812839235102211e-08
87935,28.6,-40.0,1.996057080059606e-08
87936,28.6,-39.0,2.869122391678373e-08
87937,28.6,-38.0,4.1021479261057114e-08
87938,28.6,-37.0,5.833909528401421e-08
87939,28.6,-36.0,8.252664716013362e-08
87940,28.6,-35.0,1.1612209512256831e-07
87941,28.6,-34.0,1.62525567247708e-07
87942,28.6,-33.0,2.262636061019706e-07
87943,28.6,-32.0,3.133241946978607e-07
87944,28.6,-31.0,4.315781105148633e-07
87945,28.6,-30.0,5.913044982305495e-07
87946,28.6,-29.0,8.058409137092601e-07
87947,28.6,-28.0,1.0923803497258292e-06
87948,28.6,-27.0,1.4729397434840033e-06
87949,28.6,-26.0,1.975526385731696e-06
87950,28.6,-25.0,2.636849571230551e-06
87951,28.6,-24.0,4.210247015515586e-06
87952,28.6,-23.0,6.829369050608694e-05
87953,28.6,-22.0,0.0009491723579036216
87954,28.6,-21.0,0.0023240415359405955
87955,28.6,-20.0,0.0009542933392620379
87956,28.6,-19.0,0.0001535810584951507
87957,28.6,-18.0,0.001152493584676819
87958,28.6,-17.0,0.0028095464215965936
87959,28.6,-16.0,0.0012509855906326546
87960,28.6,-15.0,0.0014209910844212067
87961,28.6,-14.0,0.003260572829377703
87962,28.6,-13.0,0.001366034718496484
87963,28.6,-12.0,0.00026496667025379826
87964,28.6,-11.0,0.0016812931308247177
87965,28.6,-10.0,0.004024303397491252
87966,28.6,-9.0,0.0018500373284331575
87967,28.6,-8.0,0.002124923369839678
87968,28.6,-7.0,0.004761407151241294
87969,28.6,-6.0,0.00209285470904206
87970,28.6,-5.0,0.0005565731465943772
87971,28.6,-4.0,0.002634432948331546
87972,28.6,-3.0,0.006052945126250154
87973,28.6,-2.0,0.002768361337028157
87974,28.6,-1.0,0.0006973060403598369
87975,28.6,0.0,0.0005723311430139941
87976,28.6,1.0,0.0009479534514814839
87977,28.6,2.0,0.004069579748361767
87978,28.6,3.0,0.008891854912385573
87979,28.6,4.0,0.004337249374907435
87980,28.6,5.0,0.0017558875557530489
87981,28.6,6.0,0.005546900399166129
87982,28.6,7.0,0.01172344882333978
87983,28.6,8.0,0.006251422456611076
87984,28.6,9.0,0.007283276214934255
87985,28.6,10.0,0.01451364816457026
87986,28.6,11.0,0.007447787846524406
87987,28.6,12.0,0.0034525683046542433
87988,28.6,13.0,0.009545450144586836
87989,28.6,14.0,0.01945276195860778
87990,28.6,15.0,0.010595713460041093
87991,28.6,16.0,0.012456197209232063
87992,28.6,17.0,0.024438418079827183
87993,28.6,18.0,0.012495950029534186
87994,28.6,19.0,0.00571363740227278
87995,28.6,20.0,0.016454861413799662
87996,28.6,21.0,0.03396636004734578
87997,28.6,22.0,0.017933910994992364
87998,28.6,23.0,0.022212948193111655
87999,28.6,24.0,0.045289789554691054
88000,28.6,25.0,0.02169030107857099
88001,28.6,26.0,0.008627903554618174
88002,28.6,27.0,0.03620366023168249
88003,28.6,28.0,0.08089450896325151
88004,28.6,29.0,0.045599154285898405
88005,28.6,30.0,0.03553899973912996
88006,28.6,31.0,0.07135299823105093
88007,28.6,32.0,0.032877323273091515
88008,28.6,33.0,0.009254588358327357
88009,28.6,34.0,0.02243217042076555
88010,28.6,35.0,0.04580497946013466
88011,28.6,36.0,0.02282527801824646
88012,28.6,37.0,0.01884990039213376
88013,28.6,38.0,0.035261226119487864
88014,28.6,39.0,0.017866860986656317
88015,28.6,40.0,0.015071852843259029
88016,28.6,41.0,0.02778958041701846
88017,28.6,42.0,0.01366591324470911
88018,28.6,43.0,0.004984800145621639
88019,28.6,44.0,0.010628685836749308
88020,28.6,45.0,0.02059310747427776
88021,28.6,46.0,0.010048690688478346
88022,28.6,47.0,0.003202810953663153
88023,28.6,48.0,0.002470980727654503
88024,28.6,49.0,0.002217620900388066
88025,28.6,50.0,0.001983923934168516
88026,28.6,51.0,0.001765436313495383
88027,28.6,52.0,0.0015654675979826262
88028,28.6,53.0,0.0016271924028143179
88029,28.6,54.0,0.0049278956765390625
88030,28.6,55.0,0.01019250112350282
88031,28.6,56.0,0.004632447160331931
88032,28.6,57.0,0.0010351905951894835
88033,28.6,58.0,0.0006747721982558385
88034,28.6,59.0,0.0005730079342143808
88035,28.6,60.0,0.00048602364619564477
88036,28.6,61.0,0.0004100569973867478
88037,28.6,62.0,0.00034412574473916886
88038,28.6,63.0,0.0002872606962647727
88039,28.6,64.0,0.00023851811078620495
88040,28.6,65.0,0.00019699382836234396
88041,28.6,66.0,0.00016183408152222346
88042,28.6,67.0,0.00013224323416814913
88043,28.6,68.0,0.00010748875779228065
88044,28.6,69.0,8.69037932845789e-05
88045,28.6,70.0,6.988766499018471e-05
88046,28.6,71.0,5.590471465432726e-05
88047,28.6,72.0,4.448180963841319e-05
88048,28.6,73.0,3.520485555640386e-05
88049,28.6,74.0,2.7714611421940644e-05
88050,28.7,-75.0,2.033810950607813e-15
88051,28.7,-74.0,3.5245549557509257e-15
88052,28.7,-73.0,6.075529015538915e-15
88053,28.7,-72.0,1.0417176427940207e-14
88054,28.7,-71.0,1.776650683405335e-14
88055,28.7,-70.0,3.013978725921452e-14
88056,28.7,-69.0,5.085860283887161e-14
88057,28.7,-68.0,8.536400362084148e-14
88058,28.7,-67.0,1.4251849689917176e-13
88059,28.7,-66.0,2.3667576993576415e-13
88060,28.7,-65.0,3.909511287812612e-13
88061,28.7,-64.0,6.423581692710747e-13
88062,28.7,-63.0,1.049827970560125e-12
88063,28.7,-62.0,1.7066526318256112e-12
88064,28.7,-61.0,2.7596768956399294e-12
88065,28.7,-60.0,4.438716912437165e-12
88066,28.7,-59.0,7.101380214486055e-12
88067,28.7,-58.0,1.1300930164618746e-11
88068,28.7,-57.0,1.7888409330386514e-11
88069,28.7,-56.0,2.8165363750217273e-11
88070,28.7,-55.0,4.4110818088585386e-11
88071,28.7,-54.0,6.871648999706244e-11
88072,28.7,-53.0,1.064787467568649e-10
88073,28.7,-52.0,1.641160295436032e-10
88074,28.7,-51.0,2.5160842537550054e-10
88075,28.7,-50.0,3.8369440449208926e-10
88076,28.7,-49.0,5.82011893513968e-10
88077,28.7,-48.0,8.781412158171704e-10
88078,28.7,-47.0,1.3179015576141463e-09
88079,28.7,-46.0,1.967377451860799e-09
88080,28.7,-45.0,2.9213158622633053e-09
88081,28.7,-44.0,4.314748173506259e-09
88082,28.7,-43.0,6.338967142325709e-09
88083,28.7,-42.0,9.263341165591609e-09
88084,28.7,-41.0,1.3464893760687362e-08
88085,28.7,-40.0,1.9468133631485166e-08
88086,28.7,-39.0,2.7998310465724238e-08
88087,28.7,-38.0,4.00521150250784e-08
88088,28.7,-37.0,5.6990860443723165e-08
88089,28.7,-36.0,8.066239466963079e-08
88090,28.7,-35.0,1.1355941773844459e-07
88091,28.7,-34.0,1.5902352176534418e-07
88092,28.7,-33.0,2.2150613609664137e-07
88093,28.7,-32.0,3.0689963100071295e-07
88094,28.7,-31.0,4.229540779357489e-07
88095,28.7,-30.0,5.797975261408557e-07
88096,28.7,-29.0,7.905800477343223e-07
88097,28.7,-28.0,1.0722641050617138e-06
88098,28.7,-27.0,1.4465858427115885e-06
88099,28.7,-26.0,1.9412139059655296e-06
88100,28.7,-25.0,2.5924627467884487e-06
88101,28.7,-24.0,4.158210215537e-06
88102,28.7,-23.0,6.867140706462388e-05
88103,28.7,-22.0,0.0009557538125305567
88104,28.7,-21.0,0.0023403139925960853
88105,28.7,-20.0,0.0009608263183015037
88106,28.7,-19.0,0.00015437967176681774
88107,28.7,-18.0,0.0011601239250685791
88108,28.7,-17.0,0.002828553423468563
88109,28.7,-16.0,0.0012590971423849964
88110,28.7,-15.0,0.0014299961255400497
88111,28.7,-14.0,0.0032818989574525184
88112,28.7,-13.0,0.0013743379938933535
88113,28.7,-12.0,0.00026558445698653365
88114,28.7,-11.0,0.0016909849613590759
88115,28.7,-10.0,0.004049134341836897
88116,28.7,-9.0,0.0018602407799348894
88117,28.7,-8.0,0.002136295840200275
88118,28.7,-7.0,0.004789235987133759
88119,28.7,-6.0,0.002103180993436832
88120,28.7,-5.0,0.0005565772479791867
88121,28.7,-4.0,0.0026466290031148857
88122,28.7,-3.0,0.006085483708037435
88123,28.7,-2.0,0.002780232591956891
88124,28.7,-1.0,0.0006959391812557995
88125,28.7,0.0,0.0005790067355203526
88126,28.7,1.0,0.0009469102171264432
88127,28.7,2.0,0.004085787721209638
88128,28.7,3.0,0.00893503827924144
88129,28.7,4.0,0.004353964519002519
88130,28.7,5.0,0.0017573364991844312
88131,28.7,6.0,0.005568031006132585
88132,28.7,7.0,0.0117770730234849
88133,28.7,8.0,0.006275934021492274
88134,28.7,9.0,0.007311543085340698
88135,28.7,10.0,0.01457761240394778
88136,28.7,11.0,0.007477696340842024
88137,28.7,12.0,0.0034633933828857816
88138,28.7,13.0,0.00958296136098257
88139,28.7,14.0,0.01953353388859641
88140,28.7,15.0,0.010640417457392188
88141,28.7,16.0,0.012505206094969953
88142,28.7,17.0,0.024531614668770033
88143,28.7,18.0,0.012549829267133718
88144,28.7,19.0,0.005745399403171161
88145,28.7,20.0,0.016511059677680212
88146,28.7,21.0,0.03406171349777628
88147,28.7,22.0,0.017998027049000165
88148,28.7,23.0,0.022257619031352788
88149,28.7,24.0,0.04533538569496743
88150,28.7,25.0,0.021741003076575754
88151,28.7,26.0,0.008655033842266594
88152,28.7,27.0,0.03583874086747893
88153,28.7,28.0,0.07991558365073331
88154,28.7,29.0,0.04438392551874407
88155,28.7,30.0,0.03563896860180568
88156,28.7,31.0,0.07185828937298586
88157,28.7,32.0,0.03306529314462846
88158,28.7,33.0,0.009243844872103963
88159,28.7,34.0,0.022461644788150076
88160,28.7,35.0,0.04591781734849712
88161,28.7,36.0,0.022863984388578694
88162,28.7,37.0,0.018862932152508123
88163,28.7,38.0,0.035307784063803666
88164,28.7,39.0,0.01788350132566994
88165,28.7,40.0,0.015078447639231342
88166,28.7,41.0,0.027810706484877965
88167,28.7,42.0,0.013675902456671076
88168,28.7,43.0,0.0049882506957451556
88169,28.7,44.0,0.01063411440729235
88170,28.7,45.0,0.020601323683394082
88171,28.7,46.0,0.010056599918786753
88172,28.7,47.0,0.003210645121995664
88173,28.7,48.0,0.002479324011176085
88174,28.7,49.0,0.0022263100482494943
88175,28.7,50.0,0.0019927588831599495
88176,28.7,51.0,0.001774243299820897
88177,28.7,52.0,0.0015740969102606248
88178,28.7,53.0,0.0016352570999034843
88179,28.7,54.0,0.004931802662229504
88180,28.7,55.0,0.010190064371529885
88181,28.7,56.0,0.004635381296488684
88182,28.7,57.0,0.0010413500913937356
88183,28.7,58.0,0.0006806445663603761
88184,28.7,59.0,0.0005783261565785445
88185,28.7,60.0,0.000490796015946784
88186,28.7,61.0,0.00041430411415887636
88187,28.7,62.0,0.0003478752826731314
88188,28.7,63.0,0.0002905454013657716
88189,28.7,64.0,0.00024137403319426598
88190,28.7,65.0,0.00019945879731463466
88191,28.7,66.0,0.00016394642552161915
88192,28.7,67.0,0.00013404073978685483
88193,28.7,68.0,0.00010900785336366574
88194,28.7,69.0,8.817893844175091e-05
88195,28.7,70.0,7.095092347927694e-05
88196,28.7,71.0,5.678548590295251e-05
88197,28.7,72.0,4.520669397182148e-05
88198,28.7,73.0,3.5797628479866005e-05
88199,28.7,74.0,2.819628377726285e-05
88200,28.8,-75.0,1.9461567097281895e-15
88201,28.8,-74.0,3.3744492608721954e-15
88202,28.8,-73.0,5.819880995685752e-15
88203,28.8,-72.0,9.984157280022143e-15
88204,28.8,-71.0,1.7037066980071973e-14
88205,28.8,-70.0,2.891774044275111e-14
88206,28.8,-69.0,4.8822496989353766e-14
88207,28.8,-68.0,8.199015866024781e-14
88208,28.8,-67.0,1.3695868384590127e-13
88209,28.8,-66.0,2.2756398397087796e-13
88210,28.8,-65.0,3.761002225499959e-13
88211,28.8,-64.0,6.18286494261295e-13
88212,28.8,-63.0,1.0110253313075124e-12
88213,28.8,-62.0,1.6444490473267566e-12
88214,28.8,-61.0,2.6605101102662735e-12
88215,28.8,-60.0,4.28149571016061e-12
88216,28.8,-59.0,6.8534968943202314e-12
88217,28.8,-58.0,1.09122682867351e-11
88218,28.8,-57.0,1.7282396196019692e-11
88219,28.8,-56.0,2.7225695735362446e-11
88220,28.8,-55.0,4.266189317167851e-11
88221,28.8,-54.0,6.649475169206216e-11
88222,28.8,-53.0,1.0309099252495693e-10
88223,28.8,-52.0,1.5897915370360417e-10
88224,28.8,-51.0,2.438629079688002e-10
88225,28.8,-50.0,3.7208093985368883e-10
88226,28.8,-49.0,5.646966437318606e-10
88227,28.8,-48.0,8.524699865737552e-10
88228,28.8,-47.0,1.2800563741016214e-09
88229,28.8,-46.0,1.9119001357323397e-09
88230,28.8,-45.0,2.8404517756392892e-09
88231,28.8,-44.0,4.19754872471436e-09
88232,28.8,-43.0,6.1700712913452626e-09
88233,28.8,-42.0,9.021333320948303e-09
88234,28.8,-41.0,1.3120107393132833e-08
88235,28.8,-40.0,1.8979735931835692e-08
88236,28.8,-39.0,2.7310462820256554e-08
88237,28.8,-38.0,3.9088956528406283e-08
88238,28.8,-37.0,5.565000697876058e-08
88239,28.8,-36.0,7.880658458589274e-08
88240,28.8,-35.0,1.1100586784556008e-07
88241,28.8,-34.0,1.5553048611745124e-07
88242,28.8,-33.0,2.1675608792857465e-07
88243,28.8,-32.0,3.004784196969511e-07
88244,28.8,-31.0,4.143253543317565e-07
88245,28.8,-30.0,5.682716890796307e-07
88246,28.8,-29.0,7.7527695321899e-07
88247,28.8,-28.0,1.0520688095904346e-06
88248,28.8,-27.0,1.4200967399527262e-06
88249,28.8,-26.0,1.9066827813776401e-06
88250,28.8,-25.0,2.5477354488860655e-06
88251,28.8,-24.0,4.105427985542133e-06
88252,28.8,-23.0,6.902765056004186e-05
88253,28.8,-22.0,0.0009620273609228253
88254,28.8,-21.0,0.0023558314242524843
88255,28.8,-20.0,0.0009670500155651363
88256,28.8,-19.0,0.00015512949907830296
88257,28.8,-18.0,0.0011673789656625139
88258,28.8,-17.0,0.0028466435552296837
88259,28.8,-16.0,0.0012668012478202447
88260,28.8,-15.0,0.001438536582591116
88261,28.8,-14.0,0.003302156665103124
88262,28.8,-13.0,0.0013821942361564642
88263,28.8,-12.0,0.0002661158282605442
88264,28.8,-11.0,0.0017001222981175078
88265,28.8,-10.0,0.004072636886919362
88266,28.8,-9.0,0.0018698314700155098
88267,28.8,-8.0,0.0021469605512882644
88268,28.8,-7.0,0.004815481142114858
88269,28.8,-6.0,0.002112804407457361
88270,28.8,-5.0,0.000556383146257786
88271,28.8,-4.0,0.0026579295719300873
88272,28.8,-3.0,0.006115981966022395
88273,28.8,-2.0,0.0027911510547257243
88274,28.8,-1.0,0.0006943016190024077
88275,28.8,0.0,0.0005855412250291912
88276,28.8,1.0,0.0009454910108275749
88277,28.8,2.0,0.004100558045859994
88278,28.8,3.0,0.008975149060753161
88279,28.8,4.0,0.004369124474423593
88280,28.8,5.0,0.0017580824141534303
88281,28.8,6.0,0.005587160300516602
88282,28.8,7.0,0.011826590773945806
88283,28.8,8.0,0.0062981717605507335
88284,28.8,9.0,0.007337165564142115
88285,28.8,10.0,0.014636463853915739
88286,28.8,11.0,0.007504872424855929
88287,28.8,12.0,0.003472826803883386
88288,28.8,13.0,0.009617003408646482
88289,28.8,14.0,0.01960746867836896
88290,28.8,15.0,0.010681282927601378
88291,28.8,16.0,0.012549764201330608
88292,28.8,17.0,0.024616332546173594
88293,28.8,18.0,0.012599255496362394
88294,28.8,19.0,0.0057750151687365
88295,28.8,20.0,0.016561680420470085
88296,28.8,21.0,0.03414587901744724
88297,28.8,22.0,0.018056192402055145
88298,28.8,23.0,0.022295700991355923
88299,28.8,24.0,0.04536810825459742
88300,28.8,25.0,0.021785410661895065
88301,28.8,26.0,0.008682552215099415
88302,28.8,27.0,0.035509043718659816
88303,28.8,28.0,0.07902580052168422
88304,28.8,29.0,0.043244229280073467
88305,28.8,30.0,0.035743688209276606
88306,28.8,31.0,0.0723652986032469
88307,28.8,32.0,0.03325275549787966
88308,28.8,33.0,0.009230995937815862
88309,28.8,34.0,0.022485823031047823
88310,28.8,35.0,0.04602053145352886
88311,28.8,36.0,0.022897276830329404
88312,28.8,37.0,0.018870985422354443
88313,28.8,38.0,0.0353453832570836
88314,28.8,39.0,0.0178953738383934
88315,28.8,40.0,0.015080837489561115
88316,28.8,41.0,0.027824388487154097
88317,28.8,42.0,0.013682073328514517
88318,28.8,43.0,0.004990118248377222
88319,28.8,44.0,0.010636487447243716
88320,28.8,45.0,0.020603877707318117
88321,28.8,46.0,0.01006165591795788
88322,28.8,47.0,0.0032174583568953382
88323,28.8,48.0,0.0024868637099066406
88324,28.8,49.0,0.0022342855760685075
88325,28.8,50.0,0.002000963586977073
88326,28.8,51.0,0.0017824977372684148
88327,28.8,52.0,0.0015822446148606368
88328,28.8,53.0,0.0016428384552408357
88329,28.8,54.0,0.004934346085972137
88330,28.8,55.0,0.010184850452654338
88331,28.8,56.0,0.004637052423295936
88332,28.8,57.0,0.0010472278177160099
88333,28.8,58.0,0.0006863388134031926
88334,28.8,59.0,0.0005834984813297307
88335,28.8,60.0,0.0004954494525947632
88336,28.8,61.0,0.0004184551907855095
88337,28.8,62.0,0.0003515480351862962
88338,28.8,63.0,0.00029376936059661294
88339,28.8,64.0,0.0002441824396568221
88340,28.8,65.0,0.00020188705205302198
88341,28.8,66.0,0.0001660307814786532
88342,28.8,67.0,0.0001358172288532556
88343,28.8,68.0,0.00011051143686782941
88344,28.8,69.0,8.944286330424739e-05
88345,28.8,70.0,7.200626248100361e-05
88346,28.8,71.0,5.766083833178179e-05
88347,28.8,72.0,4.5928022105145844e-05
88348,28.8,73.0,3.638820569030139e-05
88349,28.8,74.0,2.8676731269231178e-05
88350,28.9,-75.0,1.8616023818419974e-15
88351,28.9,-74.0,3.229560388283357e-15
88352,28.9,-73.0,5.572960962019786e-15
88353,28.9,-72.0,9.565654698046828e-15
88354,28.9,-71.0,1.633162900783892e-14
88355,28.9,-70.0,2.7735143651060944e-14
88356,28.9,-69.0,4.6850846363817906e-14
88357,28.9,-68.0,7.872099406851642e-14
88358,28.9,-67.0,1.3156785851560846e-13
88359,28.9,-66.0,2.1872335033748342e-13
88360,28.9,-65.0,3.616817546486186e-13
88361,28.9,-64.0,5.949002613854951e-13
88362,28.9,-63.0,9.733024712044102e-13
88363,28.9,-62.0,1.583935891347496e-12
88364,28.9,-61.0,2.563973198701578e-12
88365,28.9,-60.0,4.128340118636244e-12
88366,28.9,-59.0,6.611858738394551e-12
88367,28.9,-58.0,1.0533137904600569e-11
88368,28.9,-57.0,1.66908356804008e-11
88369,28.9,-56.0,2.6307798116726913e-11
88370,28.9,-55.0,4.1245543133564555e-11
88371,28.9,-54.0,6.432142551879704e-11
88372,28.9,-53.0,9.977469351340323e-11
88373,28.9,-52.0,1.539470075832921e-10
88374,28.9,-51.0,2.362697970640566e-10
88375,28.9,-50.0,3.606876503783948e-10
88376,28.9,-49.0,5.476971044878685e-10
88377,28.9,-48.0,8.272479985407745e-10
88378,28.9,-47.0,1.2428454117125343e-09
88379,28.9,-46.0,1.8573109106632318e-09
88380,28.9,-45.0,2.760820781719044e-09
88381,28.9,-44.0,4.082046335929267e-09
88382,28.9,-43.0,6.003489495348528e-09
88383,28.9,-42.0,8.782450107063777e-09
88384,28.9,-41.0,1.277949641005309e-08
88385,28.9,-40.0,1.8496855527701315e-08
88386,28.9,-39.0,2.6629817291747084e-08
88387,28.9,-38.0,3.813507381648733e-08
88388,28.9,-37.0,5.432092092602089e-08
88389,28.9,-36.0,7.696544643032288e-08
88390,28.9,-35.0,1.084702417282021e-07
88391,28.9,-34.0,1.5205880876505674e-07
88392,28.9,-33.0,2.1203069622398639e-07
88393,28.9,-32.0,2.9408447590092016e-07
88394,28.9,-31.0,4.057249333559426e-07
88395,28.9,-30.0,5.567722435711803e-07
88396,28.9,-29.0,7.599933507561685e-07
88397,28.9,-28.0,1.0318781549553322e-06
88398,28.9,-27.0,1.3935852697383247e-06
88399,28.9,-26.0,1.8720842686562914e-06
88400,28.9,-25.0,2.5028693594743432e-06
88401,28.9,-24.0,4.05220827501929e-06
88402,28.9,-23.0,6.936641409163762e-05
88403,28.9,-22.0,0.000968047390915324
88404,28.9,-21.0,0.0023707268674353597
88405,28.9,-20.0,0.0009730191885779635
88406,28.9,-19.0,0.00015583957570050562
88407,28.9,-18.0,0.0011743250648310756
88408,28.9,-17.0,0.0028639782271116343
88409,28.9,-16.0,0.0012741700979966972
88410,28.9,-15.0,0.0014466946427074238
88411,28.9,-14.0,0.003321533931065592
88412,28.9,-13.0,0.0013896827924695845
88413,28.9,-12.0,0.0002665771086508502
88414,28.9,-11.0,0.001708803284422827
88415,28.9,-10.0,0.004095044406041246
88416,28.9,-9.0,0.0018789178459931988
88417,28.9,-8.0,0.002157042375620578
88418,28.9,-7.0,0.004840420167785727
88419,28.9,-6.0,0.002121848795824739
88420,28.9,-5.0,0.0005560264335339286
88421,28.9,-4.0,0.0026684912697606416
88422,28.9,-3.0,0.006144795347616441
88423,28.9,-2.0,0.0028012822186189415
88424,28.9,-1.0,0.0006924392670722315
88425,28.9,0.0,0.000591965461803602
88426,28.9,1.0,0.0009437574143811697
88427,28.9,2.0,0.004114134964688349
88428,28.9,3.0,0.009012713359488854
88429,28.9,4.0,0.0043829899684110175
88430,28.9,5.0,0.0017582358149584728
88431,28.9,6.0,0.005604621600708101
88432,28.9,7.0,0.011872698044049036
88433,28.9,8.0,0.0063185103652201695
88434,28.9,9.0,0.007360580147428283
88435,28.9,10.0,0.01469106538500423
88436,28.9,11.0,0.00752976101643946
88437,28.9,12.0,0.0034810768156190632
88438,28.9,13.0,0.009648146360337853
88439,28.9,14.0,0.019675725082913688
88440,28.9,15.0,0.01071893917249025
88441,28.9,16.0,0.012590613562209274
88442,28.9,17.0,0.024694031674321975
88443,28.9,18.0,0.012644967988819167
88444,28.9,19.0,0.00580281388165013
88445,28.9,20.0,0.016607703901611464
88446,28.9,21.0,0.03422089960980484
88447,28.9,22.0,0.018109470025436687
88448,28.9,23.0,0.02232850788078463
88449,28.9,24.0,0.04539066291676231
88450,28.9,25.0,0.0218247927404384
88451,28.9,26.0,0.008710371429944023
88452,28.9,27.0,0.03520828108648363
88453,28.9,28.0,0.07820929339521494
88454,28.9,29.0,0.042168064439767707
88455,28.9,30.0,0.0358536254222098
88456,28.9,31.0,0.07287690988860225
88457,28.9,32.0,0.03344099565270007
88458,28.9,33.0,0.009216318779418656
88459,28.9,34.0,0.022505249797713844
88460,28.9,35.0,0.0461142015426458
88461,28.9,36.0,0.022925701317208075
88462,28.9,37.0,0.01887450870444389
88463,28.9,38.0,0.03537484383511663
88464,28.9,39.0,0.017902897983722358
88465,28.9,40.0,0.015079377714829615
88466,28.9,41.0,0.027831274058179863
88467,28.9,42.0,0.013684743943989741
88468,28.9,43.0,0.004990517932515693
88469,28.9,44.0,0.010636052047364975
88470,28.9,45.0,0.020601250638059274
88471,28.9,46.0,0.010064089732583175
88472,28.9,47.0,0.0032233192632281356
88473,28.9,48.0,0.0024936506135352083
88474,28.9,49.0,0.00224159197610787
88475,28.9,50.0,0.0020085768979794033
88476,28.9,51.0,0.001790233364102652
88477,28.9,52.0,0.0015899399153809742
88478,28.9,53.0,0.0016499676319162457
88479,28.9,54.0,0.00493563828011419
88480,28.9,55.0,0.010177100902592487
88481,28.9,56.0,0.004637566844481732
88482,28.9,57.0,0.0010528428139276137
88483,28.9,58.0,0.0006918657948730153
88484,28.9,59.0,0.0005885338838385017
88485,28.9,60.0,0.0004999913870178687
88486,28.9,61.0,0.0004225163496036314
88487,28.9,62.0,0.000355149022543355
88488,28.9,63.0,0.00029693667147601545
88489,28.9,64.0,0.0002469466594992317
88490,28.9,65.0,0.00020428128592054275
88491,28.9,66.0,0.00016808931904120403
88492,28.9,67.0,0.00013757444202514268
88493,28.9,68.0,0.00011200089931496093
88494,28.9,69.0,9.06966752791662e-05
88495,28.9,70.0,7.305456043499872e-05
88496,28.9,71.0,5.8531466342832954e-05
88497,28.9,72.0,4.664634114179815e-05
88498,28.9,73.0,3.6977016871736953e-05
88499,28.9,74.0,2.915629033814667e-05
88500,29.0,-75.0,1.7111744225084218e-15
88501,29.0,-74.0,2.9701757846396105e-15
88502,29.0,-73.0,5.128095843608632e-15
88503,29.0,-72.0,8.806761222536694e-15
88504,29.0,-71.0,1.5043968554709814e-14
88505,29.0,-70.0,2.5561993493962467e-14
88506,29.0,-69.0,4.320292294110333e-14
88507,29.0,-68.0,7.263026830314961e-14
88508,29.0,-67.0,1.2145300762481603e-13
88509,29.0,-66.0,2.0201564619504503e-13
88510,29.0,-65.0,3.3423186135894943e-13
88511,29.0,-64.0,5.50043194428822e-13
88512,29.0,-63.0,9.003924634359211e-13
88513,29.0,-62.0,1.4660642858657467e-12
88514,29.0,-61.0,2.3744349972336654e-12
88515,29.0,-60.0,3.8251957349487874e-12
88516,29.0,-59.0,6.129614309024007e-12
88517,29.0,-58.0,9.77009398634321e-12
88518,29.0,-57.0,1.5489965204202496e-11
88519,29.0,-56.0,2.4428019068168623e-11
88520,29.0,-55.0,3.831882345598064e-11
88521,29.0,-54.0,5.9789123836455e-11
88522,29.0,-53.0,9.279366327651525e-11
88523,29.0,-52.0,1.4325195524143346e-10
88524,29.0,-51.0,2.1997276020245104e-10
88525,29.0,-50.0,3.359876839037726e-10
88526,29.0,-49.0,5.104625897390952e-10
88527,29.0,-48.0,7.714194573818094e-10
88528,29.0,-47.0,1.159587075695419e-09
88529,29.0,-46.0,1.733812988334504e-09
88530,29.0,-45.0,2.5786194048246725e-09
88531,29.0,-44.0,3.814682089868968e-09
88532,29.0,-43.0,5.613265240369387e-09
88533,29.0,-42.0,8.215970839438443e-09
88534,29.0,-41.0,1.1961573875727768e-08
88535,29.0,-40.0,1.7322233135796818e-08
88536,29.0,-39.0,2.4952010796816533e-08
88537,29.0,-38.0,3.575142376584463e-08
88538,29.0,-37.0,5.095270693411497e-08
88539,29.0,-36.0,7.22316134907996e-08
88540,29.0,-35.0,1.0185292747739022e-07
88541,29.0,-34.0,1.4285843072089097e-07
88542,29.0,-33.0,1.9930785339546494e-07
88543,29.0,-32.0,2.765853354549889e-07
88544,29.0,-31.0,3.8178610871212447e-07
88545,29.0,-30.0,5.242004278585305e-07
88546,29.0,-29.0,7.159141569147708e-07
88547,29.0,-28.0,9.725477457600421e-07
88548,29.0,-27.0,1.314157461131614e-06
88549,29.0,-26.0,1.7663248780562283e-06
88550,29.0,-25.0,2.3627644523085486e-06
88551,29.0,-24.0,3.843824420966705e-06
88552,29.0,-23.0,6.699009075231387e-05
88553,29.0,-22.0,0.0009361165941990235
88554,29.0,-21.0,0.00229267445765022
88555,29.0,-20.0,0.0009408461443019251
88556,29.0,-19.0,0.00015045146514128247
88557,29.0,-18.0,0.0011352462980118287
88558,29.0,-17.0,0.0027690485897710155
88559,29.0,-16.0,0.0012316074983767882
88560,29.0,-15.0,0.0013981670296125306
88561,29.0,-14.0,0.0032107359224602173
88562,29.0,-13.0,0.0013427330100548385
88563,29.0,-12.0,0.0002566347592448394
88564,29.0,-11.0,0.0016505617611884845
88565,29.0,-10.0,0.003957011256417794
88566,29.0,-9.0,0.0018144352095307028
88567,29.0,-8.0,0.002082675285180209
88568,29.0,-7.0,0.004675765204054183
88569,29.0,-6.0,0.0020478512895622464
88570,29.0,-5.0,0.0005340063758714893
88571,29.0,-4.0,0.0025746392612608893
88572,29.0,-3.0,0.0059330107203781285
88573,29.0,-2.0,0.0027018304739541772
88574,29.0,-1.0,0.0006636335728874419
88575,29.0,0.0,0.000575117569393031
88576,29.0,1.0,0.0009052618514261485
88577,29.0,2.0,0.003966787396474783
88578,29.0,3.0,0.0086975003466022
88579,29.0,4.0,0.0042254161450313845
88580,29.0,5.0,0.0016897601587792927
88581,29.0,6.0,0.005402857894255489
88582,29.0,7.0,0.011454161208938394
88583,29.0,8.0,0.006091656052956758
88584,29.0,9.0,0.007096048935151168
88585,29.0,10.0,0.014170791969275431
88586,29.0,11.0,0.007260020184342662
88587,29.0,12.0,0.0033531241197780784
88588,29.0,13.0,0.009301829756649818
88589,29.0,14.0,0.018974255847612843
88590,29.0,15.0,0.01033713327641623
88591,29.0,16.0,0.012138948344883585
88592,29.0,17.0,0.023806102034141793
88593,29.0,18.0,0.012195863962263628
88594,29.0,19.0,0.005603159126662943
88595,29.0,20.0,0.016004661069536255
88596,29.0,21.0,0.03295959093033324
88597,29.0,22.0,0.017454984400470174
88598,29.0,23.0,0.021490653718251762
88599,29.0,24.0,0.04364555614348038
88600,29.0,25.0,0.02101298577128438
88601,29.0,26.0,0.008399805888479618
88602,29.0,27.0,0.03357819557538182
88603,29.0,28.0,0.07445298293591487
88604,29.0,29.0,0.03875054893301651
88605,29.0,30.0,0.03767589720595614
88606,29.0,31.0,0.07687802672571804
88607,29.0,32.0,0.03522680552499208
88608,29.0,33.0,0.009636533191434874
88609,29.0,34.0,0.0235888106122572
88610,29.0,35.0,0.048391573646617635
88611,29.0,36.0,0.02403851256317542
88612,29.0,37.0,0.01976930409523621
88613,29.0,38.0,0.03707617062573965
88614,29.0,39.0,0.01875595242646397
88615,29.0,40.0,0.01578953278830944
88616,29.0,41.0,0.02915232212514592
88617,29.0,42.0,0.014333393242643168
88618,29.0,43.0,0.005226263120526204
88619,29.0,44.0,0.011137472437249295
88620,29.0,45.0,0.021570869613108286
88621,29.0,46.0,0.010541560863829107
88622,29.0,47.0,0.0033814430339517113
88623,29.0,48.0,0.0026183202715745323
88624,29.0,49.0,0.0023549295274938186
88625,29.0,50.0,0.0021112575280108803
88626,29.0,51.0,0.0018827548560395265
88627,29.0,52.0,0.0016729823072528772
88628,29.0,53.0,0.0017352668779982256
88629,29.0,54.0,0.005169938598457195
88630,29.0,55.0,0.010649367085304902
88631,29.0,56.0,0.00485700499381035
88632,29.0,57.0,0.0011084148217103042
88633,29.0,58.0,0.0007303127839419207
88634,29.0,59.0,0.0006215938143672076
88635,29.0,60.0,0.0005283590656128988
88636,29.0,61.0,0.00044672632803420163
88637,29.0,62.0,0.00037569900300915104
88638,29.0,63.0,0.00031428571665595195
88639,29.0,64.0,0.00026151424662381666
88640,29.0,65.0,0.0002164472984514573
88641,29.0,66.0,0.00017819482754780937
88642,29.0,67.0,0.00014592312617811684
88643,29.0,68.0,0.00011886096838273493
88644,29.0,69.0,9.630315398664879e-05
88645,29.0,70.0,7.761181947186142e-05
88646,29.0,71.0,6.221589118718029e-05
88647,29.0,72.0,4.9609048282566034e-05
88648,29.0,73.0,3.9346542177360346e-05
88649,29.0,74.0,3.1041189573788596e-05
88650,29.1,-75.0,1.5996061661962254e-15
88651,29.1,-74.0,2.7780005782897307e-15
88652,29.1,-73.0,4.79885581594309e-15
88653,29.1,-72.0,8.245731304313747e-15
88654,29.1,-71.0,1.4093107461964384e-14
88655,29.1,-70.0,2.395909754863438e-14
88656,29.1,-69.0,4.0515411617935743e-14
88657,29.1,-68.0,6.814847828766907e-14
88658,29.1,-67.0,1.140192493613816e-13
88659,29.1,-66.0,1.8975197278674673e-13
88660,29.1,-65.0,3.141091080546323e-13
88661,29.1,-64.0,5.172027994141613e-13
88662,29.1,-63.0,8.470856246695701e-13
88663,29.1,-62.0,1.3800024708353088e-12
88664,29.1,-61.0,2.2362405782478064e-12
88665,29.1,-60.0,3.604485569173797e-12
88666,29.1,-59.0,5.77901958082245e-12
88667,29.1,-58.0,9.216184244493159e-12
88668,29.1,-57.0,1.4619557851964562e-11
88669,29.1,-56.0,2.3067654368279715e-11
88670,29.1,-55.0,3.620418208810854e-11
88671,29.1,-54.0,5.651973968848708e-11
88672,29.1,-53.0,8.776627634914782e-11
88673,29.1,-52.0,1.3556304039214432e-10
88674,29.1,-51.0,2.0827686681570774e-10
88675,29.1,-50.0,3.1829284691283113e-10
88676,29.1,-49.0,4.838367244783174e-10
88677,29.1,-48.0,7.315716847796166e-10
88678,29.1,-47.0,1.1002745169123435e-09
88679,29.1,-46.0,1.646005679714443e-09
88680,29.1,-45.0,2.449332319081887e-09
88681,29.1,-44.0,3.625352213362632e-09
88682,29.1,-43.0,5.337511315200382e-09
88683,29.1,-42.0,7.816521423498523e-09
88684,29.1,-41.0,1.1386083093070202e-08
88685,29.1,-40.0,1.6497619763543865e-08
88686,29.1,-39.0,2.3776851651438485e-08
88687,29.1,-38.0,3.4085802862743636e-08
88688,29.1,-37.0,4.8604763520282713e-08
88689,29.1,-36.0,6.893984064865563e-08
88690,29.1,-35.0,9.726304461195801e-08
88691,29.1,-34.0,1.3649338444234394e-07
88692,29.1,-33.0,1.9052918963973177e-07
88693,29.1,-32.0,2.645438302300072e-07
88694,29.1,-31.0,3.653591469205703e-07
88695,29.1,-30.0,5.019131835488097e-07
88696,29.1,-29.0,6.858411622738483e-07
88697,29.1,-28.0,9.321909532597791e-07
88698,29.1,-27.0,1.260296422337334e-06
88699,29.1,-26.0,1.6948338074924795e-06
88700,29.1,-25.0,2.267087448032223e-06
88701,29.1,-24.0,3.016451493156862e-06
88702,29.1,-23.0,3.992193330526768e-06
88703,29.1,-22.0,5.255502520040758e-06
88704,29.1,-21.0,6.883385048580921e-06
88705,29.1,-20.0,9.795461467554345e-06
88706,29.1,-19.0,8.591631543899312e-05
88707,29.1,-18.0,0.0011154778898305165
88708,29.1,-17.0,0.002722880981831661
88709,29.1,-16.0,0.0012107553320051697
88710,29.1,-15.0,0.0013742970819023994
88711,29.1,-14.0,0.0031565199040125566
88712,29.1,-13.0,0.0013194842046530013
88713,29.1,-12.0,0.00025128225164074863
88714,29.1,-11.0,0.0016214832262473093
88715,29.1,-10.0,0.0038887934804488927
88716,29.1,-9.0,0.0017820367831140839
88717,29.1,-8.0,0.00204515349801424
88718,29.1,-7.0,0.004593690923782666
88719,29.1,-6.0,0.0020101314119070936
88720,29.1,-5.0,0.0005216033934118437
88721,29.1,-4.0,0.0025264371308317615
88722,29.1,-3.0,0.005826161612519531
88723,29.1,-2.0,0.002650332013884624
88724,29.1,-1.0,0.0006468469691463824
88725,29.1,0.0,0.0005682657429825499
88726,29.1,1.0,0.0008831048872803803
88727,29.1,2.0,0.0038898907335288653
88728,29.1,3.0,0.00853633760739376
88729,29.1,4.0,0.004142902664291383
88730,29.1,5.0,0.0016515676846404464
88731,29.1,6.0,0.005297075213649569
88732,29.1,7.0,0.011238656420714612
88733,29.1,8.0,0.005972962264685643
88734,29.1,9.0,0.006957532121088269
88735,29.1,10.0,0.013901826223037332
88736,29.1,11.0,0.007119122151152714
88737,29.1,12.0,0.003284765799361103
88738,29.1,13.0,0.00912066383074623
88739,29.1,14.0,0.018609585093189062
88740,29.1,15.0,0.010138681727383133
88741,29.1,16.0,0.011902855317750066
88742,29.1,17.0,0.023341312996497113
88743,29.1,18.0,0.011963064742379766
88744,29.1,19.0,0.005502361624732131
88745,29.1,20.0,0.01568656619264182
88746,29.1,21.0,0.032286597669304494
88747,29.1,22.0,0.01711118474357232
88748,29.1,23.0,0.021037930695497038
88749,29.1,24.0,0.04268578283417179
88750,29.1,25.0,0.020577407325251602
88751,29.1,26.0,0.008240245269060253
88752,29.1,27.0,0.032593934360651056
88753,29.1,28.0,0.07214341566169366
88754,29.1,29.0,0.03422754926557581
88755,29.1,30.0,0.03924420622427825
88756,29.1,31.0,0.08038206542037592
88757,29.1,32.0,0.03677912103591442
88758,29.1,33.0,0.009984462228799059
88759,29.1,34.0,0.024499611060655863
88760,29.1,35.0,0.05031999003471174
88761,29.1,36.0,0.024975975009523962
88762,29.1,37.0,0.020517532589307656
88763,29.1,38.0,0.03850499255574434
88764,29.1,39.0,0.01947024618620835
88765,29.1,40.0,0.016381973842588247
88766,29.1,41.0,0.03025721849541503
88767,29.1,42.0,0.01487551775856496
88768,29.1,43.0,0.005422890752251542
88769,29.1,44.0,0.011555795932978272
88770,29.1,45.0,0.02237969928001412
88771,29.1,46.0,0.01094066630847526
88772,29.1,47.0,0.003514731965536584
88773,29.1,48.0,0.002723933602221446
88774,29.1,49.0,0.002451239680049478
88775,29.1,50.0,0.002198773378386711
88776,29.1,51.0,0.0019618437595504117
88777,29.1,52.0,0.0017441690394543819
88778,29.1,53.0,0.0018082162885521404
88779,29.1,54.0,0.0053658527536313465
88780,29.1,55.0,0.011041722357516768
88781,29.1,56.0,0.005040342874585691
88782,29.1,57.0,0.001156219830801881
88783,29.1,58.0,0.0007638054001572244
88784,29.1,59.0,0.0006504717024964217
88785,29.1,60.0,0.0005532001827929692
88786,29.1,61.0,0.00046797870286523414
88787,29.1,62.0,0.00039378210169255386
88788,29.1,63.0,0.0003295884342984553
88789,29.1,64.0,0.00027439365305740205
88790,29.1,65.0,0.00022722822047898912
88791,29.1,66.0,0.00018717014664756514
88792,29.1,67.0,0.00015335466845468873
88793,29.1,68.0,0.0001249808660284565
88794,29.1,69.0,0.00010131556379096701
88795,29.1,70.0,8.169489309518253e-05
88796,29.1,71.0,6.552390313313978e-05
88797,29.1,72.0,5.227459995283949e-05
88798,29.1,73.0,4.148277336102596e-05
88799,29.1,74.0,3.274394160300143e-05
88800,29.2,-75.0,1.5294078236714604e-15
88801,29.2,-74.0,2.6575041962332853e-15
88802,29.2,-73.0,4.593150945274748e-15
88803,29.2,-72.0,7.896480812106512e-15
88804,29.2,-71.0,1.3503382146506789e-14
88805,29.2,-70.0,2.2968764762064333e-14
88806,29.2,-69.0,3.8861434601008106e-14
88807,29.2,-68.0,6.540126150796614e-14
88808,29.2,-67.0,1.0948119506995963e-13
88809,29.2,-66.0,1.8229679820958618e-13
88810,29.2,-65.0,3.0192888276335936e-13
88811,29.2,-64.0,4.974121467833211e-13
88812,29.2,-63.0,8.151062450637957e-13
88813,29.2,-62.0,1.328611973873172e-12
88814,29.2,-61.0,2.1541116583272193e-12
88815,29.2,-60.0,3.4739564339768857e-12
88816,29.2,-59.0,5.572712419997323e-12
88817,29.2,-58.0,8.89190887683694e-12
88818,29.2,-57.0,1.41126796230385e-11
88819,29.2,-56.0,2.2279737476284544e-11
88820,29.2,-55.0,3.4986199105960663e-11
88821,29.2,-54.0,5.464740768256609e-11
88822,29.2,-53.0,8.490406316951691e-11
88823,29.2,-52.0,1.3121198063463857e-10
88824,29.2,-51.0,2.016994043343375e-10
88825,29.2,-50.0,3.0840531058129054e-10
88826,29.2,-49.0,4.690565313561475e-10
88827,29.2,-48.0,7.096016806192392e-10
88828,29.2,-47.0,1.0678006753544928e-09
88829,29.2,-46.0,1.5982762841954127e-09
88830,29.2,-45.0,2.379576262776219e-09
88831,29.2,-44.0,3.5239806081311013e-09
88832,29.2,-43.0,5.19102955654712e-09
88833,29.2,-42.0,7.606057501270949e-09
88834,29.2,-41.0,1.1085411504869447e-08
88835,29.2,-40.0,1.6070528105310528e-08
88836,29.2,-39.0,2.317365809725306e-08
88837,29.2,-38.0,3.323878669795222e-08
88838,29.2,-37.0,4.742221728748011e-08
88839,29.2,-36.0,6.729839131155483e-08
88840,29.2,-35.0,9.499782300259012e-08
88841,29.2,-34.0,1.3338554847370683e-07
88842,29.2,-33.0,1.8629022971133138e-07
88843,29.2,-32.0,2.5879600861577875e-07
88844,29.2,-31.0,3.576113520144343e-07
88845,29.2,-30.0,4.915314218809818e-07
88846,29.2,-29.0,6.720128756268975e-07
88847,29.2,-28.0,9.138823468431643e-07
88848,29.2,-27.0,1.2362020371741936e-06
88849,29.2,-26.0,1.6633176827444318e-06
88850,29.2,-25.0,2.2261154159330757e-06
88851,29.2,-24.0,2.963514451166738e-06
88852,29.2,-23.0,3.924221763604754e-06
88853,29.2,-22.0,5.168773124178205e-06
88854,29.2,-21.0,6.773430219331447e-06
88855,29.2,-20.0,9.661879944741866e-06
88856,29.2,-19.0,8.618510023517051e-05
88857,29.2,-18.0,0.0011218105513211777
88858,29.2,-17.0,0.0027386993662028526
88859,29.2,-16.0,0.0012174736836684825
88860,29.2,-15.0,0.001381724800481204
88861,29.2,-14.0,0.0031741724630469773
88862,29.2,-13.0,0.0013262922855216603
88863,29.2,-12.0,0.0002516760608583485
88864,29.2,-11.0,0.001629348910654007
88865,29.2,-10.0,0.003909141499950658
88866,29.2,-9.0,0.0017902487564426845
88867,29.2,-8.0,0.0020542425164207837
88868,29.2,-7.0,0.004616260313161353
88869,29.2,-6.0,0.0020182388144145413
88870,29.2,-5.0,0.0005211438043242799
88871,29.2,-4.0,0.0025358417341669656
88872,29.2,-3.0,0.005852071469732427
88873,29.2,-2.0,0.002659276437748447
88874,29.2,-1.0,0.0006448838315423327
88875,29.2,0.0,0.0005743292093384353
88876,29.2,1.0,0.0008811599622978907
88877,29.2,2.0,0.003901701574191127
88878,29.2,3.0,0.008569726906679545
88879,29.2,4.0,0.004154859073367655
88880,29.2,5.0,0.0016510916646757534
88881,29.2,6.0,0.005312074489806901
88882,29.2,7.0,0.011279316050273646
88883,29.2,8.0,0.005990429508113611
88884,29.2,9.0,0.006977630201643224
88885,29.2,10.0,0.013949752523083357
88886,29.2,11.0,0.007140474643093537
88887,29.2,12.0,0.003291228085991157
88888,29.2,13.0,0.00914740805203559
88889,29.2,14.0,0.018669234773034997
88890,29.2,15.0,0.010171286527225766
88891,29.2,16.0,0.011938151008173413
88892,29.2,17.0,0.023408999678264365
88893,29.2,18.0,0.012002929502530835
88894,29.2,19.0,0.005526714553379669
88895,29.2,20.0,0.01572654978234763
88896,29.2,21.0,0.03235135433467197
88897,29.2,22.0,0.017158019172265643
88898,29.2,23.0,0.021066813950049407
88899,29.2,24.0,0.04270464419774108
88900,29.2,25.0,0.020612831815038368
88901,29.2,26.0,0.008270180446067333
88902,29.2,27.0,0.03238332768084647
88903,29.2,28.0,0.07155462150201433
88904,29.2,29.0,0.034067479059513996
88905,29.2,30.0,0.039304453824682714
88906,29.2,31.0,0.08080526902426165
88907,29.2,32.0,0.03691831345881099
88908,29.2,33.0,0.00994354773124296
88909,29.2,34.0,0.02445754767438392
88910,29.2,35.0,0.05029406117014962
88911,29.2,36.0,0.024942316647665982
88912,29.2,37.0,0.020466619254736463
88913,29.2,38.0,0.03843529330752204
88914,29.2,39.0,0.01942627069555151
88915,29.2,40.0,0.016335907988585804
88916,29.2,41.0,0.030183502012015317
88917,29.2,42.0,0.01483798333435636
88918,29.2,43.0,0.005407957409182029
88919,29.2,44.0,0.011523622086862195
88920,29.2,45.0,0.02231630380013234
88921,29.2,46.0,0.010913396312478436
88922,29.2,47.0,0.003511094938787541
88923,29.2,48.0,0.0027234895379814215
88924,29.2,49.0,0.0024521611818579744
88925,29.2,50.0,0.002200772247352719
88926,29.2,51.0,0.001964673693784348
88927,29.2,52.0,0.001747596825077986
88928,29.2,53.0,0.0018109084859292428
88929,29.2,54.0,0.0053526913415129765
88930,29.2,55.0,0.011003528949235038
88931,29.2,56.0,0.005027285696187074
88932,29.2,57.0,0.0011591683347458813
88933,29.2,58.0,0.0007677364867507973
88934,29.2,59.0,0.000654192415284596
88935,29.2,60.0,0.0005566610546677689
88936,29.2,61.0,0.00047115738393851807
88937,29.2,62.0,0.0003966680984097786
88938,29.2,63.0,0.00033218089755607483
88939,29.2,64.0,0.0002766993517891489
88940,29.2,65.0,0.0002292597089665532
88941,29.2,66.0,0.0001889441453201938
88942,29.2,67.0,0.00015489066677104084
88943,29.2,68.0,0.00012629994657705938
88944,29.2,69.0,0.0001024394391116491
88945,29.2,70.0,8.264514090642343e-05
88946,29.2,71.0,6.632138155543253e-05
88947,29.2,72.0,5.2939021786132315e-05
88948,29.2,73.0,4.20324173008085e-05
88949,29.2,74.0,3.319547823553425e-05
88950,29.3,-75.0,1.4619022518402564e-15
88951,29.3,-74.0,2.541560052627388e-15
88952,29.3,-73.0,4.395097603018355e-15
88953,29.3,-72.0,7.560017133035603e-15
88954,29.3,-71.0,1.2934902008668812e-14
88955,29.3,-70.0,2.2013526141598676e-14
88956,29.3,-69.0,3.726509150315606e-14
88957,29.3,-68.0,6.274814301552373e-14
88958,29.3,-67.0,1.0509587515259163e-13
88959,29.3,-66.0,1.750880765533622e-13
88960,29.3,-65.0,2.901439906443385e-13
88961,29.3,-64.0,4.782518909344816e-13
88962,29.3,-63.0,7.841261168729405e-13
88963,29.3,-62.0,1.278795943429255e-12
88964,29.3,-61.0,2.0744486466379235e-12
88965,29.3,-60.0,3.347266060958823e-12
88966,29.3,-59.0,5.37234491470934e-12
88967,29.3,-58.0,8.57676771597541e-12
88968,29.3,-57.0,1.3619761940930143e-11
88969,29.3,-56.0,2.1513025525559668e-11
88970,29.3,-55.0,3.3800223805378466e-11
88971,29.3,-54.0,5.2823085655516804e-11
88972,29.3,-53.0,8.211340575182508e-11
88973,29.3,-52.0,1.2696688696178903e-10
88974,29.3,-51.0,1.952778501303623e-10
88975,29.3,-50.0,2.987456611656312e-10
88976,29.3,-49.0,4.5460722710384625e-10
88977,29.3,-48.0,6.881088960996923e-10
88978,29.3,-47.0,1.0360104058818282e-09
88979,29.3,-46.0,1.5515192588492191e-09
88980,29.3,-45.0,2.311193634228086e-09
88981,29.3,-44.0,3.424534955636091e-09
88982,29.3,-43.0,5.047228704610082e-09
88983,29.3,-42.0,7.3992972734064695e-09
88984,29.3,-41.0,1.0789817015118174e-08
88985,29.3,-40.0,1.5650340734924716e-08
88986,29.3,-39.0,2.2579776139091494e-08
88987,29.3,-38.0,3.2404221117611925e-08
88988,29.3,-37.0,4.625616970882792e-08
88989,29.3,-36.0,6.567859910722616e-08
88990,29.3,-35.0,9.276074671951305e-08
88991,29.3,-34.0,1.303139009701428e-07
88992,29.3,-33.0,1.820972665591287e-07
88993,29.3,-32.0,2.5310591906437624e-07
88994,29.3,-31.0,3.499350142659279e-07
88995,29.3,-30.0,4.812367226537798e-07
88996,29.3,-29.0,6.582887512638753e-07
88997,29.3,-28.0,8.956956932633734e-07
88998,29.3,-27.0,1.2122466730568512e-06
88999,29.3,-26.0,1.631954651290828e-06
89000,29.3,-25.0,2.1853040944923005e-06
89001,29.3,-24.0,2.9107342258240393e-06
89002,29.3,-23.0,3.8563844393149176e-06
89003,29.3,-22.0,5.082126804379214e-06
89004,29.3,-21.0,6.663465018081958e-06
89005,29.3,-20.0,9.527989764709643e-06
89006,29.3,-19.0,8.644048659029527e-05
89007,29.3,-18.0,0.0011279499407021657
89008,29.3,-17.0,0.002754043539330684
89009,29.3,-16.0,0.001223982489201584
89010,29.3,-15.0,0.0013889133338252444
89011,29.3,-14.0,0.003191272345944296
89012,29.3,-13.0,0.0013328709770199477
89013,29.3,-12.0,0.0002520281925178667
89014,29.3,-11.0,0.0016369295624199176
89015,29.3,-10.0,0.003928801974831509
89016,29.3,-9.0,0.0017981459293468596
89017,29.3,-8.0,0.0020629671008314016
89018,29.3,-7.0,0.004638008934665756
89019,29.3,-6.0,0.0020259842914858244
89020,29.3,-5.0,0.0005205848508414905
89021,29.3,-4.0,0.002544782671378372
89022,29.3,-3.0,0.005876919718470391
89023,29.3,-2.0,0.002667725210807176
89024,29.3,-1.0,0.0006427790387371557
89025,29.3,0.0,0.0005803343284314128
89026,29.3,1.0,0.0008790126472866394
89027,29.3,2.0,0.003912751568468958
89028,29.3,3.0,0.008601496570835044
89029,29.3,4.0,0.004165984148828697
89030,29.3,5.0,0.001650224200199941
89031,29.3,6.0,0.005325998016700928
89032,29.3,7.0,0.01131779354638524
89033,29.3,8.0,0.0060066640916634885
89034,29.3,9.0,0.006996295862857351
89035,29.3,10.0,0.01399495181533481
89036,29.3,11.0,0.007160331125888464
89037,29.3,12.0,0.0032968842661858645
89038,29.3,13.0,0.009172263288096817
89039,29.3,14.0,0.018725245454812026
89040,29.3,15.0,0.010201795226087202
89041,29.3,16.0,0.011971044221213348
89042,29.3,17.0,0.023472222974668912
89043,29.3,18.0,0.012040379798098808
89044,29.3,19.0,0.005549832523206554
89045,29.3,20.0,0.0157636277082035
89046,29.3,21.0,0.03241047101641207
89047,29.3,22.0,0.0172017873737645
89048,29.3,23.0,0.021092569808795182
89049,29.3,24.0,0.04271770432737428
89050,29.3,25.0,0.02064529230688981
89051,29.3,26.0,0.008299950925683081
89052,29.3,27.0,0.03218631540155569
89053,29.3,28.0,0.07100070753111129
89054,29.3,29.0,0.03392260757740881
89055,29.3,30.0,0.039375712416390096
89056,29.3,31.0,0.08124846183352892
89057,29.3,32.0,0.03706512963734852
89058,29.3,33.0,0.009902268359488505
89059,29.3,34.0,0.02441338160066878
89060,29.3,35.0,0.0502642188478052
89061,29.3,36.0,0.024906418769575674
89062,29.3,37.0,0.020413365342934815
89063,29.3,38.0,0.03836141143225971
89064,29.3,39.0,0.019379980025109704
89065,29.3,40.0,0.016287728616054813
89066,29.3,41.0,0.030106142181716845
89067,29.3,42.0,0.014798491266069752
89068,29.3,43.0,0.005392106480313672
89069,29.3,44.0,0.011489841555643107
89070,29.3,45.0,0.022250085704881104
89071,29.3,46.0,0.01088462155871495
89072,29.3,47.0,0.0035068168108131873
89073,29.3,48.0,0.002722515039729317
89074,29.3,49.0,0.00245260470641785
89075,29.3,50.0,0.002202343416651731
89076,29.3,51.0,0.0019671240680537755
89077,29.3,52.0,0.0017506902222366517
89078,29.3,53.0,0.0018132785134028842
89079,29.3,54.0,0.0053388238510210136
89080,29.3,55.0,0.010964004666474497
89081,29.3,56.0,0.0050135906917237
89082,29.3,57.0,0.0011619311429019084
89083,29.3,58.0,0.000771537794443114
89084,29.3,59.0,0.0006578061214810327
89085,29.3,60.0,0.0005600343561634447
89086,29.3,61.0,0.00047426516117369123
89087,29.3,62.0,0.0003994973335253141
89088,29.3,63.0,0.00033472847135850996
89089,29.3,64.0,0.0002789700183121942
89090,29.3,65.0,0.0002312642567570975
89091,29.3,66.0,0.0001906977667064609
89092,29.3,67.0,0.00015641154512487869
89093,29.3,68.0,0.0001276080620053091
89094,29.3,69.0,0.0001035555852262094
89095,29.3,70.0,8.359013933557978e-05
89096,29.3,71.0,6.711547658780637e-05
89097,29.3,72.0,5.360143483301974e-05
89098,29.3,73.0,4.258103952591153e-05
89099,29.3,74.0,3.3646679509482003e-05
89100,29.4,-75.0,1.3970358981711915e-15
89101,29.4,-74.0,2.4300823764413706e-15
89102,29.4,-73.0,4.204559796343301e-15
89103,29.4,-72.0,7.23612696333306e-15
89104,29.4,-71.0,1.2387336370848876e-14
89105,29.4,-70.0,2.10928755731328e-14
89106,29.4,-69.0,3.572561866504403e-14
89107,29.4,-68.0,6.018798904727762e-14
89108,29.4,-67.0,1.0086163775201551e-13
89109,29.4,-66.0,1.681234547946466e-13
89110,29.4,-65.0,2.787511728369059e-13
89111,29.4,-64.0,4.59717682163443e-13
89112,29.4,-63.0,7.541397296498537e-13
89113,29.4,-62.0,1.2305479492377923e-12
89114,29.4,-61.0,1.9972451193414e-12
89115,29.4,-60.0,3.2244103284897613e-12
89116,29.4,-59.0,5.177920119257069e-12
89117,29.4,-58.0,8.270780522115476e-12
89118,29.4,-57.0,1.3140858955548287e-11
89119,29.4,-56.0,2.076763867133555e-11
89120,29.4,-55.0,3.2646497286402316e-11
89121,29.4,-54.0,5.10472289625141e-11
89122,29.4,-53.0,7.939512917807948e-11
89123,29.4,-52.0,1.2282920897393847e-10
89124,29.4,-51.0,1.8901468981200582e-10
89125,29.4,-50.0,2.8931807611798784e-10
89126,29.4,-49.0,4.4049571371520463e-10
89127,29.4,-48.0,6.671045656918857e-10
89128,29.4,-47.0,1.0049217527589005e-09
89129,29.4,-46.0,1.5057632365417073e-09
89130,29.4,-45.0,2.24422936426549e-09
89131,29.4,-44.0,3.3270850322694775e-09
89132,29.4,-43.0,4.906216065529874e-09
89133,29.4,-42.0,7.1964042377809875e-09
89134,29.4,-41.0,1.0499546542185059e-08
89135,29.4,-40.0,1.5237427396609817e-08
89136,29.4,-39.0,2.1995754920261412e-08
89137,29.4,-38.0,3.158291524926725e-08
89138,29.4,-37.0,4.5107803800100125e-08
89139,29.4,-36.0,6.408218071384784e-08
89140,29.4,-35.0,9.055428853427177e-08
89141,29.4,-34.0,1.2728197814885001e-07
89142,29.4,-33.0,1.7795532140331615e-07
89143,29.4,-32.0,2.4748064175383464e-07
89144,29.4,-31.0,3.4234004855322485e-07
89145,29.4,-30.0,4.710428762996923e-07
89146,29.4,-29.0,6.446878416258935e-07
89147,29.4,-28.0,8.776571404319879e-07
89148,29.4,-27.0,1.1884659804620323e-06
89149,29.4,-26.0,1.6007930035810048e-06
89150,29.4,-25.0,2.1447184739250895e-06
89151,29.4,-24.0,2.8581977225167125e-06
89152,29.4,-23.0,3.788796829682625e-06
89153,29.4,-22.0,4.99571602067312e-06
89154,29.4,-21.0,6.553689506124716e-06
89155,29.4,-20.0,9.394067230880345e-06
89156,29.4,-19.0,8.668419630318101e-05
89157,29.4,-18.0,0.0011339169899657804
89158,29.4,-17.0,0.002768964415276016
89159,29.4,-16.0,0.0012303045582471442
89160,29.4,-15.0,0.0013958886794213892
89161,29.4,-14.0,0.003207878946674027
89162,29.4,-13.0,0.0013392454312919262
89163,29.4,-12.0,0.0002523439528014643
89164,29.4,-11.0,0.0016442563748313849
89165,29.4,-10.0,0.003947848864699151
89166,29.4,-9.0,0.0018057628560468788
89167,29.4,-8.0,0.0020713670947555573
89168,29.4,-7.0,0.004659024998081732
89169,29.4,-6.0,0.0020334075232479702
89170,29.4,-5.0,0.0005199383974282017
89171,29.4,-4.0,0.002553310260485657
89172,29.4,-3.0,0.005900819799027823
89173,29.4,-2.0,0.0026757317025155308
89174,29.4,-1.0,0.0006405481903210142
89175,29.4,0.0,0.0005862906389439389
89176,29.4,1.0,0.0008766837752256816
89177,29.4,2.0,0.00392311970519624
89178,29.4,3.0,0.008631815254318068
89179,29.4,4.0,0.004176362336233905
89180,29.4,5.0,0.0016490021108122315
89181,29.4,6.0,0.005338953633944265
89182,29.4,7.0,0.011354312265476684
89183,29.4,8.0,0.006021787056501111
89184,29.4,9.0,0.007013669941985123
89185,29.4,10.0,0.014037700880901019
89186,29.4,11.0,0.007178834856268005
89187,29.4,12.0,0.0033018018750136475
89188,29.4,13.0,0.009195412512630839
89189,29.4,14.0,0.018777988026909533
89190,29.4,15.0,0.01023040895401427
89191,29.4,16.0,0.012001771747698436
89192,29.4,17.0,0.023531448893286556
89193,29.4,18.0,0.012075650371737674
89194,29.4,19.0,0.005571818260192758
89195,29.4,20.0,0.015798108805508214
89196,29.4,21.0,0.032464593494090664
89197,29.4,22.0,0.01724282218871034
89198,29.4,23.0,0.021115598208253542
89199,29.4,24.0,0.04272578613095469
89200,29.4,25.0,0.020675173447157223
89201,29.4,26.0,0.008329551435682822
89202,29.4,27.0,0.032001337147895124
89203,29.4,28.0,0.070477718057943
89204,29.4,29.0,0.03379152069237291
89205,29.4,30.0,0.03945839153132158
89206,29.4,31.0,0.08171353405463441
89207,29.4,32.0,0.037220316173996446
89208,29.4,33.0,0.009860625067343459
89209,29.4,34.0,0.024366911986037607
89210,29.4,35.0,0.05023002900107579
89211,29.4,36.0,0.024868070911065653
89212,29.4,37.0,0.020357590221118906
89213,29.4,38.0,0.03828299137562312
89214,29.4,39.0,0.01933119855861014
89215,29.4,40.0,0.01623728841738151
89216,29.4,41.0,0.03002485837347696
89217,29.4,42.0,0.014756904949873568
89218,29.4,43.0,0.005375289470020353
89219,29.4,44.0,0.011454347956367007
89220,29.4,45.0,0.022180837378223395
89221,29.4,46.0,0.010854239174419427
89222,29.4,47.0,0.003501862532246019
89223,29.4,48.0,0.002720981717078442
89224,29.4,49.0,0.0024525438938958776
89225,29.4,50.0,0.0022034625183733896
89226,29.4,51.0,0.001969172496498222
89227,29.4,52.0,0.0017534287683135773
89228,29.4,53.0,0.0018153054505934926
89229,29.4,54.0,0.005324198294835786
89230,29.4,55.0,0.010923047909949288
89231,29.4,56.0,0.0049992092619603416
89232,29.4,57.0,0.0011644940902653014
89233,29.4,58.0,0.0007751989416061509
89234,29.4,59.0,0.000661303779116232
89235,29.4,60.0,0.0005633122422474905
89236,29.4,61.0,0.0004772952714643561
89237,29.4,62.0,0.00040226401394909746
89238,29.4,63.0,0.00033722622531021025
89239,29.4,64.0,0.00028120148340455013
89240,29.4,65.0,0.00023323836098234583
89241,29.4,66.0,0.00019242808678078188
89242,29.4,67.0,0.00015791487847387006
89243,29.4,68.0,0.0001289032141565091
89244,29.4,69.0,0.00010466236644081614
89245,29.4,70.0,8.452855815577036e-05
89246,29.4,71.0,6.790511352775045e-05
89247,29.4,72.0,5.4260976560498204e-05
89248,29.4,73.0,4.312795237841602e-05
89249,29.4,74.0,3.409700084587536e-05
89250,29.5,-75.0,1.3347465213375029e-15
89251,29.5,-74.0,2.322970084141014e-15
89252,29.5,-73.0,4.021374721343113e-15
89253,29.5,-72.0,6.924550355560273e-15
89254,29.5,-71.0,1.186027392333019e-14
89255,29.5,-70.0,2.0206168431542772e-14
89256,29.5,-69.0,3.4242015975011705e-14
89257,29.5,-68.0,5.771926469084033e-14
89258,29.5,-67.0,9.677615463160076e-14
89259,29.5,-66.0,1.6139944643067977e-13
89260,29.5,-65.0,2.677452825252007e-13
89261,29.5,-64.0,4.418020451237387e-13
89262,29.5,-63.0,7.251364293139991e-13
89263,29.5,-62.0,1.183853147147716e-12
89264,29.5,-61.0,1.9224809711894203e-12
89265,29.5,-60.0,3.105363000097465e-12
89266,29.5,-59.0,4.98940555215144e-12
89267,29.5,-58.0,7.973910289651878e-12
89268,29.5,-57.0,1.2675934668881933e-11
89269,29.5,-56.0,2.0043554743868095e-11
89270,29.5,-55.0,3.152503725523577e-11
89271,29.5,-54.0,4.931994435374057e-11
89272,29.5,-53.0,7.674951768178943e-11
89273,29.5,-52.0,1.1879956200614963e-10
89274,29.5,-51.0,1.829111295302239e-10
89275,29.5,-50.0,2.8012478193785976e-10
89276,29.5,-49.0,4.2672593535572703e-10
89277,29.5,-48.0,6.465954651468087e-10
89278,29.5,-47.0,9.745460773666664e-10
89279,29.5,-46.0,1.4610268905979083e-09
89280,29.5,-45.0,2.178713625240607e-09
89281,29.5,-44.0,3.2316788686255404e-09
89282,29.5,-43.0,4.7680670854659155e-09
89283,29.5,-42.0,6.997495477459281e-09
89284,29.5,-41.0,1.0214779766719996e-08
89285,29.5,-40.0,1.4832060980277967e-08
89286,29.5,-39.0,2.1422004851406922e-08
89287,29.5,-38.0,3.077548061618113e-08
89288,29.5,-37.0,4.397802269451789e-08
89289,29.5,-36.0,6.251045860556988e-08
89290,29.5,-35.0,8.838036909534967e-08
89291,29.5,-34.0,1.2429254723100096e-07
89292,29.5,-33.0,1.7386835036647003e-07
89293,29.5,-32.0,2.419257898439189e-07
89294,29.5,-31.0,3.348343603559213e-07
89295,29.5,-30.0,4.609609361884621e-07
89296,29.5,-29.0,6.312254915347812e-07
89297,29.5,-28.0,8.597878416589052e-07
89298,29.5,-27.0,1.1648889186423789e-06
89299,29.5,-26.0,1.5698721152370633e-06
89300,29.5,-25.0,2.1044117323596006e-06
89301,29.5,-24.0,2.8059762815854397e-06
89302,29.5,-23.0,3.721554008705774e-06
89303,29.5,-22.0,4.909666647655067e-06
89304,29.5,-21.0,6.444269279282412e-06
89305,29.5,-20.0,9.260341526153217e-06
89306,29.5,-19.0,8.691765341064981e-05
89307,29.5,-18.0,0.0011397289918324356
89308,29.5,-17.0,0.0027835040533676766
89309,29.5,-16.0,0.0012364587386893887
89310,29.5,-15.0,0.0014026723247954436
89311,29.5,-14.0,0.0032240413473333582
89312,29.5,-13.0,0.001345436446415578
89313,29.5,-12.0,0.0002526277505325687
89314,29.5,-11.0,0.0016513551573294728
89315,29.5,-10.0,0.0039663433298977565
89316,29.5,-9.0,0.0018131281438481305
89317,29.5,-8.0,0.0020794754957130187
89318,29.5,-7.0,0.00467938149619137
89319,29.5,-6.0,0.0020405414048851093
89320,29.5,-5.0,0.0005192143666957151
89321,29.5,-4.0,0.0025614662445466465
89322,29.5,-3.0,0.005923865677257672
89323,29.5,-2.0,0.0026833402302843907
89324,29.5,-1.0,0.0006382043974715674
89325,29.5,0.0,0.0005922059941879086
89326,29.5,1.0,0.0008741908463734913
89327,29.5,2.0,0.003932871631007075
89328,29.5,3.0,0.008660822820043362
89329,29.5,4.0,0.004186063850631773
89330,29.5,5.0,0.00164745623069293
89331,29.5,6.0,0.005351030981624839
89332,29.5,7.0,0.011389057478764267
89333,29.5,8.0,0.006035898985604615
89334,29.5,9.0,0.007029869425771596
89335,29.5,10.0,0.014078229255721457
89336,29.5,11.0,0.007196104777853372
89337,29.5,12.0,0.0033060371148020324
89338,29.5,13.0,0.009217007483103171
89339,29.5,14.0,0.018827769813995924
89340,29.5,15.0,0.01025729434289716
89341,29.5,16.0,0.01203052962028807
89342,29.5,17.0,0.023587063147892655
89343,29.5,18.0,0.012108935311392025
89344,29.5,19.0,0.005592756358482695
89345,29.5,20.0,0.015830247653470353
89346,29.5,21.0,0.03251425436083433
89347,29.5,22.0,0.017281397492441588
89348,29.5,23.0,0.021136225326362366
89349,29.5,24.0,0.042729560244253395
89350,29.5,25.0,0.020702788480063527
89351,29.5,26.0,0.008358975676999517
89352,29.5,27.0,0.03182709683835845
89353,29.5,28.0,0.06998237044509117
89354,29.5,29.0,0.03367308329348817
89355,29.5,30.0,0.039553059334728406
89356,29.5,31.0,0.08220265505460629
89357,29.5,32.0,0.037384727698612064
89358,29.5,33.0,0.009818615600129806
89359,29.5,34.0,0.02431789848316736
89360,29.5,35.0,0.05019097351309818
89361,29.5,36.0,0.024827021847346205
89362,29.5,37.0,0.020299080391549987
89363,29.5,38.0,0.038199614387724554
89364,29.5,39.0,0.01927971929782387
89365,29.5,40.0,0.016184414159221398
89366,29.5,41.0,0.029939321262495863
89367,29.5,42.0,0.014713064067693892
89368,29.5,43.0,0.005357449496499119
89369,29.5,44.0,0.011417016694371547
89370,29.5,45.0,0.022108315691810574
89371,29.5,46.0,0.010822128874161951
89372,29.5,47.0,0.0034961913733652767
89373,29.5,48.0,0.002718856696147775
89374,29.5,49.0,0.0024519482855296488
89375,29.5,50.0,0.002204101448787652
89376,29.5,51.0,0.0019707932058093723
89377,29.5,52.0,0.0017557889402876115
89378,29.5,53.0,0.0018169652201307548
89379,29.5,54.0,0.005308754096296608
89380,29.5,55.0,0.01088053982489835
89381,29.5,56.0,0.004984084745333236
89382,29.5,57.0,0.001166840908417312
89383,29.5,58.0,0.0007787080653830953
89384,29.5,59.0,0.000664675061930657
89385,29.5,60.0,0.0005664857567453898
89386,29.5,61.0,0.00048023999543566964
89387,29.5,62.0,0.0004049615279684592
89388,29.5,63.0,0.0003396685319493715
89389,29.5,64.0,0.0002833889874479781
89390,29.5,65.0,0.0002351780213976252
89391,29.5,66.0,0.00019413176475213944
89392,29.5,67.0,0.00015939789443464503
89393,29.5,68.0,0.0001301831169542342
89394,29.5,69.0,0.0001057579096889299
89395,29.5,70.0,8.545887250223262e-05
89396,29.5,71.0,6.86890589444188e-05
89397,29.5,72.0,5.4916655697954036e-05
89398,29.5,73.0,4.367236435822874e-05
89399,29.5,74.0,3.454581436420961e-05
89400,29.6,-75.0,1.2749658947041815e-15
89401,29.6,-74.0,2.2201114467463746e-15
89402,29.6,-73.0,3.8453607756033055e-15
89403,29.6,-72.0,6.624994399425892e-15
89404,29.6,-71.0,1.1353245955198318e-14
89405,29.6,-70.0,1.9352660812341573e-14
89406,29.6,-69.0,3.2813112759905636e-14
89407,29.6,-68.0,5.5340143945486026e-14
89408,29.6,-67.0,9.283660401222515e-14
89409,29.6,-66.0,1.5491173355669144e-13
89410,29.6,-65.0,2.571197812999027e-13
89411,29.6,-64.0,4.244951899858706e-13
89412,29.6,-63.0,6.971017365400209e-13
89413,29.6,-62.0,1.1386904102629758e-12
89414,29.6,-61.0,1.850125841732024e-12
89415,29.6,-60.0,2.9900812028225604e-12
89416,29.6,-59.0,4.806741908222382e-12
89417,29.6,-58.0,7.686077026696426e-12
89418,29.6,-57.0,1.222488461131446e-11
89419,29.6,-56.0,1.934064316236166e-11
89420,29.6,-55.0,3.0435690797487e-11
89421,29.6,-54.0,4.764107165035092e-11
89422,29.6,-53.0,7.417644037280491e-11
89423,29.6,-52.0,1.1487791961273228e-10
89424,29.6,-51.0,1.7696738908153604e-10
89425,29.6,-50.0,2.7116649808235037e-10
89426,29.6,-49.0,4.132995470494908e-10
89427,29.6,-48.0,6.265849133494928e-10
89428,29.6,-47.0,9.448895511395892e-10
89429,29.6,-46.0,1.417321147568004e-09
89430,29.6,-45.0,2.1146650930588464e-09
89431,29.6,-44.0,3.1383475324960944e-09
89432,29.6,-43.0,4.632832326062096e-09
89433,29.6,-42.0,6.802651779029952e-09
89434,29.6,-41.0,9.935643730173751e-09
89435,29.6,-40.0,1.4434438471040537e-08
89436,29.6,-39.0,2.085882751287376e-08
89437,29.6,-38.0,2.998237359001571e-08
89438,29.6,-37.0,4.286750959064591e-08
89439,29.6,-36.0,6.096444525273902e-08
89440,29.6,-35.0,8.624047455985656e-08
89441,29.6,-34.0,1.2134776990059028e-07
89442,29.6,-33.0,1.6983947039984804e-07
89443,29.6,-32.0,2.3644582007549002e-07
89444,29.6,-31.0,3.274242704831661e-07
89445,29.6,-30.0,4.5099979632309315e-07
89446,29.6,-29.0,6.179141197609983e-07
89447,29.6,-28.0,8.42105007406707e-07
89448,29.6,-27.0,1.141539163434312e-06
89449,29.6,-26.0,1.5392243214226218e-06
89450,29.6,-25.0,2.0644277181156776e-06
89451,29.6,-24.0,2.754128948198405e-06
89452,29.6,-23.0,3.6547349368341005e-06
89453,29.6,-22.0,4.824083558579609e-06
89454,29.6,-21.0,6.335342708302772e-06
89455,29.6,-20.0,9.127004640230472e-06
89456,29.6,-19.0,8.714204904033744e-05
89457,29.6,-18.0,0.0011454003982297098
89458,29.6,-17.0,0.002797697601775363
89459,29.6,-16.0,0.0012424607855659017
89460,29.6,-15.0,0.0014092822364019833
89461,29.6,-14.0,0.0032398005805276235
89462,29.6,-13.0,0.0013514614204568236
89463,29.6,-12.0,0.000252883291949727
89464,29.6,-11.0,0.00165824751453105
89465,29.6,-10.0,0.003984336537545047
89466,29.6,-9.0,0.0018202657547464834
89467,29.6,-8.0,0.0020873199532911073
89468,29.6,-7.0,0.004699139538875402
89469,29.6,-6.0,0.002047413530078852
89470,29.6,-5.0,0.0005184211596018793
89471,29.6,-4.0,0.0025692856658906787
89472,29.6,-3.0,0.005946136108433314
89473,29.6,-2.0,0.002690588037150601
89474,29.6,-1.0,0.0006357588207889221
89475,29.6,0.0,0.0005980869340679522
89476,29.6,1.0,0.000871548750836539
89477,29.6,2.0,0.0039420625666412535
89478,29.6,3.0,0.008688636641844076
89479,29.6,4.0,0.0041951477882299845
89480,29.6,5.0,0.001645612713826704
89481,29.6,6.0,0.00536230548147719
89482,29.6,7.0,0.01142218470991402
89483,29.6,8.0,0.006049084482527465
89484,29.6,9.0,0.00704499267199175
89485,29.6,10.0,0.014116729574618595
89486,29.6,11.0,0.007212240848954673
89487,29.6,12.0,0.003309637344669239
89488,29.6,13.0,0.00923717558058606
89489,29.6,14.0,0.01887484849262252
89490,29.6,15.0,0.010282591090698375
89491,29.6,16.0,0.012057482045770741
89492,29.6,17.0,0.023639388731555876
89493,29.6,18.0,0.01214039696701811
89494,29.6,19.0,0.005612717280494378
89495,29.6,20.0,0.01586025647919719
89496,29.6,21.0,0.03255989781834003
89497,29.6,22.0,0.017317741145921325
89498,29.6,23.0,0.021154719943515362
89499,29.6,24.0,0.04272957883473424
89500,29.6,25.0,0.020728395092985706
89501,29.6,26.0,0.008388216462423043
89502,29.6,27.0,0.03166250280636827
89503,29.6,28.0,0.0695119028336113
89504,29.6,29.0,0.03356638419606153
89505,29.6,30.0,0.03966045751338732
89506,29.6,31.0,0.08271834132958804
89507,29.6,32.0,0.037559353539604
89508,29.6,33.0,0.009776234216503825
89509,29.6,34.0,0.024266053177890042
89510,29.6,35.0,0.050146432917275635
89511,29.6,36.0,0.02478297124836057
89512,29.6,37.0,0.020237582908703044
89513,29.6,38.0,0.038110785873457294
89514,29.6,39.0,0.019225297582101886
89515,29.6,40.0,0.016128901515598055
89516,29.6,41.0,0.029849143138434047
89517,29.6,42.0,0.014666779857825926
89518,29.6,43.0,0.00533851960799029
89519,29.6,44.0,0.011377701334706452
89520,29.6,45.0,0.022032234951292844
89521,29.6,46.0,0.010788149490507375
89522,29.6,47.0,0.003489755778765077
89523,29.6,48.0,0.0027161017125525745
89524,29.6,49.0,0.002450782494298579
89525,29.6,50.0,0.002204227612562023
89526,29.6,51.0,0.0019719563501259295
89527,29.6,52.0,0.0017577435360805634
89528,29.6,53.0,0.0018182299518199685
89529,29.6,54.0,0.0052924203837018255
89530,29.6,55.0,0.010836340887464515
89531,29.6,56.0,0.004968150819360667
89532,29.6,57.0,0.0011689528037966976
89533,29.6,58.0,0.0007820515238881981
89534,29.6,59.0,0.0006679081014598838
89535,29.6,60.0,0.0005695446094700927
89536,29.6,61.0,0.00048309046587545034
89537,29.6,62.0,0.0004075822814569073
89538,29.6,63.0,0.0003420489274484668
89539,29.6,64.0,0.0002855270625856244
89540,29.6,65.0,0.00023707864121963172
89541,29.6,66.0,0.00019580496006301167
89542,29.6,67.0,0.00016085740417718787
89543,29.6,68.0,0.00013144513917090635
89544,29.6,69.0,0.00010684005738508415
89545,29.6,70.0,8.637932424010851e-05
89546,29.6,71.0,6.946588919085175e-05
89547,29.6,72.0,5.556732670878463e-05
89548,29.6,73.0,4.421335953611469e-05
89549,29.6,74.0,3.4992392368589686e-05
89550,29.7,-75.0,1.2176217813425363e-15
89551,29.7,-74.0,2.1213875027055077e-15
89552,29.7,-73.0,3.6763234230272284e-15
89553,29.7,-72.0,6.337143244330134e-15
89554,29.7,-71.0,1.086574338736175e-14
89555,29.7,-70.0,1.8531538318853607e-14
89556,29.7,-69.0,3.1437616169188276e-14
89557,29.7,-68.0,5.304859059550322e-14
89558,29.7,-67.0,8.903980500647873e-14
89559,29.7,-66.0,1.4865538910385056e-13
89560,29.7,-65.0,2.4686710452851333e-13
89561,29.7,-64.0,4.0778560982638117e-13
89562,29.7,-63.0,6.700183181456472e-13
89563,29.7,-62.0,1.0950338998181512e-12
89564,29.7,-61.0,1.7801416417451792e-12
89565,29.7,-60.0,2.8785094682306052e-12
89566,29.7,-59.0,4.6298494868845585e-12
89567,29.7,-58.0,7.407167925056506e-12
89568,29.7,-57.0,1.1787551843501127e-11
89569,29.7,-56.0,1.865868997579227e-11
89570,29.7,-55.0,2.9378173350384025e-11
89571,29.7,-54.0,4.6010244068788925e-11
89572,29.7,-53.0,7.167544410457177e-11
89573,29.7,-52.0,1.1106375575677367e-10
89574,29.7,-51.0,1.7118291843369244e-10
89575,29.7,-50.0,2.6244276490274676e-10
89576,29.7,-49.0,4.002164086609394e-10
89577,29.7,-48.0,6.070735123918539e-10
89578,29.7,-47.0,9.159542583288957e-10
89579,29.7,-46.0,1.3746508215442748e-09
89580,29.7,-45.0,2.0520933561867277e-09
89581,29.7,-44.0,3.04710866061994e-09
89582,29.7,-43.0,4.500542614278926e-09
89583,29.7,-42.0,6.611925101382599e-09
89584,29.7,-41.0,9.66222360839914e-09
89585,29.7,-40.0,1.4044696406341498e-08
89586,29.7,-39.0,2.030643771216342e-08
89587,29.7,-38.0,2.920392669786034e-08
89588,29.7,-37.0,4.177677194909996e-08
89589,29.7,-36.0,5.9444905180403605e-08
89590,29.7,-35.0,8.413574326528004e-08
89591,29.7,-34.0,1.1844932270271011e-07
89592,29.7,-33.0,1.658711256365297e-07
89593,29.7,-32.0,2.3104426138897943e-07
89594,29.7,-31.0,3.201148275828067e-07
89595,29.7,-30.0,4.411666162398635e-07
89596,29.7,-29.0,6.04763793649158e-07
89597,29.7,-28.0,8.246226782536984e-07
89598,29.7,-27.0,1.1184361414701917e-06
89599,29.7,-26.0,1.508876293225556e-06
89600,29.7,-25.0,2.0248027717073107e-06
89601,29.7,-24.0,2.7027048714074203e-06
89602,29.7,-23.0,3.5884056030340273e-06
89603,29.7,-22.0,4.7390547186719245e-06
89604,29.7,-21.0,6.227026243861094e-06
89605,29.7,-20.0,8.994218632147845e-06
89606,29.7,-19.0,8.735838820100338e-05
89607,29.7,-18.0,0.0011509433946705252
89608,29.7,-17.0,0.0028115746953713172
89609,29.7,-16.0,0.0012483239861999995
89610,29.7,-15.0,0.0014157335711737318
89611,29.7,-14.0,0.0032551912568872165
89612,29.7,-13.0,0.0013573350381342155
89613,29.7,-12.0,0.0002531137214105848
89614,29.7,-11.0,0.0016649516950583364
89615,29.7,-10.0,0.004001871680869138
89616,29.7,-9.0,0.0018271959427301125
89617,29.7,-8.0,0.0020949238480691868
89618,29.7,-7.0,0.0047183507531989004
89619,29.7,-6.0,0.00205404725981181
89620,29.7,-5.0,0.0005175659595192859
89621,29.7,-4.0,0.002576798216828514
89622,29.7,-3.0,0.005967697707929594
89623,29.7,-2.0,0.002697506717429705
89624,29.7,-1.0,0.0006332210599990686
89625,29.7,0.0,0.0006039389513308045
89626,29.7,1.0,0.0008687702917000187
89627,29.7,2.0,0.003950739409650902
89628,29.7,3.0,0.008715356145210245
89629,29.7,4.0,0.004203664370113881
89630,29.7,5.0,0.001643493977372811
89631,29.7,6.0,0.005372841207665124
89632,29.7,7.0,0.011453825743525213
89633,29.7,8.0,0.006061415400577148
89634,29.7,9.0,0.007059123174384092
89635,29.7,10.0,0.01415336502685695
89636,29.7,11.0,0.007227327883536166
89637,29.7,12.0,0.0033126428762124543
89638,29.7,13.0,0.009256024741488282
89639,29.7,14.0,0.018919442123806127
89640,29.7,15.0,0.010306417414132558
89641,29.7,16.0,0.012082767845969128
89642,29.7,17.0,0.023688698590798578
89643,29.7,18.0,0.012170172378125657
89644,29.7,19.0,0.005631760236446587
89645,29.7,20.0,0.0158883137456249
89646,29.7,21.0,0.032601897575355136
89647,29.7,22.0,0.017352044336857327
89648,29.7,23.0,0.021171305244968103
89649,29.7,24.0,0.04272630000170284
89650,29.7,25.0,0.020752206842895724
89651,29.7,26.0,0.008417265767243727
89652,29.7,27.0,0.031506624091433955
89653,29.7,28.0,0.06906396308450455
89654,29.7,29.0,0.03347069824316843
89655,29.7,30.0,0.039781527115849924
89656,29.7,31.0,0.08326354527576046
89657,29.7,32.0,0.03774535244628417
89658,29.7,33.0,0.009733471168359589
89659,29.7,34.0,0.02421102958689239
89660,29.7,35.0,0.05009566287463196
89661,29.7,36.0,0.02473555831538615
89662,29.7,37.0,0.02017279640357834
89663,29.7,38.0,0.038015918172749824
89664,29.7,39.0,0.0191676425290486
89665,29.7,40.0,0.016070508016535066
89666,29.7,41.0,0.02975386469242123
89667,29.7,42.0,0.014617828664083257
89668,29.7,43.0,0.005318420482445039
89669,29.7,44.0,0.011336228648555413
89670,29.7,45.0,0.021952257269323348
89671,29.7,46.0,0.010752134240880411
89672,29.7,47.0,0.0034824998075465383
89673,29.7,48.0,0.0027126718778488997
89674,29.7,49.0,0.002449005078137881
89675,29.7,50.0,0.0022038028969031784
89676,29.7,51.0,0.001972627082007151
89677,29.7,52.0,0.0017592608364312753
89678,29.7,53.0,0.0018190671207947288
89679,29.7,54.0,0.00527511366347654
89680,29.7,55.0,0.010790286239277169
89681,29.7,56.0,0.004951329319613135
89682,29.7,57.0,0.0011708078873363908
89683,29.7,58.0,0.0007852134949825812
89684,29.7,59.0,0.0006709891398779229
89685,29.7,60.0,0.0005724768765038034
89686,29.7,61.0,0.0004858364103394658
89687,29.7,62.0,0.0004101174779959494
89688,29.7,63.0,0.0003443599247782276
89689,29.7,64.0,0.0002876093748028299
89690,29.7,65.0,0.00023893489435492652
89691,29.7,66.0,0.00019744322135172026
89692,29.7,67.0,0.0001622897100548862
89693,29.7,68.0,0.00013268622799392815
89694,29.7,69.0,0.00010790630451264106
89695,29.7,70.0,8.728787045602481e-05
89696,29.7,71.0,7.023394845567934e-05
89697,29.7,72.0,5.621165580887117e-05
89698,29.7,73.0,4.4749870171822844e-05
89699,29.7,74.0,3.543588540077012e-05
89700,29.8,-75.0,1.162639399254141e-15
89701,29.8,-74.0,2.02667459307583e-15
89702,29.8,-73.0,3.5140595556605257e-15
89703,29.8,-72.0,6.06066556188506e-15
89704,29.8,-71.0,1.0397229468494365e-14
89705,29.8,-70.0,1.7741937541024368e-14
89706,29.8,-69.0,3.011414730968424e-14
89707,29.8,-68.0,5.084241866250534e-14
89708,29.8,-67.0,8.538231819070124e-14
89709,29.8,-66.0,1.4262504322704836e-13
89710,29.8,-65.0,2.3697893510194626e-13
89711,29.8,-64.0,3.916605285083643e-13
89712,29.8,-63.0,6.438667158187388e-13
89713,29.8,-62.0,1.0528542443034744e-12
89714,29.8,-61.0,1.71248445059204e-12
89715,29.8,-60.0,2.7705827686667147e-12
89716,29.8,-59.0,4.458633024139957e-12
89717,29.8,-58.0,7.137045007738788e-12
89718,29.8,-57.0,1.1363738993373215e-11
89719,29.8,-56.0,1.7997416704863076e-11
89720,29.8,-55.0,2.835209803499249e-11
89721,29.8,-54.0,4.442693363353652e-11
89722,29.8,-53.0,6.924582339826589e-11
89723,29.8,-52.0,1.0735615188690588e-10
89724,29.8,-51.0,1.6555656079966546e-10
89725,29.8,-50.0,2.5395219064500915e-10
89726,29.8,-49.0,3.8747495697536454e-10
89727,29.8,-48.0,5.880597050205667e-10
89728,29.8,-47.0,8.877390266223834e-10
89729,29.8,-46.0,1.3330158450903234e-09
89730,29.8,-45.0,1.9910007299094316e-09
89731,29.8,-44.0,2.957969118195668e-09
89732,29.8,-43.0,4.371212919829352e-09
89733,29.8,-42.0,6.425344198197943e-09
89734,29.8,-41.0,9.394570820449435e-09
89735,29.8,-40.0,1.3662922507305388e-08
89736,29.8,-39.0,1.9764980077946624e-08
89737,29.8,-38.0,2.844037216853232e-08
89738,29.8,-37.0,4.070617472373588e-08
89739,29.8,-36.0,5.79524016152321e-08
89740,29.8,-35.0,8.206703085570988e-08
89741,29.8,-34.0,1.1559848748066681e-07
89742,29.8,-33.0,1.6196521230142632e-07
89743,29.8,-32.0,2.2572388652130023e-07
89744,29.8,-31.0,3.1291004261030916e-07
89745,29.8,-30.0,4.3146713966759085e-07
89746,29.8,-29.0,5.917826598777997e-07
89747,29.8,-28.0,8.073523040729916e-07
89748,29.8,-27.0,1.0955958047501023e-06
89749,29.8,-26.0,1.478850068004674e-06
89750,29.8,-25.0,1.985567089106161e-06
89751,29.8,-24.0,2.651745098273765e-06
89752,29.8,-23.0,3.5226213733641038e-06
89753,29.8,-22.0,4.654654243122241e-06
89754,29.8,-21.0,6.11941837764758e-06
89755,29.8,-20.0,8.862121042568103e-06
89756,29.8,-19.0,8.756752402681432e-05
89757,29.8,-18.0,0.0011563683189574233
89758,29.8,-17.0,0.0028251604745061156
89759,29.8,-16.0,0.0012540596159917048
89760,29.8,-15.0,0.0014220391954218755
89761,29.8,-14.0,0.003270242751584218
89762,29.8,-13.0,0.00136306977175236
89763,29.8,-12.0,0.00025332172455113955
89764,29.8,-11.0,0.0016714832110278988
89765,29.8,-10.0,0.004018985452108657
89766,29.8,-9.0,0.0018339359380580224
89767,29.8,-8.0,0.0021023070794495037
89768,29.8,-7.0,0.004737059034774346
89769,29.8,-6.0,0.002060462503220719
89770,29.8,-5.0,0.0005166549557080615
89771,29.8,-4.0,0.0025840292268211012
89772,29.8,-3.0,0.005988607193258104
89773,29.8,-2.0,0.0027041232590719463
89774,29.8,-1.0,0.000630599440905845
89775,29.8,0.0,0.0006097666842722547
89776,29.8,1.0,0.0008658665698212345
89777,29.8,2.0,0.003958942272251438
89778,29.8,3.0,0.008741066124712505
89779,29.8,4.0,0.004211656583415713
89780,29.8,5.0,0.0016411193940101742
89781,29.8,6.0,0.005382692986730181
89782,29.8,7.0,0.011484093016389613
89783,29.8,8.0,0.006072953204547228
89784,29.8,9.0,0.007072332316419841
89785,29.8,10.0,0.014188274806194815
89786,29.8,11.0,0.007241438360061922
89787,29.8,12.0,0.0033150882877754284
89788,29.8,13.0,0.009273647064678625
89789,29.8,14.0,0.018961736489620105
89790,29.8,15.0,0.010328874035455071
89791,29.8,16.0,0.012106505169002992
89792,29.8,17.0,0.023735224898340575
89793,29.8,18.0,0.012198377973135124
89794,29.8,19.0,0.0056499352859684104
89795,29.8,20.0,0.01591457043699871
89796,29.8,21.0,0.032640569957470646
89797,29.8,22.0,0.01738446841429738
89798,29.8,23.0,0.021186167458716525
89799,29.8,24.0,0.04272010564904797
89800,29.8,25.0,0.02077440151495336
89801,29.8,26.0,0.008446114704635788
89802,29.8,27.0,0.03135865775502635
89803,29.8,28.0,0.06863652585218237
89804,29.8,29.0,0.033385461042568364
89805,29.8,30.0,0.03991744790623206
89806,29.8,31.0,0.08384177388843625
89807,29.8,32.0,0.03794409893002141
89808,29.8,33.0,0.009690311882318108
89809,29.8,34.0,0.02415240760078874
89810,29.8,35.0,0.0500377620292821
89811,29.8,36.0,0.02468434623770987
89812,29.8,37.0,0.020104358798083553
89813,29.8,38.0,0.037914307016585
89814,29.8,39.0,0.019106405322438035
89815,29.8,40.0,0.016008943390462105
89816,29.8,41.0,0.02965293693312359
89817,29.8,42.0,0.014565943103597939
89818,29.8,43.0,0.005297057274225309
89819,29.8,44.0,0.01129239182698284
89820,29.8,45.0,0.02186797937971009
89821,29.8,46.0,0.010713884246040039
89822,29.8,47.0,0.0034743569993267733
89823,29.8,48.0,0.0027085139932956762
89824,29.8,49.0,0.0024465670006455094
89825,29.8,50.0,0.0022027822710339643
89826,29.8,51.0,0.001972764284911489
89827,29.8,52.0,0.0017603034621062037
89828,29.8,53.0,0.0018194383720472505
89829,29.8,54.0,0.0052567346340204974
89830,29.8,55.0,0.010742179291662568
89831,29.8,56.0,0.004933527253001632
89832,29.8,57.0,0.00117238039774108
89833,29.8,58.0,0.0007881754312411882
89834,29.8,59.0,0.0006739020587192142
89835,29.8,60.0,0.0005752685935722104
89836,29.8,61.0,0.0004884658021623487
89837,29.8,62.0,0.00041255682093765164
89838,29.8,63.0,0.0003465927606994492
89839,29.8,64.0,0.0002896285102095234
89840,29.8,65.0,0.00024074054582650582
89841,29.8,66.0,0.00019904133636659252
89842,29.8,67.0,0.00016369048082797127
89843,29.8,68.0,0.00013390280583947269
89844,29.8,69.0,0.00010895371374380238
89845,29.8,70.0,8.818211400628245e-05
89846,29.8,71.0,7.099129223610878e-05
89847,29.8,72.0,5.684807520277077e-05
89848,29.8,73.0,4.528063986035995e-05
89849,29.8,74.0,3.5875292719009315e-05
89850,29.9,-75.0,1.1099425203463373e-15
89851,29.9,-74.0,1.9358462660703233e-15
89852,29.9,-73.0,3.3583607754739053e-15
89853,29.9,-72.0,5.795220168662922e-15
89854,29.9,-71.0,9.947149353885856e-15
89855,29.9,-70.0,1.698296228133753e-14
89856,29.9,-69.0,2.8841268575679846e-14
89857,29.9,-68.0,4.871933817891357e-14
89858,29.9,-67.0,8.186052183608334e-14
89859,29.9,-66.0,1.3681500954586032e-13
89860,29.9,-65.0,2.274464113191845e-13
89861,29.9,-64.0,3.761062410918836e-13
89862,29.9,-63.0,6.186259004180379e-13
89863,29.9,-62.0,1.0121194370055298e-12
89864,29.9,-61.0,1.647105961438368e-12
89865,29.9,-60.0,2.6662288313681927e-12
89866,29.9,-59.0,4.2929853773729154e-12
89867,29.9,-58.0,6.875550963702991e-12
89868,29.9,-57.0,1.095321744402207e-11
89869,29.9,-56.0,1.7356494729839456e-11
89870,29.9,-55.0,2.735699806228554e-11
89871,29.9,-54.0,4.289048587709112e-11
89872,29.9,-53.0,6.688667388557945e-11
89873,29.9,-52.0,1.0375387879291288e-10
89874,29.9,-51.0,1.600866773214678e-10
89875,29.9,-50.0,2.4569264032584757e-10
89876,29.9,-49.0,3.7507249024456614e-10
89877,29.9,-48.0,5.695402009591738e-10
89878,29.9,-47.0,8.602400623836473e-10
89879,29.9,-46.0,1.2924122105955425e-09
89880,29.9,-45.0,1.9313836436873723e-09
89881,29.9,-44.0,2.870927032383747e-09
89882,29.9,-43.0,4.244845319501429e-09
89883,29.9,-42.0,6.242918915619036e-09
89884,29.9,-41.0,9.132709225417887e-09
89885,29.9,-40.0,1.3289164565411526e-08
89886,29.9,-39.0,1.9234541734907337e-08
89887,29.9,-38.0,2.7691859912295117e-08
89888,29.9,-37.0,3.965596572825447e-08
89889,29.9,-36.0,5.64873320800596e-08
89890,29.9,-35.0,8.003495995807216e-08
89891,29.9,-34.0,1.1279622033009813e-07
89892,29.9,-33.0,1.5812317390767083e-07
89893,29.9,-32.0,2.2048684272275094e-07
89894,29.9,-31.0,3.0581306735261983e-07
89895,29.9,-30.0,4.219059370302172e-07
89896,29.9,-29.0,5.789772720973804e-07
89897,29.9,-28.0,7.903031843157966e-07
89898,29.9,-27.0,1.073031219122793e-06
89899,29.9,-26.0,1.4491638317324874e-06
89900,29.9,-25.0,1.946745756236806e-06
89901,29.9,-24.0,2.601283934463301e-06
89902,29.9,-23.0,3.4574287708954537e-06
89903,29.9,-22.0,4.5709447131246075e-06
89904,29.9,-21.0,6.01260264034159e-06
89905,29.9,-20.0,8.730828979329493e-06
89906,29.9,-19.0,8.777018296172304e-05
89907,29.9,-18.0,0.0011616839673045944
89908,29.9,-17.0,0.0028384763296103828
89909,29.9,-16.0,0.001259677271752803
89910,29.9,-15.0,0.0014282100644413993
89911,29.9,-14.0,0.003284980071946748
89912,29.9,-13.0,0.0013686762478644996
89913,29.9,-12.0,0.0002535096043627254
89914,29.9,-11.0,0.001677855291780826
89915,29.9,-10.0,0.004035709120371541
89916,29.9,-9.0,0.0018405004486946397
89917,29.9,-8.0,0.0021094866431598993
89918,29.9,-7.0,0.004755301830249054
89919,29.9,-6.0,0.0020666762904539993
89920,29.9,-5.0,0.0005156935087534079
89921,29.9,-4.0,0.0025910003871152634
89922,29.9,-3.0,0.006008913027396307
89923,29.9,-2.0,0.002710460809292545
89924,29.9,-1.0,0.0006279012284649416
89925,29.9,0.0,0.0006155740560136217
89926,29.9,1.0,0.0008628472691262083
89927,29.9,2.0,0.0039667056114967205
89928,29.9,3.0,0.008765839177955983
89929,29.9,4.0,0.004219161387670319
89930,29.9,5.0,0.0016385058035592612
89931,29.9,6.0,0.005391907941320623
89932,29.9,7.0,0.011513082841081212
89933,29.9,8.0,0.006083750706502168
89934,29.9,9.0,0.0070846813954282386
89935,29.9,10.0,0.01422157811310441
89936,29.9,11.0,0.007254634485559658
89937,29.9,12.0,0.0033170033916854287
89938,29.9,13.0,0.009290121462767966
89939,29.9,14.0,0.0190018904837468
89940,29.9,15.0,0.010350047111259756
89941,29.9,16.0,0.012128794952324362
89942,29.9,17.0,0.02377916587094819
89943,29.9,18.0,0.01222511302126573
89944,29.9,19.0,0.005667284877928727
89945,29.9,20.0,0.015939154682910045
89946,29.9,21.0,0.03267618356217769
89947,29.9,22.0,0.01741514991427175
89948,29.9,23.0,0.021199462211876734
89949,29.9,24.0,0.042711314654465135
89950,29.9,25.0,0.02079512726854391
89951,29.9,26.0,0.008474753425342244
89952,29.9,27.0,0.03121790386277855
89953,29.9,28.0,0.0682278292658084
89954,29.9,29.0,0.03331025382265812
89955,29.9,30.0,0.040069695972557696
89956,29.9,31.0,0.08445725136661467
89957,29.9,32.0,0.03815724667422573
89958,29.9,33.0,0.009646735736427162
89959,29.9,34.0,0.024089672591767516
89960,29.9,35.0,0.04997162745263001
89961,29.9,36.0,0.024628800632768053
89962,29.9,37.0,0.02003183025620247
89963,29.9,38.0,0.037805098881656646
89964,29.9,39.0,0.019041162962822752
89965,29.9,40.0,0.015943856155775978
89966,29.9,41.0,0.029545696092689262
89967,29.9,42.0,0.014510799807146943
89968,29.9,43.0,0.005274315232734899
89969,29.9,44.0,0.011245941056773892
89970,29.9,45.0,0.021778914329672834
89971,29.9,46.0,0.010673159531860793
89972,29.9,47.0,0.0034652474132136745
89973,29.9,48.0,0.002703564211426517
89974,29.9,49.0,0.0024434094974296037
89975,29.9,50.0,0.002201111845794801
89976,29.9,51.0,0.0019723188178848907
89977,29.9,52.0,0.0017608267920464504
89978,29.9,53.0,0.001819297893063554
89979,29.9,54.0,0.0052371637626310195
89980,29.9,55.0,0.010691782839814682
89981,29.9,56.0,0.004914632651428265
89982,29.9,57.0,0.0011736396274237395
89983,29.9,58.0,0.0007909153076233856
89984,29.9,59.0,0.0006766277286794185
89985,29.9,60.0,0.0005779031953098576
89986,29.9,61.0,0.0004909643794335711
89987,29.9,62.0,0.00041488810294385025
89988,29.9,63.0,0.0003487370473678289
89989,29.9,64.0,0.0002915756808907883
89990,29.9,65.0,0.00024248820473832955
89991,29.9,66.0,0.00020059312559627445
89992,29.9,67.0,0.00016505458017793793
89993,29.9,68.0,0.000135090628608637
89994,29.9,69.0,0.00010997879889947561
89995,29.9,70.0,8.9059208206251e-05
89996,29.9,71.0,7.173560980234987e-05
89997,29.9,72.0,5.74747203422676e-05
89998,29.9,73.0,4.580417303082209e-05
89999,29.9,74.0,3.630942186458008e-05
90000,30.0,-75.0,1.0180256460027648e-15
90001,30.0,-74.0,1.776480661967158e-15
90002,30.0,-73.0,3.083531272236176e-15
90003,30.0,-72.0,5.323807426673979e-15
90004,30.0,-71.0,9.142867495333712e-15
90005,30.0,-70.0,1.5618115175837644e-14
90006,30.0,-69.0,2.6537556035221262e-14
90007,30.0,-68.0,4.485174400445997e-14
90008,30.0,-67.0,7.540217140745422e-14
90009,30.0,-66.0,1.2608820967938093e-13
90010,30.0,-65.0,2.097254868701326e-13
90011,30.0,-64.0,3.4698767729771835e-13
90012,30.0,-63.0,5.710353575277535e-13
90013,30.0,-62.0,9.347555564383225e-13
90014,30.0,-61.0,1.5220160018657432e-12
90015,30.0,-60.0,2.4650542926537277e-12
90016,30.0,-59.0,3.9711826930035396e-12
90017,30.0,-58.0,6.363548415675748e-12
90018,30.0,-57.0,1.0142965441768055e-11
90019,30.0,-56.0,1.6081133096573303e-11
90020,30.0,-55.0,2.536030396080384e-11
90021,30.0,-54.0,3.9781244952864003e-11
90022,30.0,-53.0,6.207095015815035e-11
90023,30.0,-52.0,9.633509372012018e-11
90024,30.0,-51.0,1.4871910480191793e-10
90025,30.0,-50.0,2.2836792644805317e-10
90026,30.0,-49.0,3.488105100584792e-10
90027,30.0,-48.0,5.29944176000395e-10
90028,30.0,-47.0,8.008603508081232e-10
90029,30.0,-46.0,1.2038422201403728e-09
90030,30.0,-45.0,1.7999832189687702e-09
90031,30.0,-44.0,2.6770313107702773e-09
90032,30.0,-43.0,3.96026779915905e-09
90033,30.0,-42.0,5.8274931058114085e-09
90034,30.0,-41.0,8.529529850120604e-09
90035,30.0,-40.0,1.2418082223185723e-08
90036,30.0,-39.0,1.7983328749573053e-08
90037,30.0,-38.0,2.5904293609509086e-08
90038,30.0,-37.0,3.711586155239149e-08
90039,30.0,-36.0,5.2897295186686126e-08
90040,30.0,-35.0,7.498830210481364e-08
90041,30.0,-34.0,1.0574010086189013e-07
90042,30.0,-33.0,1.4831056158647596e-07
90043,30.0,-32.0,2.069143523172818e-07
90044,30.0,-31.0,2.871410964051322e-07
90045,30.0,-30.0,3.963568121480861e-07
90046,30.0,-29.0,5.44206312831915e-07
90047,30.0,-28.0,7.432367143048226e-07
90048,30.0,-27.0,1.0096646142301505e-06
90049,30.0,-26.0,1.3643117181598895e-06
90050,30.0,-25.0,1.8337354937308059e-06
90051,30.0,-24.0,2.4515825891356797e-06
90052,30.0,-23.0,3.2601929611264865e-06
90053,30.0,-22.0,4.3124820604916666e-06
90054,30.0,-21.0,5.675677626460892e-06
90055,30.0,-20.0,8.26413253155288e-06
90056,30.0,-19.0,8.452714269954936e-05
90057,30.0,-18.0,0.0011212677149581886
90058,30.0,-17.0,0.002740034465325647
90059,30.0,-16.0,0.001215711608518861
90060,30.0,-15.0,0.0013781707039583328
90061,30.0,-14.0,0.00317040455746631
90062,30.0,-13.0,0.0013204285425716716
90063,30.0,-12.0,0.0002437595192098168
90064,30.0,-11.0,0.00161822537117811
90065,30.0,-10.0,0.0038936181364908613
90066,30.0,-9.0,0.0017746811971734945
90067,30.0,-8.0,0.0020337148244434435
90068,30.0,-7.0,0.004586464442357412
90069,30.0,-6.0,0.001991652685956561
90070,30.0,-5.0,0.0004945601004209038
90071,30.0,-4.0,0.0024961492377872864
90072,30.0,-3.0,0.005792913426447554
90073,30.0,-2.0,0.002610312314355631
90074,30.0,-1.0,0.000600687737897771
90075,30.0,0.0,0.0005970666852807322
90076,30.0,1.0,0.0008261025430033976
90077,30.0,2.0,0.0038186583729780685
90078,30.0,3.0,0.008446025626632804
90079,30.0,4.0,0.0040609498392154796
90080,30.0,5.0,0.001571707113088619
90081,30.0,6.0,0.005189345680456771
90082,30.0,7.0,0.011089585954261218
90083,30.0,8.0,0.005855560709204385
90084,30.0,9.0,0.0068187340424416265
90085,30.0,10.0,0.013696016329421636
90086,30.0,11.0,0.006982803808620745
90087,30.0,12.0,0.0031886514549937218
90088,30.0,13.0,0.008941634879653871
90089,30.0,14.0,0.018295502745785057
90090,30.0,15.0,0.00996450389475767
90091,30.0,16.0,0.011674623490468447
90092,30.0,17.0,0.022889211996990306
90093,30.0,18.0,0.011771422926599006
90094,30.0,19.0,0.005461585216943543
90095,30.0,20.0,0.015337993953820538
90096,30.0,21.0,0.03142992251600081
90097,30.0,22.0,0.016762070125130542
90098,30.0,23.0,0.020381876689219664
90099,30.0,24.0,0.041030454128441904
90100,30.0,25.0,0.020000581482193157
90101,30.0,26.0,0.008170664916907789
90102,30.0,27.0,0.029868254310960265
90103,30.0,28.0,0.06518366962168826
90104,30.0,29.0,0.03194480062470405
90105,30.0,30.0,0.039103766553790824
90106,30.0,31.0,0.08894515365595965
90107,30.0,32.0,0.04011414515806467
90108,30.0,33.0,0.010034816550924988
90109,30.0,34.0,0.025103134548767787
90110,30.0,35.0,0.05214110361331209
90111,30.0,36.0,0.02567377990914842
90112,30.0,37.0,0.0208525879084728
90113,30.0,38.0,0.03938309292070107
90114,30.0,39.0,0.019825068839767156
90115,30.0,40.0,0.016589148475304988
90116,30.0,41.0,0.030755677030940155
90117,30.0,42.0,0.015102312278829461
90118,30.0,43.0,0.005486295047950794
90119,30.0,44.0,0.011700392684215665
90120,30.0,45.0,0.02266022167720951
90121,30.0,46.0,0.011107979296580962
90122,30.0,47.0,0.0036105445984076934
90123,30.0,48.0,0.0028191376630179368
90124,30.0,49.0,0.0025492317627550925
90125,30.0,50.0,0.002297664260532825
90126,30.0,51.0,0.0020599323560529723
90127,30.0,52.0,0.001840008041124374
90128,30.0,53.0,0.0019004229098827721
90129,30.0,54.0,0.005450975715382218
90130,30.0,55.0,0.01111753077173209
90131,30.0,56.0,0.005114751474051435
90132,30.0,57.0,0.001227400656404398
90133,30.0,58.0,0.0008291082159241508
90134,30.0,59.0,0.0007097031285887639
90135,30.0,60.0,0.0006064757582626672
90136,30.0,61.0,0.0005155131213979273
90137,30.0,62.0,0.00043586511426314855
90138,30.0,63.0,0.0003665646696843639
90139,30.0,64.0,0.00030664451859004933
90140,30.0,65.0,0.00025515607617697004
90141,30.0,66.0,0.0002111848363329269
90142,30.0,67.0,0.0001738623940344444
90143,30.0,68.0,0.00014237531140184656
90144,30.0,69.0,0.00011597111321724643
90145,30.0,70.0,9.396174476890615e-05
90146,30.0,71.0,7.572485085251187e-05
90147,30.0,72.0,6.0703242275017625e-05
90148,30.0,73.0,4.8402908315973205e-05
90149,30.0,74.0,3.838991352371165e-05
